0.0000E+00 0.0000000E+00
2.0000E-01 0.0000000E+00
4.0000E-01 0.0000000E+00
6.0000E-01 0.0000000E+00
8.0000E-01 0.0000000E+00
1.0000E+00 0.0000000E+00
1.2000E+00 9.4710524E-09
1.4000E+00 1.1079625E-08
1.6000E+00 1.0414646E-08
1.8000E+00 1.0683620E-08
2.0000E+00 1.2392334E-08
2.2000E+00 1.2489446E-08
2.4000E+00 1.2557223E-08
2.6000E+00 1.4615649E-08
2.8000E+00 1.4879963E-08
3.0000E+00 1.7090058E-08
3.2000E+00 1.6850255E-08
3.4000E+00 1.6443031E-08
3.6000E+00 1.8278262E-08
3.8000E+00 1.7915820E-08
4.0000E+00 1.9231334E-08
4.2000E+00 2.0188822E-08
4.4000E+00 1.8328390E-08
4.6000E+00 2.0134332E-08
4.8000E+00 2.0895442E-08
5.0000E+00 2.1279902E-08
5.2000E+00 2.3825303E-08
5.4000E+00 2.3198028E-08
5.6000E+00 2.5221966E-08
5.8000E+00 2.2882645E-08
6.0000E+00 2.3796677E-08
6.2000E+00 2.3226034E-08
6.4000E+00 2.4419103E-08
6.6000E+00 2.4235961E-08
6.8000E+00 2.6954133E-08
7.0000E+00 2.7127057E-08
7.2000E+00 2.7049443E-08
7.4000E+00 2.8789441E-08
7.6000E+00 2.6609279E-08
7.8000E+00 2.9051868E-08
8.0000E+00 2.6958631E-08
8.2000E+00 3.0616050E-08
8.4000E+00 3.0477181E-08
8.6000E+00 3.0025328E-08
8.8000E+00 3.0367543E-08
9.0000E+00 3.2954660E-08
9.2000E+00 3.3757129E-08
9.4000E+00 3.2575248E-08
9.6000E+00 3.4858276E-08
9.8000E+00 3.4470283E-08
1.0000E+01 3.6937114E-08
1.0200E+01 3.8757130E-08
1.0400E+01 3.4111182E-08
1.0600E+01 3.4830739E-08
1.0800E+01 4.7095885E-08
1.1000E+01 4.2060422E-08
1.1200E+01 3.6342588E-08
1.1400E+01 3.8445551E-08
1.1600E+01 3.7823911E-08
1.1800E+01 3.8980676E-08
1.2000E+01 4.1871113E-08
1.2200E+01 4.3030066E-08
1.2400E+01 4.1850593E-08
1.2600E+01 4.2261894E-08
1.2800E+01 4.5746956E-08
1.3000E+01 4.0330436E-08
1.3200E+01 4.1040616E-08
1.3400E+01 4.6159435E-08
1.3600E+01 4.5473874E-08
1.3800E+01 4.9883322E-08
1.4000E+01 4.4259961E-08
1.4200E+01 4.6765973E-08
1.4400E+01 4.7016711E-08
1.4600E+01 5.1464649E-08
1.4800E+01 4.5527537E-08
1.5000E+01 4.9533780E-08
1.5200E+01 4.8017066E-08
1.5400E+01 5.1237260E-08
1.5600E+01 4.8381791E-08
1.5800E+01 4.8878949E-08
1.6000E+01 5.2483529E-08
1.6200E+01 4.8958850E-08
1.6400E+01 5.6644058E-08
1.6600E+01 5.2585928E-08
1.6800E+01 5.9329617E-08
1.7000E+01 5.1752294E-08
1.7200E+01 5.3918496E-08
1.7400E+01 5.0303091E-08
1.7600E+01 5.0479374E-08
1.7800E+01 5.0535275E-08
1.8000E+01 5.2672938E-08
1.8200E+01 5.2372026E-08
1.8400E+01 5.6152820E-08
1.8600E+01 5.4604773E-08
1.8800E+01 6.1266617E-08
1.9000E+01 6.0355436E-08
1.9200E+01 5.4983010E-08
1.9400E+01 5.0930030E-08
1.9600E+01 5.7409012E-08
1.9800E+01 6.5076500E-08
2.0000E+01 6.0218874E-08
2.0200E+01 6.1460710E-08
2.0400E+01 5.7117960E-08
2.0600E+01 5.6617119E-08
2.0800E+01 5.3543673E-08
2.1000E+01 6.0672835E-08
2.1200E+01 5.7481190E-08
2.1400E+01 6.0699105E-08
2.1600E+01 6.1698282E-08
2.1800E+01 5.6892986E-08
2.2000E+01 6.4306548E-08
2.2200E+01 6.3253472E-08
2.2400E+01 5.8398804E-08
2.2600E+01 5.6572630E-08
2.2800E+01 6.3067059E-08
2.3000E+01 6.2513538E-08
2.3200E+01 6.9855198E-08
2.3400E+01 6.0917472E-08
2.3600E+01 6.8915822E-08
2.3800E+01 6.3710518E-08
2.4000E+01 5.9974549E-08
2.4200E+01 6.1291453E-08
2.4400E+01 6.2544975E-08
2.4600E+01 5.8640132E-08
2.4800E+01 7.2163852E-08
2.5000E+01 5.9721010E-08
2.5200E+01 6.4166580E-08
2.5400E+01 6.8426868E-08
2.5600E+01 6.3667384E-08
2.5800E+01 7.3662771E-08
2.6000E+01 7.2227531E-08
2.6200E+01 5.6898536E-08
2.6400E+01 6.3593521E-08
2.6600E+01 6.5428022E-08
2.6800E+01 6.7480309E-08
2.7000E+01 6.3498101E-08
2.7200E+01 6.1035008E-08
2.7400E+01 6.3602023E-08
2.7600E+01 6.9494412E-08
2.7800E+01 6.8149720E-08
2.8000E+01 7.1909796E-08
2.8200E+01 7.1144200E-08
2.8400E+01 7.1703316E-08
2.8600E+01 6.4852513E-08
2.8800E+01 6.9415867E-08
2.9000E+01 6.2605216E-08
2.9200E+01 6.6743685E-08
2.9400E+01 7.3432898E-08
2.9600E+01 6.2066396E-08
2.9800E+01 6.9293160E-08
3.0000E+01 7.1418898E-08
3.0200E+01 7.1164380E-08
3.0400E+01 6.8248104E-08
3.0600E+01 7.7242130E-08
3.0800E+01 6.7178857E-08
3.1000E+01 7.2392771E-08
3.1200E+01 7.1404679E-08
3.1400E+01 6.9692757E-08
3.1600E+01 6.8502770E-08
3.1800E+01 6.9717624E-08
3.2000E+01 7.1987761E-08
3.2200E+01 7.2335863E-08
3.2400E+01 6.9244344E-08
3.2600E+01 7.2077482E-08
3.2800E+01 7.8699077E-08
3.3000E+01 8.0180664E-08
3.3200E+01 7.7062506E-08
3.3400E+01 7.8275276E-08
3.3600E+01 6.9604453E-08
3.3800E+01 7.4421131E-08
3.4000E+01 7.1963835E-08
3.4200E+01 7.2015710E-08
3.4400E+01 7.6693538E-08
3.4600E+01 7.4727799E-08
3.4800E+01 8.1043687E-08
3.5000E+01 7.5885211E-08
3.5200E+01 7.3551584E-08
3.5400E+01 7.1112824E-08
3.5600E+01 7.2584858E-08
3.5800E+01 7.6889818E-08
3.6000E+01 7.7158920E-08
3.6200E+01 7.7062631E-08
3.6400E+01 7.9709130E-08
3.6600E+01 7.8733200E-08
3.6800E+01 7.5690653E-08
3.7000E+01 8.2462949E-08
3.7200E+01 7.9839572E-08
3.7400E+01 7.9877078E-08
3.7600E+01 7.7438502E-08
3.7800E+01 8.1067925E-08
3.8000E+01 7.5960776E-08
3.8200E+01 7.8228457E-08
3.8400E+01 8.2424192E-08
3.8600E+01 7.8814009E-08
3.8800E+01 8.5992815E-08
3.9000E+01 8.5158727E-08
3.9200E+01 8.4494275E-08
3.9400E+01 8.7944932E-08
3.9600E+01 8.9813575E-08
3.9800E+01 8.7874758E-08
4.0000E+01 9.6792307E-08
4.0200E+01 1.0689048E-07
4.0400E+01 1.2735175E-07
4.0600E+01 1.7202523E-07
4.0800E+01 2.2714979E-07
4.1000E+01 3.5209124E-07
4.1200E+01 4.9343229E-07
4.1400E+01 6.6393413E-07
4.1600E+01 7.8892837E-07
4.1800E+01 8.7158207E-07
4.2000E+01 8.8828375E-07
4.2200E+01 8.3960307E-07
4.2400E+01 8.4888228E-07
4.2600E+01 8.5910635E-07
4.2800E+01 9.4853951E-07
4.3000E+01 1.0214589E-06
4.3200E+01 1.0483772E-06
4.3400E+01 9.9512515E-07
4.3600E+01 9.2334601E-07
4.3800E+01 8.7772754E-07
4.4000E+01 9.3486281E-07
4.4200E+01 1.0301716E-06
4.4400E+01 1.0961927E-06
4.4600E+01 1.0661965E-06
4.4800E+01 9.6537972E-07
4.5000E+01 9.1023363E-07
4.5200E+01 9.2564424E-07
4.5400E+01 1.0383137E-06
4.5600E+01 1.1341393E-06
4.5800E+01 1.1543786E-06
4.6000E+01 1.0691880E-06
4.6200E+01 1.0124454E-06
4.6400E+01 1.0161986E-06
4.6600E+01 1.1276084E-06
4.6800E+01 1.2701911E-06
4.7000E+01 1.2845760E-06
4.7200E+01 1.1649605E-06
4.7400E+01 1.0427431E-06
4.7600E+01 1.0425897E-06
4.7800E+01 1.1975734E-06
4.8000E+01 1.3442411E-06
4.8200E+01 1.3607668E-06
4.8400E+01 1.2138922E-06
4.8600E+01 1.0721586E-06
4.8800E+01 1.0904306E-06
4.9000E+01 1.2700404E-06
4.9200E+01 1.4338107E-06
4.9400E+01 1.4333201E-06
4.9600E+01 1.2491294E-06
4.9800E+01 1.0956229E-06
5.0000E+01 1.1265407E-06
5.0200E+01 1.3702906E-06
5.0400E+01 1.6532460E-06
5.0600E+01 1.6213936E-06
5.0800E+01 1.3643849E-06
5.1000E+01 1.1934105E-06
5.1200E+01 1.3422214E-06
5.1400E+01 1.6795188E-06
5.1600E+01 1.8258776E-06
5.1800E+01 1.6273085E-06
5.2000E+01 1.3006273E-06
5.2200E+01 1.2564486E-06
5.2400E+01 1.5917290E-06
5.2600E+01 1.9690104E-06
5.2800E+01 1.9617254E-06
5.3000E+01 1.5701253E-06
5.3200E+01 1.2642538E-06
5.3400E+01 1.4220873E-06
5.3600E+01 1.9274429E-06
5.3800E+01 2.2374941E-06
5.4000E+01 1.9280069E-06
5.4200E+01 1.4437812E-06
5.4400E+01 1.3063484E-06
5.4600E+01 1.7495570E-06
5.4800E+01 2.4069603E-06
5.5000E+01 2.5025923E-06
5.5200E+01 1.8640695E-06
5.5400E+01 1.4048430E-06
5.5600E+01 1.8372399E-06
5.5800E+01 2.7083718E-06
5.6000E+01 2.9411439E-06
5.6200E+01 2.1947253E-06
5.6400E+01 1.4552096E-06
5.6600E+01 1.7991089E-06
5.6800E+01 2.9596799E-06
5.7000E+01 3.5315640E-06
5.7200E+01 2.7130657E-06
5.7400E+01 1.6190369E-06
5.7600E+01 1.8168448E-06
5.7800E+01 3.3173462E-06
5.8000E+01 4.4595437E-06
5.8200E+01 3.6611140E-06
5.8400E+01 1.9188481E-06
5.8600E+01 1.7524381E-06
5.8800E+01 3.6555474E-06
5.9000E+01 5.5159678E-06
5.9200E+01 4.9261766E-06
5.9400E+01 2.4464257E-06
5.9600E+01 1.6800615E-06
5.9800E+01 4.0826752E-06
6.0000E+01 7.4198254E-06
6.0200E+01 6.6657666E-06
6.0400E+01 2.6935801E-06
6.0600E+01 1.9987210E-06
6.0800E+01 6.1017361E-06
6.1000E+01 1.1101731E-05
6.1200E+01 8.4012246E-06
6.1400E+01 2.3704713E-06
6.1600E+01 4.1771023E-06
6.1800E+01 1.7517640E-05
6.2000E+01 3.1980256E-05
6.2200E+01 1.8082251E-05
6.2400E+01 1.6839886E-06
6.2600E+01 4.7073779E-09
6.2800E+01 0.0000000E+00
6.3000E+01 0.0000000E+00
6.3200E+01 0.0000000E+00
6.3400E+01 0.0000000E+00
6.3600E+01 0.0000000E+00
6.3800E+01 0.0000000E+00
6.4000E+01 0.0000000E+00
6.4200E+01 0.0000000E+00
6.4400E+01 0.0000000E+00
6.4600E+01 0.0000000E+00
6.4800E+01 0.0000000E+00
6.5000E+01 0.0000000E+00