#################################### 
# Matrix Size= (25,25,400)
# Resol      = (1,1,4000)
# VoxelSize  = (25,25,0.1)
# nbVal      = 4000
#################################### 
1.762090629e-05
1.827878337e-05
1.835844805e-05
1.880550998e-05
1.876623943e-05
1.879966199e-05
1.9007394e-05
1.898424708e-05
1.909350829e-05
1.872218371e-05
1.876431958e-05
1.871793785e-05
1.890976823e-05
1.895680774e-05
1.885032341e-05
1.893126817e-05
1.886063191e-05
1.894609874e-05
1.932369303e-05
1.897044349e-05
1.926491411e-05
1.898080846e-05
1.919671127e-05
1.910783106e-05
1.934339882e-05
1.912534857e-05
1.898616119e-05
1.967975366e-05
1.900181522e-05
1.925088676e-05
1.896023152e-05
1.911536148e-05
1.908761816e-05
1.904196918e-05
1.912645629e-05
1.919849646e-05
1.921569127e-05
1.91567475e-05
1.922060632e-05
1.918733605e-05
1.929496188e-05
1.911752155e-05
1.9169161e-05
1.919165655e-05
1.907776785e-05
1.943518876e-05
1.948748935e-05
1.917761932e-05
1.904708149e-05
1.915957525e-05
1.913707163e-05
1.902476208e-05
1.92893605e-05
1.943614846e-05
1.940364499e-05
1.920650781e-05
1.935120569e-05
1.955837726e-05
1.927797681e-05
1.920866605e-05
1.95838725e-05
1.937497679e-05
1.97092699e-05
1.914193153e-05
1.94316562e-05
1.941936389e-05
1.927617663e-05
1.938659605e-05
1.95026211e-05
1.920067274e-05
1.932830756e-05
1.937735433e-05
1.937693158e-05
1.964721e-05
1.956491124e-05
1.945133609e-05
1.945383805e-05
1.950963848e-05
1.961592545e-05
1.964164983e-05
1.952104327e-05
1.957907423e-05
1.96815393e-05
1.978639385e-05
1.946446519e-05
1.946850935e-05
1.936237688e-05
1.957747836e-05
1.961011938e-05
1.951274632e-05
1.942266903e-05
1.973503379e-05
1.979239873e-05
1.954727468e-05
1.938793701e-05
1.956958238e-05
1.961022257e-05
1.969291805e-05
1.96436128e-05
1.965077935e-05
1.948855992e-05
1.985645198e-05
1.981617983e-05
1.958706138e-05
1.953165432e-05
1.96441453e-05
1.973134204e-05
1.963046308e-05
2.004157699e-05
1.957767164e-05
1.989708186e-05
1.995525942e-05
1.997201315e-05
1.985907294e-05
1.966987797e-05
1.997493209e-05
1.95813013e-05
1.947045717e-05
1.952433517e-05
1.949485973e-05
1.948321013e-05
1.979757828e-05
1.981621014e-05
1.984552084e-05
1.962865359e-05
1.987742916e-05
1.984200151e-05
1.97961121e-05
1.973300744e-05
1.99603906e-05
1.966130786e-05
2.004942121e-05
1.983569144e-05
1.974171295e-05
2.001889575e-05
1.986074176e-05
1.990819245e-05
1.997947654e-05
1.9692445e-05
2.008412613e-05
2.000256547e-05
1.980339897e-05
1.988657406e-05
1.982978796e-05
1.976563204e-05
1.975163029e-05
1.992157764e-05
2.039725621e-05
2.007353481e-05
2.020223763e-05
1.981647115e-05
1.989399423e-05
1.988237081e-05
1.997879156e-05
2.022886154e-05
1.987670328e-05
2.008231698e-05
2.007609209e-05
1.981634333e-05
1.980559993e-05
1.997248506e-05
1.993284404e-05
1.999567686e-05
2.001914993e-05
2.021509142e-05
2.018113038e-05
2.011949026e-05
1.974702925e-05
2.031899957e-05
2.024452606e-05
2.001333115e-05
2.004440124e-05
1.972438776e-05
2.030021928e-05
1.981613761e-05
2.009206525e-05
2.025553102e-05
2.027087103e-05
2.053155384e-05
2.007625304e-05
1.983811145e-05
2.03961313e-05
2.004386152e-05
2.003527652e-05
1.990700967e-05
2.008752112e-05
1.978005913e-05
2.028470185e-05
2.011465078e-05
2.039212385e-05
1.996358841e-05
2.052634852e-05
2.059822976e-05
2.024339123e-05
2.01017498e-05
2.045369635e-05
2.023447711e-05
2.039312445e-05
2.010362045e-05
2.025378661e-05
1.987559057e-05
2.020781944e-05
2.010414133e-05
2.038203753e-05
2.028461142e-05
2.0099723e-05
2.01246345e-05
2.058013597e-05
2.031227907e-05
2.026356115e-05
2.030077124e-05
2.032215098e-05
2.03439151e-05
2.032255829e-05
2.014749833e-05
2.044179922e-05
2.025310445e-05
2.019084594e-05
2.025978546e-05
2.042263371e-05
2.018819713e-05
2.034154574e-05
2.024005055e-05
2.01248544e-05
2.024334408e-05
2.033551846e-05
2.038016922e-05
2.037471864e-05
2.026207644e-05
2.032374413e-05
2.036309381e-05
2.027565655e-05
2.039052882e-05
1.995591034e-05
2.010989418e-05
2.056172936e-05
2.02077484e-05
2.064403823e-05
2.058113545e-05
2.020910627e-05
2.03886087e-05
2.065653073e-05
2.050870368e-05
2.060172903e-05
2.033065924e-05
2.019859462e-05
2.02984903e-05
2.047206802e-05
2.036886134e-05
2.031144513e-05
2.075586102e-05
2.051146663e-05
2.040315529e-05
2.047985388e-05
2.046899884e-05
2.080046642e-05
2.029880601e-05
2.078827148e-05
2.066470455e-05
2.072795199e-05
2.077589069e-05
2.039614514e-05
2.048893717e-05
2.040052915e-05
2.043355508e-05
2.04489254e-05
2.058108936e-05
2.048284792e-05
2.052984457e-05
2.048798826e-05
2.05673352e-05
2.042052877e-05
2.041788077e-05
2.0796477e-05
2.086850533e-05
2.091200572e-05
2.079906119e-05
2.046486073e-05
2.069742431e-05
2.072867252e-05
2.057184824e-05
2.07183869e-05
2.031669518e-05
2.073152238e-05
2.069294912e-05
2.049765785e-05
2.039094222e-05
2.075263601e-05
2.045216943e-05
2.07551344e-05
2.06985278e-05
2.091196804e-05
2.119397999e-05
2.087744091e-05
2.061721129e-05
2.070757516e-05
2.065139899e-05
2.067838962e-05
2.085395543e-05
2.058340256e-05
2.068455067e-05
2.074024708e-05
2.089773666e-05
2.052535567e-05
2.045099693e-05
2.057027867e-05
2.070757847e-05
2.130939657e-05
2.080393573e-05
2.101143647e-05
2.060500563e-05
2.073819318e-05
2.067339081e-05
2.04919479e-05
2.082417653e-05
2.058022636e-05
2.070463931e-05
2.073832813e-05
2.050864508e-05
2.057935504e-05
2.086957977e-05
2.083928467e-05
2.049207898e-05
2.068637064e-05
2.05551386e-05
2.051193441e-05
2.089547884e-05
2.089349111e-05
2.087210447e-05
2.048592283e-05
2.060255982e-05
2.065260252e-05
2.097616567e-05
2.108582293e-05
2.123618851e-05
2.078163598e-05
2.080557885e-05
2.102960878e-05
2.106147534e-05
2.102333172e-05
2.067674027e-05
2.103005444e-05
2.093934062e-05
2.067460286e-05
2.089957317e-05
2.092803178e-05
2.088279428e-05
2.064149019e-05
2.064943556e-05
2.09919172e-05
2.082108231e-05
2.075800357e-05
2.083521241e-05
2.114853872e-05
2.082732214e-05
2.070278203e-05
2.079343729e-05
2.058367035e-05
2.063160012e-05
2.112851252e-05
2.100105777e-05
2.106287725e-05
2.096464478e-05
2.098037214e-05
2.067317174e-05
2.104938853e-05
2.125096143e-05
2.098709457e-05
2.088835788e-05
2.074223089e-05
2.078821643e-05
2.0733883e-05
2.097241887e-05
2.090411458e-05
2.092418956e-05
2.103003421e-05
2.06310086e-05
2.113602435e-05
2.119033215e-05
2.100926742e-05
2.091679959e-05
2.097560267e-05
2.082164751e-05
2.134826731e-05
2.06288721e-05
2.102236922e-05
2.100063121e-05
2.115761925e-05
2.118651698e-05
2.103140003e-05
2.082036067e-05
2.103691657e-05
2.099007748e-05
2.098806679e-05
2.093749518e-05
2.089980982e-05
2.103940469e-05
2.09586381e-05
2.089645259e-05
2.106285402e-05
2.105156527e-05
2.075289637e-05
2.086566311e-05
2.109101737e-05
2.115549136e-05
2.110200425e-05
2.107461498e-05
2.133534079e-05
2.097553462e-05
2.118254359e-05
2.098869218e-05
2.139737095e-05
2.131151002e-05
2.101843543e-05
2.102666396e-05
2.122234368e-05
2.12148153e-05
2.11000511e-05
2.134198156e-05
2.130498146e-05
2.076924628e-05
2.119765124e-05
2.091426891e-05
2.103931775e-05
2.098960634e-05
2.098122384e-05
2.104946999e-05
2.144816663e-05
2.134624089e-05
2.153699125e-05
2.080791459e-05
2.106253036e-05
2.117624756e-05
2.139028137e-05
2.126651351e-05
2.114363258e-05
2.122909894e-05
2.088740883e-05
2.106455456e-05
2.122211149e-05
2.09914931e-05
2.118711594e-05
2.121894833e-05
2.118540821e-05
2.120983421e-05
2.132365537e-05
2.122757148e-05
2.108902044e-05
2.124449509e-05
2.16165881e-05
2.149959189e-05
2.138284539e-05
2.112018444e-05
2.138290912e-05
2.126385491e-05
2.112162873e-05
2.135598581e-05
2.146300381e-05
2.086582044e-05
2.145256514e-05
2.10316115e-05
2.124725358e-05
2.146445297e-05
2.126003086e-05
2.126915263e-05
2.125959425e-05
2.098443362e-05
2.137335991e-05
2.122064273e-05
2.133840479e-05
2.105704103e-05
2.093612491e-05
2.138848979e-05
2.151432536e-05
2.136357349e-05
2.08137753e-05
2.152359154e-05
2.12482281e-05
2.118095937e-05
2.173453811e-05
2.169561418e-05
2.15512712e-05
2.188093917e-05
2.127106779e-05
2.179432121e-05
2.141350454e-05
2.147918814e-05
2.140273664e-05
2.12916423e-05
2.137445391e-05
2.153991084e-05
2.164071563e-05
2.123772995e-05
2.098584964e-05
2.084348203e-05
2.131175989e-05
2.150761341e-05
2.198508644e-05
2.152952829e-05
2.194199712e-05
2.159363431e-05
2.162054031e-05
2.134579307e-05
2.119206033e-05
2.116603081e-05
2.127819826e-05
2.149111944e-05
2.14969693e-05
2.142964588e-05
2.140073475e-05
2.142057264e-05
2.146314157e-05
2.153736007e-05
2.156702315e-05
2.123234893e-05
2.167711591e-05
2.150932824e-05
2.161451721e-05
2.153191642e-05
2.185212778e-05
2.183550555e-05
2.13945381e-05
2.159411917e-05
2.172365848e-05
2.134329859e-05
2.128202276e-05
2.142057459e-05
2.153065483e-05
2.190224855e-05
2.13170384e-05
2.184729666e-05
2.166642079e-05
2.155279516e-05
2.150877748e-05
2.163956826e-05
2.137253938e-05
2.122822629e-05
2.137061878e-05
2.154375024e-05
2.156226458e-05
2.1575014e-05
2.164737629e-05
2.170044382e-05
2.15882299e-05
2.138603486e-05
2.169696585e-05
2.164972896e-05
2.176755125e-05
2.168129204e-05
2.164916621e-05
2.130030571e-05
2.129122808e-05
2.152340123e-05
2.183951604e-05
2.164860976e-05
2.1419832e-05
2.181111222e-05
2.143251533e-05
2.175193495e-05
2.187865867e-05
2.151419013e-05
2.169584119e-05
2.141897167e-05
2.15737999e-05
2.173862678e-05
2.156721745e-05
2.162640306e-05
2.170632611e-05
2.159235077e-05
2.17645107e-05
2.198929945e-05
2.144954251e-05
2.1702038e-05
2.156130192e-05
2.137534405e-05
2.210375284e-05
2.171958649e-05
2.199295162e-05
2.146471806e-05
2.180858227e-05
2.173259103e-05
2.151039378e-05
2.189707878e-05
2.157009791e-05
2.159780704e-05
2.139919844e-05
2.142487297e-05
2.195665424e-05
2.176474839e-05
2.169579916e-05
2.15859057e-05
2.196976176e-05
2.19064024e-05
2.15265638e-05
2.182675518e-05
2.1721498e-05
2.185651357e-05
2.188120953e-05
2.180529538e-05
2.161384276e-05
2.188006086e-05
2.157313389e-05
2.153442304e-05
2.220148852e-05
2.188326499e-05
2.178618511e-05
2.166388036e-05
2.186279147e-05
2.219405606e-05
2.191813804e-05
2.185163497e-05
2.172024606e-05
2.178155283e-05
2.20114628e-05
2.192884022e-05
2.155266367e-05
2.18135814e-05
2.172327653e-05
2.196326067e-05
2.218119212e-05
2.204287087e-05
2.172855756e-05
2.170875242e-05
2.216006805e-05
2.188748466e-05
2.21252029e-05
2.202590391e-05
2.188585131e-05
2.190827051e-05
2.195710092e-05
2.171378386e-05
2.177454697e-05
2.219936113e-05
2.175998237e-05
2.18575151e-05
2.205458582e-05
2.17578277e-05
2.198443526e-05
2.198184611e-05
2.181698126e-05
2.165978794e-05
2.174378053e-05
2.193740316e-05
2.179330878e-05
2.191274597e-05
2.216637316e-05
2.150711135e-05
2.191710238e-05
2.227918658e-05
2.174812573e-05
2.196376944e-05
2.197796271e-05
2.203035013e-05
2.183601287e-05
2.184625563e-05
2.209522402e-05
2.192862391e-05
2.183015202e-05
2.217850983e-05
2.191342792e-05
2.210172283e-05
2.224379327e-05
2.260987722e-05
2.219856246e-05
2.232109179e-05
2.16038782e-05
2.170867182e-05
2.209911131e-05
2.198896191e-05
2.233404605e-05
2.212726235e-05
2.224219643e-05
2.24084578e-05
2.221656462e-05
2.190198158e-05
2.171800223e-05
2.234185022e-05
2.229538567e-05
2.234692344e-05
2.216501366e-05
2.191968138e-05
2.214466929e-05
2.241782489e-05
2.214501092e-05
2.236588517e-05
2.234033785e-05
2.220848503e-05
2.22065114e-05
2.199404993e-05
2.190725013e-05
2.247448301e-05
2.249314909e-05
2.223769974e-05
2.228501666e-05
2.217355746e-05
2.233845076e-05
2.241385727e-05
2.182540972e-05
2.21604852e-05
2.26005094e-05
2.222212217e-05
2.247114349e-05
2.22299432e-05
2.21365318e-05
2.246279129e-05
2.217655973e-05
2.251922558e-05
2.22860664e-05
2.235107411e-05
2.227401969e-05
2.262197402e-05
2.244880017e-05
2.243945393e-05
2.258324045e-05
2.232638628e-05
2.217147e-05
2.225091555e-05
2.235471022e-05
2.221638881e-05
2.242758823e-05
2.251684941e-05
2.266156168e-05
2.248056809e-05
2.226971215e-05
2.2617464e-05
2.275922331e-05
2.213775454e-05
2.219487835e-05
2.265139867e-05
2.233934473e-05
2.22268743e-05
2.228253417e-05
2.218150174e-05
2.267441951e-05
2.247012758e-05
2.237835995e-05
2.230976515e-05
2.205902987e-05
2.267383456e-05
2.257638106e-05
2.256059595e-05
2.269129435e-05
2.192294132e-05
2.248177226e-05
2.241915922e-05
2.22225206e-05
2.284397794e-05
2.284005027e-05
2.246974924e-05
2.255421848e-05
2.289458724e-05
2.285672142e-05
2.250470027e-05
2.207433061e-05
2.197551325e-05
2.271058399e-05
2.249325941e-05
2.245921594e-05
2.208534465e-05
2.235086905e-05
2.27554878e-05
2.252781062e-05
2.26931684e-05
2.228658677e-05
2.246476782e-05
2.255665972e-05
2.27240732e-05
2.236568232e-05
2.271033435e-05
2.234935342e-05
2.262802988e-05
2.25533666e-05
2.263934323e-05
2.255986565e-05
2.26221989e-05
2.270012388e-05
2.254195267e-05
2.228647098e-05
2.263769312e-05
2.246636708e-05
2.23527168e-05
2.252119867e-05
2.239660479e-05
2.274368026e-05
2.263774522e-05
2.251706329e-05
2.270082848e-05
2.258635182e-05
2.263981074e-05
2.270350542e-05
2.262450433e-05
2.258351915e-05
2.253242902e-05
2.269037167e-05
2.281908745e-05
2.280405834e-05
2.270257953e-05
2.250373453e-05
2.278714918e-05
2.261577181e-05
2.266718711e-05
2.246379091e-05
2.248228639e-05
2.235028698e-05
2.26685572e-05
2.272458267e-05
2.277260865e-05
2.259029873e-05
2.213247919e-05
2.266472817e-05
2.276712177e-05
2.277449786e-05
2.291311411e-05
2.270614342e-05
2.258900766e-05
2.26309473e-05
2.262989422e-05
2.228097411e-05
2.235824164e-05
2.270423246e-05
2.287916834e-05
2.295598572e-05
2.283866319e-05
2.275419827e-05
2.274587609e-05
2.296392748e-05
2.286935865e-05
2.282865925e-05
2.286825547e-05
2.274358983e-05
2.25333196e-05
2.255687009e-05
2.265310269e-05
2.309912752e-05
2.273584319e-05
2.264492382e-05
2.301336524e-05
2.289841527e-05
2.233870285e-05
2.252564678e-05
2.252392126e-05
2.308004943e-05
2.303142617e-05
2.282884499e-05
2.296967299e-05
2.290625928e-05
2.272999535e-05
2.292356705e-05
2.291601769e-05
2.287964401e-05
2.26992957e-05
2.258149184e-05
2.287829072e-05
2.271107692e-05
2.295687795e-05
2.293211513e-05
2.313277866e-05
2.303800776e-05
2.326341127e-05
2.288175628e-05
2.305268392e-05
2.266452603e-05
2.26981475e-05
2.263570906e-05
2.30013514e-05
2.293763313e-05
2.279006303e-05
2.276728616e-05
2.254867065e-05
2.287121547e-05
2.320820104e-05
2.342055439e-05
2.315205476e-05
2.285722718e-05
2.295980263e-05
2.299505545e-05
2.257944412e-05
2.299228683e-05
2.27727878e-05
2.315592252e-05
2.292230603e-05
2.298548303e-05
2.296451471e-05
2.312720489e-05
2.302890413e-05
2.302030862e-05
2.315180105e-05
2.298652709e-05
2.286995017e-05
2.322920775e-05
2.31720044e-05
2.307137197e-05
2.304964893e-05
2.32284253e-05
2.274913223e-05
2.309691365e-05
2.327915977e-05
2.313705843e-05
2.267083304e-05
2.285503607e-05
2.310428938e-05
2.333242251e-05
2.281946267e-05
2.291818396e-05
2.323706437e-05
2.289885484e-05
2.322568752e-05
2.264542556e-05
2.289064722e-05
2.302242612e-05
2.293116514e-05
2.320453866e-05
2.311736092e-05
2.327997626e-05
2.312856903e-05
2.315991289e-05
2.319632819e-05
2.356549546e-05
2.325638695e-05
2.328524269e-05
2.286360336e-05
2.289563665e-05
2.312143607e-05
2.311356204e-05
2.302098727e-05
2.296434103e-05
2.348803703e-05
2.291116805e-05
2.323600177e-05
2.315443903e-05
2.33833997e-05
2.323990795e-05
2.323102615e-05
2.320379618e-05
2.293209017e-05
2.312540245e-05
2.365864197e-05
2.329282053e-05
2.316279878e-05
2.35705551e-05
2.309294856e-05
2.350655493e-05
2.280577287e-05
2.357397766e-05
2.316746678e-05
2.359586302e-05
2.3134703e-05
2.328585342e-05
2.331770033e-05
2.335883351e-05
2.325660305e-05
2.337129934e-05
2.333780427e-05
2.323239721e-05
2.328032737e-05
2.352891726e-05
2.302109216e-05
2.333900575e-05
2.358006249e-05
2.340317909e-05
2.372713629e-05
2.360057415e-05
2.334698988e-05
2.353348779e-05
2.324938029e-05
2.382644743e-05
2.355295702e-05
2.328074929e-05
2.360627934e-05
2.341238132e-05
2.357450037e-05
2.32289379e-05
2.35057046e-05
2.33965069e-05
2.319581708e-05
2.376113111e-05
2.33338225e-05
2.388259719e-05
2.380149542e-05
2.32992516e-05
2.346686462e-05
2.360973367e-05
2.401447294e-05
2.342887524e-05
2.371376514e-05
2.336699984e-05
2.357710119e-05
2.357581247e-05
2.367131499e-05
2.346434357e-05
2.357490552e-05
2.391348831e-05
2.356087259e-05
2.348845926e-05
2.369257823e-05
2.371122794e-05
2.38220365e-05
2.361202339e-05
2.377899475e-05
2.368002305e-05
2.378980497e-05
2.373357939e-05
2.382347671e-05
2.389804464e-05
2.399754834e-05
2.366280141e-05
2.382304025e-05
2.396448363e-05
2.362150652e-05
2.358957861e-05
2.327444799e-05
2.383281333e-05
2.360589165e-05
2.335762144e-05
2.392007414e-05
2.366323868e-05
2.377921345e-05
2.359341484e-05
2.325385582e-05
2.376725749e-05
2.385683023e-05
2.359350312e-05
2.391757601e-05
2.344838963e-05
2.353029234e-05
2.360404342e-05
2.391529355e-05
2.354429705e-05
2.390289865e-05
2.382831707e-05
2.365962592e-05
2.33074596e-05
2.354793614e-05
2.376689389e-05
2.355666186e-05
2.36597621e-05
2.388278402e-05
2.369464065e-05
2.379030137e-05
2.360356333e-05
2.3728763e-05
2.364876804e-05
2.37142255e-05
2.388819289e-05
2.355105106e-05
2.372785088e-05
2.384093273e-05
2.365239198e-05
2.355632574e-05
2.387761832e-05
2.400013224e-05
2.377440608e-05
2.372923992e-05
2.399538698e-05
2.395680019e-05
2.371186895e-05
2.373312501e-05
2.390865473e-05
2.380005951e-05
2.407435871e-05
2.422243392e-05
2.375082143e-05
2.36729581e-05
2.365891855e-05
2.383751071e-05
2.368479018e-05
2.391532691e-05
2.405592231e-05
2.387835903e-05
2.386393027e-05
2.397217894e-05
2.426876839e-05
2.363395357e-05
2.393382813e-05
2.389747792e-05
2.394702834e-05
2.384669066e-05
2.427983478e-05
2.395020411e-05
2.377917867e-05
2.372684549e-05
2.378235525e-05
2.402370889e-05
2.368590911e-05
2.394818457e-05
2.402837044e-05
2.419571441e-05
2.428608924e-05
2.417373015e-05
2.390247178e-05
2.393737616e-05
2.367519895e-05
2.42501938e-05
2.407491337e-05
2.428841756e-05
2.435955092e-05
2.400813469e-05
2.412480972e-05
2.435254698e-05
2.435905996e-05
2.381391575e-05
2.42531814e-05
2.391738288e-05
2.38954646e-05
2.44488457e-05
2.418935664e-05
2.39711717e-05
2.459458071e-05
2.444915073e-05
2.452325874e-05
2.40103731e-05
2.42408961e-05
2.460016166e-05
2.449756441e-05
2.3965599e-05
2.414759862e-05
2.44688082e-05
2.41744133e-05
2.445525113e-05
2.430746124e-05
2.467187853e-05
2.426868787e-05
2.430391305e-05
2.448870425e-05
2.448333832e-05
2.453828875e-05
2.411360904e-05
2.408878124e-05
2.404419906e-05
2.438646748e-05
2.435674551e-05
2.4251805e-05
2.489198618e-05
2.427257252e-05
2.432482481e-05
2.420634382e-05
2.415889721e-05
2.456893533e-05
2.439730551e-05
2.445374958e-05
2.396784699e-05
2.464490714e-05
2.468754044e-05
2.452274451e-05
2.413874042e-05
2.430507373e-05
2.417781461e-05
2.404178761e-05
2.444285792e-05
2.43036741e-05
2.467873371e-05
2.477580616e-05
2.513036436e-05
2.456564538e-05
2.491178244e-05
2.418309152e-05
2.441633659e-05
2.431434277e-05
2.439708855e-05
2.460269506e-05
2.489066377e-05
2.48866746e-05
2.482414276e-05
2.484258657e-05
2.457116913e-05
2.417830779e-05
2.483118347e-05
2.489308142e-05
2.434061095e-05
2.486934806e-05
2.448800511e-05
2.469469081e-05
2.477591092e-05
2.478527246e-05
2.479001759e-05
2.457980704e-05
2.451819072e-05
2.453425154e-05
2.506907666e-05
2.446613215e-05
2.455046163e-05
2.465941114e-05
2.439006057e-05
2.449558646e-05
2.433232248e-05
2.509268904e-05
2.470805614e-05
2.43361648e-05
2.455603015e-05
2.495413682e-05
2.462181649e-05
2.484694787e-05
2.480412367e-05
2.477374175e-05
2.518411975e-05
2.476096649e-05
2.474252177e-05
2.442526145e-05
2.505071919e-05
2.471167938e-05
2.484598054e-05
2.487620911e-05
2.51314029e-05
2.492955024e-05
2.491227587e-05
2.503198198e-05
2.440033175e-05
2.504626356e-05
2.480364971e-05
2.492353151e-05
2.527687681e-05
2.506002009e-05
2.496805805e-05
2.445727262e-05
2.46429417e-05
2.48772401e-05
2.50884095e-05
2.478057869e-05
2.499501139e-05
2.511346782e-05
2.520309693e-05
2.515257954e-05
2.461756264e-05
2.516420698e-05
2.483845251e-05
2.523470993e-05
2.472938021e-05
2.534060119e-05
2.519720084e-05
2.526417105e-05
2.51269523e-05
2.487899921e-05
2.53291342e-05
2.525719762e-05
2.489684734e-05
2.505319978e-05
2.523511544e-05
2.537728397e-05
2.524209697e-05
2.523710047e-05
2.510593618e-05
2.478251407e-05
2.467589308e-05
2.506405739e-05
2.527450645e-05
2.523615663e-05
2.532494263e-05
2.486130547e-05
2.527231475e-05
2.560785754e-05
2.553325107e-05
2.566326206e-05
2.484685559e-05
2.490934736e-05
2.524402706e-05
2.489621788e-05
2.513944462e-05
2.514892205e-05
2.548873868e-05
2.5210805e-05
2.526539494e-05
2.541961332e-05
2.513325278e-05
2.527375426e-05
2.512813238e-05
2.560406699e-05
2.516726066e-05
2.546749781e-05
2.511413252e-05
2.556236807e-05
2.599498442e-05
2.532404513e-05
2.557759554e-05
2.601063672e-05
2.539643415e-05
2.520277307e-05
2.533539018e-05
2.592568774e-05
2.537709955e-05
2.541860349e-05
2.575656258e-05
2.581486385e-05
2.559214071e-05
2.541173317e-05
2.555551698e-05
2.558212678e-05
2.576958772e-05
2.543302805e-05
2.556969476e-05
2.549377492e-05
2.600781186e-05
2.571419086e-05
2.585168627e-05
2.526347077e-05
2.540176378e-05
2.558030264e-05
2.561809385e-05
2.545837304e-05
2.592250189e-05
2.571665456e-05
2.556875485e-05
2.552156328e-05
2.551106451e-05
2.575943244e-05
2.572155588e-05
2.599448478e-05
2.571396042e-05
2.592521965e-05
2.552492607e-05
2.555656077e-05
2.546987028e-05
2.581010425e-05
2.579343775e-05
2.562296702e-05
2.605397571e-05
2.586482723e-05
2.579863335e-05
2.568509578e-05
2.567184261e-05
2.608338773e-05
2.580776075e-05
2.58465027e-05
2.604827758e-05
2.635372317e-05
2.562611207e-05
2.580784096e-05
2.629159922e-05
2.583733327e-05
2.576341608e-05
2.587178389e-05
2.635000415e-05
2.596249657e-05
2.611167589e-05
2.625848635e-05
2.610985444e-05
2.639053748e-05
2.546260237e-05
2.609160245e-05
2.594216241e-05
2.597046058e-05
2.60754028e-05
2.59840611e-05
2.599894699e-05
2.623450329e-05
2.593252117e-05
2.58264104e-05
2.617902586e-05
2.625227817e-05
2.622115985e-05
2.633387899e-05
2.627567131e-05
2.621352251e-05
2.658540275e-05
2.645592242e-05
2.626004887e-05
2.57010898e-05
2.592897752e-05
2.624203334e-05
2.571176168e-05
2.620733653e-05
2.623466428e-05
2.640750275e-05
2.667325435e-05
2.643227022e-05
2.615032833e-05
2.644205655e-05
2.605267581e-05
2.610460071e-05
2.616861363e-05
2.663499275e-05
2.651118336e-05
2.674714366e-05
2.659054053e-05
2.634611103e-05
2.632508421e-05
2.641102603e-05
2.642111772e-05
2.632469056e-05
2.647382324e-05
2.680541699e-05
2.660641152e-05
2.669439752e-05
2.650471643e-05
2.662253206e-05
2.638371328e-05
2.632811903e-05
2.652775708e-05
2.627897145e-05
2.658423035e-05
2.696854062e-05
2.691514253e-05
2.654440908e-05
2.663468801e-05
2.662838429e-05
2.661208784e-05
2.661144132e-05
2.683563276e-05
2.677196817e-05
2.652841894e-05
2.707496245e-05
2.727413952e-05
2.671281627e-05
2.661753196e-05
2.6815818e-05
2.670724824e-05
2.695026584e-05
2.682837879e-05
2.688536315e-05
2.67420486e-05
2.686149304e-05
2.708899634e-05
2.697766429e-05
2.679936946e-05
2.702352321e-05
2.662209305e-05
2.695301792e-05
2.681928131e-05
2.695277541e-05
2.698166574e-05
2.716180176e-05
2.697632034e-05
2.651054327e-05
2.689831053e-05
2.659778921e-05
2.714645992e-05
2.731642572e-05
2.704471393e-05
2.711206111e-05
2.722707446e-05
2.701213868e-05
2.726139419e-05
2.668270698e-05
2.708755936e-05
2.702099307e-05
2.719601693e-05
2.748886211e-05
2.711522414e-05
2.726270588e-05
2.734500769e-05
2.701337125e-05
2.731707926e-05
2.760500352e-05
2.695688e-05
2.747712089e-05
2.746651864e-05
2.704984422e-05
2.737018414e-05
2.741590854e-05
2.73655654e-05
2.715029213e-05
2.756812932e-05
2.746652433e-05
2.731450276e-05
2.734346044e-05
2.740094701e-05
2.772232752e-05
2.770634821e-05
2.737456099e-05
2.766825729e-05
2.742242931e-05
2.72143268e-05
2.743807805e-05
2.714320998e-05
2.723251158e-05
2.757593826e-05
2.741520228e-05
2.771931761e-05
2.772657922e-05
2.756931011e-05
2.754614515e-05
2.736026726e-05
2.728435604e-05
2.760617933e-05
2.769587371e-05
2.811504665e-05
2.759754383e-05
2.735462118e-05
2.743844923e-05
2.763645241e-05
2.763662267e-05
2.778018631e-05
2.772377631e-05
2.800716864e-05
2.821701812e-05
2.787762079e-05
2.742817018e-05
2.836027389e-05
2.754401242e-05
2.717652385e-05
2.808861995e-05
2.822603258e-05
2.824903813e-05
2.798082214e-05
2.814602102e-05
2.775877844e-05
2.787091212e-05
2.769997105e-05
2.848050484e-05
2.816603235e-05
2.780321701e-05
2.818639357e-05
2.761180333e-05
2.843470391e-05
2.82978366e-05
2.803510685e-05
2.848442878e-05
2.842087467e-05
2.878455492e-05
2.802823785e-05
2.791292637e-05
2.808846424e-05
2.813783825e-05
2.834801529e-05
2.867931112e-05
2.853180498e-05
2.819895018e-05
2.79555344e-05
2.880271803e-05
2.822089897e-05
2.852949978e-05
2.801695704e-05
2.878154487e-05
2.815149373e-05
2.811540649e-05
2.818290607e-05
2.893400204e-05
2.865518101e-05
2.864757253e-05
2.871310129e-05
2.840966911e-05
2.84289912e-05
2.821807105e-05
2.833465253e-05
2.838076564e-05
2.877827266e-05
2.854978175e-05
2.904722728e-05
2.874660875e-05
2.858579662e-05
2.858567518e-05
2.881461551e-05
2.838302646e-05
2.886428745e-05
2.899646869e-05
2.910289048e-05
2.926302134e-05
2.877256515e-05
2.868443429e-05
2.878691747e-05
2.922106767e-05
2.903268825e-05
2.86865855e-05
2.879136001e-05
2.877905529e-05
2.952948007e-05
2.874933721e-05
2.903958107e-05
2.90912321e-05
2.900032962e-05
2.918637756e-05
2.915522902e-05
2.887702202e-05
2.921370576e-05
2.942441316e-05
2.940230506e-05
2.985924921e-05
2.917380974e-05
2.918952165e-05
2.957820736e-05
2.931615829e-05
2.936224048e-05
2.90165562e-05
2.933715448e-05
3.020891501e-05
2.938342371e-05
2.90300904e-05
2.953090969e-05
2.966494301e-05
2.964291921e-05
2.925577909e-05
2.961830545e-05
2.933682532e-05
3.001732487e-05
2.989390293e-05
2.962617315e-05
2.974425771e-05
2.896296401e-05
2.922417827e-05
2.981087046e-05
2.955795336e-05
2.955347656e-05
2.949552554e-05
2.997049577e-05
3.00021611e-05
2.934957745e-05
2.975944749e-05
3.016704049e-05
2.9954699e-05
2.9526224e-05
2.982054158e-05
3.019193929e-05
3.014701595e-05
3.01880763e-05
2.973331467e-05
3.033333361e-05
3.052033119e-05
2.994740929e-05
3.003432095e-05
3.001421078e-05
2.97249698e-05
2.965885931e-05
3.068363281e-05
3.023543056e-05
3.051497278e-05
3.061731594e-05
3.026986894e-05
3.029951299e-05
3.026130794e-05
3.027958066e-05
3.026659306e-05
3.044941837e-05
3.031047523e-05
3.040823106e-05
3.060943747e-05
3.040316241e-05
3.065708359e-05
3.05016522e-05
3.069335561e-05
3.077406475e-05
3.036989409e-05
3.067146257e-05
3.081791699e-05
3.093527522e-05
3.121309133e-05
3.072851218e-05
3.108171346e-05
3.082457374e-05
3.062032702e-05
3.053355679e-05
3.075390761e-05
3.084005243e-05
3.129147855e-05
3.137056e-05
3.142326987e-05
3.110221102e-05
3.111008396e-05
3.088134379e-05
3.107212768e-05
3.141584446e-05
3.125423359e-05
3.142403098e-05
3.128294736e-05
3.126244165e-05
3.157379967e-05
3.076834084e-05
3.16049794e-05
3.128571988e-05
3.098828124e-05
3.142441705e-05
3.151519837e-05
3.184453253e-05
3.142223142e-05
3.115605126e-05
3.057983857e-05
3.125857789e-05
3.194942736e-05
3.150074012e-05
3.170409089e-05
3.166429437e-05
3.197340863e-05
3.16861127e-05
3.17173788e-05
3.172537668e-05
3.189958243e-05
3.218910578e-05
3.191282329e-05
3.205391292e-05
3.132413988e-05
3.153944647e-05
3.201349161e-05
3.22951561e-05
3.224934262e-05
3.184337661e-05
3.282984706e-05
3.241853933e-05
3.14546899e-05
3.21397057e-05
3.199997659e-05
3.220550336e-05
3.278137971e-05
3.238762352e-05
3.258910294e-05
3.222207268e-05
3.247448836e-05
3.261902302e-05
3.273319755e-05
3.304388412e-05
3.264538467e-05
3.264425894e-05
3.282310123e-05
3.287293141e-05
3.234655493e-05
3.251755063e-05
3.22078216e-05
3.345415213e-05
3.278938615e-05
3.29682302e-05
3.301012705e-05
3.306059663e-05
3.357521314e-05
3.331272781e-05
3.293207922e-05
3.275807378e-05
3.323822674e-05
3.338724137e-05
3.351927941e-05
3.342127146e-05
3.29963216e-05
3.387120686e-05
3.374008687e-05
3.340039024e-05
3.388805778e-05
3.368488826e-05
3.392603695e-05
3.360431256e-05
3.386320225e-05
3.358204692e-05
3.343619013e-05
3.409274999e-05
3.352457442e-05
3.3574423e-05
3.413354844e-05
3.377346044e-05
3.468941495e-05
3.360810487e-05
3.434753391e-05
3.393187304e-05
3.413181323e-05
3.408695204e-05
3.448508042e-05
3.426187287e-05
3.461377694e-05
3.49473925e-05
3.383892471e-05
3.439739114e-05
3.417259229e-05
3.422368741e-05
3.467565863e-05
3.485618349e-05
3.428956551e-05
3.465343285e-05
3.47067176e-05
3.521239537e-05
3.421192751e-05
3.470206172e-05
3.451316461e-05
3.482708882e-05
3.504509088e-05
3.5071543e-05
3.519847832e-05
3.478154991e-05
3.5414205e-05
3.504559841e-05
3.560604676e-05
3.52565833e-05
3.588746703e-05
3.583557097e-05
3.575328536e-05
3.509061984e-05
3.58523292e-05
3.599456759e-05
3.565571515e-05
3.597985988e-05
3.603625986e-05
3.594667674e-05
3.623203602e-05
3.60668253e-05
3.582992617e-05
3.604877286e-05
3.570378427e-05
3.565179518e-05
3.666435661e-05
3.60872429e-05
3.636275298e-05
3.654780385e-05
3.587291756e-05
3.681716609e-05
3.664577095e-05
3.655917112e-05
3.67131919e-05
3.683298753e-05
3.745436986e-05
3.648720563e-05
3.719393599e-05
3.701731228e-05
3.708976234e-05
3.789456182e-05
3.718326952e-05
3.688672445e-05
3.708502901e-05
3.701387023e-05
3.67482286e-05
3.72750864e-05
3.784745485e-05
3.768977966e-05
3.77146292e-05
3.730820967e-05
3.740791521e-05
3.804654367e-05
3.835240573e-05
3.815060002e-05
3.836191359e-05
3.841166593e-05
3.765889227e-05
3.846975693e-05
3.828124011e-05
3.861857107e-05
3.883484331e-05
3.884531968e-05
3.834721479e-05
3.875641038e-05
3.888250737e-05
3.881445428e-05
3.866251228e-05
3.916598788e-05
3.890800348e-05
3.877767724e-05
3.918140854e-05
3.919552347e-05
3.941313066e-05
3.989466432e-05
3.934611489e-05
3.925294269e-05
3.97949185e-05
4.00782356e-05
4.018313843e-05
3.907151175e-05
4.009137981e-05
4.049487043e-05
4.023663039e-05
3.992993362e-05
3.964872415e-05
4.071618458e-05
3.994531002e-05
4.108510477e-05
4.109355058e-05
4.063023031e-05
4.083557494e-05
4.150483538e-05
4.057803954e-05
4.123269875e-05
4.153874172e-05
4.190872824e-05
4.153495698e-05
4.157271615e-05
4.168919661e-05
4.173040044e-05
4.182185276e-05
4.154300387e-05
4.287651059e-05
4.17413957e-05
4.26900879e-05
4.26467029e-05
4.225902265e-05
4.300892776e-05
4.226576912e-05
4.321547095e-05
4.354464997e-05
4.327424032e-05
4.405222053e-05
4.373117721e-05
4.34190174e-05
4.350223336e-05
4.355421066e-05
4.40002547e-05
4.365652633e-05
4.314960661e-05
4.422952009e-05
4.438381601e-05
4.473238502e-05
4.438333627e-05
4.57812082e-05
4.441079115e-05
4.505320913e-05
4.523592185e-05
4.619400495e-05
4.540000975e-05
4.556848324e-05
4.539562965e-05
4.569317607e-05
4.557483961e-05
4.620993098e-05
4.588134441e-05
4.683624728e-05
4.657901578e-05
4.740938186e-05
4.698949659e-05
4.771746627e-05
4.712056978e-05
4.739851845e-05
4.790730532e-05
4.746147439e-05
4.820798065e-05
4.785836222e-05
4.781204953e-05
4.843570013e-05
4.87289316e-05
4.913178232e-05
4.902202697e-05
5.005042268e-05
4.915909024e-05
4.946603038e-05
4.954148926e-05
5.043324074e-05
5.078759343e-05
5.003072595e-05
5.145296309e-05
5.13680935e-05
5.099219005e-05
5.037337156e-05
5.148556858e-05
5.23010324e-05
5.190662722e-05
5.224886814e-05
5.252422643e-05
5.413724535e-05
5.360649213e-05
5.297856889e-05
5.359637242e-05
5.358292713e-05
5.419009052e-05
5.405289469e-05
5.575783797e-05
5.570873437e-05
5.48798945e-05
5.603366883e-05
5.540904605e-05
5.609232329e-05
5.660628211e-05
5.580721575e-05
5.709151381e-05
5.690496799e-05
5.762595863e-05
5.939899873e-05
5.989297863e-05
5.864788207e-05
5.920616824e-05
5.948856962e-05
5.937364037e-05
6.048676706e-05
6.116710468e-05
6.124520917e-05
6.173585314e-05
6.150837281e-05
6.181302852e-05
6.328572837e-05
6.403763011e-05
6.42174123e-05
6.362690111e-05
6.477213416e-05
6.57457182e-05
6.561651806e-05
6.568395021e-05
6.648069968e-05
6.663142446e-05
6.756631877e-05
6.882522486e-05
6.867333939e-05
6.852383877e-05
6.92450118e-05
6.873985173e-05
6.90786488e-05
6.948843292e-05
6.955035254e-05
7.160901148e-05
7.152422033e-05
7.1886717e-05
7.146865616e-05
7.342109838e-05
7.224881045e-05
7.322545224e-05
7.309835866e-05
7.431335522e-05
7.349850095e-05
7.413813123e-05
7.477175886e-05
7.56582006e-05
7.623537647e-05
7.544161864e-05
7.477777625e-05
7.583261609e-05
7.482336948e-05
7.598381163e-05
7.508186084e-05
7.538291588e-05
7.58347586e-05
7.491316565e-05
7.640153368e-05
7.530003781e-05
7.376845828e-05
7.471829812e-05
7.456690382e-05
7.479984768e-05
7.466494074e-05
7.272505478e-05
7.374321913e-05
7.278908384e-05
7.072419129e-05
7.181525156e-05
7.101643673e-05
7.034547592e-05
6.859314702e-05
6.975161627e-05
6.79138336e-05
6.735433586e-05
6.71974513e-05
6.531206398e-05
6.556659434e-05
6.356245336e-05
6.373316024e-05
6.176159233e-05
6.068093621e-05
6.008829747e-05
5.816628827e-05
5.763086797e-05
5.670926219e-05
5.527845323e-05
5.45371629e-05
5.247013054e-05
5.266013888e-05
5.043441511e-05
4.957398631e-05
4.799009976e-05
4.713091398e-05
4.619859943e-05
4.462435379e-05
4.40397304e-05
4.232835679e-05
4.075576062e-05
4.015429175e-05
3.8826557e-05
3.783793646e-05
3.666668691e-05
3.50254216e-05
3.417240754e-05
3.205905297e-05
3.150292641e-05
3.056133807e-05
2.842866769e-05
2.782256447e-05
2.652444055e-05
2.572980937e-05
2.429895125e-05
2.316371011e-05
2.243819769e-05
2.136765739e-05
2.0027712e-05
1.927367109e-05
1.83134537e-05
1.798426736e-05
1.648436761e-05
1.591493046e-05
1.452652553e-05
1.380596634e-05
1.309139406e-05
1.228797651e-05
1.171072105e-05
1.097183659e-05
1.108703609e-05
9.908593808e-06
9.455735815e-06
9.110178786e-06
8.168795047e-06
7.874126412e-06
7.301929538e-06
6.685900211e-06
6.28643726e-06
5.971372203e-06
5.421871487e-06
5.082867888e-06
4.514103151e-06
4.655837334e-06
4.032191109e-06
3.780745005e-06
3.466609162e-06
3.19430594e-06
2.977156591e-06
2.906005785e-06
2.68943247e-06
2.423235252e-06
2.264668558e-06
2.053209488e-06
1.980893611e-06
1.761128346e-06
1.663927185e-06
1.454230018e-06
1.505835649e-06
1.254267359e-06
1.105042012e-06
1.080588959e-06
8.999490128e-07
9.143597502e-07
8.111068755e-07
7.207412912e-07
6.985066369e-07
6.378597454e-07
5.023253088e-07
6.147920039e-07
4.675545323e-07
4.302519259e-07
5.300399806e-07
4.009640365e-07
3.175321431e-07
2.839474963e-07
2.779731938e-07
1.955036888e-07
2.040859906e-07
1.776236585e-07
1.585515416e-07
1.738575188e-07
1.415082991e-07
9.249004826e-08
1.123600156e-07
1.246311679e-07
1.465578204e-07
1.03652213e-07
1.109828825e-07
1.355367392e-07
9.124970011e-08
8.153026026e-08
1.053905504e-07
1.253424564e-07
9.548355429e-08
8.662181581e-08
7.730394205e-08
7.979723096e-08
7.682403072e-08
6.78907344e-08
7.732346623e-08
7.447370606e-08
6.338619747e-08
8.942584905e-08
7.757136812e-08
6.582423556e-08
4.386797037e-08
7.921067367e-08
3.871308939e-08
7.576540171e-08
7.66266625e-08
6.834687661e-08
5.805680739e-08
1.186999563e-07
8.430111176e-08
1.225940472e-07
7.240842769e-08
8.562443568e-08
7.780827302e-08
7.761912991e-08
5.398791099e-08
7.729037748e-08
5.330139724e-08
5.675608325e-08
7.23752381e-08
4.881883728e-08
5.763436366e-08
1.284102158e-07
8.75448001e-08
9.134196423e-08
8.095069269e-08
7.926408179e-08
7.801129047e-08
6.274921771e-08
8.977857696e-08
8.149106345e-08
7.066547149e-08
9.506379829e-08
7.982159464e-08
9.280360468e-08
7.976292654e-08
3.840277502e-08
5.213578577e-08
7.209884035e-08
6.607799626e-08
6.167941162e-08
6.201787037e-08
6.304187129e-08
3.496853744e-08
6.418604825e-08
4.671610111e-08
5.932604584e-08
6.431589957e-08
8.971575877e-08
6.079445643e-08
6.167397178e-08
1.055313161e-07
4.422365889e-08
7.400473917e-08
5.350871572e-08
5.774896754e-08
5.244927724e-08
3.711335014e-08
5.09656442e-08
6.468214286e-08
1.130481369e-07
8.657617686e-08
6.292783695e-08
5.381079901e-08
7.453505706e-08
9.129785832e-08
5.819823961e-08
7.108931192e-08
1.401767794e-07
6.327245573e-08
8.280940011e-08
5.63624635e-08
3.323094772e-08
7.478324019e-08
1.038791708e-07
4.799638254e-08
3.957373042e-08
5.059892978e-08
4.102656829e-08
5.138560187e-08
5.565629873e-08
8.011754713e-08
6.404382069e-08
9.516504394e-08
7.242724178e-08
5.978250233e-08
5.976062051e-08
5.724207299e-08
9.975277421e-08
7.23712027e-08
5.089875911e-08
7.005199639e-08
3.179427704e-08
6.310505619e-08
7.888789728e-08
8.585812256e-08
9.586813013e-08
5.067376259e-08
4.935129591e-08
8.555354228e-08
6.041009248e-08
6.879530708e-08
5.483972305e-08
3.933019478e-08
8.690781174e-08
4.12710516e-08
3.840684928e-08
4.988498137e-08
3.404715643e-08
3.765365459e-08
4.276760918e-08
4.516360147e-08
5.365231276e-08
5.492341331e-08
4.430425532e-08
4.06458431e-08
3.815782444e-08
9.563847468e-08
5.019615656e-08
3.157206918e-08
3.328819249e-08
4.863275712e-08
3.942841352e-08
4.695605634e-08
4.738666285e-08
5.097886571e-08
9.672691517e-08
3.901583692e-08
4.454971351e-08
5.668476042e-08
3.893417028e-08
7.368715577e-08
5.038570099e-08
5.224378796e-08
3.061063577e-08
5.419906709e-08
4.641978224e-08
4.49246501e-08
2.596782127e-08
6.926321249e-08
6.526470186e-08
6.324297302e-08
4.549780137e-08
5.357706789e-08
6.099070272e-08
8.119402984e-08
3.684206501e-08
3.735140164e-08
6.78218151e-08
5.891530548e-08
4.748626514e-08
6.677070002e-08
6.819119795e-08
6.310212588e-08
6.774142063e-08
5.383140139e-08
6.065414787e-08
6.065136834e-08
4.49083411e-08
6.020503098e-08
6.437693684e-08
8.701201826e-08
4.913058279e-08
5.008090866e-08
9.432391461e-08
6.715050273e-08
6.521187976e-08
6.108024403e-08
6.959989142e-08
7.156242811e-08
5.944183195e-08
6.287704932e-08
6.092164717e-08
3.889842724e-08
4.356438724e-08
7.554105833e-08
5.019573618e-08
2.295201669e-08
3.348123277e-08
2.892220701e-08
4.10549701e-08
2.348537542e-08
4.316548667e-08
2.340963863e-08
4.969734608e-08
4.11999936e-08
3.473679259e-08
5.578976136e-08
7.173145319e-08
4.326162995e-08
6.566313118e-08
4.186595534e-08
3.418204716e-08
4.937342421e-08
8.234956056e-08
5.619374576e-08
5.6884411e-08
3.39706623e-08
6.450888209e-08
5.055456774e-08
4.365617264e-08
3.744642797e-08
5.145550699e-08
6.057554145e-08
5.08067022e-08
4.500117439e-08
3.524261897e-08
3.558003122e-08
2.958787794e-08
4.338327018e-08
6.883433086e-08
3.074207764e-08
1.841215299e-08
4.493014948e-08
3.969062524e-08
4.777094823e-08
4.403060697e-08
4.288093433e-08
8.947096823e-08
1.368127186e-08
3.071734592e-08
3.566594469e-08
3.956009684e-08
2.736114534e-08
4.323011229e-08
1.470236036e-08
3.432596932e-08
5.613828969e-08
4.257189086e-08
4.796810883e-08
4.677403359e-08
3.146261661e-08
4.611340329e-08
3.160754987e-08
6.721714084e-08
7.484474405e-08
4.18499346e-08
4.646684124e-08
3.608771133e-08
2.791646841e-08
2.261371241e-08
6.670935323e-08
4.127466785e-08
3.120318876e-08
2.311192422e-08
6.44542262e-08
3.264823752e-08
3.286499877e-08
3.931118566e-08
3.061320909e-08
3.631093499e-08
3.91761053e-08
3.214697183e-08
3.9277663e-08
2.442385714e-08
2.841284126e-08
2.223240173e-08
2.300350648e-08
4.472117753e-08
4.131081443e-08
3.071035549e-08
1.131131091e-08
1.641190341e-08
3.199572579e-08
4.654765462e-08
6.979922892e-08
8.250655699e-08
4.024099099e-08
2.273975061e-08
2.701400295e-08
3.258333488e-08
5.897691265e-08
4.0043405e-08
2.758169024e-08
1.988672457e-08
4.388751635e-08
4.70133946e-08
4.947004424e-08
6.995354846e-08
6.000896556e-08
6.808120071e-08
9.448833805e-08
1.934767998e-08
5.789856408e-08
7.000425705e-08
3.130897809e-08
7.890214388e-08
4.747314681e-08
4.822054334e-08
3.731653022e-08
6.158577024e-08
5.589700348e-08
5.120492396e-08
3.083872387e-08
5.991054475e-08
5.16501438e-08
3.442161405e-08
6.365651626e-08
4.266114251e-08
5.573876611e-08
5.091280299e-08
6.561753333e-08
8.355347378e-08
6.400582274e-08
4.409114722e-08
5.295327324e-08
6.032948045e-08
5.538362831e-08
6.332892628e-08
4.832262973e-08
3.084545914e-08
3.434202094e-08
3.500354909e-08
3.412700152e-08
5.705239761e-08
5.984921943e-08
3.747161029e-08
4.141848289e-08
3.886716707e-08
6.404304856e-08
3.670820032e-08
2.980992872e-08
2.322485645e-08
4.215434764e-08
3.01826918e-08
6.264947518e-08
2.822994099e-08
4.85995186e-08
5.145145454e-08
4.240863662e-08
3.77358894e-08
5.963814004e-08
6.43112886e-08
4.596401984e-08
2.864310132e-08
2.781842425e-08
4.0094403e-08
3.673049061e-08
6.238177396e-08
4.180169313e-08
4.881798345e-08
2.787825105e-08
3.932760893e-08
5.173627434e-08
4.158600649e-08
5.247065165e-08
4.259684999e-08
4.276114588e-08
4.061785259e-08
5.371273522e-08
4.309301385e-08
3.607849936e-08
3.800406666e-08
3.720948465e-08
3.909909856e-08
3.033234125e-08
4.224351695e-08
3.686347607e-08
2.158984537e-08
3.792345756e-08
4.694181682e-08
3.655494171e-08
3.360698278e-08
4.448612088e-08
4.641087346e-08
1.920493978e-08
3.107192761e-08
4.126400164e-08
4.097380278e-08
5.043140692e-08
6.074666762e-08
4.184803574e-08
2.302184122e-08
5.044773503e-08
3.927456923e-08
7.536432898e-08
4.675613798e-08
4.349861142e-08
5.876108013e-08
4.819225194e-08
4.919053805e-08
5.045703264e-08
6.468376201e-08
4.653568212e-08
4.512887547e-08
4.918926562e-08
3.111033165e-08
3.581939429e-08
4.038989758e-08
5.236834027e-08
2.507320242e-08
3.767016593e-08
2.6186698e-08
3.37925681e-08
3.713767981e-08
2.154027554e-08
1.629677106e-08
3.973371206e-08
9.933609198e-09
2.203466156e-08
1.722663503e-08
3.283190133e-08
2.590378124e-08
1.806216206e-08
2.16073605e-08
3.095217709e-08
8.597349945e-09
3.560094794e-08
3.401105567e-08
5.067773836e-08
4.457918608e-08
2.496205611e-08
5.299014052e-08
2.6096767e-08
2.82494257e-08
2.966675694e-08
2.434942429e-08
2.736740152e-08
2.357979924e-08
4.298462525e-08
3.384812848e-08
3.94279606e-08
5.4354301e-08
3.812346695e-08
4.10760699e-08
5.63747787e-08
4.769025547e-08
4.476917871e-08
4.49387998e-08
3.676568565e-08
3.832315143e-08
2.45215016e-08
3.475764463e-08
2.048478196e-08
3.832595215e-08
3.031885104e-08
2.669363096e-08
4.045724754e-08
1.872328263e-08
4.556928594e-08
5.079922349e-08
4.579743527e-08
2.224798111e-08
4.135154473e-08
3.03993303e-08
3.226889139e-08
2.700012886e-08
2.824922462e-08
5.035639731e-08
3.251477255e-08
2.440069422e-08
2.818013445e-08
1.881369302e-08
3.163457009e-08
2.67417843e-08
2.494566154e-08
2.73939938e-08
3.267637785e-08
3.962816017e-08
4.661446987e-08
3.058624303e-08
3.723119526e-08
2.619407137e-08
1.988255415e-08
3.489980666e-08
4.515717541e-08
4.003672294e-08
4.451468585e-08
3.233029656e-08
3.146298272e-08
7.648474064e-08
4.395656549e-08
3.536179434e-08
4.181134859e-08
3.43797461e-08
2.359990994e-08
2.727916165e-08
7.174787828e-08
4.008651429e-08
3.309919184e-08
4.382304992e-08
3.149114197e-08
1.894652721e-08
3.83500457e-08
2.869117232e-08
3.765126599e-08
2.438323806e-08
4.232579895e-08
2.529944835e-08
2.693372093e-08
2.180866522e-08
3.000463238e-08
2.622277299e-08
2.600201962e-08
2.288040963e-08
1.67056074e-08
3.178585181e-08
2.586804997e-08
3.054236114e-08
1.615619211e-08
2.605023987e-08
6.527094865e-09
3.835164798e-08
2.547541505e-08
4.873654834e-08
3.649960267e-08
2.163150673e-08
1.156246635e-08
1.569136733e-08
3.779825258e-08
1.619635535e-08
3.037133467e-08
3.393163559e-08
4.204752344e-08
3.280697542e-08
2.443620684e-08
3.054000261e-08
1.648038991e-08
2.854102001e-08
2.393152778e-08
3.290598474e-08
4.283828398e-08
2.579407919e-08
3.126974001e-08
5.682748316e-08
4.07353072e-08
1.971440024e-08
3.591813528e-08
8.89674303e-08
7.908764471e-08
3.57850367e-08
2.80043863e-08
2.831267536e-08
1.404813142e-08
5.705980917e-08
4.049191373e-08
3.594996133e-08
3.184565083e-08
1.876809759e-08
6.529234455e-08
2.927195969e-08
2.845754064e-08
4.058871335e-08
3.145636074e-08
1.024867579e-08
1.577202454e-08
2.952735185e-08
2.370583634e-08
4.412469253e-08
1.063948456e-08
2.388869495e-08
2.494498524e-08
1.643584528e-08
1.834335778e-08
2.170035917e-08
4.168259631e-08
6.675689859e-08
1.906918281e-08
1.474989892e-08
3.594873799e-08
3.264325289e-08
3.842997336e-08
1.995383057e-08
3.982176127e-08
1.094575885e-08
2.790461093e-08
2.270550964e-08
2.894747632e-08
3.259776772e-08
2.121111902e-08
3.837835252e-08
2.319550066e-08
6.408001377e-08
4.054991143e-08
5.530186152e-08
1.759272159e-08
1.347048374e-08
2.237625881e-08
2.318877826e-08
3.398933001e-08
3.175142659e-08
2.473061692e-08
2.218955039e-08
3.325822473e-08
2.578968586e-08
2.139040457e-08
3.456390059e-08
2.14442703e-08
2.824797628e-08
1.523219896e-08
3.139853303e-08
3.11963917e-08
4.568443188e-08
4.308218614e-08
4.053669001e-08
4.228440957e-08
3.779332831e-08
2.580825602e-08
3.705855619e-08
3.823838256e-08
3.350381085e-08
2.602791961e-08
2.608488841e-08
2.070934184e-08
2.699132619e-08
1.210088202e-08
1.383596943e-08
1.330103468e-08
1.110914155e-08
1.359457311e-08
4.157919538e-08
4.254813377e-08
2.711787502e-08
1.473892761e-08
4.197531374e-08
2.544277179e-08
1.631655746e-08
2.304619305e-08
1.863918917e-08
3.194821367e-08
3.127903228e-08
1.260807555e-08
1.909798846e-08
3.066041885e-08
2.553157661e-08
1.779809706e-08
3.634721482e-08
5.508549254e-08
3.526361737e-08
3.277536113e-08
3.104018815e-08
2.288481283e-08
4.577584631e-08
6.011076478e-08
2.970320779e-08
3.350929477e-08
2.088192299e-08
2.027314803e-08
2.551844575e-08
8.918788658e-08
5.41811763e-08
3.516343085e-08
1.270518998e-08
2.397103378e-08
3.4393632e-08
1.32097499e-08
3.071222208e-08
3.341483783e-08
2.557296369e-08
7.776496296e-08
3.191597659e-08
1.374718671e-08
2.271648257e-08
2.553931139e-08
3.051473669e-08
4.132120816e-08
3.594417028e-08
1.432472713e-08
1.182074712e-08
2.05465631e-08
4.684888189e-08
4.6266851e-08
2.982695611e-08
1.137448447e-08
1.907168997e-08
2.680122388e-08
3.202321205e-08
6.7883654e-09
3.446708125e-08
1.033983411e-08
7.097837369e-09
4.275207042e-08
3.240322672e-08
4.598145208e-08
4.044607173e-08
2.367513364e-08
4.440945913e-08
2.803268198e-08
3.531990198e-08
1.505455975e-08
5.107663148e-08
3.063619842e-08
1.952173439e-08
4.469844505e-08
3.471074594e-08
2.485165409e-08
2.014794416e-08
2.139767097e-08
2.542315444e-08
2.691609172e-08
2.07602432e-08
3.900811593e-08
4.590624085e-08
4.493872537e-08
7.506212542e-08
6.05739106e-08
4.312035486e-08
5.320393762e-08
2.775442745e-08
1.993242872e-08
1.737579999e-08
3.708535086e-08
2.846404019e-08
1.161155701e-08
3.372267309e-08
3.066594038e-08
3.909615216e-08
3.32421615e-08
5.793665013e-08
2.314585453e-08
3.474440594e-08
3.668107894e-08
1.565572305e-08
3.285493011e-08
2.881569841e-08
3.696947042e-08
1.49457815e-08
3.081156024e-08
2.535633249e-08
1.667607573e-08
2.114800983e-08
4.212865697e-08
3.183636248e-08
3.942819178e-08
4.549942445e-08
2.711721289e-08
1.145485485e-08
1.636457389e-08
3.20155338e-08
3.173784288e-08
2.664768084e-08
1.436954585e-08
2.718338259e-08
5.787311697e-08
3.110753715e-08
2.296929082e-08
8.71120468e-09
2.116406865e-08
3.276579889e-08
2.499045329e-08
2.332420597e-08
2.445728932e-08
1.769957746e-08
2.575853826e-08
6.769307734e-08
2.316511583e-08
2.698705567e-08
1.86778322e-08
3.893099281e-08
1.326362315e-08
2.557353019e-08
2.902596178e-08
3.240424639e-08
4.152752233e-08
4.866104073e-08
4.428998186e-08
3.677994339e-08
5.584812253e-08
3.69920622e-08
4.218325132e-08
2.963442971e-08
4.14306016e-08
3.55154428e-08
3.347619515e-08
1.938072687e-08
2.699174199e-08
3.755754255e-08
3.134539134e-08
3.937973154e-08
4.133618765e-08
2.711480656e-08
2.228764886e-08
3.539687036e-08
1.808973786e-08
2.040640653e-08
4.255508665e-08
1.505344806e-08
3.341854318e-08
2.019948767e-08
1.485786916e-08
1.736247513e-08
4.912111516e-08
2.121996074e-08
1.550188867e-08
3.084000063e-08
4.530171373e-08
2.150346638e-08
2.002474651e-08
5.110248576e-08
2.249463406e-08
4.476546636e-08
5.670563431e-08
2.804361284e-08
3.479554804e-08
2.612975976e-08
3.475773712e-08
3.905252002e-08
2.400196394e-08
3.299257696e-08
4.229573541e-08
2.132100356e-08
3.233872565e-08
1.440909358e-08
3.244934367e-08
1.95356744e-08
1.413970744e-08
2.083416486e-08
2.904837068e-08
1.780126816e-08
1.418710838e-08
1.092376813e-08
1.487003753e-08
2.351134041e-08
2.643518161e-08
1.647960706e-08
2.646178748e-08
3.498985693e-08
5.503507003e-08
4.995895831e-08
1.54718873e-08
2.677931948e-08
4.064816737e-08
3.965163359e-08
2.313723766e-08
2.045738805e-08
4.736023722e-08
5.439980457e-08
2.437385633e-08
3.062218775e-08
4.72991523e-08
2.689861438e-08
2.883558381e-08
3.737425409e-08
6.923723913e-08
1.922735258e-08
4.313371855e-08
4.081194082e-08
3.354635891e-08
6.929630865e-08
4.253139315e-08
5.915786075e-08
4.616318716e-08
2.244488676e-08
1.658087974e-08
3.67694004e-08
4.069729618e-08
2.490055588e-08
2.696551484e-08
2.85315263e-08
3.870251246e-08
5.798830568e-08
4.415571071e-08
3.947177324e-08
2.166244429e-08
4.840082735e-08
2.536938119e-08
2.155482978e-08
1.493143598e-08
2.418109804e-08
1.524653395e-08
2.524591761e-08
1.345097295e-08
2.866084513e-08
2.316000975e-08
1.755370539e-08
3.190378263e-08
1.277269929e-08
2.096624383e-08
3.528825493e-08
4.93405516e-08
4.852789342e-08
1.919376888e-08
4.081487508e-08
2.904223813e-08
1.829247455e-08
6.338043053e-08
2.715730266e-08
1.271779744e-08
3.041367451e-08
3.798066354e-08
2.445048452e-08
2.774548824e-08
3.939440263e-08
4.112841802e-08
2.681984823e-08
2.363907097e-08
4.30169144e-08
5.290335942e-08
3.869400281e-08
1.41296234e-08
2.654771348e-08
2.216730975e-08
3.895227898e-08
3.01849907e-08
2.423197388e-08
1.824979542e-08
1.808135203e-08
2.532084483e-08
3.130081125e-08
5.461501391e-08
1.553472424e-08
4.175175242e-08
3.079355718e-08
3.263895838e-08
3.991073758e-08
3.234937283e-08
1.649491385e-08
3.445313024e-08
1.346596582e-08
1.908329238e-08
9.876440832e-09
7.691985018e-09
1.94068572e-08
1.160907211e-08
4.298365723e-09
2.133613342e-08
7.310626695e-08
1.129555318e-08
2.633677616e-08
1.577858843e-08
1.674535635e-08
1.87400136e-08
2.214029926e-08
1.458921346e-08
2.689482403e-08
1.79682893e-08
3.173524397e-08
2.051242273e-08
2.104478741e-08
6.438740011e-08
2.145201555e-08
1.960141093e-08
1.262186183e-08
1.610413962e-08
7.771643784e-09
2.44856939e-08
9.982173977e-09
2.129625881e-08
2.458371141e-08
3.04447533e-08
1.768058339e-08
3.203909046e-08
2.453229487e-08
2.528446021e-08
3.359557885e-08
2.377608631e-08
1.047312646e-08
1.015364065e-08
1.313554108e-08
6.082633053e-09
1.563333248e-08
1.676948889e-08
6.694840656e-09
1.920365987e-09
2.987100727e-09
2.417491415e-08
9.30050892e-09
8.049282196e-09
1.744967507e-08
1.947323238e-08
1.031515043e-08
1.182675177e-08
5.84147209e-09
2.297650701e-08
4.891267606e-08
8.132638264e-08
8.074395333e-09
1.950541748e-08
2.199132956e-08
2.062725391e-08
1.525263838e-08
1.162712855e-08
2.799511991e-08
2.884195586e-09
2.931658474e-09
8.210364464e-09
2.351240928e-08
1.392142719e-08
1.279427422e-08
1.18743106e-08
3.541578516e-08
3.311769105e-08
3.627046195e-08
1.347219865e-08
3.483770958e-08
2.329911075e-08
3.104613414e-08
1.30956644e-08
1.94603353e-08
1.775482097e-08
6.309056484e-09
1.987697161e-08
1.804248707e-08
1.930465919e-08
1.476284276e-08
1.397251055e-08
1.485664615e-08
1.463203322e-08
8.610367229e-09
9.287291024e-09
1.225349962e-08
1.549904657e-08
3.015075915e-08
2.472554841e-08
1.580723632e-08
1.586439867e-08
5.654973221e-09
1.54277557e-08
2.090659667e-08
2.206235757e-08
1.755871537e-08
6.486706021e-09
3.723181079e-09
1.246244337e-08
9.814484774e-09
1.287999964e-08
9.181186613e-09
1.991736163e-08
1.72965303e-08
1.0723629e-08
3.095551297e-08
8.792869976e-09
2.368216048e-08
1.754113641e-08
1.884422599e-08
2.706577905e-08
1.449902531e-08
1.88781051e-08
7.629312999e-09
9.357320872e-09
8.610792884e-09
7.817420134e-09
1.24686699e-08
3.593282284e-09
1.223504957e-08
2.060081716e-08
2.106609203e-08
7.262659232e-09
8.861548136e-09
1.404899579e-08
1.778911893e-08
5.70882044e-09
1.994480986e-08
8.60916473e-09
3.000612059e-09
3.988635962e-09
5.122059135e-09
1.17598437e-08
4.210741246e-08
2.437272182e-08
2.027108371e-08
3.72847471e-08
1.45604508e-08
1.067639299e-08
1.883913398e-08
4.435185878e-09
2.130781778e-08
1.862492557e-08
9.937035812e-09
2.044553854e-08
3.089063139e-08
6.588961074e-09
4.361623616e-08
1.319617777e-08
2.305265357e-09
3.768184269e-08
3.325564317e-08
4.020950982e-08
8.718766028e-09
3.7987975e-08
1.139127131e-08
2.69029294e-08
2.714852909e-08
3.118544214e-09
3.188747674e-08
1.172704184e-08
2.889494158e-08
9.003393114e-09
3.275919068e-08
3.001325582e-08
4.413955823e-08
2.960981159e-08
1.180288236e-08
3.012006321e-08
3.075078903e-08
1.63773756e-08
2.7401825e-08
3.276100447e-08
3.343575102e-08
1.969337909e-08
9.453296411e-09
3.580077338e-08
1.160137031e-08
1.855063825e-08
1.937354428e-08
8.865660875e-09
1.704346636e-08
1.665495246e-08
1.430265024e-08
1.730861136e-08
2.331554697e-08
1.741394545e-08
1.233595931e-08
9.386161824e-09
6.690592908e-08
5.052871356e-08
5.331717209e-08
1.985197407e-08
5.003919706e-08
1.031588571e-08
4.964938045e-09
8.256421279e-09
1.061149587e-08
2.419493077e-08
1.905432834e-08
1.828021632e-08
9.33238659e-09
7.576349927e-09
8.48914298e-09
7.051450449e-09
1.270112795e-08
9.639297914e-09
1.640331078e-08
6.605279334e-09
1.470250258e-08
1.677029123e-08
1.106178193e-08
1.228665262e-08
2.210489667e-08
2.325328375e-08
9.365863684e-10
3.980715437e-09
1.244854504e-08
2.605288791e-09
1.361333798e-08
1.314424102e-08
2.735141789e-09
6.088858646e-09
9.673733741e-09
4.802524806e-09
1.290016929e-08
1.510393766e-08
1.017288135e-08
2.134410338e-08
1.436801054e-08
2.608130677e-09
1.029991062e-08
7.257807109e-09
1.31616029e-08
5.277080272e-09
4.359197426e-09
2.745159366e-08
1.93125443e-08
1.991865687e-08
2.129569602e-08
1.023799282e-08
3.608393798e-08
8.702915126e-09
1.755472257e-08
9.740216176e-09
1.581803597e-08
1.494346645e-08
1.453502288e-08
1.399621859e-08
1.744482783e-08
1.803960645e-09
1.113175273e-08
1.496805402e-08
2.006871721e-08
3.15593302e-08
1.858037623e-08
2.022512938e-08
3.858668586e-08
1.363858228e-08
9.313419593e-09
4.447772694e-09
1.800086981e-08
4.694502579e-09
1.003241918e-08
1.536694809e-08
1.866045429e-08
1.452310473e-08
2.829088746e-08
1.133206273e-08
8.68296006e-09
2.007822508e-08
3.16785741e-09
8.403928805e-09
1.171540611e-08
1.267251767e-08
6.933047657e-09
1.450048887e-08
2.548548402e-09
8.821875549e-09
2.424115666e-08
1.347241683e-08
2.834631382e-08
1.078587196e-08
5.457481818e-09
2.507047532e-08
2.765865004e-09
1.154641586e-08
1.796063161e-08
8.518169532e-09
9.713528773e-09
1.15113331e-08
1.355912251e-08
1.846160534e-08
1.651729847e-08
5.210070928e-09
2.803788825e-08
1.374430382e-08
1.101752669e-08
2.094669029e-08
1.147777528e-08
1.189581785e-08
1.44020249e-08
1.265806557e-08
3.369626752e-08
1.229660235e-08
2.066103388e-08
1.168975676e-08
1.424077711e-08
2.131521248e-08
1.87987951e-08
1.151901256e-08
3.679036496e-09
1.953836695e-08
1.43153969e-08
1.4905152e-08
1.222540484e-08
6.972683391e-09
2.267340581e-08
1.947717408e-08
2.917054268e-08
4.594819124e-08
7.358440467e-09
2.600267246e-08
3.275124605e-08
3.232512894e-08
5.841690588e-08
4.221597865e-08
4.205342418e-08
3.180184318e-08
1.896558651e-08
2.390625972e-08
1.261670818e-08
1.484520105e-08
3.117692376e-09
7.836232432e-09
1.769646377e-08
6.062091101e-08
5.305740233e-08
1.609299932e-08
1.256122113e-08
3.461802637e-08
2.174520773e-08
1.561129718e-08
1.712785188e-08
1.478388721e-08
5.303194539e-09
9.784588752e-09
3.357247259e-08
7.876603129e-09
9.250893169e-09
8.036509699e-09
1.531444447e-08
1.989970399e-08
3.28084698e-09
2.281966103e-08
9.669132518e-09
7.566333018e-09
3.424371467e-09
7.771396211e-09
1.183749064e-08
1.269505377e-08
1.932992406e-08
1.323354863e-08
6.183484159e-09
2.64626721e-08
6.535680184e-09
5.01719185e-09
1.452692092e-08
2.5118465e-08
8.105889643e-09
1.999054345e-09
3.990933412e-09
5.594318239e-09
1.936870917e-08
3.285409641e-08
1.913275607e-08
3.370391253e-09
6.175204717e-09
5.696948971e-09
3.132971151e-08
2.208899144e-08
1.256817487e-08
1.664460512e-08
7.932952882e-10
1.421036411e-08
1.066486413e-08
3.973085911e-09
1.203416846e-08
8.316408363e-09
1.10522277e-08
1.904570278e-08
8.245360216e-09
3.282116466e-08
2.33573564e-08
1.489825414e-08
1.310385021e-08
2.971043139e-08
1.584750233e-08
1.589312254e-08
2.567462965e-08
1.992095758e-08
1.588492445e-08
4.078025457e-08
1.751773785e-08
2.777258e-08
1.824124189e-08
8.634153429e-09
1.493275059e-08
1.383408874e-08
2.418108966e-08
2.569811586e-08
2.337965584e-08
4.430319575e-08
1.987991008e-08
4.070059261e-08
1.194135742e-08
1.349071525e-08
1.770287679e-08
3.054210919e-08
3.664912288e-09
1.142412824e-08
1.507763262e-08
2.830352866e-08
1.174804895e-08
1.255643623e-08
2.209465666e-08
2.375085685e-08
1.67630609e-08
2.214289878e-08
1.758456889e-08
1.134279804e-08
8.974023058e-09
1.244351757e-08
1.559975329e-08
6.634154958e-08
1.917794202e-08
8.734335948e-09
1.569796748e-08
2.28641229e-08
2.200520278e-08
2.085931245e-08
6.728653709e-09
1.753926883e-08
2.760761314e-08
1.297903807e-08
1.792475091e-08
1.162459419e-08
1.673280774e-08
5.667838507e-09
4.380886032e-08
8.986225637e-09
3.197170137e-08
2.970716889e-08
2.382426948e-08
1.877878308e-08
1.648417374e-08
2.482669915e-08
1.630544688e-08
1.703680229e-08
2.242940155e-08
2.777360969e-08
3.274497354e-08
4.937580779e-08
1.651486082e-08
1.196388914e-08
5.541761988e-09
9.669284706e-10
1.319138669e-08
2.531254601e-09
8.260534597e-09
6.311017639e-09
1.219277715e-08
1.034406795e-08
1.40817699e-08
2.777475041e-09
1.159039404e-08
9.926351448e-09
1.155077696e-08
4.93713864e-09
7.507501562e-09
6.949312419e-09
2.043909899e-08
1.500069547e-09
1.388194898e-08
5.508971991e-09
2.858246528e-09
1.659307091e-08
9.033840825e-09
1.536244173e-08
1.172590729e-08
1.318381678e-08
9.939799714e-09
9.737474159e-09
2.215298082e-09
5.989996021e-09
9.947379867e-09
7.131269197e-09
2.470394555e-09
1.158107481e-08
1.222914337e-08
4.458301812e-09
2.871215133e-09
1.100479222e-08
1.372528966e-09
1.639789081e-09
1.266701906e-08
4.916805409e-09
8.511848918e-09
1.25913587e-08
7.594471627e-09
1.070072589e-08
7.122279997e-09
5.821290178e-09
1.373351058e-08
1.651991969e-08
1.555122782e-08
3.530541479e-08
5.915050395e-09
6.808631946e-09
7.544531505e-09
6.069515239e-09
2.736663117e-08
1.2233057e-08
4.638641764e-09
7.630672451e-09
8.437116686e-09
4.493619183e-09
8.763005929e-09
2.750686515e-09
1.982400755e-09
2.129045669e-09
6.314125349e-09
2.529005314e-09
1.951896653e-09
1.449489829e-08
1.719925134e-09
3.78188968e-09
8.958321738e-09
1.254560794e-08
8.024001833e-09
1.306340783e-09
6.237801603e-09
9.337156609e-09
2.408891565e-08
1.027059765e-08
1.058538985e-09
8.291414192e-09
6.135093127e-09
6.282168837e-09
3.130104802e-09
5.132669064e-09
9.882966439e-09
8.42384181e-09
3.07397605e-09
3.069462259e-09
9.961670737e-09
9.890845167e-09
4.472610327e-09
1.069851478e-08
1.231534164e-09
2.440478574e-09
8.386021023e-09
4.927499545e-09
2.145791937e-09
9.350662924e-09
6.068588803e-09
3.49479195e-09
1.508211872e-08
8.005368788e-09
8.984614957e-09
4.308141008e-09
1.959323789e-09
1.042295959e-08
1.759253967e-08
1.510902076e-09
3.426660631e-09
4.960687091e-09
1.922396617e-08
8.519742534e-09
1.623563732e-08
6.49919591e-09
2.135686526e-09
7.547559114e-10
7.620443031e-09
5.410215483e-09
9.771033847e-09
1.290761328e-08
1.60622013e-08
5.708435676e-09
6.918118429e-09
3.323825322e-08
4.133885538e-10
1.740791475e-08
2.356766975e-08
8.041181394e-09
7.206266852e-09
5.833436665e-09
1.223604841e-08
1.636603459e-08
6.351341741e-09
1.277033754e-09
6.573808335e-09
1.782435105e-08
1.504469408e-09
6.443252772e-09
5.133010988e-09
9.597270829e-09
5.293606795e-09
1.037049976e-08
1.719937622e-08
1.475616361e-08
7.037397316e-09
5.774374448e-09
2.830984645e-08
1.683632068e-08
1.094597609e-08
8.69648982e-09
1.211024742e-08
6.134427138e-09
2.851944361e-09
1.837884664e-09
8.980898361e-10
4.203917112e-09
1.546531674e-09
7.080775925e-09
2.148778352e-09
3.13816624e-09
3.169216361e-09
1.219556279e-08
1.041308501e-08
2.346325339e-09
1.647039975e-08
8.155634859e-10
8.332679138e-09
7.939693783e-09
6.382221872e-10
1.026879774e-09
2.116675594e-09
7.300156148e-09
7.095875732e-09
5.84175119e-09
6.448735514e-09
9.783534645e-09
2.80742893e-08
2.437101807e-09
2.625458733e-09
3.631663024e-09
1.090279936e-08
1.85791479e-09
1.209512507e-08
8.518597426e-09
5.767050275e-09
1.100068494e-08
1.204462343e-08
2.838864708e-08
2.2087283e-08
2.468269416e-08
2.225236043e-08
9.716264253e-09
7.378093587e-09
1.734228416e-08
4.227131021e-09
6.130161124e-09
3.344372427e-09
6.993508358e-09
1.055852665e-08
1.123609998e-09
5.752778984e-09
2.120527585e-08
6.138620387e-09
1.001791262e-08
1.349217769e-08
1.862152801e-09
8.84895791e-09
1.786448386e-08
1.469754459e-08
1.194789822e-08
8.336272167e-09
4.701795081e-09
1.208935313e-08
1.208574821e-08
1.109665118e-08
1.96096051e-09
3.14879127e-09
6.438919494e-09
1.266583807e-09
8.497003287e-10
3.058970975e-09
1.484703899e-08
2.981009618e-09
1.373466841e-08
1.516922502e-09
2.049054543e-08
2.035739216e-08
1.293075831e-08
2.88928654e-09
2.841659572e-09
5.564951005e-09
1.072016211e-08
8.021861116e-09
1.976496294e-08
6.996669014e-09
2.501915321e-09
1.301208075e-09
1.087724125e-08
1.465498466e-08
3.289232458e-08
8.973477484e-09
1.491191653e-08
1.949805397e-08
6.553204352e-09
6.171566267e-09
2.087801567e-08
5.054533237e-09
2.183073321e-08
1.926736252e-08
1.321318962e-08
8.274422372e-09
1.375977029e-08
4.260785584e-08
1.724898146e-08
5.47543858e-09
5.668235261e-09
1.635637918e-09
2.493852643e-09
6.012846457e-09
9.15007642e-09
6.212153221e-09
4.362759134e-09
4.206640315e-09
2.947308486e-09
5.553356298e-09
1.028803346e-08
9.635939228e-09
1.274809248e-08
6.593536784e-09
4.187927453e-09
6.950582568e-09
7.6024822e-09
4.601435586e-09
1.272574088e-08
7.957736296e-09
4.371919893e-09
1.25503083e-08
4.46258937e-09
4.418022809e-08
1.765290894e-08
7.145122131e-09
1.055377069e-08
7.622823348e-09
4.369970177e-09
1.078100135e-09
1.785539078e-08
9.533438793e-09
4.02902098e-09
7.705298037e-10
1.735068063e-08
6.483947637e-10
8.723054306e-09
1.155550529e-09
1.066973305e-08
4.423502152e-09
1.053702793e-08
4.745301747e-09
6.902696819e-09
2.43565973e-09
3.683465089e-09
2.031003744e-09
1.293496662e-08
7.67095452e-10
7.838546725e-10
2.647774274e-09
4.072928203e-10
7.034398887e-09
9.756108206e-09
7.344124875e-09
7.755348089e-09
3.481091402e-09
1.787074662e-08
4.463269754e-09
1.479163467e-08
8.010285486e-09
8.875674051e-09
1.882314898e-09
7.642338378e-09
1.444748225e-08
2.367424898e-08
1.342523842e-08
8.884173887e-09
1.942326191e-09
1.24679783e-09
1.453024787e-09
6.93702641e-09
7.616915053e-09
4.543277695e-09
1.094705084e-08
1.919642019e-08
7.964305994e-09
8.121084682e-09
3.181642115e-08
2.107451507e-09
8.507805962e-09
4.548598458e-09
1.296536576e-08
1.731601321e-08
2.196019003e-08
2.257035148e-08
5.234725018e-09
4.546914974e-09
9.154273274e-09
1.002524659e-12
5.151865488e-09
9.294063438e-09
1.378260018e-09
1.36402161e-08
2.417029418e-09
1.370972538e-09
4.082888395e-09
9.487978284e-09
1.644513103e-08
8.746675735e-09
1.794626312e-08
5.798127139e-09
4.614511611e-09
7.549044493e-09
1.073978778e-08
1.130181009e-08
7.697657118e-09
1.391576657e-08
7.336640572e-09
1.077197756e-08
3.398187823e-09
9.176648275e-10
1.266855995e-08
4.886141491e-09
3.869546665e-09
6.845138366e-09
1.258318977e-08
9.728934679e-10
5.092778271e-09
3.303829546e-09
1.334182367e-09
1.009056067e-08
4.266486754e-09
2.550185369e-09
1.59732853e-08
3.910225283e-09
7.278981077e-10
4.192633045e-09
1.15627389e-08
6.184589783e-09
2.522824614e-08
3.347184442e-09
6.25317721e-10
4.217638038e-10
2.196094904e-08
1.141261417e-08
1.058297453e-08
2.054015859e-09
3.353685209e-08
9.22072388e-09
4.505533413e-10
6.636021646e-10
6.563969161e-09
3.532580374e-09
1.076784451e-08
2.772252803e-09
1.502637549e-08
9.127835613e-09
8.542195173e-09
8.981564499e-09
3.924114818e-09
9.495175061e-09
1.224908355e-09
4.120194273e-10
6.302441851e-09
5.475501609e-09
1.667817914e-09
1.020062768e-08
1.383548767e-08
1.775134746e-08
9.360426721e-10
1.831616438e-09
2.861278643e-09
1.033329695e-09
5.827376681e-09
4.436493153e-09
4.589164423e-09
4.494198093e-09
1.297535075e-08
6.927358103e-09
4.156804204e-10
1.098155435e-08
2.38947621e-09
7.017595497e-10
5.938341353e-10
3.328140081e-09
7.774885629e-09
3.109896119e-09
6.425188057e-09
9.484433154e-10
4.203209724e-09
1.146517567e-09
9.254909594e-09
1.330908348e-08
6.927124393e-09
4.030476725e-09
1.279311672e-08
2.474838581e-08
9.680957662e-09
4.223895073e-09
2.343448306e-08
7.999164465e-09
1.081815065e-08
7.162353222e-10
1.915911788e-08
6.010023554e-10
1.310141232e-09
5.012561151e-09
1.504331158e-08
3.214677185e-09
9.80025012e-10
6.998496585e-09
8.106695809e-09
1.029399465e-08
1.551856993e-09
6.310808883e-09
4.904620959e-10
6.576396081e-09
6.879837488e-09
6.815748149e-09
1.077414479e-09
9.09514766e-09
5.414457155e-10
8.354608861e-09
2.214774034e-09
9.08893539e-09
1.556654796e-08
1.280686516e-08
1.151350435e-08
4.784338917e-09
4.719436488e-09
