#################################### 
# Matrix Size= (25,25,400)
# Resol      = (1,1,4000)
# VoxelSize  = (25,25,0.1)
# nbVal      = 4000
#################################### 
4314.850263
5169.367072
4549.882957
4260.71385
4314.502055
4721.838188
5051.667319
5395.32205
5541.407334
4664.96577
3747.916372
4192.351898
3569.696783
5656.489277
3993.111729
3956.521064
4518.389825
4756.607591
6794.200264
4575.302572
5231.727563
5054.332628
5131.03752
4643.25052
4811.572319
4775.0163
4486.697824
6567.253956
4058.128876
4781.168811
4012.262361
4760.566485
4648.720392
5093.172233
4467.157744
5263.552207
4654.842254
5112.503862
4620.568209
4916.102567
4890.37693
4268.819903
4702.22236
4351.302239
4133.042413
4489.324235
6009.514601
4443.356306
4872.257436
4528.943602
4216.064975
3793.110935
4623.55145
4820.641183
4456.828901
4908.999998
5036.020189
5308.989597
4248.957827
5212.259478
7378.775923
5915.360024
5487.556985
4437.43681
4809.141493
4875.300436
4879.8114
4634.776425
4518.787476
5085.737927
4967.727557
4336.586791
4289.389031
6243.305978
5363.557376
4468.539605
4934.077715
6454.320375
6292.592269
5319.429033
5260.472037
5317.177215
5781.951114
5527.483996
4642.727574
4567.906119
4707.705997
4531.380838
5203.539452
6451.434878
4447.453081
5204.30779
5852.220936
4838.655346
4295.481298
5764.74494
4811.355857
5655.178419
6067.360943
5800.740401
4833.203382
6030.292626
6185.242736
4932.702248
4444.907752
4876.747305
5084.641006
5200.917895
5199.210867
7260.021092
5850.505955
4910.645148
5272.331928
6099.720828
5472.381097
6454.309209
5240.948882
4372.132945
4909.595509
4556.474218
5140.63632
5081.632516
5655.333093
4583.75683
4609.409633
4860.295737
5162.524651
5839.343202
5044.284568
4700.015289
5098.530905
6653.789296
4699.288441
5292.788549
5565.106293
5259.745817
6752.868662
5489.770314
4900.981055
4865.785515
4830.02415
6177.206517
6454.281862
5526.642225
6605.43289
5498.126703
4864.033794
6715.335186
5316.036521
5656.646398
5098.846246
5121.17328
4890.501114
5611.817366
6278.567259
5543.838916
4971.851032
4794.433999
5750.122665
4717.069536
4867.274148
5186.2023
4639.678589
6252.880469
6185.322649
5114.631589
5247.861883
4639.162699
5184.65288
5098.179853
5364.30808
5446.284119
4848.39831
5418.787537
5835.067288
6192.052773
5129.558216
7270.766992
6223.091222
5658.406308
4635.807721
6091.239964
4722.025995
4656.778527
5094.716342
5020.786797
5319.688991
4770.488051
4625.472804
5890.847451
5186.369878
6036.783959
6586.137372
5517.018874
5841.469314
6828.840516
5637.426228
5028.473263
5620.040424
6007.932444
4997.837159
6203.59858
5036.148556
5364.016726
5362.651586
5388.824842
5354.958517
6443.474684
5335.948511
6503.502831
5047.659752
4799.502642
5751.208107
6123.771375
5160.484467
6221.990112
4830.403417
5123.077764
4831.079621
6095.718423
5939.91287
5946.54397
4866.249449
5353.983215
5799.286725
5644.578575
5417.844666
5400.2311
4894.782609
4708.406098
6062.477658
5600.103318
4983.183367
4864.817197
5673.680808
5729.641982
5448.021341
5737.059291
5338.765478
5632.294206
5265.618738
5180.660125
6849.960368
7001.625314
5363.803993
5061.851057
6050.612295
5580.034106
5575.563708
5543.61102
7523.869124
6506.998166
5861.780593
5200.570777
5492.794623
5904.423593
5010.1758
5926.655821
5930.844692
6069.295898
5215.861537
4799.448206
5382.561151
5445.844403
5556.391748
5030.540889
5148.427092
5138.971824
6052.530005
5104.325594
4977.316807
5519.579827
5600.568708
7464.849842
6689.572598
6475.125966
6023.248845
4900.373818
5501.611461
5904.69745
6411.196131
5660.610974
5037.219857
5948.530182
5539.914388
5927.032947
5316.29653
5478.280677
5159.320579
5700.472223
5716.237946
6185.855489
8111.137142
6173.660865
6176.52289
6583.254039
5353.548943
6154.247797
6169.383505
6166.044744
5655.615357
5686.956118
6430.457364
5620.882314
5845.644229
5135.739663
5951.173986
8631.475834
7218.651359
7023.050987
5223.821505
5691.98857
5948.102226
4970.997759
5733.183699
4877.85687
5687.439905
5031.346609
5826.226921
5674.528641
6347.723001
5526.05811
4829.206269
5401.419028
5306.918816
5496.815437
6103.595428
5681.713505
6172.710834
5767.43673
6455.284913
5350.284813
6087.524659
6421.270248
6395.529293
5391.818752
5619.659699
6980.37188
6191.106376
6430.930972
5683.236141
6910.865187
5098.580276
5313.730607
5308.505772
6510.865043
5681.865251
5313.606356
5481.671612
6775.095503
5427.979611
5094.162137
7363.156436
6569.577403
6486.436778
5423.606304
5991.014257
5451.58669
5603.588418
7170.902133
5462.527517
5176.455235
5904.665985
6146.119603
6053.163044
5894.470816
6111.974293
6962.42697
5329.735968
5230.535544
5743.522583
5888.874355
6840.448413
5241.169141
5639.94565
5951.004179
5153.622058
6725.367959
6788.982915
5983.02359
5884.640946
6078.028635
5236.313986
8040.855571
5390.733362
5381.712049
6125.992597
6864.522948
7122.011701
5664.790099
4999.396149
5507.371548
5322.602016
5682.899595
5933.352416
5132.323234
6345.2266
6405.912618
5446.240735
6444.326848
6685.174505
5276.986393
5379.115809
5587.606708
5641.483141
6216.791231
6062.202852
8257.063354
5469.502222
5980.768603
5429.863077
6564.737684
6668.604284
6672.583261
6658.710752
5868.95236
6870.238683
5961.512461
5853.998695
5380.614285
5143.813366
5360.029442
5937.636796
5645.173037
5900.202449
5385.433415
5565.293618
5772.682296
6425.171685
5905.99596
5474.967283
5689.111965
6120.602967
8370.982523
6424.078009
5679.369532
5949.909194
5715.55943
6816.343499
5386.662655
5099.996048
5377.437048
5680.719922
6653.847721
5478.311273
6657.048241
5974.735331
5814.866127
6203.349381
6075.027628
6140.124381
5990.628782
6648.042212
6746.190836
6174.547286
6090.757598
6258.254903
7229.501542
5434.035871
5591.790236
5318.663571
5778.543526
5552.375152
5989.572457
6365.677751
6781.397733
5547.106094
5924.546721
5902.088504
5847.797457
5245.721865
5578.708341
7885.778738
7066.972653
5642.07546
4884.108708
6508.003184
6550.0398
5906.055106
6487.916735
7939.489482
6666.429742
8354.61977
6783.765552
6504.307324
6006.47826
5726.447351
5795.926674
5406.26801
6236.298704
6157.475614
6831.002529
6296.197228
5495.895453
5141.037711
6455.390663
5988.273637
7404.262589
6898.585622
7212.823199
6421.74819
7079.753783
5917.30789
5659.846442
7163.592045
5743.772386
6153.843703
6006.924289
5964.698056
6667.913514
6103.128981
6081.77186
5749.356747
7123.088994
6558.478344
6293.300115
6002.209381
6481.338538
6785.595145
6624.846169
5959.177737
6621.007297
6779.880061
6517.950439
5673.320607
5834.849203
6360.761887
5816.338299
7659.812568
6199.459171
6363.785292
7048.457971
6899.484002
6448.093342
7325.260694
5977.293257
5484.508917
5846.821454
6213.421443
5496.624982
6332.566723
5839.191829
7269.313409
6722.657501
5693.83277
5436.780455
5773.235046
6530.757064
6108.512459
6362.411154
6957.671982
5950.653238
5900.114728
5983.991155
5910.149832
6513.879977
6200.553339
5790.353618
6320.686574
5877.402689
6125.198652
6912.972154
6252.968688
5697.505551
6582.053209
6474.905702
8208.405526
6732.512893
6111.588269
6153.291515
7514.400754
6183.808641
6626.453236
5864.124211
5647.271365
9914.783851
8620.666314
6218.556198
6477.652487
7325.012952
5899.809001
5404.083164
6496.164559
6270.701268
6653.956205
6124.451358
6583.227933
8720.190839
6110.401354
7744.783016
5883.501666
6036.647937
6054.696869
6933.537134
5896.971286
5726.880396
7156.649905
6218.099975
6542.337447
6295.654812
6707.996803
7396.990691
5710.990431
6783.427966
7359.093752
6597.03725
5674.306249
6163.857714
6914.582988
6661.964792
6178.430879
5678.856604
5665.21371
6641.786606
7224.416525
5994.962648
6508.488757
6211.599438
6366.723051
7174.533284
6361.407189
6570.693641
8246.432457
7465.343402
6126.870585
6064.649452
6831.28107
6477.229009
6606.410791
5526.66979
5872.339783
5958.069097
6281.389197
6188.692593
5875.034795
6445.680268
6421.254216
5933.966831
6310.148134
6352.911264
5942.158916
6069.735166
5960.24019
6484.350431
6368.439035
7070.229233
5552.133845
6251.446075
6709.538908
5646.075587
5791.59215
6614.138277
6311.338173
5973.063274
5768.358662
6797.707988
6141.56392
6165.655856
6676.585726
6373.894785
7456.492154
6610.741681
6582.140803
6947.000845
5942.160328
6033.272402
6019.787737
6201.369909
6439.578505
6561.163211
6764.342845
6478.71138
8600.529651
7113.622867
6378.217024
5988.894449
7326.817138
7078.042972
8043.731997
6747.583427
5980.294323
6423.691239
7069.683357
6858.26536
7274.225118
6789.949409
6287.829948
6755.095609
6010.096925
6896.815058
6805.701718
7203.278186
6508.888697
8283.819023
6533.326043
6563.427897
6681.570569
5811.135021
7184.752881
6506.941187
6470.926955
6160.46624
6887.725325
6386.452276
7465.921049
6350.327814
7970.868794
6225.082109
6290.585247
6655.790873
7904.901736
8270.277806
6700.228763
6955.032914
7636.72052
6030.413359
6244.122274
6325.700983
6056.333004
6544.018583
8309.869475
7510.520682
7168.6515
5938.191286
6943.406922
6731.412192
6513.754836
6912.61075
6406.705413
7833.794159
6593.747767
6800.622806
6565.63035
7226.891707
7597.652835
5909.437658
6387.910057
5995.958629
7713.802127
8117.298477
7459.552257
6576.342827
6422.476399
6796.50208
6137.401891
6632.903437
7328.545714
8001.673429
7678.880686
7046.200858
7413.14398
7813.987649
7743.420371
6090.691191
6140.910066
6290.597064
6208.669432
7489.319343
6937.703996
6761.025376
8242.064628
7876.969802
7996.974941
6500.465118
6704.936282
6411.943121
6896.248394
6319.267276
6492.2973
7758.345359
6632.213597
7610.469249
6739.845895
7001.501821
6818.821448
7372.496004
6297.885863
7157.270931
6861.863812
6428.25269
5922.039221
6273.778969
6270.111204
7322.206714
6825.306276
6530.86539
6594.462494
6853.093178
6925.726496
6716.600765
6616.910547
6866.200637
7521.316912
7306.664762
7022.138165
6833.278831
6372.258965
6400.87267
7291.800099
6526.03758
6569.030644
6413.305645
7177.379376
6379.428877
7459.317009
7034.47652
7078.558435
6403.372587
6277.908594
6169.759464
6991.493326
6710.398876
6557.666902
6317.170143
6030.227882
6615.968998
7117.435563
6129.205574
6740.554728
6286.30889
6802.177312
7595.880833
6938.580559
7787.41414
6718.424792
6950.48478
6759.604559
7032.414835
6008.940068
6529.859063
7017.882583
6100.352261
6576.344495
8278.087433
7512.42769
6607.013507
8035.470899
6970.178324
7052.683414
6317.336123
6453.082037
6909.206107
6397.498749
6769.268818
7406.853925
6836.285519
6818.210252
6985.86514
6604.010113
6492.85556
6736.070033
6205.910438
6156.512953
6370.170248
6379.235717
6831.481469
7485.181095
7187.248168
6894.263482
7230.782039
6804.810794
7060.404443
7160.740545
6088.280077
7186.996434
6772.147343
6928.431781
6173.534138
7100.018365
7210.952593
7129.020089
7774.00738
6893.469632
6854.178396
8088.216045
7429.124413
6713.084486
6730.275499
6947.053717
7058.630996
6638.647239
7127.289242
7355.051381
7200.025654
7193.344863
6269.695511
6646.886624
6831.329859
6998.632184
8502.532181
8221.870972
7488.814073
6995.67021
7290.010021
7072.396625
7113.079402
7078.763874
6956.877182
6324.424839
6325.684492
6773.246416
7340.794329
7292.759449
7873.417873
7721.350854
6614.658991
6930.748832
6244.039279
6905.890054
6845.841827
6664.028323
7841.192049
6945.816141
8358.582302
7407.965237
7176.102228
6947.689093
10213.25114
8327.114582
6708.660867
6497.577663
6540.379346
6477.704379
6754.122222
6178.993153
6626.697133
7364.239614
6853.291157
8303.861406
6844.138224
7651.348878
7210.322534
6706.882442
6446.951785
6289.744644
6731.784897
9084.724055
7005.743445
6931.830115
7912.755436
6524.716831
7033.910655
7602.319951
6963.028247
6639.241782
7040.547112
6788.403303
6627.89403
7642.378864
7263.083311
7525.246841
7141.297859
6947.233616
6898.065225
7113.189484
6943.817733
6812.874989
6815.947312
7975.146624
7262.879021
7747.326744
8116.929905
6564.07843
6862.516967
6853.450001
7586.764359
7062.272463
6675.123965
6828.599694
6696.164291
7194.305289
7050.711621
6883.900222
7297.329039
7440.225427
8176.887248
6860.865704
8255.846409
7501.755252
7828.344313
7488.726073
7681.956205
7143.2801
7578.849767
7114.121207
6715.174365
7785.289005
6982.85027
8023.802121
9174.677818
7199.548256
8074.610395
7166.612228
7748.875461
7116.003042
7619.310612
8060.047482
7429.070202
7955.556174
7272.608909
7743.951486
8057.614132
8385.813474
8117.74286
7433.177397
7978.093847
7778.154301
7790.549014
6685.105872
7026.007051
7310.63115
8168.887009
6688.886444
7032.530321
8388.052078
8580.10966
7269.737437
7053.538955
6993.304958
7617.163813
7468.54899
6950.888735
7828.741568
7083.77493
7698.703262
7015.480877
7391.93804
6927.033024
8594.730757
7807.789131
7166.446421
6875.298861
7159.941155
7184.885983
7623.53085
7906.657581
7371.370747
7482.485081
7414.988015
6701.320988
7478.171531
6919.629885
7140.500139
7624.775176
7874.907954
8421.158829
7558.760912
6927.808068
6957.483015
6996.761645
8857.709854
6651.181624
7078.256426
7368.520491
7823.256472
6945.324761
7355.260267
7414.660113
7524.356937
8880.049397
7801.94207
7348.853185
6899.582944
6939.991377
7707.562047
6930.646847
7141.425842
7404.347266
7417.728428
8869.472612
7553.17166
8153.891563
7110.414895
7473.026431
7235.977274
7314.817525
7031.875688
7505.66953
8080.589087
8553.624937
7280.005621
7172.915567
7793.170882
6688.357425
7169.483949
6991.159202
7425.657694
7299.600247
8138.251878
7404.647849
7085.679357
7137.843552
8896.064594
8624.283411
8276.911445
8436.717347
9069.830152
7389.92287
8994.034406
8673.980163
7707.548295
8745.005724
7222.642819
6765.053853
8149.691877
7822.000862
7969.719827
7964.866468
8723.475972
9647.86484
7452.484642
7849.602962
8223.836387
8301.084173
7005.69063
7132.693949
8256.269521
7878.231133
9778.776136
7929.683541
8259.306888
8945.013803
7511.75896
10030.16745
7537.970775
8270.756859
7208.250579
7255.494057
6855.978268
7647.750292
7947.344125
8093.496348
8437.619984
7703.744776
7176.887088
7428.870789
7501.278922
8164.739763
7956.938172
7549.100749
7399.339066
8029.433863
7968.875673
8895.307491
7629.28935
7744.051555
7398.268185
7953.925441
7858.201616
8406.601803
7713.628645
8645.726794
10612.32689
8249.956124
7984.657272
8198.811942
7257.484749
7409.983769
7852.141594
8365.515559
8496.066399
9286.755546
9859.056511
9010.750056
8136.43218
7632.439918
7509.589534
7447.50948
8401.817311
8237.851722
7390.172527
8031.886482
8493.799288
7487.612279
7735.441774
7669.671653
7948.46532
8306.119206
8172.873408
7323.249458
7823.117867
7687.638419
7710.232215
7525.912902
7387.860981
8418.950945
7886.1659
8302.557611
7374.523222
8317.311119
9148.518019
7949.9618
8622.635536
8514.097934
8342.67998
7565.661779
7790.624749
8001.825418
8072.514562
7732.165396
8579.827877
9272.504304
8270.122097
7860.76882
7510.756525
8199.083062
7058.257594
8590.478444
7650.285632
8415.959421
10100.92788
8920.024353
8750.34489
7885.891317
7461.465808
7777.520318
8328.140654
7556.819364
7599.741862
9722.085567
8664.719884
8893.131972
7663.893106
8221.444733
7854.134563
8076.121574
8218.38155
9290.026286
8394.873394
8391.43901
8664.200854
8733.868057
8859.99417
8321.653938
7740.400693
8334.371499
7914.238666
9163.783359
7726.813706
7989.983106
7921.820158
7761.781974
8243.129774
8078.483648
8167.090607
8636.105151
8651.762486
7853.226315
8369.147222
8625.308737
9028.389497
8051.223824
7790.959049
7724.452499
8212.710013
7464.016893
7652.555816
8469.784493
7836.397208
7877.286867
9369.755844
8292.348066
8054.276722
8261.616843
8326.107229
7852.143437
7744.565376
8081.196259
8080.044456
8212.043791
9994.119074
8841.258613
8270.235188
9092.023329
9027.797634
9006.545286
8618.640754
9198.5067
7917.802723
8510.858759
8349.818142
9464.944092
9027.759733
8137.773668
8408.003219
8644.379955
9092.2852
7844.072909
8508.26566
8896.772877
9366.983986
9538.99504
8565.507248
8088.527734
8457.854218
8208.224207
8005.848794
8258.831616
8358.758443
8346.425388
8769.576547
8192.424852
8133.710546
8179.826185
8511.34514
9022.533183
8225.611744
8570.878495
8409.900419
8988.489343
8890.846928
8305.265137
9132.403836
9328.900463
8784.398839
8522.50837
9077.967075
8321.118016
8826.50587
9066.174549
8503.216455
8546.458151
8858.951914
9250.74072
8407.878847
9151.191911
8341.215332
8500.212044
8396.773702
9065.271727
9204.031661
8199.206528
9318.245375
9584.906386
9006.347372
8531.020684
8357.398577
9767.613114
8962.291283
8753.847009
8068.211099
9250.047893
9072.032211
8887.172355
8417.51654
9000.922545
10162.14976
9390.589582
8732.466489
9463.084229
8707.243555
8992.891224
9650.227346
8908.759458
8677.50486
8628.11859
8360.261475
8645.916599
9636.496995
8402.485597
9287.925344
9236.399947
8691.443292
9065.519754
9795.189301
9435.037909
9435.717455
9283.848189
9604.952341
8984.635945
9095.933051
9926.759985
9156.296679
8966.462136
9643.090242
9305.745149
8700.541097
9607.674328
9290.902586
9080.711691
9413.692722
9144.278481
9338.944746
9362.607166
8914.262224
9336.619915
9555.525507
8905.461382
9986.067149
9147.203367
9325.040716
8856.741274
9211.030931
9257.922986
8924.656893
9105.92252
10598.84214
9034.396516
9019.406138
9989.882725
10898.39749
9138.829456
8786.633859
9181.532259
8859.761426
10646.3271
9021.050391
9489.685766
10030.31202
9523.403506
9463.802343
10053.823
9006.958272
9531.892858
9446.821889
9037.597187
9403.718886
9604.30295
9654.193619
11005.91111
9408.06258
9264.787037
9372.006118
8924.098311
10107.43007
9781.440923
9376.835264
8992.721188
9485.110697
9649.632232
9729.733899
9202.213151
10439.45977
9602.372038
9395.373306
9707.875957
9339.882817
9782.309284
9717.987334
9639.943843
9934.090933
10187.78696
9319.336283
10125.15008
9216.722171
9803.732019
10115.60013
9552.162512
10444.49449
9307.104159
10286.79819
10479.52456
10221.67311
9933.050989
9224.644826
10111.9344
10224.85516
9908.000657
9697.843835
9241.595974
9150.042242
9642.704675
9434.922018
9554.071437
10190.26626
10386.41408
9666.868753
9788.084261
9749.878728
10359.42431
9887.664617
9278.561112
9953.886413
10541.34062
10504.40451
10119.83291
10211.8989
9645.13031
9312.044825
9942.098626
10712.983
10621.61334
11050.76626
10009.10281
9988.68194
9690.164407
10142.00195
9633.32751
9648.326514
9972.741375
10205.12607
10957.10207
10349.56361
10377.92839
9660.415632
9939.723345
9818.149048
11987.77116
10947.55391
9448.746378
10583.64612
9664.164755
11419.54239
11799.68416
11128.39979
10655.27468
10909.93989
10476.59734
11143.97888
10256.05598
10590.06465
10186.15021
11495.06484
10287.73394
11438.76653
10501.17921
10213.27005
10407.13745
10000.59732
10875.14418
9661.844587
11224.10844
10476.85472
10440.04688
10608.89579
11162.33022
10312.63083
10095.50951
11461.81904
11219.05488
10973.12473
10271.49467
10303.95762
10331.3654
10507.30087
11178.64453
10987.8971
10748.67404
10223.17947
10969.86127
11139.19243
10670.73049
10734.36191
11206.02768
10682.66684
12568.73028
11435.70576
10831.44903
11188.11233
12121.62071
10711.07361
10597.06295
11270.05711
10572.7803
10969.5403
11080.6991
10796.87151
10807.12965
11095.92381
11039.91097
10807.46531
10752.10864
11962.00698
11899.2386
10984.36771
10812.77224
10832.88342
11436.30342
10835.30147
11288.91073
11215.70755
10812.13587
11356.96414
12052.9048
11278.68346
10784.58931
11459.5085
11822.91208
10820.26046
10837.57674
11417.62586
10950.47992
11307.21063
11323.60425
11864.70829
10919.87183
11012.77476
10882.30842
11931.83305
11390.53831
11032.74549
11066.07527
11439.44912
11898.61908
11607.76122
11650.92178
11452.53187
11673.56872
11003.92679
11313.67573
11640.01981
12542.45237
11845.31833
12511.7281
13002.00281
12318.01212
11811.137
11960.50576
11442.68293
12205.11712
11435.61795
11986.11729
11913.63044
12542.03142
12092.54446
11819.64243
12165.16214
11632.74613
11808.01717
11458.53294
11554.92667
11730.87434
12036.19425
11974.68069
12364.05788
12663.01652
12466.7948
12274.31728
14384.19709
12384.32934
11826.75461
12466.27269
12296.54815
12683.70201
12239.29267
12080.75067
11910.30793
11917.94203
12202.94984
12138.94029
12261.98465
12557.85876
13131.36566
12775.53638
12754.58033
12947.10356
12473.05329
12934.24189
13295.1052
12560.64244
12752.09706
13349.7302
13115.47166
13944.15686
12984.48857
12686.09378
13128.19768
12395.13593
13062.9057
12794.98775
12800.872
13179.32005
13063.41289
12142.74931
12802.88628
12809.45378
12763.56768
13038.33437
13173.10903
13028.98701
12859.63773
13363.12544
13657.17571
12966.03789
15291.1886
13312.4181
13354.59625
13174.92766
12873.71583
13335.34723
13448.32205
15013.85061
14138.80828
13479.574
13842.64072
12711.42005
13280.73612
14223.14373
13377.91493
13862.20243
14062.61582
13513.03554
13601.20039
14375.17938
14288.39465
14370.04654
14157.08578
14133.43778
13895.6943
14340.62902
14381.82983
14107.48807
15097.77974
14241.16952
14453.28988
13989.0881
14397.98032
14467.07154
14563.51016
15782.76667
14866.81644
13959.72946
14593.76194
14388.0526
14408.59328
14882.42761
15017.56031
14552.96256
15812.60371
15547.28902
14809.68199
14803.34076
16485.34893
15552.84532
15670.12651
14806.13454
16044.52656
14670.44486
15491.52616
15323.12312
15010.27716
15371.99113
15131.48789
15819.33217
15524.94622
15272.56016
15403.51007
15979.38524
15904.98221
16288.93607
15591.45299
15727.15521
16488.44942
15183.87757
16287.80327
16060.60292
15482.1989
15376.06277
15936.90078
15562.84147
15957.39863
16072.9012
16453.54939
15976.86011
16488.14828
16152.57092
15690.09601
15997.12915
16387.92518
16638.30361
16092.00113
16838.64774
16977.27261
17092.18413
16281.68268
17100.5889
17584.58889
17481.11015
16276.75604
17403.39509
17037.65521
17754.75477
17658.55377
17665.26458
17507.30659
17642.86847
17533.62827
18327.8222
17243.74578
18937.62524
17348.18071
18980.48088
17681.56055
17932.82878
17396.54523
17182.93552
18264.68638
17792.48272
18003.37128
18327.84468
18157.03433
19183.2269
18755.88892
18971.2859
19426.35313
19095.46943
18983.27814
18330.85909
18536.66857
18749.97089
19111.57624
18619.4207
18536.7552
19300.91517
19489.77281
20103.373
18796.01592
19260.26947
19996.44386
20550.72093
20223.60247
19636.11744
19966.77196
20087.48666
19855.98326
20496.99764
20640.29645
20932.58069
20266.05369
20459.43835
21649.17617
22168.96267
20648.05621
20592.41746
21251.67053
20766.59388
20853.49997
20657.32658
22157.04837
21310.18597
22070.49698
21315.58674
22522.49747
21843.64068
22027.05441
22299.98071
21767.7499
21925.24405
22799.28255
22954.15119
22183.22302
22656.7792
22980.39458
22697.2098
23347.55793
26068.95726
23368.55174
23714.01378
23834.23346
23671.54813
24119.47396
24490.22247
24880.00514
24404.93827
24548.93093
23978.84645
25283.14223
25061.30939
24587.43992
25493.26756
24977.24361
26101.35776
25572.10058
25764.4445
26737.24119
26559.06538
26562.62107
27855.73711
26616.26828
27290.10433
28415.99313
27295.22396
27245.78304
28446.52086
27408.09805
27595.76499
27096.72361
28020.15538
29199.48228
28302.52096
28101.73687
31141.72744
28748.77179
29059.65082
29906.38822
30735.94265
29698.18382
29883.60947
29510.0302
29712.32404
30204.53842
31003.85373
30411.87448
32084.43085
31202.11429
32979.94073
32049.75485
33638.29995
32782.42364
32555.28973
32442.51804
32530.48778
33391.72075
32890.62026
33691.69361
34659.43962
34746.24587
34360.12019
34539.31659
36487.13751
35007.95472
35781.14256
35379.22429
36431.20497
36952.13236
36575.04361
37871.04044
37711.57389
37636.71429
36944.38812
38243.45676
38939.05118
38873.82915
38860.64995
39677.56991
41110.85565
40816.88666
40323.44964
40567.42659
40962.28294
41920.24013
41177.73302
43005.74359
43384.35508
42783.65235
44418.81077
43632.19504
44387.24593
44533.01575
44377.5308
45266.1784
45111.60792
46295.70173
48275.04571
48167.79792
47395.07676
47859.99838
48565.06015
48509.83309
49322.55272
50072.09908
51165.96869
50062.5254
50291.73912
50847.10589
52086.69328
52871.78983
53061.44357
52928.37336
53930.84368
54887.60256
54376.27164
54457.53841
55344.35453
55469.12641
55933.15279
56771.79957
57423.98579
57291.39389
57292.36708
57441.03652
57872.81526
57791.27554
58458.15791
59214.47081
58879.55938
59089.91115
59359.63624
60783.1254
59803.23006
60344.91934
59742.82116
60641.91006
60739.39713
60562.49438
60936.10512
61301.24154
62109.82357
61564.97734
60370.50987
61292.81262
59850.30462
61025.38501
60089.62124
59959.9188
60387.53735
59314.75304
60707.70429
59651.81142
58380.41055
58718.3016
58396.78716
58400.69199
57880.31693
56366.65152
57548.15495
56687.16319
54476.34461
55406.00772
54587.78906
53946.83625
52176.11607
53377.19968
51863.61153
51102.2698
50726.46254
49202.79916
49244.1401
47573.15169
47949.85383
46036.63549
44958.73642
44633.26784
43214.46498
42633.97925
41769.69433
40542.19948
40198.38528
38485.84739
38675.91686
36696.69069
36094.94924
34904.4669
34178.95299
33778.98774
32408.20703
31780.16344
31040.24793
29274.69406
28688.37931
27772.85024
27013.09998
26299.28758
24881.09104
24371.98513
22963.10455
22325.08001
21790.82732
20069.11141
19660.23017
18682.27221
18376.36552
17137.65521
16367.25105
15818.36247
14942.70316
14050.28788
13537.18237
12801.75802
12516.05902
11759.78046
11166.69144
10033.99012
9718.084672
9076.573614
8487.872135
8027.15302
7613.937036
7657.135069
6747.24024
6507.856223
6376.838651
5576.683657
5468.830506
5122.623391
4621.162414
4456.748669
4103.090181
3772.099808
3515.913348
3080.460558
3382.155121
2787.340231
2587.516167
2376.591422
2207.520831
2087.776709
1964.251798
1901.361716
1628.650132
1539.061001
1408.183943
1384.9418
1209.06332
1138.960062
1001.8498
1076.705178
869.2946746
749.5547166
712.5409843
653.4245159
618.4464151
533.1527054
478.91912
472.7392341
462.7888304
319.6514413
401.5638227
297.2351689
302.6818806
677.9622855
282.0861896
211.9955438
178.73653
186.1146392
124.1290296
127.6528657
107.347039
93.62189062
141.8440495
102.7943527
55.15845949
58.48778628
123.998752
128.3481341
65.10251981
72.16682977
114.3836011
44.21458683
42.38234191
55.85285541
119.2633099
59.45315172
48.5643332
34.47338382
49.19501668
49.54648925
39.23034163
55.84230539
47.97704829
32.68303154
48.1080633
54.33025532
49.75285336
21.94113913
56.37351318
16.0912509
66.62619285
54.35989009
41.29337618
30.82392742
159.3209562
73.32301697
196.0297849
48.49039126
65.31094798
61.7169299
63.30121942
28.83475293
39.31979041
31.16218296
44.75715997
46.49605492
23.30890061
50.18347908
347.8445011
95.15944261
66.56203796
53.80120191
44.18849776
43.98056396
39.57548533
80.51263516
49.26926366
45.88844343
61.31509387
73.36536072
78.95847881
52.90028388
24.83848286
34.416859
52.12267823
43.87610155
38.3657421
38.76299837
32.76736804
14.6003157
38.6591019
31.4914527
34.43698155
40.10988851
155.1568605
36.68064963
42.30142523
109.746671
24.84080311
42.11877215
28.43562767
51.9321825
28.31562073
21.15387404
24.30518504
42.81691168
93.26474014
73.70385649
45.36508876
32.58517233
120.4801054
134.5761034
69.68756673
57.04144501
376.9754513
41.35432272
64.75600931
34.451495
11.84172666
212.9146587
79.53862977
24.86154552
16.97625343
21.6323048
17.5656707
23.97367811
38.35930033
162.1731335
55.24708006
265.3621101
39.18169168
37.75202359
35.01879519
42.98099718
72.54187648
38.32902736
32.0344323
60.8330854
13.07501538
66.59288621
78.79975652
87.18261845
73.78276211
32.38887481
22.57778499
166.5940256
37.30840252
56.06914521
51.66894119
28.90315464
61.62744532
18.72335783
17.26311172
27.34753595
15.65146562
15.88750542
23.68229992
35.49047332
27.96641588
30.41520201
29.92481505
17.86206998
33.58774334
140.9873407
30.70104198
11.44322879
14.80466966
40.05199975
25.82437773
23.45647431
20.82556848
30.546953
94.25098351
19.00045231
28.0193387
32.09674589
21.5808063
52.63074061
25.51725956
47.58481076
17.85979965
39.89366688
45.13578389
30.44807339
15.45606145
50.66918528
128.6177166
41.69120901
24.35679166
28.71869491
34.70623326
61.80961693
22.63978917
13.19022111
38.6923549
37.10776018
21.4723826
57.61870493
42.65783082
31.84070656
55.22946615
30.61464255
35.89249204
37.26054395
31.07490709
57.1438356
44.19327339
97.35182866
27.72509976
29.98620664
64.44691803
126.5607703
84.87486477
37.1974902
49.15468235
49.3431076
42.00988275
38.87825209
35.86231069
20.29742918
18.78884908
70.98583619
31.88047735
13.46883124
20.78911791
8.983034477
26.67797584
6.099628551
32.01960452
13.01653445
26.3875659
21.79207303
22.69065308
34.03417815
62.27006277
27.42445213
39.09841332
26.64476534
17.66368057
34.32841002
71.69727584
42.03683546
60.77508167
15.8985987
122.4577544
29.79802765
21.65666928
20.70887432
39.13359028
32.51505371
33.64055525
23.17040446
22.50520729
16.93101083
15.20829166
27.55196044
302.5605546
10.58561846
4.199454956
29.56447205
22.9276636
31.53631743
27.33441756
30.30184243
181.8399982
3.812545351
17.02897388
16.14624403
21.35930994
18.45549842
82.21676679
6.986220031
14.92634391
40.4567946
21.35141082
61.62944661
28.60584208
15.99575753
29.11706091
12.70796624
58.25166749
135.5755164
27.38204782
28.92442535
17.64911211
14.43526474
8.036622059
115.3141
28.12605181
18.47546668
8.087905502
36.94918303
17.63729943
26.26481872
19.8746962
9.986416285
15.86759418
23.32090154
16.74520669
22.74938753
8.754110889
14.57041518
7.089835492
9.088459546
24.28151661
38.96728569
17.19825968
1.117898997
5.373884669
33.85043819
40.67158513
174.0778153
194.0454976
36.74872862
14.49399687
16.65051438
15.52775167
68.42627968
24.96347826
9.390055365
6.739893318
24.23235667
29.42096157
28.70231331
60.32954166
77.0748038
71.23023261
299.9343937
9.400223282
48.54032251
58.63923404
18.58348681
49.40944495
49.32391325
39.340061
16.70358514
62.63819765
34.90236538
36.20730788
18.0319629
44.64166292
44.39518577
18.8241836
43.2601984
21.70250082
38.70611891
58.96142617
105.5839591
97.56673259
43.85456389
21.04909048
34.34731489
47.09922497
43.67532692
69.08328634
33.17946848
17.17231493
17.74769404
18.48251275
25.7137625
38.74681638
59.09853297
22.28517862
22.98570276
26.87516467
136.3358668
26.98113376
24.285332
9.644933501
30.30148399
32.80053045
51.9126791
23.58126639
39.99109245
55.46960487
42.95212822
23.05873422
70.37456939
62.28515841
36.56953767
13.36040758
16.39277422
26.33631733
27.96835931
51.58740109
22.96760986
35.52480768
16.42027506
24.72801678
31.16233423
30.49060557
72.28873058
22.09981493
26.46102803
25.3353436
36.28827849
29.93856821
21.2756792
24.24591655
23.87709119
25.13389563
19.05602764
38.44605039
19.58708556
7.934119636
22.56442524
38.84848225
26.23548412
18.64453584
74.90081812
33.62530718
6.62963485
14.25091632
22.21535133
30.14863803
41.83822492
83.14757084
29.23299774
22.17768753
28.07886177
27.66141109
49.47347858
45.64656972
25.45810059
80.78839039
32.00325021
26.19607627
27.95270638
44.85993603
44.48002925
26.57221086
39.83193787
16.82160652
19.56554853
27.83399912
27.67595234
12.09188087
32.27990484
17.09555845
29.00515632
24.79439537
10.80395259
6.776149303
28.498534
1.913706573
10.81779742
9.304791577
19.14842273
15.89418608
9.068662131
10.5374178
19.58472725
2.649472598
18.59211547
16.81358222
40.7366144
43.6286853
20.53857529
155.9300429
10.46195406
18.34248534
15.21924626
9.757183801
13.66727396
15.67357416
38.71294981
18.82226084
27.65266563
40.76044669
25.18122385
24.94418928
38.93193579
37.56121084
22.97256872
24.97792145
25.22847632
25.3988501
9.779379661
18.74244953
11.40886884
24.18089123
11.36945418
11.85874415
20.83952573
6.711003154
28.68884774
57.57676267
31.38036461
9.37094799
23.2810742
15.92453561
16.63182616
12.62596512
13.10233864
44.58646445
17.63001404
11.06581331
20.61921678
12.2718561
24.88115564
16.16468417
14.38879866
12.51972569
20.30287454
24.23183745
41.08354079
21.63415498
33.94264057
29.35838162
6.121571024
20.31228024
67.61782896
29.23909188
19.11651408
13.90339261
15.8865946
196.8949832
53.66338935
31.64438402
28.32303374
34.2915733
10.80202001
23.91640649
248.6880008
31.45711899
17.96824805
25.62950432
24.71391503
7.433844898
52.70827477
18.04054893
21.88041793
12.93924444
21.68610857
12.13626797
27.09987549
10.46135117
16.17452769
13.05625277
11.42286595
9.865494373
6.879371028
22.97178837
11.49357007
30.11643441
5.727860735
14.83282659
1.512289472
20.52313031
16.22259748
49.12098179
21.3285895
11.25926154
2.588239266
5.858875357
18.01968533
4.346249964
19.65744631
30.12757938
24.3582756
15.91699984
13.70298518
20.6471904
8.364086593
16.50282376
13.69407929
25.86770111
29.40837867
9.896682858
18.3478894
122.6365771
89.26891532
11.57761197
57.87985023
545.0662216
281.8169031
28.80961555
15.25228944
14.60353574
4.784858118
39.96936858
53.29088807
22.6843903
17.36248665
9.86411727
142.3379783
13.78074408
12.79847618
117.679033
47.95002978
1.155435354
4.097143066
12.84085996
16.95328811
32.75852931
2.68100256
13.73105883
10.06855099
11.72510353
18.34358724
27.51719879
26.67783832
111.519236
9.233131312
4.434009656
21.64114062
15.1702303
25.55912633
16.92164571
29.36855682
1.711327337
15.03370813
13.2046575
28.49450268
19.63690221
10.24272128
29.82933032
9.803098448
222.7451411
19.69643875
122.3386873
13.73630776
4.826794088
14.10038082
13.39168138
21.74515566
21.30871432
18.14490099
14.91836351
64.45746357
20.86039647
10.15586528
21.35699393
13.19201897
17.53264909
12.57450763
20.25942901
22.15377027
28.30008644
26.83057598
34.59017799
49.29597711
41.59726733
18.20055819
28.66843142
46.96577959
26.83748825
29.76572673
13.85278572
9.874068354
24.63202458
4.364192048
3.799472891
3.743521983
3.30539762
5.232628969
26.50411162
28.72660875
13.24251676
5.96404997
27.02006947
12.57003339
6.447857122
21.57394899
9.790381118
16.15828861
17.63787909
3.093442026
14.38965564
14.54613475
15.90028477
10.20934882
23.80846884
36.64983708
17.8100604
18.60890839
17.9069385
10.0567985
27.39088687
190.5335125
17.09258624
28.7179803
9.592904541
11.49462334
26.35086475
223.4354258
108.7446648
33.37006344
4.956046474
11.47277428
33.50624904
6.865927939
23.4265234
24.30452706
15.40274306
278.9296269
18.46336883
5.422343202
14.68784368
15.67192651
15.74741512
42.29464383
28.16149822
4.377277532
3.41716844
10.68498067
53.83945828
31.83058558
15.8404666
3.529935567
11.53735243
11.64322253
21.26605663
2.327880686
19.81555973
4.741003925
2.190396401
27.70427832
17.25934604
79.04462911
43.5633385
16.11360538
46.1096601
14.67530054
23.24409097
8.160353056
46.70769752
29.20078908
8.265474289
26.372772
20.74426791
17.33347818
12.46616054
14.4846549
14.65775009
14.71189699
11.4806908
27.09893709
32.08914805
48.27151777
279.2221662
130.20583
108.3559824
96.41130865
18.20495022
14.72297012
9.259445775
20.00548731
17.37635775
3.254130139
22.0409577
23.22690441
22.03125269
18.77386607
138.6766862
14.5514152
18.82459195
23.99364777
7.394344756
19.08083584
16.65139707
23.55703812
5.382611224
19.3544882
22.79785863
6.462535395
14.04278443
24.14895913
15.07979993
26.63404242
46.47593597
17.05364493
3.010775291
20.92743977
22.1126812
26.46396983
17.95891197
5.369252116
25.74605795
145.5640265
22.58541993
41.74932419
2.944969736
8.282964752
54.40940581
34.96709732
12.33710683
18.43396765
8.216131939
13.39419523
115.2962282
25.16879006
15.48898197
7.341484642
42.82157118
5.48663155
12.5675136
15.22914773
24.15611279
24.26132121
37.22521496
21.59664793
22.48506662
40.54619623
23.20507287
26.97264539
26.61527276
29.20942276
21.25521287
20.57385875
13.63837172
17.09328451
27.44581507
34.19753014
26.26121755
43.84117758
12.83912333
17.83103532
16.46787286
8.534782389
11.14100814
63.69180676
7.792320768
19.87550117
10.50780952
7.914722306
7.419066567
36.55733813
11.87532127
8.038234681
22.65701805
36.92389336
16.37932846
10.21514826
273.4926998
10.74559734
26.33724502
87.47545715
18.0283927
25.53792512
11.45139069
19.62479099
20.76516446
11.09534804
21.22584258
30.85719662
10.03855825
18.88143249
5.212007437
22.64439932
11.84689884
5.593424927
9.991845436
19.39257034
11.14687377
7.07462629
5.832558137
6.441324816
12.69300721
17.24521297
10.04802199
14.67245525
22.33944424
148.3975947
94.48159936
5.612768448
15.99903393
30.65946793
29.07284474
12.34481876
9.398145964
47.59772318
39.11653568
12.74982914
21.76552624
41.41144908
17.98400028
20.52736802
22.30902734
210.7380704
13.70737723
37.52340815
38.68600623
37.79782118
175.7290571
40.72358052
64.73206852
122.8693323
13.01695796
7.842550348
23.81623422
28.36878628
17.35446593
15.46220262
17.71166046
26.11854773
43.81757327
38.51499595
32.26059963
14.39001769
128.8968307
17.30551891
15.18149768
7.867398322
11.48436783
7.99747365
14.6170086
5.199815721
18.79928174
15.38123293
10.31890586
25.52455533
7.220615575
9.526708027
26.9177937
100.5286292
55.02092457
10.35181039
51.46655344
22.60437893
12.09661762
120.5414636
18.71651024
4.083047575
19.59026773
18.91958607
12.07228341
15.78875318
24.47142294
29.41513404
15.62122015
12.07733481
39.98958292
80.87814869
31.34971763
7.153944866
18.07313054
22.72256414
43.40766415
22.24078686
14.06226005
11.73247934
12.98480067
14.85609882
23.32855396
48.77326799
6.137300834
35.49900751
13.70189292
22.67510115
51.61201269
32.11491853
10.06374504
43.10898564
5.080934931
8.432872299
4.671784238
2.334518834
10.82209532
7.09583611
1.154850638
10.61065495
284.6578319
3.564448078
20.57185941
10.55875138
10.43161653
9.936558043
10.5756948
8.634748663
25.09395826
11.91025168
19.85450177
15.63363942
24.5160768
149.0953457
13.15024933
15.2365024
7.354052422
8.271807716
2.84831357
15.30661092
4.570503252
12.22156621
15.86998734
21.43650877
14.49883286
29.80747133
15.10635408
23.90368976
26.3551178
13.71369906
8.202022386
6.461244553
11.17090444
1.513884364
8.921642246
12.93426392
4.199777936
0.08036071973
0.1688857158
18.954621
4.500841185
5.628056415
11.39575229
17.36449705
5.583377311
3.772734064
2.076435096
15.69656366
195.25681
457.0555327
6.464273931
9.282422897
10.96665913
21.5789078
12.35093919
6.470820317
23.37665856
0.1865394079
0.2421928785
5.666408937
19.55270823
7.32502887
5.125546029
5.813500787
45.57316364
25.75309791
64.19907293
16.19153964
49.13419842
18.22123977
40.7321858
16.38611474
16.30740297
10.12737903
3.314569316
12.69552559
14.47035709
12.60694469
6.008280198
9.059472998
5.504716963
7.303123914
7.241923377
3.173850938
4.73661463
6.590630545
31.34413787
18.10801448
7.357058824
7.462286159
2.124534437
9.61593458
11.07014248
16.72617674
9.921987553
2.00974683
0.4277712994
6.881236325
5.353092733
9.04984029
3.782574688
21.19705443
8.271943502
4.357798498
58.49515979
2.266047082
40.61947581
11.26180567
8.523653091
27.65075155
4.95689624
14.15336968
2.567761919
2.988350504
1.416140909
2.995140246
3.673302515
0.2819714317
5.400580969
13.58623341
11.97132819
3.006130908
5.231472162
6.117218254
12.03944762
0.72760171
9.013593411
3.729619116
0.1876791107
0.2036049046
0.7228311561
11.7473462
67.15310131
19.70463912
9.190039762
65.29067179
11.73466577
3.651171319
9.967772614
0.2383746819
14.09776384
19.97739669
4.954394837
11.13813134
25.42598878
1.680070614
131.7209472
6.015503146
0.1075818483
36.23405672
31.6050299
122.1529138
7.721535629
74.37507506
6.610086631
33.96333545
45.0166395
0.317220401
31.87764672
5.843927036
26.0403286
4.524750484
29.98763106
65.93837177
82.12797661
94.75223333
7.283354437
49.64714435
46.37335596
32.85701844
35.53036325
47.29029688
73.04213428
29.08070008
4.173727316
48.2796885
3.776320905
8.861851912
13.48231058
3.277560511
8.420460577
11.78469051
4.934432946
11.56094667
16.265523
8.583781916
9.107521744
6.602745131
509.5126743
138.1484798
117.6563562
20.79508679
170.7678817
4.907828159
1.843396446
3.952964766
5.253546497
20.00307748
13.19682875
9.130405488
2.912845881
4.181577022
4.253333154
2.354636889
7.481768163
4.801259096
7.848258039
2.379464223
16.78429846
23.25336475
3.844224282
8.621215609
28.4162919
28.63056344
0.0278812081
0.2477853707
6.332773125
0.1787071337
10.61403694
6.683553853
0.2575696653
3.154939165
4.238279236
0.3646617576
8.102953124
7.945380575
8.109397569
18.70722842
10.17640475
0.3217216797
7.436135615
7.426325516
5.005996352
1.928945239
1.060486422
22.93912392
12.52380338
15.79525308
14.20852046
7.329503388
26.61989491
3.394014939
23.86893306
6.016792974
7.974351299
9.712137212
8.467318868
7.566935846
9.848185808
0.08782785219
5.922406716
11.12233918
11.12852778
44.07391267
15.69529928
19.19527414
54.34521449
7.716358859
4.486341609
1.985145155
10.70459575
1.73527196
4.068180416
12.22520477
14.62931998
7.586921397
19.66256182
5.530595584
4.404995992
16.15202974
0.2350218779
3.436055118
6.660301326
15.23898611
3.782435233
6.040163953
0.110286786
6.019042473
14.20944691
6.612126091
21.42907536
4.637036217
0.8034503908
29.11429375
0.1229045532
3.866716101
11.05142193
2.94125002
5.021642412
5.011219589
17.69079707
11.90398709
10.31260171
0.6580833024
22.37416454
6.571676645
5.22879344
12.95753303
5.988207639
7.43678514
20.77013886
10.37441508
41.64909316
6.605227933
14.82727454
8.111606706
11.77944499
16.26766223
9.830611628
5.500311905
0.3463511668
9.886557632
7.715486937
9.509906259
4.927208347
2.248138884
13.31275442
11.58282814
21.97598474
204.5035375
2.424041409
21.76301167
31.77089827
18.25473768
412.5566922
209.755816
100.0114108
87.35087668
16.17947018
15.47052623
8.647292916
7.75541307
0.5986947242
5.355459112
10.25785638
466.4583693
138.274664
11.54069735
8.448661454
21.10434274
11.75805872
7.234141211
12.28334254
11.5786838
1.968997353
4.845222304
29.0002225
6.223380155
3.667046869
7.093709279
10.15678928
16.17709319
1.222942734
14.03101719
4.165202078
3.083798897
0.8798060862
2.764193246
7.069885528
8.636968395
13.04564016
9.029676694
1.771029971
24.71253944
2.78817885
2.31556821
9.316408057
21.71519314
4.922440089
0.138688395
0.2584958627
0.6349435203
14.58282662
61.09339512
11.83039533
0.2292619449
2.184902455
1.145566513
27.3426642
16.32711748
7.790096388
10.42372441
0.04029246095
9.726293607
6.784734818
0.3464222547
10.17190996
4.591487551
7.781399056
11.32338181
3.924549241
35.46210201
20.63613638
6.280197773
10.59335764
59.18694833
10.92249781
7.678549707
14.86985605
20.65452295
7.508492473
28.16494472
9.037163927
20.24234608
11.44844669
7.715536152
8.174415789
9.22793708
14.64096557
18.65151176
16.27686817
154.3479706
13.20133155
33.3116241
7.490363308
22.73692271
15.62242375
26.4778464
0.6899400368
7.402882754
9.89556914
14.84084345
9.884935128
5.956169722
52.03491272
14.67845986
8.889393009
16.40144036
10.80219717
5.054574466
7.285228713
8.605238253
7.614401672
193.430176
28.39612902
2.523885269
6.368867462
16.36324408
14.45678505
14.61105887
2.036263121
13.26476608
17.575116
7.696791631
11.30979968
6.143672746
11.56374362
2.546224131
133.5414322
3.681262398
25.73583967
22.50781983
20.15411644
13.3108536
13.19776999
21.49133994
8.670062571
11.71070639
13.76162579
18.35378407
27.70192661
80.38425903
10.75004912
5.690419521
0.9845572452
0.03710611277
9.75873936
0.1642551768
5.995757601
2.085249577
9.293946099
6.91296884
10.346579
0.1668534037
8.004852769
5.648710672
5.205077721
1.746547047
6.19500351
3.093052896
23.81680015
0.09100028877
8.359713773
2.096915969
0.3532648023
10.77233942
3.693213394
11.08742185
9.990899601
4.748839728
3.735861859
6.130141515
0.1493699433
1.852357706
5.033682668
4.798680183
0.1143401739
7.58603608
5.513676435
0.6081993708
0.2493224473
6.779549971
0.06599864665
0.08591512544
6.746553868
1.843171291
4.342864364
9.540627737
2.78975539
5.828309635
2.213099725
1.8425967
10.45337581
8.349305398
13.04759348
88.55785919
1.950998904
5.629872343
4.538041516
2.080903975
22.28057958
17.53611027
1.150439277
5.130010542
5.842943046
1.722729783
5.580513796
0.1240549033
0.09086943559
0.1095006979
2.129790106
0.4453667446
0.1106660107
8.68889116
0.06326401431
0.2374739134
2.601237241
9.860842536
7.303385855
0.05968510987
2.398894917
5.67086312
25.3922516
4.86062257
0.03913585862
5.599574819
1.975417368
2.160424162
0.2523689061
1.699875188
9.239322069
4.619694173
0.3108489638
0.23312693
7.61057566
5.817324111
1.915826715
4.229373278
0.04511373938
0.7037314812
5.607736962
2.533461294
0.2279963061
4.080370022
3.582892157
0.602420418
9.159626968
3.730195957
4.37909689
1.767593856
0.1233184387
4.171907298
11.03687988
0.06545462619
0.6697196705
1.895355469
16.22324843
7.566050291
12.62591702
2.253257147
0.1898232335
0.03286261512
2.916736211
0.9057347491
6.008776135
8.673690778
15.69753046
1.614401012
4.507634549
107.8738286
0.01813007606
12.67663899
26.49172147
8.383585691
4.645587279
2.686244736
8.750970332
12.11112869
4.153893128
0.04344126571
3.517771222
13.14733853
0.06436046699
3.551177405
3.146476634
6.870932184
2.793498471
5.739523738
9.958508144
10.22619746
3.230366456
2.315196966
29.5122431
11.77630019
8.368235019
4.812824607
7.068960965
4.725702422
0.1844492864
0.07234049027
0.1068955365
1.111109523
0.09772294087
5.524302043
0.2758961084
0.2903666322
0.6755115322
19.37299065
5.924692268
0.2788769119
17.75196324
0.0326216958
6.589638785
4.847379963
0.02219612703
0.04407609337
0.08867504912
5.356444905
3.74655714
2.094187798
2.227001522
6.695370251
23.03580785
0.465363478
0.2852503357
0.5003526351
4.889670339
0.2131889682
7.072441668
4.229556379
3.904936354
5.30669876
10.91641668
32.78440892
18.57974001
37.23405737
16.54057605
6.246802551
2.79974986
10.69334908
0.9177345915
3.184492596
0.4287808273
4.945737774
7.492618564
0.08230295805
2.733290192
14.17174
4.982676169
4.671157568
11.26074779
0.2991753518
4.109869485
11.82624481
6.765466691
8.621965234
3.995389165
1.888483114
8.340602971
6.747151079
6.654048576
0.2130772278
0.3795778797
3.959455926
0.07337617181
0.02776331981
0.6704038447
12.93859003
0.2493279752
10.53298135
0.1113231033
37.7497045
16.87809127
13.2100461
0.5801300661
0.2526019999
1.443358965
8.302282151
3.918155451
14.28332414
5.442006831
0.1222716194
0.1094894839
8.762402179
9.14220258
38.9628083
4.039911851
10.04393081
12.10763581
2.864781252
2.961950529
14.10340093
2.456561499
18.39931232
11.70396872
11.49133391
3.208703426
17.90346105
136.8282518
12.93889855
1.900798793
4.036663918
0.1570943845
0.4512974114
1.814441698
6.375543099
3.825757351
2.132095731
1.021683818
0.7810173158
1.680192664
5.136829006
3.674705638
7.328851664
3.160453011
0.8400894393
4.265122241
3.198348763
0.8604494457
8.036257972
2.608602517
0.6096435652
11.04170555
1.721134565
100.951899
15.07080733
7.087612967
6.876417368
4.513253045
2.325433246
0.04992590572
12.93436216
4.929637466
1.464784706
0.02302839253
19.43426322
0.0168601401
7.982121514
0.05494382372
4.584504682
1.623361427
8.227015874
1.099646449
2.244155179
0.162063454
0.476887898
0.2427065723
18.5906102
0.03092898736
0.0236531379
0.6090759237
0.006763456314
2.465605055
4.07470061
3.144203413
7.675262227
1.215626954
11.60031489
1.771340687
12.51343006
5.637777791
3.307156173
0.1039424912
4.942238188
16.33695562
69.49644413
21.45691044
5.736732893
0.08673653719
0.05360361778
0.05825094393
5.822043371
5.8183184
1.580947915
7.374177734
23.33917418
3.09872799
4.143716326
52.44693467
0.3655484829
9.571099801
1.835107871
7.093584306
12.29471865
16.64223278
19.47890497
1.603865596
2.831942856
6.041003414
1.238162855e-07
2.264430323
4.641463572
0.1170454855
11.553271
0.1295955497
0.06960616828
1.735964603
5.048642634
15.06467516
3.283362621
22.9335849
1.385196063
2.128604828
3.344047722
9.053585651
4.391237636
2.749231062
10.50860023
2.194469513
5.518579123
1.757241466
0.04381737286
7.699056718
1.716854411
1.812901213
6.403609505
6.828851533
0.05562905934
2.932675698
1.321366801
0.076005601
14.36833512
2.371492892
0.4611382419
8.424318657
1.801088259
0.02785550618
1.578857514
9.048834793
2.378962655
26.53775228
0.9795886092
0.0287648296
0.01354005661
25.36218276
6.239614232
5.917274865
0.3791533028
68.81935608
6.024034277
0.01682703308
0.02991965762
2.660612698
1.011798693
11.59056721
0.2824771946
11.227956
7.645022225
3.869152694
6.339566253
1.341846249
5.022938493
0.05737006596
0.008899602155
3.750269427
2.830504047
0.09393980656
8.686426319
6.988112573
22.27365567
0.03630442303
0.5105148648
0.500853416
0.04546060745
1.875542471
1.821975501
1.32248355
1.714594083
23.41179334
5.040906895
0.01848637985
7.574577467
0.558311137
0.03873154433
0.02697488597
0.5253954989
5.929303921
1.20097196
3.252702465
0.04600461052
1.939564093
0.06542531358
8.578978609
10.23866137
7.302058365
2.129607327
6.010739731
32.13865595
4.126548801
1.939407302
51.39427614
6.60041973
8.227743319
0.02630366806
22.70179993
0.02061122131
0.07275278662
2.308616875
8.831604885
0.6665205109
0.04002645648
2.308039962
7.150597373
6.540303151
0.08387218446
3.560614843
0.01656673495
4.379145149
3.25587453
3.600740461
0.06347346906
5.069444709
0.02618059172
4.313804744
0.3207658647
3.973919115
12.03706273
5.68090901
7.226632177
1.874116212
0.6028896805
