#################################### 
# Matrix Size= (25,25,400)
# Resol      = (1,1,4000)
# VoxelSize  = (25,25,0.1)
# nbVal      = 4000
#################################### 
0.01137476983
0.0115340828
0.01109165299
0.01025057313
0.01010116965
0.01085053826
0.01097285213
0.01154213895
0.01158012001
0.01036798258
0.009365063305
0.009936619623
0.008908488258
0.01118914385
0.009591352043
0.009393187843
0.01022823149
0.01049147084
0.01263626986
0.01034693841
0.01129275952
0.01055828106
0.01101313593
0.009569547195
0.0105164228
0.01016948052
0.009901008443
0.01150607079
0.009668874735
0.01022446876
0.009582471906
0.01027702845
0.01014019715
0.01068639826
0.01031181424
0.01135419189
0.01035149981
0.0104914033
0.01043500742
0.009792251441
0.01055529102
0.01011898874
0.009978814635
0.009997225431
0.01017351575
0.01011248906
0.01145014577
0.009737695572
0.01030532827
0.009783150543
0.009434284177
0.009504645393
0.0102468052
0.01033085046
0.01026753604
0.01065789587
0.01086161366
0.01072950351
0.009909964869
0.01051737459
0.01335394558
0.01180142554
0.01049477236
0.01026318475
0.009673050519
0.010192313
0.01032760754
0.009939386124
0.01001479326
0.01062376239
0.01041513458
0.00956422907
0.009612842539
0.0107260034
0.01024019252
0.009830132779
0.01039280482
0.01139317651
0.01169087333
0.01074444509
0.0101984204
0.01067639506
0.01132575973
0.0106453485
0.01009066118
0.01020711121
0.01019920965
0.009999385671
0.009917174409
0.01183704289
0.009759900464
0.01087735699
0.01123702622
0.01036810927
0.01005285616
0.0116216388
0.01009259765
0.01057846285
0.0109413507
0.01135971735
0.01014716675
0.01163268695
0.01174104767
0.009961445811
0.00962858165
0.01015533389
0.009932738612
0.01045670472
0.0107896465
0.01253798801
0.01108798384
0.01020586721
0.01023037988
0.01134856395
0.01103171129
0.01170328148
0.01084656596
0.009762361249
0.01057692495
0.009805866023
0.01042492555
0.01028692027
0.01138443615
0.00995769995
0.01016098511
0.01021295492
0.01104068851
0.01163158033
0.01069458801
0.00975146444
0.01058372958
0.01078459079
0.009959339227
0.01041735302
0.01095616995
0.0109720737
0.01181538732
0.01040010184
0.01038183078
0.00992427427
0.009867303089
0.01031282289
0.009884510764
0.01032114036
0.01075311002
0.009942359196
0.01035015614
0.01237689324
0.01060204695
0.01060659624
0.01007784448
0.01002116404
0.01035180645
0.0109300005
0.0114853287
0.01038482179
0.01008281142
0.01010810002
0.01122492442
0.01004800913
0.009898693957
0.01055859417
0.009678686523
0.0117458854
0.01130647937
0.01056795206
0.01026427507
0.009817290554
0.01042027063
0.01034490654
0.01065810692
0.01043109709
0.01035828109
0.01011963205
0.01081581928
0.01136554777
0.01024091395
0.0115985883
0.01144386743
0.01046742592
0.009744302806
0.01062212499
0.00964546995
0.009799008698
0.01043356207
0.01020166003
0.01062367067
0.009929738427
0.009924730897
0.01094717337
0.01038311014
0.01118661715
0.01172707314
0.01090077155
0.01031703498
0.01180375684
0.01069436442
0.01037861897
0.01064266498
0.01046272911
0.01021593817
0.01077441504
0.01044735604
0.01070002349
0.01043722096
0.01075001456
0.01046638718
0.01070783081
0.01047962437
0.01116974676
0.009877932907
0.01003816232
0.0108328248
0.01113934937
0.01055563155
0.01142303889
0.01012790752
0.01015863718
0.01003792063
0.01128135466
0.01130546686
0.01139076327
0.009925714759
0.01069396685
0.01047712286
0.01053255172
0.01060788881
0.01017870426
0.01001725951
0.009769106706
0.01100421879
0.01080779944
0.01006914455
0.01017059467
0.009771702478
0.01077547262
0.01017300458
0.01077243246
0.01048043204
0.01091228279
0.01020225242
0.01040728782
0.01222064989
0.01220421419
0.01029614622
0.01005350994
0.01135300349
0.0107405475
0.009926050708
0.01078677474
0.01299889167
0.01176312615
0.01082915535
0.0102772656
0.01077717554
0.01021767022
0.01016101505
0.01058043739
0.01034803966
0.01030997841
0.009890098021
0.009887087946
0.0102058823
0.0100315454
0.01052837618
0.01009234214
0.009830418771
0.009758119324
0.01107301697
0.01014880369
0.009899240332
0.01050592211
0.01069189328
0.01215702426
0.01214236264
0.01120703128
0.01108545865
0.009969533697
0.0104379909
0.01082476806
0.01164622264
0.0105857556
0.01004339086
0.01077934105
0.01024125904
0.01078081168
0.0105358244
0.01022782987
0.01017293061
0.01055132838
0.01084920542
0.01053938089
0.01174471321
0.01051852703
0.01074181716
0.01058046502
0.01002850295
0.0110329612
0.009838916767
0.01067747879
0.01065034048
0.01042989008
0.01097337741
0.01042415475
0.01058364474
0.009879117066
0.01134192367
0.01283180611
0.01215400608
0.01179799243
0.01005952337
0.01045207566
0.01078031877
0.009771524898
0.009632518922
0.00980392329
0.01065638375
0.009878091767
0.01053416501
0.01072385184
0.0112635002
0.01054219522
0.009588060808
0.01016559603
0.01039761411
0.01037953159
0.01083042784
0.01012287041
0.01013386411
0.0108669684
0.01134050883
0.01000693138
0.01103973334
0.01131366159
0.01101739053
0.01060357203
0.01027407483
0.01078357933
0.01079562082
0.01132413576
0.01014892583
0.0113205219
0.009749461842
0.01022136747
0.01005047224
0.01165549868
0.01039716189
0.01071925584
0.01027989332
0.01059102349
0.01012111391
0.009856943449
0.01218494278
0.01146227146
0.01093348879
0.0101984512
0.01129943143
0.01061994341
0.0103455809
0.01072756881
0.01043962536
0.009857776813
0.01017471765
0.01058806594
0.01125158247
0.009951305921
0.009845646615
0.01150757443
0.01031793987
0.01012911886
0.0106206886
0.0110674302
0.0114514892
0.01011538212
0.01043102471
0.01061552571
0.0100188671
0.01057720931
0.01111030081
0.01058541564
0.01011066575
0.01084355769
0.01000868957
0.01288173876
0.01051737489
0.0101505947
0.01051737424
0.01139561931
0.01149994964
0.01012517206
0.009840861132
0.01045995345
0.01008887303
0.01088335317
0.01064983863
0.01018243536
0.01111108645
0.0111126765
0.01028811017
0.01137268803
0.01121638479
0.01020808487
0.009938478352
0.01000725139
0.01041027688
0.01092200486
0.01072738365
0.01243084434
0.00983710979
0.0110630309
0.01003623922
0.01120168267
0.0110828474
0.01112999877
0.01164787287
0.01062692231
0.01144090072
0.01051891508
0.01055284276
0.01005713124
0.009730829982
0.01013747641
0.01045972691
0.009937033081
0.01033042497
0.009675171468
0.01017943855
0.01002750975
0.01071144491
0.01030908364
0.0102643623
0.01026554113
0.01090258949
0.01241867053
0.01122107651
0.01080523153
0.01072858914
0.0103120245
0.0115458211
0.01018025065
0.00990323349
0.009799668036
0.01015559921
0.01046405755
0.01015330832
0.01099136045
0.0105878174
0.01058741515
0.01089684312
0.01017195127
0.01053207942
0.01066972545
0.01126817973
0.0110454514
0.01073769684
0.0107303433
0.01083896545
0.01134410406
0.01001430866
0.009984810864
0.01021244616
0.01018380874
0.009914855477
0.01043084205
0.01102316715
0.01125609661
0.01041354172
0.009853967351
0.01072002449
0.0104276074
0.01007099358
0.009855004615
0.01186131898
0.01129815129
0.01021997913
0.009618811747
0.01093084003
0.01125977683
0.01062573084
0.01103673269
0.01229553471
0.01113480592
0.01229409344
0.01105691814
0.01086380722
0.01084547352
0.01022889567
0.01029316988
0.01010169228
0.01080397815
0.01076647839
0.01125879565
0.01074109967
0.0102450594
0.009908349029
0.01092104478
0.009955949609
0.01171903865
0.01113829536
0.01153977063
0.01080207926
0.01095375232
0.01050556108
0.01024988436
0.01194167182
0.01043323595
0.01043870012
0.0102499591
0.01050191817
0.01111371394
0.01069154785
0.01063930219
0.01066984868
0.01127146624
0.01042625552
0.01076930841
0.01025998378
0.01070419183
0.01122263453
0.01028608623
0.01022397991
0.01104470933
0.01141081038
0.01103255679
0.01028411714
0.0103338993
0.01076806104
0.01023963625
0.01174783468
0.01064702034
0.01056303236
0.01127668892
0.0112739533
0.01083486698
0.01180991345
0.01048828266
0.009876650101
0.01021623809
0.00997789269
0.009814540553
0.01089054319
0.009854062235
0.01029414841
0.01132543695
0.01030716358
0.009796195856
0.01023631141
0.01077507126
0.01060594923
0.01062588898
0.01110620271
0.01017523185
0.01050381913
0.01010455052
0.01023049443
0.01118177427
0.01052375055
0.01012276959
0.01054103051
0.009959740805
0.01058992039
0.01138962427
0.01060627218
0.01035585176
0.0107253263
0.01064487267
0.01256817959
0.01132694108
0.01035196431
0.009978624341
0.0101735668
0.01074734186
0.01086845939
0.01040842489
0.009979982439
0.01138685598
0.01018574103
0.01054510056
0.01087549736
0.01152399855
0.01034229801
0.009966452855
0.01037774859
0.01052467372
0.01056880935
0.01102297704
0.01095139313
0.01279549008
0.0103828759
0.01155230032
0.01025686427
0.01036875327
0.01000294462
0.01125585904
0.01012648215
0.009729227176
0.0108312279
0.0105865905
0.01115911132
0.010482081
0.01043207786
0.01124101772
0.0101994764
0.01103800789
0.01149916517
0.01059428433
0.009941065475
0.01012606083
0.01129664545
0.01077692198
0.01063372682
0.009795555972
0.009654181208
0.01091937883
0.01142435038
0.01010600182
0.009954521067
0.01002164203
0.01042491393
0.01122362629
0.01021972183
0.01039386949
0.0125157878
0.01185886575
0.0101215067
0.009819055149
0.01084331848
0.01036532195
0.01081443598
0.009790892753
0.009949638599
0.01052257606
0.01033900151
0.01055560822
0.01007370125
0.01058776773
0.01038364184
0.01001579916
0.01024160147
0.01085784689
0.01054565987
0.01022396679
0.01029863776
0.01075831234
0.01045409214
0.01092153801
0.009947152223
0.01066971966
0.01072854555
0.01005159386
0.009891309706
0.01076258897
0.01068144076
0.01040880084
0.0101012481
0.010827456
0.01034400605
0.01039198251
0.01129861879
0.01055887234
0.01087892294
0.0103822317
0.01050590505
0.01105538124
0.01018814189
0.01019403681
0.01017846294
0.01049036267
0.01049035021
0.0103724044
0.01022928446
0.01033346652
0.0118436561
0.01082235426
0.01037659679
0.01023590328
0.01127138585
0.01092247159
0.01188521485
0.01063444926
0.01043303265
0.01025991341
0.01065749946
0.01067287325
0.01091201903
0.01070421871
0.01020909143
0.01011612635
0.01021592832
0.01065125159
0.01085727022
0.01106224136
0.01017625549
0.01118203288
0.01087417109
0.01042048952
0.01048541051
0.01002085022
0.01110088444
0.01049999078
0.01006589073
0.01027219962
0.01021794348
0.00997599525
0.0106125283
0.0100226752
0.01157058873
0.01011552893
0.01013678928
0.01092214799
0.01090954548
0.01141580817
0.0104505172
0.01088117324
0.0111572312
0.01019945562
0.009704692374
0.0104783004
0.009988481446
0.01043567355
0.01153100109
0.01084509427
0.0103023387
0.009943105205
0.01071345873
0.009942715186
0.01008110875
0.01086544071
0.01044488591
0.01145641912
0.01032444756
0.0107159502
0.00996840364
0.01068615775
0.01115090973
0.00989110372
0.01027375147
0.01039937347
0.01080005238
0.01101139358
0.01113806217
0.01054407321
0.01058868555
0.01061111143
0.0103833582
0.01084322434
0.01097135324
0.01121658542
0.01122633775
0.01065549914
0.0107719294
0.01123412943
0.01131381432
0.01032986288
0.01022819993
0.01009179619
0.01021255745
0.01135190909
0.01117077204
0.010816409
0.01180843351
0.01136086943
0.01169267004
0.01032886888
0.0106998112
0.01039622943
0.01071623912
0.01042287055
0.0103623508
0.01170092088
0.01054198591
0.01085488258
0.01072243529
0.01074181633
0.01067724276
0.01022951826
0.01012515628
0.01111134925
0.01046358133
0.01011501452
0.009932827775
0.01033941694
0.01011744857
0.01126722704
0.01045985804
0.01056136221
0.01044058766
0.01075556318
0.01083004826
0.01048437073
0.01026561714
0.01038863162
0.01110160643
0.01101969389
0.01067776853
0.01017354086
0.01013531412
0.01026546802
0.01085220805
0.01022716701
0.01025188202
0.01013670223
0.01094441595
0.01042054352
0.01104605542
0.01016966546
0.0106744351
0.01000148704
0.01020303759
0.0102832427
0.01046964457
0.01055815539
0.01009497463
0.009916427548
0.01009800609
0.01036917493
0.0106028412
0.01018568834
0.0106943358
0.01001908468
0.01055151274
0.01088503792
0.01058910375
0.01062941735
0.01058466067
0.01049193713
0.01048700485
0.01081115818
0.009865562219
0.0097702817
0.01044856624
0.009947824505
0.01038120044
0.01147558344
0.01075035952
0.01042514099
0.01119923068
0.01059182011
0.01090544148
0.009978341177
0.01039635799
0.01030754825
0.01001508767
0.01052291006
0.01064858744
0.01018980227
0.01030038304
0.01045433169
0.01036225693
0.01028603852
0.01026999792
0.01001842642
0.01005399803
0.009763798825
0.01016531468
0.01032127109
0.01086358021
0.01078396689
0.01032877671
0.01025365598
0.01036574486
0.01076167959
0.01065948034
0.009973881354
0.01080480314
0.01018023147
0.010232106
0.01001829355
0.01078928277
0.01053259327
0.01032272627
0.01108543433
0.0103825154
0.01058631235
0.01059928971
0.01047481239
0.01017001551
0.01026147658
0.01034847073
0.01048991703
0.01027838135
0.0107162101
0.01091325561
0.01081752313
0.01066169757
0.009695938602
0.01027715186
0.01010047735
0.01037675559
0.0108374377
0.01152043879
0.01084741992
0.01056857531
0.01067247282
0.01064519169
0.01065549521
0.01031398523
0.01030081364
0.01037714869
0.009903977739
0.0102030567
0.01052374854
0.01109777817
0.01139033734
0.01140212153
0.01020432128
0.01050453585
0.01015299916
0.01047699682
0.01037610883
0.01029979046
0.01079444029
0.01035032415
0.01073112653
0.01084911281
0.01051142468
0.01037604456
0.01296394121
0.01069733705
0.01000405721
0.01012033967
0.0101315561
0.009894775848
0.01038214286
0.009812490755
0.01009291587
0.0104737514
0.01056445027
0.01120868534
0.01069715858
0.01081442619
0.01065872725
0.009965555389
0.009811807279
0.01001852194
0.01039268179
0.01157387607
0.01021089623
0.01041342397
0.01054152554
0.01005415541
0.0102935836
0.01069612829
0.01013858472
0.01035431787
0.01026061601
0.01021245786
0.01017611539
0.01045209362
0.01010571836
0.01037207581
0.01051477248
0.01030905646
0.01042025963
0.01065982408
0.01018047142
0.01039489192
0.01014016147
0.01101633663
0.01071977417
0.01073099025
0.01094080794
0.01011969635
0.01018910847
0.01060571763
0.01066127399
0.01020277373
0.01021504717
0.01026333359
0.01019520129
0.0104211156
0.01038022303
0.01008791941
0.01041246107
0.01083178059
0.01127815479
0.01040600794
0.01085496253
0.01054545836
0.0109053461
0.01048756723
0.01079500544
0.01030199191
0.01091270125
0.01035014499
0.01010976688
0.01080144313
0.01020830185
0.011063709
0.01160925515
0.01041233198
0.01088043839
0.00987743475
0.01099153635
0.01017418413
0.01070589239
0.01089732093
0.01075041123
0.01083641266
0.0103714278
0.0104541502
0.01055067125
0.01136756317
0.01079869205
0.01043531723
0.01117449316
0.01086495806
0.01070632713
0.009828390422
0.01020819932
0.01056514455
0.01001099859
0.009944130358
0.01011809346
0.0108465512
0.01097288858
0.01019130119
0.01027104712
0.01040215486
0.01049784329
0.01059942086
0.01005521206
0.01103105011
0.01044625807
0.01003836964
0.01012024196
0.01003916201
0.01009788689
0.01036816201
0.01080855999
0.01039609319
0.01027216435
0.01043834036
0.01026540338
0.01073577268
0.01089079105
0.01060339309
0.01071296138
0.01053697206
0.009956816837
0.01055714674
0.009993503524
0.01014567532
0.01057711961
0.01075439163
0.01125279637
0.01043393489
0.01015734904
0.01011459117
0.01012294772
0.01171539925
0.009840069025
0.01030751319
0.01038331929
0.01056028241
0.0100395849
0.0104412985
0.0102491125
0.01050604554
0.0108125351
0.01048332269
0.01038760456
0.01012188513
0.01005582175
0.01057505224
0.01009422597
0.01043871961
0.0105989676
0.01067576536
0.01144522261
0.01042571371
0.01091192893
0.0103462133
0.01021173725
0.01019656077
0.01036756962
0.01011134362
0.01021096614
0.01092376685
0.01105275324
0.01036382248
0.01041363888
0.01067251978
0.009827283889
0.01016002864
0.01015083534
0.01041827367
0.01017655576
0.01081337182
0.01046763531
0.01006074123
0.01018546505
0.01129442608
0.0114167345
0.01057799049
0.01103637381
0.01114971412
0.01038259963
0.01143518447
0.01096889682
0.01054740459
0.01123725782
0.009982851495
0.00983709311
0.01051479896
0.01096693722
0.01055470586
0.01045442381
0.01111885239
0.01151235344
0.0101974485
0.01021638192
0.01082050563
0.01087834158
0.010107197
0.01008948224
0.01080204066
0.01060039633
0.01225398776
0.0105614764
0.01076324365
0.01133717628
0.01039043704
0.01227906346
0.01030457203
0.01066481897
0.01011058853
0.01010503044
0.009993003924
0.01036041919
0.0105506403
0.01037820095
0.01089014465
0.01028767378
0.01000328835
0.01003855846
0.01029743458
0.0106125078
0.0106843439
0.0100529269
0.01036675372
0.01045791044
0.01062642857
0.01140209954
0.0102878501
0.01016992748
0.01039969762
0.01064969892
0.01023904646
0.01092508382
0.01037327931
0.01081592885
0.01249930621
0.01065199481
0.01038193205
0.01076897742
0.01006516493
0.01025823504
0.01046351665
0.01088453588
0.01088252518
0.01128983927
0.01149426239
0.01124010145
0.01061352832
0.01039378848
0.01002020535
0.009984018487
0.01089366053
0.01059121628
0.01022615948
0.01042965698
0.01087461615
0.01005756349
0.01017372906
0.01033583378
0.01059905933
0.01095226497
0.01046073011
0.01003733289
0.01037626467
0.01031053027
0.01015826562
0.01026504082
0.01018009391
0.01080582807
0.01051047905
0.01066246991
0.009975981459
0.01050037912
0.01052442602
0.0102850457
0.01096530457
0.01085611905
0.01021453266
0.01023288708
0.01054337911
0.01055346414
0.01027724011
0.01033882523
0.01059296756
0.01124090387
0.0103863283
0.01031392792
0.01014833231
0.01056417532
0.009917389824
0.01046559249
0.009907110627
0.01060188411
0.01162754512
0.01104968823
0.01115238369
0.01043246761
0.01000112905
0.01024772427
0.01078995606
0.01015689144
0.0100503349
0.0115760086
0.01098728449
0.01090968994
0.0101572565
0.0104174422
0.01032002561
0.01030433405
0.01078369866
0.010847621
0.01036805041
0.01069666166
0.01098839259
0.01048006281
0.01053385852
0.01033614405
0.01010149819
0.01060140722
0.0101550361
0.01119905293
0.01018126072
0.01021476311
0.01039345039
0.01022501346
0.0106193975
0.01044391853
0.0103719282
0.01081620358
0.0103328261
0.01021454212
0.0103582947
0.01034154015
0.01054275766
0.01031420811
0.01014730215
0.0100779327
0.01047210887
0.01000699858
0.01010122326
0.01072473237
0.01023178728
0.01012840019
0.01082040686
0.01046942757
0.0103594071
0.01050610403
0.01063012433
0.01008572911
0.01024184013
0.01020679954
0.01026256384
0.01040674762
0.01155027243
0.01065883268
0.01021028017
0.0107097379
0.01089201298
0.01063351831
0.01089526511
0.01087162174
0.01016847439
0.01016913961
0.01023350988
0.01101552023
0.01006063842
0.01008663648
0.01038254922
0.01060653174
0.01054797764
0.01003859826
0.0101815121
0.01080222514
0.01100479175
0.01128450141
0.01037607831
0.01018856842
0.0106623199
0.0102191438
0.009970163555
0.01036955933
0.01015236634
0.01030979594
0.01045378239
0.01027667419
0.01006510857
0.01019446617
0.0104223344
0.01067324246
0.01035766782
0.01030054631
0.01024194608
0.01072542018
0.01073315176
0.01026238057
0.01067284638
0.0109381433
0.01038461432
0.01012987094
0.01068433887
0.01037672855
0.01070670181
0.01047038525
0.01054518099
0.01033529878
0.01041786459
0.01062465701
0.01033717603
0.01049025154
0.01022933685
0.01029446161
0.01028556331
0.01066151568
0.01039343166
0.01008663157
0.01075420568
0.01067339568
0.01027607402
0.01012648279
0.01009509855
0.01096653662
0.01050614318
0.0104623108
0.01000976085
0.01049436339
0.01067048729
0.01041087303
0.0101953886
0.01075481631
0.0110761194
0.01081970186
0.01024395453
0.0102149124
0.01025109589
0.01063674195
0.01092480389
0.01024531339
0.01047832709
0.01044890589
0.01009466131
0.01031599427
0.0110992824
0.01016155507
0.01052869749
0.010505238
0.01008097346
0.01054671987
0.01083200914
0.01085821939
0.01055560003
0.01071719675
0.01103476524
0.010417389
0.01037996888
0.0109585857
0.01041140882
0.01037514135
0.01065524744
0.01060154655
0.01030573371
0.01090919449
0.01042188863
0.01038333128
0.010737456
0.01032069909
0.01063780817
0.01060325437
0.01025377837
0.01056997856
0.0106910048
0.01022916628
0.01094805909
0.01048673057
0.01057415196
0.01018344734
0.01037828115
0.01046801414
0.01023989663
0.0102838857
0.01137908819
0.01015319282
0.01042968911
0.01067053275
0.0106974958
0.01024845328
0.0101277414
0.01051667751
0.0104038448
0.01113008462
0.01022189511
0.01056124796
0.01039782561
0.0104828613
0.01035689365
0.01084831951
0.01025927699
0.01048610954
0.01054227705
0.01028698439
0.01050801122
0.01041407494
0.0103893422
0.01124292354
0.01057656364
0.01038637773
0.01037836583
0.01022105183
0.01065298527
0.01070979303
0.01040703303
0.01015472101
0.01032713835
0.01059406657
0.01047472599
0.0102266715
0.01106541545
0.01050976782
0.01024479834
0.01023000153
0.01026447377
0.01050300353
0.01052184322
0.01055065261
0.01062463608
0.01071038293
0.01027260177
0.01085822901
0.01009673163
0.01056699217
0.01035376757
0.01028398939
0.01101063322
0.01019894705
0.01054571907
0.01090044834
0.0107650331
0.01053694345
0.01016010991
0.01031852132
0.01036437629
0.0102543022
0.01042469459
0.01002636092
0.01022151921
0.0101895422
0.01030042652
0.01033922127
0.01044656224
0.01069627786
0.01021227631
0.01024484303
0.01031063613
0.01068592953
0.01044006078
0.01026707643
0.0105512811
0.01062815406
0.01047741971
0.01059613148
0.01030245094
0.01036012984
0.009974152258
0.0102348541
0.01078582078
0.01052338705
0.01089828166
0.01049767964
0.01033900758
0.01026220802
0.0102699473
0.01035515093
0.01027921044
0.01024551467
0.01036461666
0.01062884039
0.01036236359
0.01068402038
0.0102884085
0.01026180444
0.01030066432
0.0108790305
0.01048709675
0.01003361616
0.01048174666
0.01029667476
0.01067720765
0.01111153911
0.01070254778
0.01051888861
0.01069175102
0.01028256988
0.01047620424
0.01046003381
0.01053584368
0.010374186
0.01101473653
0.01009833829
0.01035841842
0.0104740771
0.01045760776
0.01048868251
0.01016271792
0.0105417351
0.01019877091
0.01087752468
0.01029707292
0.01024331146
0.01044955561
0.0106986933
0.01036858709
0.0101831176
0.01036246741
0.01080222343
0.01075207146
0.01030810701
0.01033146833
0.0103719803
0.01008232155
0.01059153618
0.01038649558
0.01028272484
0.0101927317
0.01060432881
0.01066812701
0.01036393109
0.01025082078
0.01057149128
0.01029451804
0.0113311406
0.01069216026
0.01033176881
0.01055936942
0.01105765763
0.01042493966
0.01024817482
0.01075354062
0.01034892565
0.01036130317
0.01052930368
0.01052098053
0.01029614759
0.01043823973
0.01042540929
0.01029357663
0.01038029306
0.01101403677
0.01105811241
0.01026768631
0.01020943789
0.01014792501
0.010285357
0.01025293516
0.01042226425
0.01039941212
0.0103000977
0.01052719994
0.0103851407
0.01045629735
0.01021221259
0.01045454926
0.01062343719
0.01013136106
0.0101306512
0.01053497336
0.01031846531
0.01024294756
0.01043913604
0.01058037527
0.01021187732
0.01046968148
0.01010868792
0.01064041382
0.01051446889
0.01026334954
0.01025991936
0.01043336734
0.01060522077
0.01057137187
0.01052293642
0.01032257511
0.01040250355
0.01011390837
0.01027959041
0.01038449325
0.0107903501
0.01041012325
0.01085390909
0.01110842702
0.01057722399
0.01010024546
0.01027282204
0.01037955319
0.010832563
0.01045411846
0.01039826082
0.01025566845
0.01052238134
0.01041403802
0.01023650157
0.01056971544
0.01028714492
0.01027280356
0.01021256607
0.01032993322
0.01026066203
0.0105099417
0.01033494207
0.01061081274
0.01069963643
0.01064846108
0.01048233707
0.01134373518
0.01038142435
0.01012624046
0.01051173465
0.01025687064
0.01028226001
0.01035858558
0.01026296455
0.01028658687
0.01021292662
0.0103729474
0.0103105893
0.01041191593
0.01025644927
0.01066099908
0.01052136846
0.01056210097
0.01049588971
0.0103309239
0.01071856649
0.01049109575
0.01037581415
0.01045633009
0.01019899646
0.01048582912
0.01090324909
0.0105104384
0.01025947058
0.0104556821
0.01043410359
0.01048836682
0.01034836516
0.01030890297
0.01060589799
0.01049450009
0.01031340048
0.01036630838
0.01029203018
0.01039733621
0.01050308792
0.01058070253
0.01029798355
0.01020531687
0.01055705594
0.01070002591
0.01028273113
0.01112224458
0.01049093351
0.01042246895
0.01040393642
0.01024847098
0.01048832322
0.0103187079
0.01105032291
0.01058383662
0.01032607011
0.01018826442
0.0103499643
0.01042358047
0.0108714234
0.01034034582
0.01040469434
0.01052423263
0.01026981317
0.01036583711
0.0104748468
0.01036632256
0.01076604604
0.01039768188
0.01045660438
0.01038567985
0.0105912807
0.01076590474
0.01044587907
0.01089295741
0.01057160924
0.0104907376
0.01041672873
0.01046622777
0.01074388506
0.01064445457
0.01093355386
0.01070848347
0.0102130639
0.010629753
0.01042767035
0.01036962132
0.01044635099
0.01044188527
0.01047192144
0.01086185111
0.0106940531
0.01067529828
0.01050053181
0.01106436917
0.01076894163
0.01083360166
0.01041524047
0.01077141257
0.0104426334
0.0106891058
0.01056236645
0.01050431853
0.01055571377
0.01051020893
0.01058163553
0.01063911917
0.0105494314
0.01051426701
0.01057378502
0.0106714328
0.01083675861
0.01050269632
0.010407096
0.01054825946
0.01040794201
0.01084997304
0.01071430733
0.0102945656
0.01041175503
0.0103787244
0.01048854711
0.01041384455
0.01053807884
0.01064452783
0.01048460928
0.01070796631
0.01050946125
0.01040176219
0.01042719345
0.01045227943
0.01068185551
0.01057146227
0.01058220828
0.01076940041
0.01053079264
0.010515848
0.01054476665
0.01081850262
0.01073193107
0.0104890894
0.0106104711
0.01045741168
0.01082902223
0.01056548509
0.01056597163
0.01069580061
0.01062280216
0.01055824316
0.01100611649
0.01054779557
0.01119190649
0.01063207809
0.01085415259
0.01067059362
0.010761886
0.01041825806
0.01044077128
0.01052045561
0.01063391053
0.01055193425
0.01068692264
0.01051178029
0.01080383546
0.01073758631
0.01077514638
0.01087346285
0.01074183558
0.01062067737
0.01054127178
0.01061442191
0.01066959218
0.01079348254
0.01070424574
0.01046581249
0.01077684304
0.0105764914
0.01080259081
0.0105049993
0.0105727809
0.0105970635
0.01096725486
0.01080101363
0.01057422365
0.01068714681
0.01071850288
0.01062708208
0.01079753796
0.01076431078
0.01084505064
0.01067838897
0.01077903505
0.01097223143
0.01102927229
0.01063792095
0.01084855905
0.01076524506
0.01060700338
0.01053126976
0.01054834186
0.01098710147
0.01072175185
0.01080363778
0.01082835496
0.01086834095
0.01082537275
0.01077720369
0.01072564088
0.01070772552
0.01070614224
0.01070147777
0.01095269995
0.01069713118
0.01082276237
0.0105762822
0.01073314336
0.01076556942
0.01108735872
0.01085445971
0.01096833242
0.01090359301
0.01089477574
0.01094018975
0.01090374724
0.01097503724
0.01091066223
0.0111006203
0.01071789842
0.01096057404
0.01080059608
0.01078345817
0.01092988152
0.01077458257
0.0110142376
0.01082111102
0.01091474021
0.01089236293
0.01105657125
0.01093777341
0.01115520745
0.01083984082
0.01079455986
0.01120487785
0.01094495228
0.0109146531
0.01108732004
0.01094541704
0.01097478433
0.01092379097
0.01100051838
0.01108722428
0.01087220899
0.01085168893
0.01128674494
0.0109183834
0.01093037404
0.0110840431
0.01104778584
0.01093001559
0.01099339394
0.0109600133
0.01093322627
0.01083209236
0.01111390512
0.01087098114
0.01088920747
0.0109171527
0.01107462926
0.01082411308
0.01104755467
0.0110854534
0.01093259873
0.01099319025
0.0108893222
0.01098028068
0.01099782116
0.01097139873
0.0111316992
0.01109476462
0.01094392882
0.01089088304
0.01106904796
0.01089081943
0.01094711514
0.01092857402
0.01092333159
0.01111462722
0.01089298727
0.01090133547
0.01095448173
0.0109904027
0.01091180429
0.0109605297
0.01090705193
0.01104945949
0.01087855297
0.0108880089
0.01091961052
0.01095660923
0.0108031703
0.01088545629
0.01089211868
0.01085505408
0.01086378509
0.01085954935
0.01085388217
0.01074879917
0.01078758713
0.0108490234
0.01080686594
0.01076697787
0.0107794585
0.01077535541
0.01064688291
0.01085181731
0.0106829247
0.01071928712
0.01071248598
0.01071470147
0.0106457119
0.01070559623
0.01060521362
0.01055644087
0.0105970044
0.01045295822
0.01043318437
0.01041263911
0.01039332845
0.01040263799
0.01037622918
0.01037006165
0.0104155052
0.01031121466
0.0102788494
0.01020008792
0.01012580286
0.01019234926
0.01016362255
0.0100691235
0.01014358826
0.01019305412
0.009984152243
0.009973139844
0.009945591797
0.009978487596
0.009915891826
0.009807140512
0.00978162508
0.009844329113
0.009793416302
0.009686128266
0.009723976001
0.009683057443
0.009597314624
0.0096838416
0.009595659822
0.009548724907
0.00954228425
0.009471680814
0.009437877703
0.009510655168
0.009481718492
0.009458453305
0.009410580825
0.009387225001
0.009413993581
0.009323447726
0.009406125214
0.009367048187
0.009336235111
0.009340009999
0.009329222993
0.00939342091
0.009339743887
0.009357808406
0.00938884633
0.009346694394
0.00938480431
0.009440464334
0.009410994344
0.009467749597
0.009568831958
0.009550371457
0.009564067851
0.009621604399
0.009651102263
0.009661342881
0.009693155168
0.009750967995
0.009795451691
0.009900906926
0.009992142346
0.009984971771
0.01006239567
0.01013530848
0.01029418323
0.01032419535
0.01045710957
0.01047521036
0.01057948875
0.01069498839
0.01081732322
0.01099204544
0.01105855524
0.01130129136
0.01137344615
0.01154347872
0.01156023037
0.01164445132
0.01196481618
0.01211122065
0.0122261956
0.01238061837
0.01247318025
0.01286900997
0.01309098278
0.01309666017
0.01348141763
0.01383943384
0.01398989544
0.01432025941
0.01445579354
0.01477148591
0.01510519177
0.01559133942
0.01580181989
0.01626331819
0.01679214437
0.01693749159
0.0174017589
0.01788400641
0.01812583885
0.01885068556
0.01916981856
0.01988067877
0.02058496388
0.0211528544
0.02159484494
0.02221493807
0.02284638613
0.02353937906
0.02386196068
0.0250907297
0.02521900597
0.02615866717
0.0274942524
0.02971174767
0.02905608371
0.03096997979
0.03093845276
0.03332497203
0.03395225434
0.03480225658
0.03647281472
0.03785085754
0.03906252669
0.04089594661
0.04156679266
0.04358299843
0.04520897015
0.04623116937
0.04842088901
0.05078226877
0.05145749941
0.05551550512
0.05532349323
0.06013399785
0.0621475228
0.06017622028
0.06795793595
0.07067567555
0.07537694426
0.08078131994
0.08416772328
0.07850834982
0.08891573966
0.0929287463
0.09740586007
0.09787070813
0.1013359504
0.1058222757
0.1091258769
0.1619160429
0.1204487191
0.1489035932
0.1438066329
0.1507099709
0.1676508875
0.1705961691
0.1817815169
0.1878946277
0.2023691249
0.1977252064
0.2165897313
0.1997887556
0.255547794
0.2180167475
0.2360780665
0.2119566961
0.2253897812
0.2342562898
0.2052828099
0.2019546889
0.2490441679
0.2478232611
0.2393141618
0.3056574856
0.2523866955
0.2868239121
0.2712610483
0.2659726198
0.304860328
0.2357656201
0.2723637371
0.2660150564
0.2597820446
0.2856834758
0.3163021231
0.3300748087
0.3340811988
0.2485160425
0.2830123537
0.2520026269
0.3539301752
0.3079689852
0.3534148006
0.2594874722
0.2456222662
0.2689576847
0.264037813
0.3129135178
0.2693757877
0.3205537784
0.3180891513
0.268587629
0.2807926655
0.2721659624
0.3494409521
0.2785739063
0.2543100764
0.2516864598
0.2801107053
0.2865325171
0.2888218673
0.3194397235
0.2476926051
0.2718655418
0.2357267574
0.280928128
0.2648245431
0.2911656745
0.2923436025
0.3240521058
0.2626708759
0.2901455641
0.4744406378
0.3410671956
0.2354232865
0.2897563806
0.2878043168
0.3276999292
0.3342137591
0.2975692892
0.374146566
0.2639143144
0.3436715523
0.2993473892
0.2729438417
0.2596755582
0.2562826428
0.3462757493
0.3629409623
0.3114975672
0.2701038232
0.2739892235
0.2551064283
0.2989225912
0.3076986351
0.3202837086
0.4117542903
0.3278365464
0.3380625068
0.25022931
0.4442691033
0.2487888676
0.3027018833
0.2657565367
0.2572295943
0.476688684
0.2639376064
0.2726809535
0.3052032805
0.2464400536
0.2748742915
0.3057070222
0.3048635155
0.4309898666
0.4056413084
0.4926141914
0.2719443234
0.2825090212
0.3096547144
0.284731127
0.3152229486
0.2454669186
0.2925848009
0.3288444297
0.344112773
0.293399913
0.3754046819
0.3079002025
0.2902022898
0.3008146624
0.2937395061
0.3973059224
0.2659707428
0.3112407052
0.3401001985
0.3275281042
0.2871075842
0.2933124476
0.3410856864
0.3819670026
0.2896813579
0.3368943396
0.3247657209
0.3682587494
0.332340946
0.269027836
0.4030984851
0.3373964831
0.4326911506
0.3663131948
0.3309392301
0.3618033349
0.2841315553
0.3323577193
0.3511068223
0.2883477636
0.270400653
0.3547338012
0.4075881745
0.2824922615
0.2864864486
0.2859325152
0.360393415
0.2851184891
0.2773804327
0.365925898
0.3224728025
0.3240632702
0.3230201579
0.3442639621
0.3406997066
0.293229576
0.4193114728
0.2711952061
0.2690094182
0.3369294419
0.3114801275
0.331639956
0.3104891398
0.2986711271
0.2854767221
0.3120509268
0.3283292675
0.3071813516
0.2711262199
0.2606417654
0.2829717302
0.3337220506
0.286330968
0.2764520091
0.3626009325
0.3282831083
0.2831549014
0.294138057
0.302546002
0.3370830668
0.2810220473
0.4414233602
0.418092483
0.2751739517
0.2898694047
0.313203587
0.2906537987
0.2522959422
0.2768329483
0.3548135735
0.2855484868
0.290718016
0.3204383555
0.3728811065
0.3353881688
0.2601412249
0.3918096705
0.2849579565
0.3763999371
0.3461029104
0.3730426685
0.3226917946
0.3212101252
0.3346492254
0.3413461251
0.2817807468
0.3165556332
0.3342022572
0.2981773092
0.3053543315
0.2692853273
0.3257659071
0.5536276804
0.2960924161
0.6263890996
0.2874772848
0.3005708885
0.3671592489
0.3190810691
0.2657623428
0.2873131369
0.3428883281
0.3658558723
0.3220777427
0.3997916378
0.3842381821
0.6659657192
0.3219111799
0.3149539082
0.3167271679
0.3726260011
0.3366129629
0.3443201109
0.4005444871
0.3297702429
0.3593743488
0.3942397192
0.2656723642
0.4954494451
0.4054330225
0.5434456577
0.3456785466
0.3321239647
0.2973057153
0.34559643
0.4475410096
0.3961130007
0.3310177797
0.3303900442
0.2917552364
0.3722945926
0.547576779
0.3705766674
0.3382112809
0.3305765951
0.3889609428
0.3571887792
0.3882299089
0.395572003
0.3787913721
0.3207463178
0.2964994191
0.3380006662
0.3244917864
0.3577242794
0.2663279787
0.308949014
0.3120854111
0.3965679026
0.2978723774
0.3232066171
0.3928591082
0.3992049032
0.3773152628
0.3296616013
0.4376548938
0.4310252844
0.3823559701
0.4353811404
0.3708044199
0.3545465382
0.4213515447
0.4545513239
0.417984705
0.4284055249
0.3881882336
0.4060338784
0.3773916333
0.383660362
0.2763764114
0.3536925457
0.3557818801
0.4199989981
0.339682969
0.3251039929
0.4370006777
0.3675374904
0.476533074
0.3601446045
0.3530464878
0.5506584245
0.3507808036
0.3197621453
0.3715581225
0.344842816
0.3440260187
0.4086959169
0.3092989628
0.3630826541
0.3809882406
0.314903939
0.4725763572
0.3955860455
0.3898942319
0.3016298017
0.3357053437
0.3725984279
0.3987019176
0.3394021345
0.3988566324
0.2829905811
0.3786842041
0.2711920118
0.2635802577
0.3473121884
0.4424576073
0.3291294263
0.3918460616
0.3016591964
0.4047542399
0.3783739235
0.3280892142
0.3219311118
0.3491186194
0.4171382278
0.5225441555
0.3893642389
0.4407236931
0.3996874966
0.4371205151
0.3662455938
0.3214231662
0.4556808614
0.3335655665
0.3939875672
0.4320413604
0.4025679546
0.3249021405
0.418039516
0.3583223455
0.410033685
0.4093282205
0.3975661541
0.3736733129
0.3994729068
0.3988458175
0.3233501199
0.3013267686
0.3883394756
0.3141184848
0.395969346
0.3780303694
0.3501640008
0.3715427059
0.345746156
0.3683412177
0.3423442746
0.3899552226
0.3870740127
0.3755542503
0.3695172548
0.3787695331
0.4637535808
0.3450432603
0.3692917877
0.3666333559
0.354788318
0.345716289
0.3391131386
0.3349113875
0.3594212348
0.3014267003
0.358657343
0.3294855697
0.3845386513
0.4636645772
0.5321125285
0.331563061
0.5447089284
0.3615689052
0.3870101588
0.339159227
0.3760858107
0.3382880516
0.3229265776
0.3457533561
0.3412237468
0.299175306
0.3082093542
0.3748618943
0.3823222483
0.3611683968
0.3303900205
0.304041459
0.3767863116
0.3147024496
0.3803002035
0.4322383563
0.3636764118
0.3231757646
0.4880768975
0.5129812061
0.4324897686
0.3747399621
0.434010092
0.3875342867
0.5000353773
0.3956855273
0.4456366873
0.3854250334
0.5177324966
0.508420224
0.3812634775
0.3349247133
0.3204981387
0.3423647938
0.4342096126
0.4419169511
0.6465601574
0.3819952426
0.385288016
0.5071422996
0.3564381761
0.5930686625
0.3860357681
0.398565459
0.3833222558
0.3194701112
0.3606301544
0.3285558586
0.3027899291
0.3934341092
0.3199465207
0.3312247935
0.3317625528
0.308540652
0.4535721038
0.4085123264
0.3888935197
0.4493109252
0.458667546
0.3885398809
0.4134335028
0.4094903124
0.4241509859
0.4635819582
0.3878579225
0.4278928372
0.3974359898
0.389217569
0.3662177191
0.3241266674
0.3776253847
0.4044793599
0.4136508938
0.3577251775
0.3716671419
0.3844998267
0.4115223147
0.4690964182
0.3785882779
0.5303961278
0.4062021458
0.3625393084
0.3502010241
0.4221438299
0.3837767379
0.4225907
0.5729504349
0.3639844779
0.4018274688
0.6897518705
0.4130971782
0.3600447019
0.4159867972
0.3220259182
0.5954988728
0.5053844156
0.5476058615
0.3749896344
0.3966598508
0.4142654143
0.4323423217
0.5435823012
0.3483193301
0.3397643496
0.3524437201
0.4087786938
0.4177285742
0.48463506
0.3293183914
0.3482547653
0.3939680084
0.3229858465
0.4935322988
0.6182166449
0.3670506356
0.3959972058
0.4119431841
0.3560620206
0.3835917973
0.4845090082
0.4107467204
0.4497320453
0.4535269745
0.399896019
0.6992159456
0.5182418186
0.3079241775
0.4900374687
0.4047594674
0.4204672846
0.4099036102
0.5401977294
0.4235905512
0.3265892314
0.3515398286
0.408427616
0.3961805413
0.451358291
0.3371082257
0.383584874
0.4422906007
0.3956072215
0.4249669321
0.4467840948
0.4676188368
0.4172975831
0.4854017619
0.3544866823
0.5647346742
0.4901618153
0.43853581
0.6601120046
0.7580868657
0.6200020459
0.5046812824
0.3997013569
0.4361858005
0.3784672446
0.3753683229
0.4063754724
0.3942949648
0.4023204093
0.4204851072
0.5741562907
0.4004636058
0.4875377276
0.712801792
0.4501493482
0.4064316862
0.3786421342
0.3015525902
0.4111165767
0.4032774252
0.5090158813
0.4257230267
0.388405782
0.3239285926
0.5395270704
0.7338491946
0.4076584955
0.5580641832
0.5276005819
0.4214064026
0.371392919
0.3944645811
0.3820904504
0.4149613743
0.4177741164
0.3797846317
0.4989479551
0.4899022104
0.315820703
0.6144221261
0.3988660404
0.4006305039
0.3343873369
0.7464868666
0.3759485988
0.6334160758
0.4276220389
0.304380372
0.6083701031
0.4606725928
0.3583963852
0.5036160926
0.4331932054
0.6518105138
0.4989684611
0.31487139
0.4311687103
0.4742900902
0.4347213296
0.3721866501
0.5434217555
0.3733611864
0.3307501587
0.3819841461
0.3471984218
0.362203294
0.5138283383
0.5214669268
0.5747060505
0.4403114686
0.4144512016
0.4125949983
0.5897682236
0.4360560612
0.4034261791
0.6582947386
0.5186421954
0.4438127371
0.3597905952
0.4370652254
0.54434142
0.3923321225
0.4503682136
0.3151080085
0.4168728922
0.4200707559
0.4510276235
0.3544809523
0.4755118919
0.3427380749
0.3795812029
0.4017786021
0.4540002729
0.4162947584
0.4279753334
0.466648245
0.5843461067
0.4452877057
0.3844733926
0.3278618564
0.3589774408
0.3779554974
0.4526003065
0.4086519451
0.5473539105
0.3596809247
0.4512846863
0.3934606526
0.4972208849
0.3807257681
0.4304919294
0.3917378898
0.4623633261
0.487394318
0.3818723428
0.403841852
0.4463236274
0.4244884812
0.4333639776
0.4603819507
0.7463471843
0.4093664754
0.6211880374
0.5121075808
0.4170659449
0.3677986477
0.460788823
0.4507950497
0.476963566
0.4270613748
0.4288008754
0.3715142135
0.4060350079
0.3174948087
0.4807162836
0.4414547794
0.3973649903
0.5531535446
0.4958115218
0.4511981781
0.3535886735
0.3801820079
0.3338202335
0.4527909948
0.5325318527
0.440398021
0.3792226543
0.4167512671
0.5941750231
0.4930316177
0.3808718104
0.4452380115
0.5135709844
0.5261138628
0.4209266549
0.5105353752
0.4119324797
0.3832967101
0.4321455813
0.4066988393
0.3839273194
0.5431714944
0.4051142607
0.3994076677
0.4714536818
0.5506883669
0.5690742152
0.6106968969
0.4988848716
0.4568043224
0.592726393
0.3840985193
0.4072399378
0.389580244
0.4111026991
0.4512874595
0.3846753087
0.5720090677
0.3748193823
0.7176686414
0.530870524
0.412411094
0.305417383
0.3829431682
0.3583713582
0.5793754089
0.4315461016
0.4673425079
0.4570307324
0.3959394005
0.5623924209
0.4201433911
0.3475437497
0.3314405947
0.4365803459
0.516675936
0.5684987767
0.5268561358
0.7338762085
0.386219578
0.583893417
0.355420597
0.5521918111
0.5889288336
0.4814468965
0.5563616945
0.781822414
0.5393595473
0.3630399395
0.4929752387
0.6274009162
0.4404352826
0.5784039871
0.3997580544
0.4102582373
0.352233235
0.4717850605
0.5253815302
0.3875294479
0.5163532758
0.6498860985
0.4298894902
0.3200198
0.3441262596
0.3342583253
0.2820507059
0.3696979221
0.2752717606
0.3114627049
0.3976825083
0.4504305945
0.5437909739
0.3596638697
0.3616512627
0.4737770101
0.5950159511
0.3901674792
0.3915176604
0.5244154249
0.4078869363
0.4904538922
0.381627055
0.5700905742
0.4432792435
0.4505426146
0.3745645775
0.4674962095
0.4736966405
0.4620061537
0.3917308367
0.5220958208
0.3952064674
0.3794229477
0.4632117468
0.5584683543
0.3621912555
0.5725841386
0.464689031
0.440749807
0.5390558486
0.3979535348
0.3882654972
0.5016596285
0.5254364998
0.3241910409
0.2936222136
0.349501569
0.4379739172
0.3353498937
0.3526462767
0.4340641195
0.4166882426
0.4199058936
0.3518721325
0.4362849496
0.4960936803
0.4392080772
0.4364498136
0.4114542656
0.695852605
0.5132362688
0.6114892306
0.5213294482
0.3855766597
0.5792756897
0.6311865268
0.3674676297
0.434064872
0.4278818735
0.5701089608
0.3856524809
0.3779495113
0.378597563
0.4757408785
0.412251216
0.4480533243
0.3757378802
0.4094650376
0.4615584572
0.392692448
0.5046093936
0.381064704
0.4393301578
0.4702975524
0.54595186
0.4269072573
0.4064477366
0.4154226779
0.5007286206
0.6909000917
0.3682276185
0.4623611366
0.6532646929
0.4173343829
0.4962910331
0.4246911293
0.3987728387
0.5164650565
0.3403379572
0.3926453956
0.3451802805
0.4322198944
0.3984416835
0.3091159085
0.4446680334
0.8573610975
0.4343093248
0.5176363261
0.7745197286
0.4171976838
0.3399101952
0.4062641321
0.4035867633
0.7760338497
0.4620420425
0.5017035354
0.5450463633
0.4304379561
0.4705976348
0.3707039376
0.7981972714
0.5403902142
0.4079301279
0.4081869826
0.4437237163
0.4794054087
0.55874837
0.494083844
0.3865839415
0.4195137467
0.3994502193
0.5041380676
0.4065595861
0.3408518484
0.3950909763
0.428761707
0.4658559591
0.3385628463
0.4515044505
0.4247599534
0.4624825471
0.4614548793
0.53480161
0.439684506
0.4489877485
0.5053875298
0.4207773175
0.4497726592
0.4390672623
0.5184172522
0.4223568883
0.4412876646
0.4293471352
0.3557753135
0.5467906866
0.475729948
0.5785864517
0.586771728
0.6384258284
0.4901673611
0.5594853169
0.5488242971
0.5153291728
0.6592965993
0.4985775926
0.4933172577
0.5437496171
0.5272776644
0.528852745
0.4200095861
0.4619025153
0.4959271266
0.4482926078
0.3955139574
0.6498012532
0.6193372444
0.5110803118
0.6905726859
0.5144611083
0.5178071447
0.7309937392
0.4687713528
0.4277461753
0.8028536211
0.6677247025
0.466332777
0.4762764345
0.3365042187
0.5995125819
0.5135100086
0.5435792456
0.4915146546
0.7037060338
0.5145501016
0.4493106166
0.5092897832
0.6352693453
0.5731970929
0.5433633582
0.4970351516
0.6423639747
0.6044345463
0.4480050238
0.7388318053
0.6028292644
0.6188870167
0.6396172763
0.5943311221
0.6215156423
0.4522797494
0.4763200604
0.5681677146
0.4971428888
0.4834398626
0.3799420865
0.8530533634
0.7357160588
0.7320006471
0.4564681882
0.5149136609
0.484660981
0.5736587919
0.6011582325
0.5495948329
0.4483965817
0.6597633218
0.5775886375
0.7138411625
0.4538526519
0.4711748957
0.4618775502
0.5169841444
0.4522437782
0.509990647
0.5433734097
0.649216231
0.6650101526
0.4726885155
0.7387292149
0.5046472045
0.5681241346
0.6634073369
0.4586762834
0.5956352506
0.7741258968
0.5371832148
0.6245055452
0.5189815595
0.5633852249
0.4552019258
0.5054294309
0.4440611119
0.603521455
0.47765787
0.5803981121
0.4773059696
0.5839650483
0.5032725603
0.6246098997
0.5445454381
0.511340911
0.4716332006
0.4065625507
0.5835902347
0.7401036794
0.6374676745
0.542521093
0.4956308881
0.5550710797
0.6146944236
0.4256190168
0.6331760305
0.5120857905
0.4213051487
0.5109127327
0.6189405966
0.4228576168
0.4849096696
0.5612223969
0.5319714459
0.5693877643
0.5132689779
0.429962144
0.5248711675
0.4836040501
0.4700131708
0.399618579
0.8112752111
0.7345062336
0.6122005623
0.438247792
0.7524050484
0.4552383098
0.6122275371
0.3384275742
0.5405657024
0.3775290901
0.6700535496
0.7201836456
0.6480756167
0.4000785527
0.3790403852
0.5572644288
0.8126667641
0.4284113314
0.4951030442
0.3319968923
0.5328703207
0.5944267719
0.3292137194
0.5312034636
0.5328923268
0.5781367606
0.4672317729
0.5961060117
0.6003835463
0.5028132653
0.5428554926
0.6382838147
0.873110134
0.6219423171
0.7148208923
0.6221957084
0.6139364189
0.8579758044
0.8562937769
0.5458928644
0.54733962
0.5530117511
0.4879158599
0.7938380636
0.5573671583
0.5989407356
0.6322980645
0.5477920657
0.7569286125
0.5754004509
0.6659417015
0.7645424735
0.7473012567
0.5993822874
0.7709064403
0.550188315
0.4813106039
0.5382079006
0.6041746505
0.4797660464
0.3683046852
0.4251306219
0.4871844843
0.4564167304
0.5725235362
0.6312426408
0.511633623
0.6250711344
0.8655732696
0.6190906759
0.7790136406
0.4533089719
0.5054611173
0.734051076
0.8363368435
0.4955058981
0.5242536503
0.5736712919
0.5735777565
0.596563345
0.4957356902
0.5576678199
0.765296079
0.388478387
0.5621617004
0.6179030301
0.4587198759
0.6010205455
0.583778669
0.6323477586
0.6109744036
0.516503108
0.6071792841
0.46793346
0.75973567
0.4868781764
0.6036433166
0.5588747602
0.7368949543
0.4847076765
0.6318429247
0.8234736436
0.5109939981
0.6129160062
0.498388516
0.6382231534
0.5826072934
0.5295121721
0.6780929935
0.7865003705
0.5881564441
0.820711286
0.6466874083
0.7940739752
0.5854909355
0.4993483902
0.507617512
0.4816360115
0.6534336507
0.5198001777
0.4237277296
0.6371138996
0.9063532163
0.6345982254
0.4815242077
0.5232591027
0.6119640637
0.6103967502
0.5402087003
0.4619335672
0.6851705613
0.5817035397
0.4534314719
0.6023634013
0.6409151456
0.5818055151
0.4818629681
0.4656179644
0.5330292659
0.5828920179
0.6388486117
0.6256088239
0.6353398154
0.4918465072
0.4678406123
0.8269305697
0.5414631773
0.4984602925
0.6531025878
0.5339716837
0.4247851347
0.5943634259
0.4612036599
0.6351445122
0.4284599881
0.6071170915
0.5943867064
0.5069478756
0.546951646
0.3824992237
0.7221130045
0.3670462726
0.5108247614
0.748374345
0.628881383
0.4353574674
0.5035078093
0.6049464975
0.6239978473
0.6093950502
0.7720239178
0.6301894506
0.7254834514
0.4945678946
0.5514057685
0.390561523
0.6773292541
0.5800338847
0.5402794554
0.4296082721
0.7230801522
0.625781984
0.5744159142
0.450463699
0.5586925212
0.5965190588
0.5150698838
0.5044686411
0.6118458418
0.5795324401
0.6738663313
0.4023436396
0.5992649243
0.4533032281
0.6908744356
0.4994570631
0.4594056515
0.6272963323
0.5759229141
0.8503756203
0.5935642293
0.4897346752
0.5731314582
0.3990271875
0.9574009024
0.7402713963
0.7043907551
0.561613516
0.8164726962
0.4018798674
0.448336702
0.7587884816
0.6021595854
0.7602256015
0.8160561014
0.7785711166
0.5998918848
0.6739716613
0.4561668118
0.4402718117
0.4777560266
0.5678947006
0.5116459981
0.5277947158
0.4954432288
0.5367819603
0.8855301371
0.5192955848
0.5626374452
0.8117673819
0.4880043573
0.8061922438
0.6691802484
0.6706376918
0.5283637126
0.7294516861
0.5410068799
0.4171712546
0.6762314621
0.4512778702
0.5555249566
0.835744563
0.6495969802
0.5699151526
0.6681518828
0.414080372
0.4969019465
0.6106472387
0.815469788
0.5259509793
0.4203075078
0.6296868218
0.5718430992
0.6053898521
0.4963736939
0.3916489743
0.4858834886
0.9018681371
0.6055839586
0.4236197638
0.3622148689
0.5548462686
0.5866406991
0.9999999984
0.5861607266
0.5846353506
0.5900543801
0.4275234697
0.8842154865
0.7314980734
0.5458805689
0.4830428721
0.6072204715
0.5063071779
0.5237689342
0.6394937862
0.6320310651
0.4344745462
0.4156629
0.4253489142
0.6055164098
0.3662662267
0.4038329313
0.533871304
0.8320834614
0.5446347754
0.7058816123
0.5311863686
0.4686359445
0.663962746
0.4588606969
0.6058727783
0.5314956429
0.5238145913
0.5653173708
0.7969351247
0.9281940215
0.6945535107
0.5671830894
0.6082243141
0.6359372456
0.4646751461
0.568273326
0.7313783479
0.5984434513
0.5611130396
0.5656273748
0.5193879401
0.4372104421
0.3944539902
0.7088242037
0.5479601067
0.5647080568
0.7652361879
0.6223433637
0.803200073
0.4150790148
0.5061629368
0.4581842602
0.6005392443
0.5559675007
0.6762139882
0.4883187182
0.4647661476
0.4239959118
0.7702079497
0.6136143621
0.5450881128
0.7626550111
0.4169644134
0.5560481124
0.4999715043
0.4666798695
0.4799839216
0.6663447344
0.4426274163
0.4489897336
0.5024550998
0.3927452201
0.4462658045
0.4075932716
0.5250380099
0.4603599911
0.6178811842
0.5408737588
0.4419785298
0.4487329997
0.467942095
0.5424609399
0.6780548998
0.6305466624
0.7522786894
0.7207514409
0.612887832
0.4425486226
0.6310943277
0.5089793054
0.6968542217
0.8996526812
0.7524199686
0.6059461294
0.5303284625
0.4789136523
0.8855457794
0.5913493695
0.7416458168
0.6339541619
0.5549447598
0.5725754524
0.5018024437
0.5859606187
0.6342798484
0.681897316
0.672052449
0.8714165853
0.665545623
0.7679917793
0.6614104762
0.6595806579
0.6106898601
0.5324087022
0.5894473821
0.8020147631
0.660775063
0.450584276
0.6899435159
0.6782924983
0.6579661511
0.4404501551
0.5865369418
0.739795974
0.6176343624
0.6020393589
0.5765111321
0.6293573188
0.7550817105
0.6235169519
0.8006078615
0.3893231539
0.7273391071
0.5687733521
0.652022069
0.6858248772
0.4780178726
0.3741118
0.7744476916
0.4563721691
0.7124770239
0.4505774862
0.5419453029
0.8224281405
0.3988623554
0.7620312683
0.4557522461
0.3797612435
0.7467331544
0.4870594508
0.8110525609
0.8465700346
0.4588670178
0.7461571007
0.5964254935
0.6752225131
0.61561103
0.417444348
0.6396792617
0.8830818748
0.679858342
0.726312225
0.5821139714
0.6249388338
0.5782722359
0.5129908844
0.8314440868
0.4008364924
0.6572155129
0.6681353557
0.5322808846
0.5428295977
0.6936945278
0.5427694531
0.6594061162
0.4520393501
0.5921317533
0.5540744511
0.5615365737
0.4324801209
0.6464270562
0.8024632867
0.5978645164
0.6585645275
0.7688656121
0.4296719529
0.9344737576
0.695768773
0.7652469409
0.7658902324
0.7249555811
0.5473637966
0.4403615598
0.8853324326
0.6176802968
0.8472852735
0.7096838834
0.6297311228
0.5475551367
0.7165744667
0.802415014
0.7821221849
0.7965265623
0.8077110357
0.6826156385
0.6310280156
0.9251908539
0.9168749086
0.7694023535
0.9643660417
0.5623473383
0.6477339711
0.7634226887
0.478085221
0.7451548658
0.6425695515
0.6928626249
0.4388197509
0.5738914863
0.5586133808
0.659186712
0.5409051942
0.6929307652
0.5377643201
0.5766544651
0.6923577485
0.5041847476
0.5601211366
0.6606497669
0.8922789615
0.894084048
0.523161331
0.5927972631
0.5976901863
0.9300516379
0.8907046233
0.6288090106
0.4746036925
0.7939598015
0.6115888187
0.9583273521
0.5641411952
0.6208442172
0.955845202
0.752363426
0.5089185371
0.7724752399
0.8132079504
0.8884274101
0.6005948496
0.5078040679
0.5400364297
0.7090834311
0.469621864
0.7390592973
0.8151005806
0.693935468
0.5520950615
0.4454114124
0.8678962805
0.7956690535
0.7955514176
0.5113966363
0.8266957271
0.4597285734
0.7148302483
0.5704079732
0.5468089492
0.6725177509
0.6648081868
0.6156482305
0.6201369832
0.630148878
0.6732868665
0.5607840635
0.9999978455
0.5976627276
0.74905976
0.6707305715
0.5503615421
0.6177924917
0.851617481
0.7210148347
0.8108793841
0.7007109643
0.6534482886
0.9882632827
0.472351938
0.563728852
0.7074787879
0.6508408799
0.5616473265
0.5141230575
0.5890615885
0.6682223618
0.762210266
0.6407974978
0.7210456232
0.7173898891
0.8593796301
0.7540059559
0.500520645
0.7725002113
0.7494753477
0.7630421231
0.6395703124
0.7819701472
0.6477294782
0.636497171
0.6993719621
0.5851843507
0.6045792349
0.667061169
0.5809912044
0.6464096534
0.6734266878
0.583048215
0.6911697618
0.6979766536
0.8300456232
0.529498967
0.7488089763
0.6537426511
0.9712447075
0.622176759
0.5250428054
0.6814877564
0.5165363179
0.6454117615
0.6217737846
0.8953872563
0.6193953524
0.6424279021
0.7214471158
0.7207557403
0.634980942
0.5032426958
0.7226491556
0.4839424642
0.8737263046
0.9140631827
0.8872735531
0.5483488007
0.588612297
0.5405025759
0.7879230844
0.6398774212
0.5888812351
0.715141879
0.5174656737
0.97146071
0.5158439426
0.52819493
0.6050843902
0.5003939738
0.6951500139
0.5249587921
0.7265215605
0.4576595714
0.8566439392
0.9243431415
0.6469095565
0.5993776347
0.8349557053
0.5589496513
0.7644603401
0.9999024772
0.87032459
0.7044115324
0.6928511616
0.8856981551
0.7903745918
0.5815498592
0.6483620275
0.6041863418
0.7220854537
0.6442863238
0.4715193064
0.4408260725
0.5106404564
0.9679757244
0.508834912
0.6763332268
0.996639115
0.7659870977
0.5783140013
0.6930580919
0.57265142
0.7552770371
0.8605412797
0.6357165768
0.7434501679
0.848920806
0.8379547676
0.4312074759
0.436114448
0.5780577359
0.7668811014
0.8873919799
0.9311929119
0.8159158748
0.5853579778
0.4410296236
0.7031794151
0.5429027016
0.7977089948
0.5919728168
0.4809950246
0.682544888
0.5759574319
0.8009451946
0.6374667445
0.7136216703
0.7597251076
0.5499432763
0.833226257
0.5255245029
0.5822437448
0.6740847705
0.8008554936
0.5997648427
0.8625506292
0.9426577076
0.4499606054
0.6513731627
0.8234022494
0.7864789918
0.5915488648
1
0.8566314357
0.6397731272
0.6311186916
0.5903765383
0.7906217076
0.6266263704
0.6967879455
0.547038734
0.8816265509
0.8140834942
0.6430922261
0.6374455048
0.6750372386
0.7705075096
1
0.6033328826
0.8808731925
0.7019058873
0.6294839152
0.6776973869
0.6695826319
0.6984348452
0.7883533303
0.6667300281
0.9999967406
0.8530495882
1
0.9254199213
0.7805402536
0.8201445858
0.7619850687
0.789125512
0.7919763564
0.7932840198
0.5519873957
0.9751752441
0.5217307874
0.8056203423
0.7567759825
0.7582932736
0.6756189917
0.6288205621
0.7041339653
0.5230020471
0.7979364342
0.9750083572
0.947311081
0.6355267117
0.5648874438
0.6286069996
0.9017807169
0.8813628052
0.8955231751
0.4989160216
0.621929491
0.8948111912
0.8068466847
0.7660611329
0.5183964911
0.6299880258
0.7481027069
0.4745916683
0.7464721646
0.6325337631
0.6430460365
0.7349600146
0.6531902672
0.7990416747
0.6967050715
0.5542763083
0.6503696014
0.6801614365
0.9668675994
0.7554476335
0.5603500107
0.9695282617
0.5378462213
0.7096649103
0.6632593224
0.6046417739
0.8288961955
0.7050027074
0.6769436426
0.8868403966
0.8990590729
0.8794159232
0.7361382043
0.806649418
0.6806854071
1
0.9475386587
0.6986467282
0.6852824602
0.6415820004
0.7826683106
0.9084362237
0.8903963363
0.9086303775
0.5681189381
0.5948862838
0.9543106834
0.5949007823
0.5345473891
0.6555129845
0.6496625578
0.7467995853
0.8016901808
0.5905742483
1
0.7409561884
0.5989477394
0.8324862536
0.6741714319
0.815333656
0.8914696861
0.6337063915
0.532095866
0.8146700379
0.8203769701
0.7600675752
0.9222273234
0.7203854736
0.5478525719
0.5614697991
0.4951093723
