#################################### 
# Matrix Size= (25,25,400)
# Resol      = (1,1,4000)
# VoxelSize  = (25,25,0.1)
# nbVal      = 4000
#################################### 
3894.53069
4312.126376
3910.059601
3419.695855
3387.244469
3899.09811
3987.262804
4455.924285
4674.883395
3697.927794
2960.597783
3377.947428
2569.616255
4130.983871
3099.814369
2986.503164
3461.491266
3787.524477
5546.527908
3668.453022
4397.34667
3897.318686
4327.156211
3137.628313
3813.152661
3590.648761
3439.392588
4588.520374
3172.130739
3623.593247
3149.007978
3668.669096
3390.00244
3942.018216
3785.321799
4427.229693
3770.2378
3941.478645
3715.458485
3361.700694
3873.089107
3502.297806
3437.870365
3454.496227
3555.688264
3610.060486
4546.747151
3270.577108
3668.063579
3349.76349
3071.174741
3053.626018
3665.981945
3815.485577
3715.840955
4070.642158
4145.906934
4082.864008
3364.994672
4069.304673
6478.02596
5078.067316
3931.856394
3727.987165
3308.789201
3628.020973
3800.862164
3520.992587
3476.949987
3965.713878
3806.437405
3194.400655
3265.607563
4124.854401
3692.535091
3399.538673
3732.40206
4676.332996
5020.623128
4174.584597
3786.89394
4229.815636
4661.394323
4123.52861
3690.26631
3668.966435
3737.375928
3685.793729
3563.53491
4959.610801
3398.791479
4262.901505
4760.357122
3860.983046
3633.168913
4817.286368
3678.207193
4184.838676
4258.946126
4706.497694
3727.895687
4896.398628
5112.531966
3503.427068
3361.692781
3644.251264
3601.170364
4157.162463
4357.214379
5873.548741
4640.470369
3829.241221
3882.54532
4673.489159
4540.770905
5171.716965
4236.592184
3502.228938
4070.380984
3491.617246
4000.910124
3855.560244
4756.246459
3632.966067
3754.529281
3967.178832
4350.832984
5005.110368
4047.733651
3460.125382
4353.140325
4180.006503
3678.8843
4187.610033
4623.61072
4596.628826
5283.913152
3973.458795
3994.895387
3612.758007
3641.203243
3888.199832
3647.680238
4078.927832
4426.639615
3777.816753
4020.704614
5696.388002
4308.719295
4204.976478
3803.784401
3641.386526
4034.628865
4504.564715
4850.361758
4085.509174
3753.540662
3905.069728
4772.87523
3859.390997
3522.496154
4281.635462
3542.252274
5273.095017
4861.988606
4088.676033
3947.33365
3607.134151
4144.815733
4126.016032
4306.659798
4193.950368
4048.557541
3849.415673
4533.093186
4958.603559
3967.383187
5336.105307
5088.329545
4252.880232
3467.942042
4373.853112
3463.434173
3597.769695
4122.888979
4018.684908
4317.239356
3728.583201
3824.755834
4688.928437
4153.176376
4976.070697
5376.543096
4726.064618
4050.41215
5380.12204
4409.716235
4095.5302
4377.899989
4219.193083
3962.810066
4540.688863
4290.82512
4290.890711
4308.482964
4367.093085
4138.940297
4588.699846
4338.444747
4843.576769
3774.191563
3845.253099
4606.553411
4849.461423
4393.861506
5133.337065
3929.658844
3886.001133
3790.110114
5078.146888
4996.900383
5064.032085
3828.980936
4493.391779
4302.123631
4420.500624
4400.047092
4044.739646
3829.654103
3810.799652
4858.899305
4616.233374
3884.721348
3909.169144
3710.057481
4496.009994
3979.133888
4554.316335
4475.169907
4714.813335
4017.390256
4145.623846
6048.462731
5941.172717
4197.622726
3846.259871
5170.164304
4565.777392
3787.507757
4526.784973
6739.821277
5410.958382
4617.230377
4178.946355
4578.153069
4222.178463
4082.715681
4547.768737
4258.541959
4178.964832
3913.387328
3855.341963
4152.272596
3927.288082
4408.722016
3932.027608
3813.485768
3773.490081
4952.078826
4030.810348
3764.532366
4451.850922
4553.066763
6137.500951
5985.130744
5221.526514
5025.044683
3955.580106
4343.254937
4767.749837
5653.229716
4387.67546
4056.281548
4652.550387
4098.597946
4756.240257
4454.158946
4078.376779
4112.18936
4392.40027
4588.36899
4544.288703
5695.003332
4498.010583
4737.827253
4348.48234
4022.614573
4956.697808
3884.252879
4632.12518
4515.328076
4391.242405
4889.685327
4504.169283
4418.35791
3941.457756
5126.088235
6910.218501
6165.854259
5754.169802
4071.061684
4444.145199
4634.828891
3861.291392
3715.702081
3880.626754
4485.830289
3919.464153
4359.257173
4619.339891
5327.066117
4625.76895
3691.757152
4165.010831
4305.473787
4337.259348
4761.588893
4261.336729
4169.768049
4841.030987
5297.703269
3982.766035
5004.217214
5261.957521
5187.655907
4635.851943
4228.472148
4788.562485
4724.289887
5430.862512
4180.263423
5267.84391
3903.182578
4369.959433
4274.773822
5668.187875
4445.691379
4728.610986
4404.319247
4536.007848
4139.419403
3985.375474
6186.658502
5540.981576
4986.142927
4288.706969
5241.235961
4509.202035
4696.647969
4808.710167
4461.459171
4006.877593
4382.106143
4634.926603
5279.478312
4146.583653
3815.655028
5444.036964
4420.41101
4229.174961
4890.656515
5082.67351
5392.281876
4157.187599
4505.965236
4681.536058
4085.074234
4754.635536
4946.823097
4581.452406
4311.980686
4776.57221
4106.058002
7077.585173
4550.328791
4394.812144
4791.188689
5507.571128
5525.501717
4305.646017
3999.257877
4418.398008
4132.42955
4818.560963
4894.281265
4334.039434
5033.008739
5198.818497
4405.572513
5403.624396
5356.45509
4258.878059
3968.743016
4295.745942
4308.033151
5021.642341
4864.830564
6570.849976
3962.943351
5219.001207
4238.614115
5265.041588
5204.687096
5360.962934
5761.547526
4812.075296
5789.784197
4789.819629
4649.109044
4178.212255
3819.498001
4295.697475
4636.24553
4131.036216
4430.674099
3963.865152
4417.994804
4216.890738
4835.570118
4511.966256
4354.207688
4445.910453
4929.389312
6853.403874
5299.85653
4917.184685
4666.362273
4631.784702
5647.669902
4373.39646
4242.54511
4161.406465
4434.607774
4697.930364
4295.39648
5254.941794
4900.468379
4799.901151
5036.838653
4437.66897
4688.534999
4869.128708
5438.164362
5153.465791
4949.593936
4927.624299
5129.019909
5558.854988
4209.538577
4265.519491
4306.564301
4390.367719
4217.587356
4588.129252
5391.89896
5527.910367
4646.522217
4129.014817
4930.430307
4588.118988
4332.054064
4108.830828
6115.868616
5622.08243
4637.751732
3954.530389
5203.836792
5325.07591
4633.367697
5249.173568
6771.642798
5358.691811
6843.356344
5355.034673
5053.218968
5088.084547
4535.080002
4690.646524
4329.149149
5030.176755
5138.697631
5676.905516
5050.692174
4634.763103
4251.457818
5225.070634
4113.448762
6005.527397
5318.327014
5906.015556
5097.701353
5215.770215
4861.376453
4477.696987
6069.461798
4876.940909
4658.376574
4490.856895
4739.617122
5463.387348
4956.515612
4869.299571
4783.786845
5686.21834
4800.631434
5043.545285
4560.080243
5141.013649
5633.56119
4722.034678
4569.24033
5614.481781
5700.554586
5297.122877
4667.567933
4753.972656
5235.721288
4642.470872
6154.42422
4973.773787
4888.939845
5693.489089
5502.709399
5175.104762
6265.864742
4713.20435
4411.639205
4635.115602
4386.315426
4200.240587
5336.681704
4235.709365
4692.802383
5679.230117
4502.031049
4030.551178
4568.623959
5200.546421
5000.703166
4987.810575
5161.576632
4646.511915
4960.085741
4538.721426
4746.135793
5467.961459
4928.446824
4531.533844
4785.511066
4409.067838
4966.350565
5782.980738
5005.48164
4836.161942
5048.852842
4924.879629
7105.054783
5689.642345
4616.719842
4412.99782
4565.913444
5044.577095
5228.297689
4915.616165
4446.226905
5778.359016
4572.101288
4649.303035
5354.807816
6052.524769
4739.500113
4354.254569
4851.396917
4919.240048
5137.658726
5378.879204
5335.755273
7386.35595
4849.96185
5967.764208
4635.18407
4823.036453
4460.192977
5691.190188
4653.25602
4251.864349
5353.298213
5010.656946
5389.882792
4979.297482
5067.098789
5539.356649
4527.512637
5537.488247
6063.253344
5219.900114
4260.775976
4566.64871
5799.687148
5083.061421
5025.533026
4220.321659
4324.401318
5602.459395
5949.137488
4464.581654
4318.344188
4534.124898
4831.247199
5918.224568
4664.060725
4853.597489
7326.18674
6510.971347
4609.909843
4304.504083
5290.649827
4736.51394
5204.916351
4295.706172
4659.191267
5012.588159
4971.631759
4958.880125
4572.849883
5101.580318
4743.550308
4601.094685
4685.523489
5377.635809
5016.509508
4783.733092
4813.987625
5366.169896
5106.827819
5520.799165
4427.980315
5093.549773
5330.398158
4524.911669
4403.079594
5179.305692
5129.793811
4887.165092
4682.606634
5419.672811
4936.255517
4909.622068
5856.098941
5103.357489
5523.667587
4956.111972
5198.147811
5729.60589
4686.663794
4783.83083
4711.554612
5057.443879
5198.703969
5013.127837
4563.095853
5092.710055
6454.995274
5362.895667
5194.583058
4706.936245
5861.981183
5655.490989
6529.485176
5294.539033
5064.481151
4841.00892
5269.10694
5498.744912
5736.707878
5259.727625
4768.87123
4783.758337
4878.911847
5247.410902
5471.19426
5851.00263
4835.459333
5933.876257
5665.80216
5191.253659
5045.521199
4568.600056
5754.950908
5129.950399
4753.842838
5008.095181
4840.034154
4695.934774
5337.05786
4638.96115
6219.67946
5117.192036
4749.15986
5308.948012
5920.924662
6389.081495
5180.203468
5479.964157
6032.306099
4803.227364
4410.746968
5099.890505
4734.524364
5343.502011
6255.126916
5512.541987
5159.755871
4626.136783
5382.805637
4662.121466
4763.372035
5404.091483
5123.014543
6439.934542
5035.471427
5526.554748
4711.825113
5414.002633
6112.108502
4644.566175
4929.759152
5018.165534
5604.967121
5932.327143
5930.86769
5308.973352
5387.362707
5281.766475
5160.699808
5459.614321
6097.248051
6117.087892
5966.87476
5389.983907
5916.18589
6074.097786
6265.973283
4866.771157
5118.412286
4725.679736
5009.589601
6225.17139
6115.869089
5632.496432
6634.866118
6477.099807
6671.026048
5012.008908
5483.825036
5172.160988
5523.743822
5210.604433
5258.720266
6403.322689
5367.06241
5744.525317
5694.765515
5460.304251
5583.787124
4971.698647
5054.304815
5974.37765
5027.89707
4711.639105
4854.767484
5193.063736
4993.678208
6112.440102
5463.565379
5324.721885
5218.881587
5555.912659
5539.071696
5262.673315
5062.708693
5328.512106
5886.093006
5848.671543
5658.79296
4928.378856
4993.225675
5187.902077
5745.358148
4977.702699
5077.808787
4847.135989
5754.327034
5246.925932
5870.04525
5141.379657
5491.893193
4831.277929
5096.754716
5004.003908
5305.201514
5495.27613
5060.708668
4727.584932
5008.226849
5302.370014
5496.968417
5018.753686
5433.192328
4976.336575
5455.13892
5769.926624
5539.733157
5659.622441
5493.644279
5222.061997
5276.499276
5846.569113
4818.485509
4627.471919
5330.019431
4862.603216
5244.669934
6643.227805
5520.108921
5359.937576
6326.505651
5594.174509
5881.240356
4834.393878
5338.555133
5318.87941
4927.930125
5542.665751
5597.336722
5055.903808
5262.629484
5350.687238
5301.518929
5078.643687
5145.679655
4835.01897
4889.961562
4713.018323
5029.372019
5189.147657
5907.961155
5764.215676
5089.94685
5278.700046
5348.991156
5720.091321
5684.612148
4921.850002
5857.7996
5191.603786
5268.480494
4915.486641
5739.922361
5434.034664
5209.491686
6195.20309
5211.048074
5472.33311
5598.494902
5507.346179
5050.557244
5069.531027
5437.655781
5514.265482
5301.012384
5739.263409
6052.298391
5705.755329
5730.286783
4686.383711
5143.815784
4931.541376
5393.329514
5971.99201
6880.730313
5940.168642
5547.589728
5612.023195
5512.939389
5656.021331
5315.045022
5634.176982
5116.551525
4953.731233
5135.323855
5611.450639
6159.894568
6663.499204
6355.978789
5078.394862
5384.059641
5204.460466
5603.561345
5481.263708
5281.615257
5894.911198
5446.433452
5694.861242
5977.2179
5506.004703
5516.161917
8441.148415
5814.354249
5060.878691
5170.443144
5139.450377
5064.172988
5414.780012
4769.498836
5094.058638
5470.299623
5520.075894
6480.446776
5770.660569
6180.074154
5712.426544
5199.46412
4915.053791
5011.945212
5516.286521
6866.03873
5254.720096
5652.150006
5842.088107
5156.541049
5467.95128
5808.91747
5183.753601
5314.653084
5462.62811
5195.735759
5364.324722
5504.464206
5321.781961
5448.848711
5522.066539
5657.004177
5551.226124
5810.995679
5264.582497
5550.106028
5341.382235
6321.263453
6047.971439
6205.06782
6316.579836
5435.625712
5338.368639
5817.231758
5934.592876
5525.81269
5365.18638
5487.7124
5501.750423
5537.152632
5744.698234
5494.146931
5718.69088
6097.962781
6505.951657
5630.606923
6485.263143
5841.321728
6380.005536
5862.724452
6133.13966
5492.044994
6345.847716
5408.2338
5290.105154
6208.94003
5527.750956
6560.243687
7282.041997
5724.667241
6384.049389
5260.087466
6560.4427
5483.847029
5829.799451
6551.559833
5898.691194
6202.204316
5847.670605
5836.812876
5934.669429
7176.613138
6232.813496
5787.030664
6770.556729
6112.349738
6111.269111
5205.276513
5507.751361
6048.822516
5217.551895
5110.318271
5220.560134
5997.666833
6477.899609
5657.103847
5610.192273
5875.374117
5891.696865
5912.163552
5373.348745
6588.566111
5751.012894
5334.942668
5327.643625
5323.576415
5373.030891
5797.0067
6123.793415
5667.345757
5679.156877
5757.419556
5566.229874
6149.238465
6455.650416
5789.418501
6155.319656
5998.668973
5061.371564
5908.450083
5491.777419
5459.602315
5907.165236
6378.558433
7084.00949
5756.621617
5538.079469
5392.020605
5550.497192
7377.971804
5055.041904
5559.198507
5565.959456
5943.224441
5413.620265
5902.681284
5652.213961
5974.783882
6399.284668
5933.989302
5850.503277
5405.421469
5533.694724
5952.146883
5509.145199
5868.082996
5986.453412
6159.451915
7172.582415
5728.194222
6650.890685
5802.470954
5654.334696
5548.062649
5990.379686
5596.026534
5572.261113
6506.092742
6805.724702
5781.605717
5615.178398
6238.281703
5092.464779
5839.279368
5646.423943
5851.481544
5537.717094
6600.624624
5886.821194
5424.081997
5509.442525
7076.731658
7240.917635
5957.208396
6913.537503
6774.269626
5808.849185
7222.726139
6741.378825
5949.802653
7116.755523
5397.476935
5267.056776
6294.331371
6851.74664
6298.541517
6043.20736
6874.937533
7225.214557
5895.548498
5788.242115
6456.786219
6506.921924
5605.221292
5688.008994
6587.699855
6476.843201
8696.574464
6326.502238
6397.395996
7256.121942
6040.72694
8694.943252
5892.278274
6375.303104
5810.716588
5689.575694
5525.817983
5904.046613
6170.600542
6165.222134
6546.830439
6021.318704
5477.03622
5551.59281
5925.662382
6447.246223
6486.896088
5748.274919
6034.098729
6123.148108
6284.386689
7264.686781
5862.078269
5753.738221
6028.71526
6336.03155
5893.24535
6884.563744
6041.320954
6531.25972
9108.634205
6468.965434
6177.959243
6788.917989
5596.11953
5836.999563
6244.542745
6673.356165
6892.258845
7538.264356
7667.048565
7395.466016
6347.871042
6248.789101
5862.808027
5886.106791
7057.646846
6412.181368
5960.983074
6296.572991
6831.991414
5632.935562
5862.865065
6136.329175
6560.178457
6934.772653
6332.718034
5818.713325
6121.919443
6163.681555
5892.725743
5911.034171
5791.11485
6733.339238
6171.390995
6688.376684
5783.46845
6336.072147
6409.782491
5940.04604
7012.696496
6935.209329
6041.480634
6265.926744
6386.668436
6627.726917
6237.543806
6257.587513
6467.592512
7595.079675
6200.466436
5992.465765
5876.030488
6599.378101
5667.814121
6428.350783
5523.160937
6890.776086
8099.262262
7165.859961
7386.039978
6410.762372
5708.625668
6097.024159
6765.210838
6193.173081
5919.522618
7925.340475
7102.379253
7166.898807
6071.277093
6692.640348
6218.883727
6208.609149
6902.593967
7205.11367
6381.018101
6875.857751
7196.023369
6387.687059
6664.613062
6622.563182
5953.744959
6843.290597
6125.855752
7588.278002
6209.814389
6233.382393
6194.853689
6157.616861
7013.176038
6424.816367
6359.741902
6882.948624
6480.850754
6310.828819
6445.335765
6647.705983
6827.338405
6473.521093
6315.54039
6018.877271
6551.892815
6038.829184
6046.533179
7191.529422
6113.77273
6284.994053
7236.301179
6596.32477
6332.34219
6697.980816
7007.222629
6097.068393
6235.211382
6313.711182
6401.388644
6662.857328
8363.424777
7280.13259
6408.48533
7196.054939
7119.866257
7163.767426
7392.610131
7304.074775
6422.273623
6361.614041
6356.742859
7502.091926
6259.154202
6269.990158
6570.560726
6886.455478
6912.179083
6058.727606
6323.709191
7260.359673
7402.546217
7895.374153
6810.545507
6407.994154
7078.883572
6430.996457
6119.102625
6616.739227
6317.20772
6622.942018
6888.894403
6478.16007
6313.071829
6437.232193
6651.493333
7011.494756
6661.098205
6692.420192
6645.666988
7230.568495
7197.972075
6460.698503
7202.249052
7653.216339
6902.257336
6460.746931
7344.325106
6697.514201
7120.524725
7234.709384
6787.585877
6687.98361
6863.239417
7233.997596
6937.337149
6869.260277
6691.252225
6650.640502
6666.600379
7330.695549
7137.484394
6360.141509
7555.324902
7463.644048
6775.098457
6392.267818
6358.714995
7393.870741
7061.184672
7069.545175
6432.974722
7235.760244
7502.417096
7024.506579
6572.544271
7332.799668
8061.390826
7444.874229
6870.281749
6858.564445
7081.154108
7230.862589
7728.597501
6864.442751
7030.699964
7068.050092
6513.441207
7034.613401
7892.469212
6765.173999
7324.560795
7475.65728
6745.625755
7412.750293
7802.542037
7542.766909
7421.927412
7366.488746
7951.40268
6840.649728
7136.556304
7905.605982
7150.985811
7327.557651
7628.052493
7466.778947
6898.985016
7723.029273
7269.213827
7148.852394
7575.75945
7083.142903
7464.086576
7586.343108
6829.649856
7531.023484
7489.199424
7002.803433
8402.961215
7341.311508
7458.462542
6917.663867
7405.401831
7257.717367
7016.471907
7133.7756
8722.286673
7033.061624
7602.328794
7904.521427
8006.651318
7394.104983
6693.562843
7191.151919
6984.548442
8571.873871
7311.12103
7611.159429
7521.518169
7454.552694
7495.41969
8180.388806
6901.067226
7610.213133
7661.182881
7110.95652
7357.948197
7519.627542
7433.076921
8519.817698
7645.844978
7483.242445
7509.549163
7063.413716
7850.55543
7781.358663
7313.204897
6992.287347
7664.640189
7796.452564
7742.193647
7218.281192
8528.204178
7633.932059
7422.520219
7258.150086
7155.773759
7947.427967
7492.016424
7717.373437
8074.403782
8022.104894
7522.728339
8220.438345
7140.144781
7831.535799
7314.738883
7689.449142
8426.883111
7334.551845
8149.124061
8469.765916
8278.342854
7754.276823
7348.970109
7377.824419
7591.185106
7383.953679
7673.03153
7151.441863
7200.649245
7313.660818
7307.659081
7608.958772
7804.479487
8193.268965
7594.992255
7659.62609
7352.138416
7891.690392
8026.580019
7628.333741
8036.173506
8393.910233
7851.237149
7975.959553
7623.424118
7434.461829
7368.795155
7544.30178
8435.408016
8328.986027
8751.133647
7749.171028
7977.222405
7696.54402
8016.810419
7747.169709
7668.084002
7581.079376
8045.609927
8285.392053
7946.269925
8198.221881
7813.898485
7941.442156
7771.090086
8983.59894
7923.34578
7443.580992
8581.258608
7829.291491
8643.882325
9069.508566
8548.74043
8418.953025
8517.86269
7834.455892
8334.707754
8430.230084
8045.162645
8136.818292
9273.260091
7886.560461
8243.360239
8367.728777
8334.35269
7992.864589
7913.578973
8321.195354
7791.61738
8947.978641
8146.305451
7875.632179
8514.535716
8674.250707
8364.814712
7847.785354
8360.145724
8918.149112
8791.60011
8400.327531
8180.193104
8265.867228
8034.800437
8849.930011
8423.051626
8275.140934
8235.430086
8567.492523
8740.843158
8463.190286
8204.656136
8849.789216
8433.014435
10263.14228
9035.617916
8438.674569
8731.834965
9708.031229
8438.112885
8379.908177
9230.604433
8301.220805
8669.399071
9059.190923
8590.016633
8608.432067
8830.665335
8649.539344
8408.276688
8577.117772
9897.459727
9971.061921
8535.601339
8616.097169
8330.552917
8534.330742
8468.72015
8951.103361
9116.790315
8632.67543
8956.888305
8931.194702
8907.828906
8675.903994
8815.283996
9392.332947
8529.763657
8562.522853
9208.845725
8914.432987
8648.630382
9181.586145
9148.382485
8537.305759
8708.153981
8568.863766
9310.031762
8963.737143
8718.502165
8887.774785
8988.679979
9567.18054
9496.785086
9372.796104
9067.710956
8925.239868
8731.100825
9111.169431
9268.807587
10138.9599
9202.919911
10287.0726
10802.6006
9347.130891
9131.697515
8691.730454
9399.277795
9779.000892
9305.291747
9258.813495
9101.02988
9772.755741
9650.000758
9272.55094
9578.988581
9232.379574
9280.35922
8771.959268
9091.158581
9473.904722
9527.400526
9550.528155
10036.3914
9927.105652
10050.35879
9578.524996
11635.66863
9361.877382
9263.872802
9815.599618
9364.585717
9581.767656
9586.237077
9470.541316
9142.575262
9352.849948
9679.282196
9651.244115
9763.230144
9561.236298
10449.31244
10143.13946
10143.48518
9996.292305
9764.444329
10477.25638
10005.54778
9909.989766
10312.0295
9738.21608
10141.07737
11033.50928
9940.511954
10195.41344
10407.89681
9820.655049
10116.93734
9923.789767
9721.959762
10563.70305
10345.40298
9871.14401
9943.230693
10023.01303
10142.43873
10160.01654
10855.66846
10125.27531
10058.93425
10729.79321
10692.00318
10220.03801
12017.98586
10346.17894
10421.69493
10228.13157
10288.56874
10524.53605
10686.58229
12319.01618
10550.98157
10483.59589
10282.26204
10278.95984
10166.76551
11722.52403
10508.98585
10634.14393
10710.85237
10554.0399
10720.09606
11010.1998
10847.85827
11196.90348
10928.19814
10858.77173
11029.70056
11476.7553
11504.6693
11225.15517
12339.30193
11518.90971
11401.02006
10823.59808
11460.38335
11356.83086
11364.89345
12211.0951
12015.03961
11046.77672
11965.43049
11435.06548
11174.3943
11710.89663
11560.40156
11449.95937
12883.24269
12010.87264
11968.3416
11558.28096
13323.52332
12227.7428
12731.50764
11612.22626
13063.83061
11657.4983
12568.8229
12533.29552
12094.81694
12002.87696
12116.82222
12349.57891
12492.76851
11917.46278
11761.91193
12579.19972
13090.32819
12847.1252
12142.89787
11983.68772
12520.50389
11717.41847
13142.25261
13196.60558
12422.94761
12323.98438
12023.28748
12165.94846
11969.2633
12766.1063
12425.9318
13045.29349
12864.50942
12889.50778
12577.14002
12535.1827
12693.87489
12929.84208
13046.59725
13212.45611
13268.69509
13303.16316
12598.7752
13464.19914
13682.21357
13532.54962
13219.61027
13323.80989
13259.1528
14320.05387
14043.96704
13751.10256
13683.40605
13772.11101
13842.41228
14183.28065
13626.68853
15532.89998
13943.67884
14950.40627
13958.78437
14436.63498
13699.35986
13995.9072
14327.4271
13824.41354
14368.24735
14673.88799
14631.78187
14848.15301
14722.0133
14717.35151
15278.92179
15133.92663
14641.39161
14114.5215
14870.65572
14780.64104
15294.50333
14753.86949
15242.21443
14972.40173
15212.86182
15519.42106
15204.09909
15721.85671
14984.78862
15963.52486
16094.86136
15602.81466
15485.73266
15388.70257
15873.09032
16362.70752
16139.3985
16224.37539
15731.13544
16565.4782
17191.01983
17392.06399
15765.80471
16187.51847
16852.7519
15957.65573
16440.04197
16471.68531
17822.87666
16470.97388
17282.28069
16441.86538
17448.05471
17095.45045
17367.11965
17670.73927
17203.65698
17088.7144
17639.66853
18301.99822
17585.08218
18272.49361
17808.93138
17919.72767
18496.02497
19880.57214
18515.12402
18820.75286
18462.2804
18907.95718
18797.82033
19463.58768
19626.22217
19153.79812
19211.90921
18659.51418
20203.2062
19615.38325
19197.51348
19577.84459
19923.59684
19979.80237
20392.67105
20242.34185
21204.39487
21545.44665
20764.73629
21757.1776
21370.98671
21382.55077
22531.94409
21207.52163
21627.82423
23069.58828
21310.98401
21481.39135
21673.80159
21989.33007
23087.21957
22317.25549
22564.55308
24425.02482
22127.92155
22845.92785
23875.39256
24023.15099
22624.19453
23866.89764
22811.61686
23356.13437
24472.58593
24189.11787
24473.69803
24428.63691
24313.96533
25911.0597
25342.98342
25738.89169
26081.85058
25512.91198
25048.25836
25977.40301
25883.59211
25892.13235
27056.0636
27441.97688
26977.10294
27072.06912
27306.61252
28748.12718
27988.40704
28243.35506
27551.53089
28818.09431
27974.29382
28775.52371
29722.13984
29518.05489
29762.26373
29784.13352
30205.51038
30568.82716
30093.28557
30701.42933
31216.94243
32008.87005
31668.52429
32374.63589
31659.24863
32413.16077
32908.75253
32422.72519
32894.67134
33688.0267
33856.39596
35243.46209
34581.38878
35070.95382
35551.45256
36123.26508
35529.296
36301.40062
36130.42856
37451.88368
37122.57114
37240.30427
37229.4712
38847.824
38588.18347
39134.28795
39725.35996
40801.95142
39465.6479
40656.69865
40409.44467
41011.38984
41221.90742
41255.67588
42005.21798
41465.24779
43192.55724
42377.37828
43830.41942
44407.55263
43130.21871
43473.36687
44309.59125
44734.78723
44229.83015
45024.57837
45220.5109
46671.96816
45554.35814
46851.16268
46883.04117
46346.01366
45776.44356
47153.9682
47833.2802
46561.63891
47127.24331
47541.06101
47102.00567
48180.14503
48105.22361
47657.97586
48357.08161
48519.81734
48274.0195
47591.50156
48065.93042
47554.34063
48340.06698
47384.20284
47946.52852
47296.39436
47046.5939
47318.67934
47114.02383
47130.80699
45890.59844
45696.35429
46001.03998
44938.95675
45194.06162
45328.35184
45347.98542
43834.44467
43073.86676
42279.67474
41944.14106
41725.28293
41236.79825
40538.30715
40320.71678
39982.20906
39506.38709
37995.17875
37160.22076
36718.21806
36681.15992
35964.19208
34785.59249
34106.37953
33581.04474
32828.75981
32702.38899
31607.88939
30990.46879
30095.4517
29100.77014
28433.3633
27293.37067
26866.06375
25643.98696
25636.6933
24981.94142
24436.80082
23533.20827
22384.93821
22072.91919
21329.57926
20251.1631
19642.92052
18953.86504
18202.06836
17207.39686
17072.01873
16084.02125
15643.35218
14705.62944
14352.50451
13179.31507
12839.30981
12172.24353
11467.42555
11119.29485
10520.95289
9953.501542
9722.514843
9330.192287
8907.096968
8193.098801
7796.876485
7107.877979
6801.284143
6470.537945
6261.138209
5688.895194
5478.812726
4969.147085
5067.02833
4603.917911
4127.80726
3674.755068
3864.565342
3465.43963
3312.047812
2874.770433
2774.304556
2459.436198
2531.415784
2180.798738
1932.060841
1906.93778
1726.367142
1775.08562
1516.693009
1475.809622
1317.151418
1199.227047
1108.966052
974.6857865
1021.890984
906.6667349
771.0183379
863.3461372
655.552556
649.2248258
533.3547154
521.7755489
384.1793692
459.2947652
449.6862589
334.0931265
353.6059339
279.2022158
292.8750544
227.3062225
232.6736645
527.6207542
232.6643945
155.1981738
133.6760813
157.9985856
79.18455268
96.34472346
47.93841252
84.27140344
110.6524042
50.02110335
55.44190747
54.18388344
122.1071559
71.89801055
54.710649
41.35409731
72.93236151
31.6078716
26.59975973
37.25480629
95.49286171
32.25501789
40.82383818
26.85555191
34.50019736
41.16269033
36.95954453
50.40109846
31.52620801
15.66099478
32.41844266
50.11498185
36.53479296
35.93633549
39.28426918
18.53871311
76.87532058
4.656413337
25.56394313
31.38815122
128.2333742
33.80442742
150.9864805
24.80704071
23.58737975
45.37894522
35.33971608
69.89402847
14.67872255
19.44899274
38.27638821
30.84971021
10.53305975
61.34532967
360.6991092
74.3462623
33.99437804
25.418913
38.30445806
16.56544926
29.90186225
56.01140748
54.67645265
41.50335424
97.52255675
47.75458597
51.21774977
42.26489548
37.26645919
24.99035607
50.58784822
28.50449553
33.68426899
19.15882621
17.43342122
31.23582045
14.8717437
33.87883422
25.38788556
21.18531194
152.7056127
26.89330136
28.09971031
105.1739059
37.09926269
25.62441886
29.72891161
30.43578307
13.95794147
17.21003157
35.35695343
48.81113297
51.81358589
82.76250432
19.45787415
28.59897719
117.8832179
115.067256
70.76420113
41.86327942
408.782521
38.71413116
44.80060008
28.63582383
22.65795321
217.3138112
45.57945561
34.50401715
13.57071373
26.84049983
18.81926529
27.79876388
8.498254386
84.51304556
88.89434359
251.5857981
38.72194418
36.03878601
57.72227253
13.04176329
48.77116436
42.06167696
31.69487285
46.17579876
6.57249089
75.11243597
54.80538247
83.22175288
65.82413716
33.93728178
21.90391896
201.1428888
26.05258696
41.12676123
55.43760875
37.37570971
30.04420832
29.0186366
18.73307548
15.68614668
17.37641321
18.96817548
25.76974374
12.18010926
30.15849791
25.69868938
42.2130926
14.6134964
29.56664178
147.7273058
6.535256759
3.939964653
11.93062367
56.10947954
18.09898015
28.64672852
16.15572067
13.3910529
74.51853863
13.78993161
47.95508711
21.6424258
14.09663703
51.37180923
28.19603047
39.77543868
16.2292834
18.72808107
19.50763453
18.3011655
10.38581333
46.12464097
150.2276692
35.32275309
37.52844579
15.41433446
22.09362511
33.52166649
37.5629154
21.19367621
27.47424658
6.528221085
15.43861469
46.09156132
27.951761
44.38077176
12.01826068
22.78642981
26.79040678
35.9181128
7.394001886
56.29013392
37.63200298
42.16789241
11.13442225
31.20382696
36.09214021
125.9089855
84.61520274
20.05481868
39.5152187
51.03183164
31.57191044
36.11312058
17.2658917
17.97048714
6.965373643
78.64140167
28.51627398
4.977064958
38.51553471
5.460603321
20.43651673
5.511438338
17.82296469
16.43320946
4.951575904
7.686120316
8.591036099
18.96352041
30.82034575
13.57022664
32.77377006
30.99918672
19.07727489
38.2138378
34.93744866
48.60450477
42.02412476
14.96440522
160.7952628
38.4938869
11.08090289
53.21930983
28.12447375
20.20907736
13.80975504
30.45504198
20.30804112
18.78177035
9.703221376
17.37417432
314.3088876
12.44358674
19.71011895
9.073993004
20.27050318
29.62955681
19.45296202
13.24039229
74.72285254
4.259297008
2.080230749
1.464637197
10.50833349
14.34548188
81.82936666
12.4987158
6.318877694
9.61387354
35.36506137
62.27967427
17.9326773
12.90529089
25.39141998
7.059890678
29.37105263
121.8767019
26.03473637
10.47733237
18.60058409
8.334503345
12.88755528
97.39976136
21.67784984
11.9216618
15.0091692
10.49563582
12.44502461
30.45974317
13.29024651
5.219555039
4.612731985
9.66783343
15.29213281
8.677730462
8.610394916
6.375395595
8.427394412
19.60632891
11.95329946
41.74885602
4.66098187
6.464324696
9.991735092
20.22881392
10.44210765
29.5061036
47.27851935
36.94203671
47.66183496
14.59416788
10.98776619
25.06040132
3.083358161
21.55659097
9.962290336
22.40362424
30.20059994
17.81954916
33.36836596
37.52707279
68.11836943
300.4270211
11.39724632
23.04155031
28.56228499
44.54760147
28.33471113
7.803624902
21.12098288
5.431792244
57.27100102
12.70792758
11.77755221
3.56020889
36.57974479
78.91456707
12.27123585
19.10070106
21.75690401
16.48973168
77.35502162
14.90071182
29.56123347
24.86408498
36.27810865
22.42457205
44.91374348
46.58951485
30.72596638
13.72192574
24.10138265
8.75378513
13.49252462
11.93680934
19.43522551
44.67381478
33.80083913
27.66824407
10.31926788
136.887137
11.72833653
22.72417673
9.640558714
20.60488464
50.41339622
31.92103567
51.70365631
18.58725619
53.59729914
37.77738898
42.2816473
48.20459987
38.92697647
26.10885252
5.347930176
15.09788941
11.6630463
30.1899698
39.23190099
14.8801384
32.61838756
23.23526374
30.18835444
17.39749099
12.36583299
82.11817269
14.70424644
32.67255786
16.74297582
28.00026212
16.69547928
6.191773278
17.37179633
22.99546161
13.31251035
19.63250625
37.82710545
8.335195124
13.48763347
14.46028728
50.9463597
14.35657011
15.33771468
0.5777707545
26.04324769
9.380625587
12.17385663
22.49707008
33.61086628
27.0319563
36.22732755
39.93748475
22.71229899
22.14185552
24.37320463
19.88702584
17.87876663
15.32331504
99.59087877
20.06914627
30.33058098
31.43523019
31.33498623
32.38269256
25.63363003
24.14735421
30.82532685
36.77569108
24.20412728
22.3283187
4.605734856
26.15889259
24.38963665
14.26972328
9.657207295
9.773113081
2.16715064
26.40198477
2.976755886
3.277004599
8.999824487
9.088791039
7.409024977
5.263219254
4.842243425
13.90653291
7.143569838
17.66024076
13.86836934
37.39034439
47.52387054
6.142203175
153.1898052
18.33444838
7.019646628
9.011340571
7.536016366
9.255483883
2.441241228
7.952977937
9.768655193
18.99551509
29.73549581
29.31221642
19.69042755
7.896414575
13.39133337
25.83791888
20.76527253
37.92244587
11.84339256
15.09693655
11.42425463
18.4202652
11.7361737
11.37390266
13.05478447
20.83853266
8.081488809
12.61856059
65.1004442
15.35969662
6.496052821
5.826996196
8.211871892
9.3986266
3.434097592
15.69212083
37.63884721
26.05666268
8.039242558
27.73161793
5.484698674
12.42465278
18.32734661
11.24808079
17.68394587
16.53958088
28.00081268
32.50566414
25.27175731
24.3932036
27.20815107
23.20231147
5.850857484
44.4191386
9.371416347
6.63786448
13.12548942
11.69467733
182.7100682
46.02627173
20.84307337
15.68931361
4.734422929
6.608369352
26.59242929
260.2271522
20.5215363
21.44331411
10.53408939
27.73462226
6.082633505
53.1927534
12.27654288
11.19959087
16.24132006
21.40499136
7.386375348
27.57859604
2.317905396
15.79378339
5.657493131
11.96838156
4.523019687
4.528497268
25.5417738
0.6819552727
32.58702416
4.435653124
6.341173664
6.118558089
9.468031974
8.679972
36.82209025
11.1792197
9.633204381
1.399295046
7.574490764
13.59492962
7.865299055
11.28582967
14.19563479
4.062788059
13.29722362
11.25454583
2.564522596
12.19423807
17.24811357
13.48211147
13.53273898
5.982175117
12.33103509
9.885982855
147.6300251
52.85611757
14.87988021
50.25528405
467.9654675
325.6122293
21.01526947
16.44385689
7.143837069
9.115532028
11.61045462
57.07683834
14.53902551
16.43186109
3.129837879
111.6659955
8.264875112
8.572135963
119.3302626
10.80754679
3.079772347
2.209077904
0.5762713762
3.798677066
17.78910224
5.307343572
18.6109451
2.054092647
0.08253999712
23.26867988
24.44577829
33.31898674
81.28516995
2.139740445
3.37443884
10.10667826
3.846227869
12.80357766
17.76870633
24.38382547
8.809015017
4.81417165
6.381888713
21.47845664
32.36788938
17.17814929
21.30286862
15.90733377
208.7111432
19.0398922
111.5255682
35.29294956
0.4886612375
11.06274435
9.655125982
19.42725133
5.923343963
11.61698382
18.63352181
73.93168119
30.28855864
11.75838231
3.471742455
15.45538076
26.60317881
16.34825643
10.3190198
23.93652869
25.51831379
24.37922661
41.51592594
50.61243574
54.54880319
12.62583118
16.43185946
17.96244106
51.34276671
30.75170695
4.235875992
14.71048958
13.34157139
7.35284009
13.90008503
5.466635111
6.561387829
3.089108149
7.390353853
23.83350419
13.4850548
13.21946632
16.42992031
10.85535421
26.98126467
16.50630433
20.92821429
7.636276367
5.666458649
10.37132936
18.56706657
7.262866007
8.401757983
4.866632608
17.1308902
23.09769378
12.42540434
19.01091419
17.83953652
13.27386101
7.207198323
250.3695904
20.70891967
13.53045951
10.13499836
10.96107099
19.24598614
18.71474335
16.54278022
8.639382027
14.71458702
8.484326074
20.07271572
16.15844598
28.31622691
17.06360531
18.22740807
261.2446288
9.89683585
4.495654366
6.364242293
8.687450435
19.82229993
11.24344154
21.51738421
1.634019414
6.953288725
9.879533872
59.95081349
15.29134887
11.68523791
10.76002346
13.1076738
12.27419015
12.71336257
12.03811522
16.94707484
0.4894169881
22.68215979
20.22469247
1.119708683
73.19195744
37.9070984
20.5388725
35.26404189
3.985674456
12.64588972
17.43051476
11.76906081
29.03005355
10.65967523
13.28347376
5.609792882
10.27566918
21.8163559
12.64785462
7.735755065
22.99208384
5.843644545
24.2482595
21.55788447
44.27859306
282.2488118
121.3782362
109.5333319
96.09590051
6.022236162
2.441629887
20.78699552
11.08749715
15.79942868
4.669511666
8.546781533
13.41443733
4.196182553
13.40811657
95.40593241
9.618103095
7.923037702
18.92622879
10.5897468
11.98555542
11.52983642
9.402049321
9.781690615
13.29627215
6.760464687
2.0157153
7.952845681
28.77524618
13.77141563
25.61009521
10.32397109
11.12182795
4.694084859
21.39350205
31.92502925
14.76568818
9.895002112
7.717068246
22.39421078
149.1370525
2.099089778
42.17971157
5.026250947
13.39293755
9.339298177
3.056812559
7.116332409
10.03543797
12.11301889
6.469376077
30.29799727
31.31864042
5.458512951
16.54747984
31.12764471
4.57185007
8.279732131
14.11764244
12.7742527
19.4703542
38.17524528
25.59609111
38.13346452
39.46597506
30.74575989
6.60179632
23.98389122
29.21897249
16.06281656
16.98759189
33.41809972
13.01800744
27.31754527
33.97245151
16.89914847
19.3513735
7.071184951
15.51369733
12.11252135
6.757395514
18.11589362
60.87179682
12.23917611
5.154373413
23.5349371
11.47758117
12.6875122
17.21137216
15.55530032
8.027677503
20.9207153
13.41015342
10.5824813
13.82016118
4.986704139
9.934833628
21.17108609
55.7738634
15.52607276
23.44612996
30.90212437
12.36912826
14.06579391
36.54273554
21.4451935
1.98167992
5.818154827
13.48647038
1.940793894
10.42825958
9.669406652
17.95980057
16.04430193
13.12295201
7.434575345
11.44590869
2.784978993
6.074899382
5.20574409
3.384515935
3.8473124
17.17576155
21.78446083
42.62048579
87.27062794
7.75395917
22.47919819
24.33781796
26.39986534
11.33226632
11.70909499
10.57357909
13.02244057
14.04507724
29.97337267
14.14994387
23.39889396
10.87836428
8.702849675
211.6807212
25.22700971
16.35293528
18.22186521
42.80583651
194.0160649
32.82182374
49.85547906
119.9557996
18.92640381
11.68500456
12.64767298
17.0148939
12.88708314
21.14939167
30.05952636
32.02003656
16.56471592
50.27008099
57.0247056
30.76897706
60.6623738
10.42426451
8.543495993
5.151362241
8.471486028
22.41335175
5.026695343
14.44111855
3.281814972
13.11883384
10.89328519
21.53585687
24.20138337
2.924245831
22.48158105
63.30535444
39.53023898
16.67955472
10.51175132
53.02428145
14.73279264
58.17253476
10.56911295
7.777152846
14.44862628
4.599544634
10.04057106
22.20605449
8.424529047
24.76183596
7.492621504
13.34434448
8.423087278
51.70609629
19.39469193
14.04172431
7.617637376
7.854938209
64.23612141
24.85390679
4.229081119
15.7453156
18.52575199
7.393787939
23.54916998
35.87321132
16.13480242
17.8548342
16.94949152
11.80301215
55.72411509
32.80727637
8.330976073
30.24085606
4.827053199
2.180655652
2.016875523
2.328506301
6.02481846
10.41836915
1.220961399
1.096616537
16.8829882
1.864068028
20.95731031
7.599037303
12.26291849
0.8364034181
11.72925029
10.54874889
1.942355623
26.27666217
8.260791817
6.404828825
3.649145439
134.3316863
12.99805592
17.74801306
4.925606784
4.05742771
5.292222559
7.613628418
0.06390068862
8.779367248
5.828751891
13.61818891
10.44661153
2.456837503
12.60435353
29.00937423
23.42395532
8.571359614
9.425379039
0.9117353009
15.27356615
8.851093209
1.976399864
0.03604785945
5.88143805
5.563933304
6.513881887
6.085526644
1.12503543
6.038665215
6.353176549
14.1755367
5.62974182
3.385438287
0.05197915717
25.25372164
282.648458
387.6910273
0.8598176967
14.09409627
8.320709514
16.72729646
8.150803919
7.922074688
18.60510144
0.1216825473
8.322294359
7.662868959
6.086566518
0.2436537818
1.145491468
12.66505592
25.340639
24.63704984
26.46908006
66.79213496
11.11996751
33.39270589
18.32137069
50.7171232
12.69606998
13.11062255
6.903627387
7.927638561
12.80077561
2.791150286
10.91225921
6.490195541
5.451487414
3.539855745
13.62895222
7.390389471
6.462053408
2.940268417
33.15916048
5.353767092
7.164376835
6.747345574
8.410711387
8.805636142
6.740031926
10.76166207
9.894173467
0.11282644
5.567302733
5.723283264
4.658305779
6.48875787
3.827323877
22.21143641
2.290080701
7.987134574
38.81814261
14.85356427
7.231805989
18.62043135
9.620012905
6.121022901
15.63154166
4.075686591
2.106308979
2.808549135
3.215883682
0.08548695447
7.358040254
5.648465073
5.281040872
2.121402619
12.85740523
5.797415195
4.565804584
6.456490315
6.933611616
6.816303723
3.554332206
0.1113740041
5.678895037
0.7625242746
6.180477749
11.74831352
108.6330361
5.071025232
8.969518054
16.79717856
9.399218315
0.7115997629
6.058600343
0.1936112299
12.00336211
12.06202025
0.114555513
6.158547652
5.070852484
1.630924678
9.076178917
6.468236086
4.613698281
21.51396806
15.78897999
70.84288319
33.18316189
70.19386533
3.581080383
30.94542164
53.51493874
6.387869585
15.71188201
19.56820437
25.68397064
9.332420336
18.02506328
92.7620381
60.1155385
63.02142676
24.69713311
39.78489427
73.85826059
26.60646312
32.1819047
40.48055159
71.90236983
38.82920134
3.73962549
39.155774
6.286137213
3.9853291
4.609068252
13.74020641
14.32165878
8.355729148
6.359321713
8.212053147
10.742952
2.401309053
18.28456341
9.10025855
592.022476
120.9857774
103.4139689
36.16663086
5.166080262
4.711681498
1.785816855
10.33957253
3.588641068
9.254905726
9.064374617
3.119840171
9.087376485
5.726024747
2.79578993
0.1888280487
4.243900645
2.672115882
6.22339174
2.289361842
22.59422139
0.6261359312
3.383755006
1.89072849
25.59523268
1.362077447
4.520717103
0.8346988155
1.24763245
0.1158351277
3.016667387
0.02818295678
3.042831117
6.160276586
3.123128846
8.848280136
5.09356243
5.351898387
11.67764225
4.945501456
0.9803519324
8.194935893
3.701095675
7.537620256
8.242047357
7.561133972
2.030409838
22.70891537
6.476146068
20.60883573
2.186491592
12.53323983
21.51004278
3.317279944
22.05376821
0.4140356037
10.65802399
0.09997616781
7.881856253
9.408813434
8.286159966
10.66878072
3.071642909
10.93531859
13.39887237
11.50085637
18.95041245
15.8998179
55.33041163
13.65119112
5.905905599
2.181464206
3.771930046
4.719798344
5.758005083
15.22663673
9.894779462
8.972738498
4.336701986
13.68473189
7.355768064
5.378408876
0.2545961057
3.077154046
7.256046446
18.30394601
0.09431900135
7.171152639
8.89162581
10.9145679
3.738746038
0.1496941473
3.340924413
0.2275690531
7.335380083
22.90592901
4.225380256
7.545142595
9.950070574
6.374331043
8.003531822
8.197728569
17.76573404
6.687334387
5.701346344
3.860366413
16.81021117
16.16411247
2.138461705
5.843949556
7.303205719
17.8597362
22.6350972
28.36143698
22.84012207
10.86326268
3.636965292
8.573668483
15.97841349
7.316855156
6.139319029
1.023537186
2.358287763
10.518287
2.457025479
12.569249
2.144048002
6.104620409
5.616979184
6.780334607
3.945267071
251.4817356
3.593284275
40.8295351
3.079758682
20.80550133
356.1666884
198.5071329
75.60162558
5.535307582
6.294015811
20.46027199
9.521870453
4.743891903
8.552930239
2.486893416
6.812090395
407.6591711
171.9246952
10.16158453
6.902297944
13.78117864
5.944812969
7.216152294
14.35596047
7.886295672
5.779030941
4.211127956
12.30541078
12.81855564
8.708934707
7.084430029
10.40104589
8.164676648
6.901389367
5.53643699
5.438026354
2.434665667
7.533677976
0.1172254422
6.26554469
16.30429418
10.39849424
6.871737495
1.683312578
9.089638605
9.033331474
0.1121594768
0.05966679375
7.975943491
3.979765425
15.85478139
7.556907247
2.577738203
9.705166677
64.24763917
10.48492035
0.1227307624
0.0941502357
4.822060963
23.35455925
15.7593139
0.1376598874
15.2686769
5.667645256
1.400483682
0.2421216621
6.823080731
5.466999199
18.0019461
3.59125093
1.782039991
7.245863519
40.85959161
7.408153517
4.628099126
10.96134631
42.65982929
10.34191222
7.971105455
8.790897407
30.55881384
5.525392961
18.49063564
20.1656529
10.05494234
0.03847522947
28.2570947
5.614545715
7.735117413
15.51622879
2.532420771
16.05129052
163.3162914
10.40372224
9.589931296
14.68957657
11.23570753
11.92303508
3.09695385
5.790392536
4.325800869
2.643822061
12.93335206
7.233438214
5.64206785
62.87284033
3.016334496
3.853144263
15.92266309
2.841563103
22.99852233
6.79578334
20.98791999
35.82327547
166.8327065
32.30568
5.363454999
7.559574218
11.06312468
15.70754427
5.986258318
6.591129576
5.845379849
15.81460056
2.55603596
20.04668041
4.165926671
2.813134003
11.32438193
79.0823363
22.56855363
13.85128235
27.74778586
10.50531266
20.45816831
8.887526646
12.81352797
16.65274156
7.750321794
14.80162702
16.00725307
19.647858
73.39585877
16.15033021
11.46072795
0.2903200546
0.1278627335
0.2574326964
0.094295878
11.74114472
5.891840549
13.82618803
6.780203584
6.76551881
4.249423841
0.1257298004
0.1147782017
12.8607093
5.421156991
6.180413032
2.686152264
25.25067167
0.05120036325
0.0430361142
2.016001523
4.783967118
6.560726727
10.99952417
11.08431206
13.2909093
5.607872967
2.14698973
6.193998433
1.79861773
0.4500167812
8.004919913
0.4782846841
1.660526575
2.322205721
2.738363073
8.279055672
0.248254227
0.04204440372
3.612342599
3.072176808
0.09319601445
1.861646052
4.283879336
2.991021941
0.2638427967
3.616688203
7.088843136
2.088159522
10.24498028
16.4477505
2.538311871
122.3346319
0.06604948584
4.463775881
0.1043255114
6.087192568
18.1583912
20.03297218
1.116657836
0.07217779865
0.06935875265
4.504568691
0.131504357
5.164151322
0.03821695926
0.07755584637
5.809127648
0.07926226537
3.538425902
0.3058808234
0.0465614963
2.829105091
7.502144063
7.108762079
7.305684931
0.07712129568
5.619348993
2.483704794
20.71993612
6.964367687
0.09966787553
1.92354005
0.1062192058
1.969170699
1.663841983
0.1401558809
2.067263419
2.876442112
0.04103098126
7.467936698
0.1099735308
2.530565082
12.55644119
1.175328578
0.06285266884
0.7609046082
0.1055847563
0.04429625595
0.07304412582
5.235467905
0.01518742753
0.02042601572
0.2319110718
2.529682052
4.044595528
0.01898627612
3.762387687
2.292014626
0.1049463408
2.012416373
3.384535181
1.886952554
6.596915577
2.319395393
12.95457159
0.1575579255
2.041954867
0.09333412155
1.211447194
9.585689489
6.014163967
3.821092497
15.73997016
0.7757463171
0.4831089148
108.334553
0.37054492
6.085708246
23.67570813
1.998749614
9.478438403
3.021507732
5.778239872
12.03223797
8.52970045
5.332360983
0.04036326626
4.229397844
0.2668058465
7.186166468
0.127222326
9.980146445
8.342915561
0.1568981881
6.405086572
8.439585495
3.320703582
5.8585411
12.48348233
22.13318719
11.0085424
4.805272101
1.602428651
2.871055023
0.1348741637
0.07316877146
0.3936644116
0.7888361596
2.773741803
0.01144279297
0.06329237571
0.2223216173
0.04583323479
19.36289706
0.0249364935
0.276256331
14.15653377
3.387353983
0.09784173069
4.808409193
0.008721462304
0.01113898497
6.548205386
0.0365007024
0.03874339826
1.755064615
12.42036486
6.651080661
3.950031701
0.4714900356
0.3087334416
0.115244467
3.735107096
7.581052048
2.914163975
8.459684887
0.01591866925
9.426878344
1.881565928
16.05848055
23.38173998
12.6613491
12.53094824
5.798842688
12.28321218
6.396501933
0.6714632076
0.2212148733
0.3212923169
0.01982460891
3.550080477
9.056003234
11.51737049
0.02906086731
0.009148625473
2.833799216
8.451242871
3.124154154
2.54338343
0.002893592706
7.188369325
4.034142944
0.8638522026
3.356553468
10.40253032
12.05132234
6.641522151
0.0820376087
3.970265858
12.77704109
0.007466848156
0.639254482
5.157905824
0.2716853518
0.2185447616
5.493325744
5.074194106
38.05024837
11.76423901
13.41044115
0.5957292821
3.846827111
7.865918738
0.6394159178
8.775868199
7.179073605
0.04145335775
11.59451943
0.2816249708
7.874612875
8.313838282
20.1985821
7.115910998
10.23302934
4.539694771
2.51105722
3.207967389
2.352892987
9.538792898
11.28184012
5.248497107
8.198889987
3.668457145
1.869499483
9.727109534
6.535825384
1.870809837
4.531789437
0.0476995237
0.05697831966
7.571588835
0.08628758184
3.815247634
6.191077952
5.916128671
0.4706773424
1.31727007
0.05806872341
0.6863956678
7.901940174
7.028986536
0.7622527118
0.2099965984
0.01069737911
10.48185289
0.3321722234
6.23984279
4.765360309
2.225880425
4.819585896
94.64262542
16.58274672
1.881879156
11.335149
0.04213323763
6.439745579
2.341796375
12.5366777
3.18341868
6.319385946
1.609550208
9.902328824
1.01320873
7.908324319
0.07295563102
0.7074681366
1.578184159
2.12135345
7.134408534
2.1886043
0.1459073899
0.1204818979
0.03057593344
18.40007382
0.06619128178
0.6207066142
0.03733836393
2.345976643
0.02340312064
2.013355472
3.197418722
8.200594702
1.207149806
27.7645625
1.871206056
5.152695175
5.667505806
0.06293996984
0.08109219284
1.576080787
30.63825142
45.48019985
21.3589159
5.751224626
0.03621034764
0.05673415081
0.07372541404
0.01111956617
1.618538857
0.03830199036
0.07298790734
17.14022122
10.07783185
1.710531587
52.95147035
0.005116563972
4.987222925
0.0424325365
1.606941962
5.120941637
8.62515472
7.602604707
1.315028342
0.01964679225
0.03676317701
2.198054901
0.09848622735
2.334201128
1.419993343
3.271906961
3.999446301
2.056037329e-14
1.713223425
4.643643115
4.586226365
3.4006916
31.41809646
0.4893468888
2.41975436
2.0890843
1.729790506
6.601855489
1.799737875
4.17346314
8.642287923
0.01220942417
2.339175651e-10
0.5533919337
4.755535401
0.5248685123
0.05072140677
6.398622916
1.744826582
0.3990663595
2.922871913
4.752203411
2.04282233
14.76566326
0.01838391221
2.368820249
0.01986417737
2.253173712
1.820104229
1.570880174
1.78198797
1.873996179
23.54454274
0.03785194272
9.494625211
0.006794570273
2.22604359
1.194950284
6.289131608
5.405098534
90.02128883
0.04387191283
2.310284096
3.685378465
0.3482542944
10.84628569
0.3366242872
7.759630596
7.650698648
5.573035239e-05
6.784644476
12.64940403
0.06602778836
2.09029818
4.517531776
0.03474860967
0.01302819346
6.516012771
2.231327233
7.649672862
7.442606951
11.95761525
0.01611328283
0.02456422839
0.5595365761
1.158284165
1.232655886
2.892973752
0.1988900604
11.881516
12.27599091
0.03124325849
0.02276322983
4.841249196
0.06012712826
7.231627746e-12
0.3659756698
0.7180168102
5.836877241
0.007763143192
1.710883431
0.02091769283
1.92991687
8.262966638
0.483013889
0.03500672263
0.01010998345
0.01313678328
7.312220232
25.96153928
3.150007738
9.772609242
0.6079063575
6.395381087
6.65112282
7.393365741
24.17673731
0.04120396744
1.265104569
0.03171058882
0.118286916
7.219914221
0.5666031628
0.6281006879
3.657265419
0.1168378505
0.01157220121
0.006201641433
4.993535959
4.348012036
3.256849085
3.582737981
2.240050933
0.06166704422
7.907129368
2.301321428
1.856930141
8.409718784
1.552420568
8.627816246
7.75679138
2.279165281
0.1004384097
