#################################### 
# Matrix Size= (25,25,400)
# Resol      = (1,1,4000)
# VoxelSize  = (25,25,0.1)
# nbVal      = 4000
#################################### 
5479.315485
5686.163493
5629.993927
5695.841374
5752.325284
5746.679072
5746.688298
5776.170818
5897.02957
5856.157018
5799.029584
5839.235586
5678.322338
5736.573794
5794.322848
5806.972044
5743.020438
5857.12934
5887.608776
5844.59796
5864.466338
5903.933818
5964.779619
5842.792459
5863.009987
5882.866482
5913.224928
5879.810265
5814.693195
5878.110569
5845.511913
5884.404735
5732.589844
5866.716836
5957.125472
5852.603897
5922.522402
5975.021419
5832.433535
5910.762153
5887.215117
5838.936365
5865.9746
5869.348908
5851.842507
5931.88315
5881.499542
5862.651371
5867.811688
5905.728182
5863.158945
5803.263821
5899.544333
5969.827155
5927.572615
5977.557668
5919.742534
5946.68683
5843.652195
6056.189486
6021.522259
6031.088976
5965.81362
5939.761913
5936.069254
5900.197685
5960.241181
5959.936315
5878.097901
5918.914066
5914.63955
5898.681526
5934.011004
5979.132931
5924.682671
5921.107065
5869.382327
5994.473562
6053.450341
6004.77338
6024.401565
6082.779417
6020.424254
6023.333478
6010.347572
5924.824025
5984.422301
6061.352723
6009.217306
5942.438178
5962.911932
5994.02337
6131.912781
5983.801198
5986.022493
5964.838273
5999.371613
6106.19968
5956.297962
6031.443704
6007.382782
6007.920433
6082.565585
5931.930041
6010.871198
5934.843933
6031.432548
6156.625768
6109.08903
6106.080894
6135.366925
6053.585958
6081.015163
6016.147696
6099.974587
6137.365268
5992.413384
6051.447875
6022.989787
6015.558654
6058.170715
6026.643616
6050.105609
6042.865731
6020.631746
6157.39053
5966.190696
6074.825857
5940.322748
6021.660818
6224.685983
5986.368307
6079.937134
6202.40099
6197.689023
6170.646313
6144.861187
6051.71773
6078.666368
6046.26362
6104.947177
6036.945949
6099.77334
6178.27134
6178.42786
6171.632504
6116.875295
6091.387299
6182.177223
6104.686586
6109.826088
6011.678055
6126.484104
6131.987498
6056.136942
6145.454115
6066.359887
6172.166966
6146.572058
6172.536942
5985.631507
6188.003122
6138.356147
6174.802963
6159.056271
6041.620461
6111.358515
6107.167807
6168.905162
6199.599637
6148.285413
6198.941141
6133.225975
6121.066419
6216.130234
6187.707492
6140.791537
6290.276708
6225.337113
6220.741185
6032.873812
6216.990263
6090.508128
6110.575185
6144.752384
6204.071926
6175.727834
6139.052077
6220.847942
6246.427849
6197.156152
6297.481891
6245.055699
6297.734858
6159.079609
6206.646252
6200.382088
6156.652365
6207.896838
6198.827919
6152.207887
6245.175162
6260.397818
6113.047539
6279.339257
6138.493481
6137.45197
6317.031191
6275.716321
6222.43623
6208.767685
6167.244668
6256.485976
6243.15985
6270.329648
6264.181035
6179.498863
6126.547713
6123.011125
6308.461499
6244.480897
6239.335269
6223.668107
6259.164604
6250.878795
6303.049245
6243.922205
6238.14337
6167.523115
6308.06493
6325.762509
6277.516874
6179.80379
6137.582397
6222.478936
6213.765802
6190.800626
6255.687417
6373.348468
6283.616963
6202.713473
6177.179203
6356.881949
6308.715007
6282.686053
6158.666839
6325.292575
6282.094601
6189.662066
6228.481796
6309.427999
6245.855613
6265.848792
6280.173958
6269.284359
6349.277008
6278.235602
6364.290752
6296.475955
6260.323649
6314.473591
6269.370503
6303.745038
6236.781349
6297.13524
6203.073221
6271.066332
6284.152689
6346.559319
6245.680777
6187.516087
6341.345273
6301.808659
6436.938679
6364.192539
6439.211513
6385.988805
6298.009076
6304.163674
6369.734836
6448.078224
6248.136097
6330.92769
6318.752582
6241.304214
6387.907555
6325.040463
6234.037545
6293.500078
6271.83611
6234.723968
6386.56406
6417.716603
6366.520559
6398.608347
6223.268669
6313.928381
6372.507896
6323.537508
6364.840705
6300.050723
6343.802853
6363.556932
6428.379027
6271.191047
6344.099647
6304.409881
6471.709554
6453.388411
6421.905364
6332.313411
6368.396455
6306.136731
6348.151305
6316.869961
6343.067615
6275.887815
6327.029044
6258.278704
6328.644927
6471.44035
6441.851012
6325.573731
6338.346618
6300.983733
6335.183403
6362.300855
6438.194736
6361.759662
6393.64509
6409.870507
6296.075485
6399.064276
6403.328757
6528.469985
6411.650566
6319.234096
6407.935776
6357.707447
6499.28669
6360.338302
6403.036807
6396.887168
6457.108204
6494.635496
6451.477323
6403.042285
6405.797334
6445.654056
6349.721876
6346.525328
6393.647923
6447.89095
6485.933765
6449.395505
6411.124655
6398.735504
6313.742703
6613.996668
6454.832882
6388.376275
6410.33229
6495.627269
6420.371669
6449.276122
6460.044544
6263.181016
6403.698915
6433.68161
6409.909328
6574.91633
6432.936361
6404.321651
6363.723981
6425.438811
6435.93104
6368.857428
6509.409171
6321.961575
6384.821026
6484.131421
6364.6091
6391.665294
6524.276767
6404.138687
6520.447023
6571.446903
6504.074749
6455.700318
6470.113934
6415.20491
6345.15414
6361.363006
6369.2133
6559.402142
6455.023683
6376.346039
6479.602816
6441.438519
6455.362063
6516.453847
6382.780301
6328.125534
6538.573072
6295.213149
6479.099741
6492.501156
6513.918313
6388.439367
6521.222893
6476.24974
6469.066563
6500.661281
6569.659081
6508.638824
6518.066346
6642.304215
6569.54838
6451.585705
6416.62644
6340.014501
6454.816107
6499.835281
6457.152536
6433.385618
6495.74501
6519.156967
6465.237537
6482.550445
6505.533605
6418.54713
6485.042144
6430.709405
6659.004394
6479.231575
6480.450187
6357.973917
6589.473247
6500.811887
6485.653276
6565.979173
6571.376666
6546.68498
6540.232636
6444.557877
6586.19006
6601.881107
6534.035672
6503.837261
6538.450159
6491.618208
6530.366795
6535.866184
6490.435259
6542.546836
6532.47133
6598.028641
6563.882663
6468.086001
6530.123243
6415.682218
6495.961973
6538.989855
6483.869681
6652.267082
6596.631367
6535.806212
6509.80551
6540.602595
6485.867581
6524.724849
6493.193819
6585.401989
6627.885298
6652.914084
6525.971626
6590.273147
6472.365324
6396.604579
6555.587218
6685.30795
6565.439285
6721.400479
6609.306133
6534.158282
6567.713724
6573.143404
6643.32009
6502.77973
6555.242709
6648.587585
6683.342237
6606.938938
6634.540409
6569.49044
6609.611466
6431.191031
6604.763232
6538.621589
6651.311978
6600.251247
6584.062626
6626.826497
6518.093496
6516.32964
6683.298313
6528.414161
6527.617331
6545.574526
6641.812646
6575.297888
6549.100638
6472.809966
6681.322508
6635.231187
6585.018669
6571.327632
6688.669904
6679.1749
6670.086284
6601.015152
6774.980672
6608.257294
6587.946452
6632.772088
6661.736303
6710.076471
6643.560436
6669.789483
6614.201421
6609.537304
6682.504448
6571.180437
6630.10429
6694.61363
6535.770913
6713.510085
6653.450793
6626.517544
6591.997608
6698.48748
6593.313133
6644.216919
6645.478445
6499.57392
6469.517392
6592.643556
6683.160109
6657.689541
6636.661279
6460.105962
6688.38556
6694.873353
6656.440714
6723.308693
6604.256515
6660.885623
6639.236012
6552.857301
6655.749402
6644.795088
6668.210314
6660.667478
6704.876412
6615.422572
6582.935017
6699.673794
6650.686533
6553.445224
6646.156151
6631.205009
6599.114055
6643.551909
6725.691363
6670.226614
6667.161508
6627.791161
6456.442997
6719.110344
6742.497747
6646.203603
6609.808517
6701.303384
6654.07919
6771.885255
6644.344933
6660.793464
6709.908761
6697.013596
6678.758423
6627.229641
6687.466046
6665.409507
6693.486798
6725.355308
6690.338586
6745.544042
6676.462553
6570.215808
6721.69525
6813.101321
6612.292142
6586.540309
6732.440174
6763.008166
6809.505951
6555.114602
6662.750849
6732.655608
6606.108184
6656.814569
6620.498809
6799.428297
6845.186368
6742.821772
6600.905571
6590.359443
6707.928397
6657.209461
6845.241145
6671.925134
6692.458971
6831.550527
6796.193404
6697.23778
6670.2557
6698.500967
6629.397
6661.699661
6682.535894
6848.856924
6718.251792
6809.180829
6661.314733
6701.814067
6736.018925
6622.650508
6761.214339
6673.017708
6744.332154
6706.211539
6754.181933
6726.534752
6799.291338
6825.399176
6793.776625
6678.421762
6679.169428
6795.338582
6681.207492
6697.087582
6677.211043
6695.556833
6705.957845
6763.330985
6789.591348
6781.639395
6732.191783
6764.141106
6755.574199
6822.08628
6770.323764
6852.29591
6837.499478
6708.737005
6774.018284
6732.904341
6768.904127
6862.792773
6815.587212
6593.165417
6895.276808
6775.585756
6757.108249
6935.044916
6691.959566
6783.845819
6875.565562
6790.79621
6832.191856
6810.719844
6770.765755
6801.064978
6937.707745
6931.373277
6765.438101
6753.476709
6825.968679
6826.392832
6791.01805
6803.107384
6905.28176
6822.335808
6879.71482
6912.312251
6903.709527
6764.10421
6733.91221
6824.592378
6811.020649
6838.440366
6878.409356
6797.803678
6857.704542
6873.697802
6784.33717
6807.515383
7060.266558
6787.420673
6661.780788
7043.37595
6992.909616
6876.602872
6793.643087
6951.918013
6784.142678
6831.360156
6805.051242
6877.245021
6994.053374
6850.265867
6836.410831
6961.421497
6828.988361
6838.250498
6855.764773
6834.991293
6756.189557
6842.214752
6995.860123
6862.388968
6927.351131
6874.511414
6875.507989
7001.707412
6878.429675
6823.374117
6801.381273
6922.151078
6985.12508
6905.050688
6899.964456
6921.520479
6838.910054
6907.902626
6804.682362
7107.327162
6963.654284
6871.663174
6879.92073
7130.246969
6928.333225
6987.479594
6742.930775
6983.573529
6800.708943
6919.48438
6941.380655
6991.440968
6928.666095
6889.780532
7074.874145
6976.762095
6843.461331
6910.8972
6907.033511
6925.403029
6914.989392
6987.290064
6830.534448
6938.979868
6972.500922
7027.743454
6869.171703
6988.297645
6881.873414
7010.099084
6946.949265
6766.32421
6775.061834
7002.91691
6958.887595
6973.220135
6929.803483
7055.889665
6898.912615
6908.771672
6920.218712
6862.335154
6908.812661
6920.2329
7015.765369
6901.465103
6930.48948
7034.731845
6889.405771
6960.652795
7005.375437
6974.71998
6887.60568
6939.801375
6857.134885
6921.517128
6940.593487
6926.616834
7039.38137
6932.372513
6938.156639
6985.914401
6868.238756
6946.399169
7010.652397
7035.442196
6921.969284
6996.772536
7011.625743
6982.2683
6944.021779
6882.430419
7029.218178
6989.387005
6968.594991
7018.442106
7067.155475
6992.11061
6877.155725
6916.149653
7062.524924
7024.106631
6950.370278
6976.631248
6998.035896
6965.318358
7093.587296
6901.214118
7011.856635
7092.796342
7051.041024
7022.366891
6956.439028
7017.170972
7064.388248
6997.729313
7064.328174
7015.544578
6966.87026
7031.806978
6986.301268
7015.72921
6917.397716
6973.742474
6929.14551
6943.830437
7018.961649
6965.251135
6968.454968
7065.346363
7030.239468
6896.526154
7074.527781
7044.706328
7017.742092
7062.823599
7022.20749
7073.450865
7066.362106
7082.514461
6986.659706
7011.962722
6988.347081
6981.120318
7090.664115
6942.079646
6977.449824
7048.806999
7074.020529
6976.689668
6927.679481
7114.672356
7068.30134
7072.463038
7059.233368
7118.672449
6972.863082
7089.670594
7047.913509
6967.641064
6941.305766
7066.360389
7120.617504
7191.237442
7095.10338
7037.018955
7009.066649
6964.66753
7047.667053
7057.447887
7275.497366
6882.39477
7094.470057
7012.28407
7107.462793
7062.586153
7157.435972
6983.121315
6972.446065
6974.661927
7094.022122
7134.062485
7124.175991
7044.883761
7102.614805
7119.141343
7022.127069
7116.087894
7048.596682
7146.863308
7080.004433
7117.763031
7099.288638
7093.544562
7064.448295
7179.766707
7076.73603
7025.977125
7060.020962
7050.899812
7022.27958
7172.532046
7091.086297
7258.976774
7080.58024
7223.542655
7132.875478
7054.717385
7135.537999
7150.471662
7087.904827
7208.53304
7239.861622
7130.481353
7172.387453
7115.236144
7089.928912
7029.783541
7191.8566
7046.937319
7185.842842
7087.494809
7206.988268
7105.832736
7056.629381
7284.410208
7139.21393
7140.674768
7115.687757
7155.860919
7195.802195
7207.243716
7244.198263
7330.032101
7254.171536
7273.638427
7159.325007
7180.846454
7215.236113
7274.207218
7159.118301
7206.447484
7263.725976
7129.574642
7290.482399
7335.648323
7251.509183
7199.072558
7142.481482
7199.894079
7408.360674
7236.694951
7314.141651
7289.839449
7244.332636
7182.323624
7289.633055
7094.254066
7182.639075
7284.630189
7271.555537
7310.865347
7341.518655
7255.386991
7333.161258
7330.131254
7358.849933
7266.830265
7121.531544
7417.26871
7133.906708
7257.249362
7361.750703
7296.892173
7290.695844
7442.743342
7300.475606
7278.780603
7353.693688
7185.612869
7291.127866
7328.102627
7258.461919
7350.42681
7203.35842
7176.728027
7129.41768
7129.928796
7324.801817
7368.375021
7280.96896
7357.437974
7300.697859
7243.48955
7278.076778
7348.262178
7248.51765
7264.147451
7200.641359
7255.834237
7247.204859
7332.09204
7229.758707
7230.212708
7324.789536
7258.038418
7256.36008
7293.740863
7367.179397
7165.22523
7312.839903
7339.403054
7133.206111
7270.124149
7403.127124
7271.057274
7255.647696
7415.672754
7469.788482
7260.590408
7314.739193
7248.049391
7347.740663
7322.92758
7213.035125
7222.242242
7174.035977
7289.328417
7316.632933
7346.953783
7323.777372
7346.273739
7387.883074
7336.97221
7352.101553
7251.838085
7385.424642
7284.639918
7341.079786
7327.194449
7289.167644
7340.707582
7390.294363
7248.334791
7463.308618
7351.060386
7351.87619
7293.264521
7453.803158
7386.254475
7298.873713
7373.641863
7453.754566
7325.402454
7184.770456
7389.772134
7249.071563
7509.044784
7390.667966
7331.137787
7300.739192
7502.62613
7318.672576
7308.349045
7275.727952
7438.503791
7443.897008
7285.71827
7523.681082
7372.013361
7329.402809
7422.575755
7474.991792
7302.239588
7497.358841
7347.096736
7364.963162
7533.906081
7537.275343
7508.015561
7424.589719
7447.144694
7374.216375
7517.539306
7435.050354
7415.550316
7404.81788
7395.343055
7462.793912
7503.117068
7580.824828
7601.779004
7519.852651
7420.524558
7503.865466
7468.638581
7585.57779
7437.571205
7475.866537
7527.167117
7452.374734
7426.405703
7404.987662
7434.224993
7554.076323
7419.46337
7530.8823
7385.976896
7410.037961
7463.764698
7554.877794
7527.270759
7529.415586
7481.540373
7471.051279
7449.105732
7465.650411
7430.506855
7446.609037
7454.585851
7463.355721
7485.632358
7584.167543
7481.321636
7461.340698
7627.425775
7539.621585
7559.166275
7640.163265
7420.093172
7435.933609
7540.716479
7494.664671
7617.997979
7680.347231
7608.269724
7640.82847
7495.70914
7593.729918
7628.806038
7671.562585
7700.999826
7549.406686
7537.987167
7596.573948
7590.118862
7450.068995
7514.094676
7567.150718
7630.398413
7592.934496
7595.785423
7587.137612
7528.901124
7602.551165
7544.636264
7477.996921
7463.319895
7582.951121
7463.024333
7658.908351
7610.488355
7569.19436
7595.752307
7481.790938
7626.420268
7660.232749
7597.323715
7723.326461
7568.455649
7702.61892
7672.663531
7639.347024
7580.706011
7742.708753
7569.727786
7493.753318
7541.291495
7678.358173
7578.369883
7649.379108
7488.773529
7818.223288
7730.365977
7650.541586
7695.857347
7663.088234
7542.136118
7607.525872
7612.025489
7735.624249
7642.711539
7680.875313
7659.719592
7749.006126
7658.844035
7841.005552
7629.515302
7634.782531
7693.375724
7813.969849
7692.644363
7740.759311
7709.275163
7614.650419
7738.356311
7861.005829
7626.077244
7791.587819
7694.868881
7768.086116
7727.529342
7716.867724
7561.132064
7662.161452
7874.385313
7663.097806
7676.946477
7659.398373
7778.933747
7764.826151
7738.575293
7871.817203
7825.666255
7788.523499
7819.030577
7685.548304
7717.74251
7752.664587
7685.481618
7895.794672
7629.795755
7814.608231
7850.502437
7745.844656
7669.621537
7778.136245
7863.123088
7729.34866
7697.659919
7772.47191
7783.861915
7831.554679
7907.842988
7993.259192
7827.929415
7909.304817
7736.037623
7947.940798
7880.472688
7850.128994
7868.460402
7830.702058
7778.622767
7852.185508
7850.88122
7837.487337
7795.192755
7812.357197
7870.254278
7741.06347
7797.881108
7876.739682
7807.499184
7863.870967
7941.206951
7844.256699
7879.433376
7834.88611
7832.758079
7832.30644
7816.174428
7881.258401
7927.569181
7819.680818
7881.133002
7857.598106
7813.206777
7833.837193
7867.511029
7929.581769
7946.903486
7916.690495
7893.152098
7819.977329
7939.979335
7986.827651
7987.945787
7921.971666
8009.312118
7874.541114
7869.911627
8111.267208
7801.062555
7900.381623
7939.991501
7993.446342
8044.85536
7888.826413
7983.910494
7909.449074
7925.763096
8018.956491
8116.049041
7893.634668
8070.925674
8082.365347
7997.353236
7882.504247
7886.151151
7830.067044
7986.210767
8024.314251
7999.467507
8093.377826
8105.534015
8038.111756
7939.036818
7950.731683
8095.211948
7963.354238
8078.505733
8094.489345
8195.851679
7982.660986
8035.837535
8074.004445
7990.04368
8033.727702
7981.865677
8117.643986
7993.277026
8081.268195
8116.414954
8217.959204
8133.877827
8151.219603
8143.162233
7987.185006
8149.422536
7996.86671
8069.845533
7927.27466
8126.014715
8102.354663
8109.737639
8237.857668
8184.77538
8138.688652
8046.98717
8044.404058
8168.30562
8130.386589
8094.403616
8141.894666
8109.565053
8202.274123
8046.889097
8197.965115
8082.89406
8167.800961
8361.343504
8158.110649
8155.165713
8154.326876
8279.001718
8125.989412
8167.22807
8200.101274
8196.897364
8246.480488
8347.138879
8319.878336
8352.410158
8377.153821
8065.134331
8051.3236
8020.615187
8307.225058
8351.586843
8248.258686
8328.02138
8223.81526
8346.315184
8325.501432
8084.531019
8306.667316
8290.166663
8184.517405
8150.858722
8314.021704
8285.653706
8199.060466
8255.096082
8315.931993
8336.947335
8209.563235
8305.046418
8224.633718
8204.643669
8221.307769
8464.247013
8322.272427
8387.464869
8294.527895
8334.331988
8300.930402
8396.219806
8314.704177
8228.217502
8475.09736
8214.001572
8313.927576
8445.025563
8350.436271
8429.900957
8338.261378
8355.335728
8362.283538
8247.587203
8513.3942
8325.781971
8383.720251
8547.310146
8431.077664
8439.810653
8344.592166
8423.931862
8311.281644
8393.419115
8366.641532
8389.86926
8420.438579
8288.553847
8379.4744
8286.151228
8423.620719
8443.769998
8450.147033
8520.169686
8529.233443
8303.126363
8301.179924
8568.390248
8493.41895
8483.407703
8607.648871
8444.15924
8415.898494
8461.623111
8309.71846
8592.033391
8473.01651
8503.125988
8659.403199
8571.673804
8372.951029
8625.236003
8535.341745
8704.573033
8486.745823
8505.498808
8484.834143
8640.79227
8551.276552
8589.143533
8462.370072
8578.335306
8670.412306
8544.658161
8700.101829
8475.043795
8584.514808
8824.377677
8579.908673
8694.864423
8559.18214
8626.466988
8709.757597
8619.543828
8594.474166
8701.272855
8764.479851
8500.550951
8681.641325
8730.646319
8779.814445
8751.554625
8720.257713
8716.513444
8510.859238
8739.306454
8640.332703
8641.144589
8684.035213
8751.551203
8649.951126
8817.00044
8692.683515
8807.170811
8685.522799
8809.896159
8729.81134
8707.965236
8877.468276
8740.629959
8752.070449
8875.977401
8868.838813
8822.58477
8832.752592
8889.084355
8715.67507
8750.915465
8862.775925
8822.341771
8885.534629
8906.427695
8929.015977
8877.308637
8877.393773
8836.222602
8898.388053
8798.004689
8918.361586
8921.515335
8790.245407
8972.366577
9025.956289
8796.054796
8997.163817
8988.892994
8907.144716
8894.165659
8908.209485
9020.270513
9017.759587
8983.778793
9077.373624
8979.620771
8967.72526
8961.346903
9063.813035
9167.354031
9006.379505
8976.636075
9085.992385
9012.536956
9106.35646
8967.092924
9109.223146
9101.159907
9119.256877
9095.32094
9135.936116
9064.836802
9164.972745
9026.627592
9033.621878
8899.596508
9142.389337
9054.797819
8990.907901
9083.345251
9174.155924
9073.181669
9209.3659
9204.713937
9186.393011
9210.487595
9067.849049
9223.78344
9271.017811
9256.706975
9318.380798
9201.108077
9331.388024
9343.850385
9126.862684
9445.730095
9061.052041
9326.052119
9115.912097
9213.324232
9239.503265
9287.402619
9380.841528
9418.423132
9392.008149
9245.910207
9325.650496
9362.863079
9156.312295
9215.83959
9471.15113
9273.265097
9441.241516
9427.5377
9298.460126
9400.838521
9322.524272
9496.813171
9305.806682
9489.501165
9410.875363
9419.818667
9504.970103
9437.352223
9467.35197
9280.685742
9454.291604
9469.952506
9513.239418
9475.442968
9518.599834
9574.367775
9557.870839
9521.283401
9511.395379
9550.091623
9535.819812
9520.13278
9579.507689
9696.876018
9660.232814
9589.192446
9620.396189
9471.731473
9826.321158
9742.447876
9483.121692
9575.462115
9611.523748
9549.585029
9676.497437
9677.335487
9618.39252
9604.332235
9712.161843
9671.206401
9582.418279
9832.597479
9755.955897
9811.957998
9797.255687
9649.69281
9815.995648
9843.264108
9680.978578
9779.875515
9705.833866
9881.671615
9766.489605
10002.65824
10030.4671
9690.767337
9900.163445
9936.833076
9780.502121
9658.493244
9945.180146
9898.502693
9895.88017
9819.042071
9987.61256
9972.922375
10002.10261
10031.7067
9814.523514
10038.51199
9950.359312
10096.64239
10099.89479
9948.623741
10127.18901
10183.34368
10137.19862
10162.70238
9972.143059
10212.91442
9904.69575
10000.49392
10092.79328
10221.2593
10274.69595
10275.46316
10239.23371
10178.3427
10343.51748
10281.22277
10202.7352
10435.08931
10233.23666
10232.99646
10223.03689
10418.19542
10253.61354
10400.42967
10330.52229
10595.94548
10323.5715
10473.05579
10583.36195
10453.86381
10363.50106
10457.52286
10486.43501
10490.23489
10332.69243
10299.26583
10591.30967
10705.77049
10444.51227
10476.235
10502.63991
10592.0643
10384.46218
10550.96854
10706.25236
10809.91929
10645.96463
10548.64758
10500.27699
10489.536
10705.74857
10456.83532
10877.20431
10576.92271
10786.57144
10765.05217
10720.94983
10762.78433
10629.59071
10788.64533
10846.01342
10680.69358
10936.15741
10657.77058
10987.61336
10796.76223
10823.91717
10944.97337
10862.69633
10994.43392
11034.85898
11199.74362
11081.84322
10920.74053
11031.14882
11126.6894
10805.81676
11050.55046
11121.0342
11089.99174
11249.08319
11056.06324
11148.60695
11217.32358
11313.70969
11360.47869
11040.5643
11342.81324
11318.45544
11489.95515
11262.61115
11283.66322
11242.66291
11351.86472
11435.9168
11376.22795
11253.55448
11471.68683
11377.94924
11441.57319
11330.94608
11778.53654
11337.88142
11644.41852
11515.7048
11720.05025
11841.75844
11534.43279
11504.44271
11728.96301
11795.23703
11627.09874
11556.806
11837.95824
11829.9513
11785.11241
11728.37744
11728.44726
11923.39934
11933.16184
11940.8312
11785.89883
11711.27025
12041.70229
11891.85243
12156.79625
12148.85478
12134.08567
11952.67794
12150.98049
11824.87862
12136.6382
12060.9275
12210.55997
12375.8744
12231.58792
12192.45565
12392.82751
12334.61486
12378.65092
12472.22053
12599.10922
12454.07378
12614.74936
12699.84432
12518.19436
12490.42267
12444.14709
12603.61488
12514.83261
12776.9674
12747.12747
12666.86744
12469.5699
12726.5711
12950.16321
12948.84814
12830.48069
12783.85978
13081.60075
12815.79015
13177.95472
13016.9822
13350.01283
13257.63517
13156.19111
13205.13378
13467.1072
13527.09649
13378.78013
13287.02537
13455.18909
13680.60775
13318.83278
13336.2939
13458.24735
13461.56639
13685.95244
13721.17135
13822.99999
13828.70199
13605.22449
13809.07045
13921.58746
14010.30472
13742.34385
14033.57016
13761.48449
13958.78218
14421.53979
13975.20506
14370.42146
14333.22231
14263.04052
14515.23586
14686.54694
14502.28981
14548.81413
14589.88679
14376.9571
14780.44544
14631.85471
14610.99232
14971.65757
14861.51077
14784.01526
15013.57196
15151.70476
15296.94207
15339.78263
15330.46656
15167.15898
15519.2883
15027.94509
15550.90028
15792.54699
15662.09152
15675.48639
15793.88341
15834.70345
16007.53608
15678.40182
16084.12597
16204.55364
16361.45418
16219.43416
16631.52151
16322.7653
16505.89752
16688.23374
16551.26651
16677.77594
16886.483
17093.65363
17377.76562
17116.56224
17304.34661
17486.84448
17606.56313
17467.84213
17869.05897
17491.2309
18088.95271
17948.33478
17988.15358
17981.82894
18487.19274
18322.54265
18625.87799
18852.45507
19033.28779
18976.19053
19296.8
19275.87621
19454.88284
19487.34976
19544.79513
19733.23603
19520.71238
20124.03098
19995.79178
20492.23733
20777.54437
20343.27916
20481.58697
20871.06099
20817.51124
20599.55447
21217.23528
21286.7512
21685.37639
21353.77105
21791.82326
22040.13706
21970.5062
21696.4838
22134.59625
22539.5277
22151.6545
22379.63338
22677.77042
22371.83488
22833.61056
22927.58963
22836.10555
23173.82538
23295.61648
23059.3793
22965.40404
23136.14757
23129.32317
23377.42168
23079.57212
23440.7242
23077.39378
23112.02636
23254.96978
23195.28312
23226.13637
22762.4692
22844.29093
22876.24492
22536.15179
22701.5623
22643.29033
22515.16125
22205.29693
21880.34887
21449.53464
21405.39885
21319.01794
21067.57616
20824.77138
20746.87175
20592.03593
20348.20301
19864.91856
19436.90464
19145.13807
19149.17055
18815.68938
18372.12186
17911.99731
17722.0085
17300.34373
17237.26738
16779.82393
16436.21976
16014.48591
15497.99638
15227.36364
14599.38611
14392.99497
13855.22611
13833.23118
13556.91803
13050.02031
12652.01852
12223.70874
11987.14919
11696.32088
11046.97315
10695.69216
10501.8743
9998.319011
9470.256618
9331.651815
8848.992516
8645.237839
8203.255155
7925.390533
7358.097028
7165.955666
6779.579218
6373.387615
6222.106483
5891.088779
5575.669303
5437.146884
5121.70572
4920.999046
4551.032141
4287.849561
3984.183801
3817.598775
3619.749682
3462.346866
3203.232377
3101.059432
2808.747902
2821.856955
2593.238688
2336.265153
2039.877536
2139.082838
1900.478086
1859.833961
1608.669014
1551.121232
1424.789465
1379.29807
1233.620638
1125.13001
1067.689064
999.4895299
966.6171951
861.3683081
830.8956767
749.4700723
681.8841789
647.1175617
562.3343444
577.7887931
500.7071809
446.7760291
488.2560731
376.7454167
360.5065609
306.3775051
282.7612529
232.8687945
272.9720793
238.4883012
196.6868763
193.0488107
170.7258233
168.8770639
142.46959
139.7783349
141.862747
126.6361973
83.66328893
80.39786342
83.40296671
53.07767297
57.53634609
38.08815913
48.85665985
51.97978496
35.76949567
34.37793205
36.84361889
43.24116494
38.8926137
31.33134705
30.33965183
37.88999636
23.99966165
25.12375953
30.22285667
39.23810127
22.9168789
26.69852852
16.95435617
23.27251229
22.36844085
22.41170814
26.69206164
18.41765143
16.78525592
20.9047937
26.61194517
23.26715026
20.98364638
19.81557053
13.04448145
26.24465442
8.683008649
17.86519237
22.23190781
31.99502387
18.87900578
34.76832675
19.19420292
19.77292815
25.04622702
22.51461036
26.71745241
14.22278511
13.75773769
19.4498374
20.6794321
11.55821234
28.7776971
54.34983306
30.95196854
22.92656204
20.03168882
22.09500498
14.20453055
18.93294841
23.42872662
29.85286499
23.69662665
41.8930931
24.59866126
27.02408858
22.32795476
20.88164444
15.42661913
27.07760225
18.40093779
12.23295655
12.83346554
17.73538661
19.28824265
13.39932253
17.76181244
15.07607763
15.4678011
33.02822935
19.64980052
15.42434733
34.25924528
22.31559342
19.49372959
21.27498593
15.93197554
10.29376437
13.31789237
22.01434494
25.49911284
28.21625573
30.43388084
14.33578349
16.69705081
26.36862619
32.7203478
24.8833722
25.85695391
45.50925785
25.00936806
22.11190068
20.13584841
18.50496992
30.92491935
25.57892723
21.54165794
12.07011597
21.02242857
15.7821557
17.24672448
9.562219391
21.33017899
23.24312519
32.19852045
22.88219452
21.24965687
24.53541067
12.68330363
22.15455743
26.42099642
19.24163499
20.66408225
7.450126797
29.5389582
19.72020751
29.6283703
27.95702569
19.36594967
15.9330084
35.69660524
19.19069088
20.60464751
21.89247214
18.66575453
19.09127404
18.36568956
12.68938275
10.36888041
14.38993162
12.92761768
15.63090965
9.477025663
16.52419909
18.84331645
16.11803321
11.33015767
12.56674123
33.18007469
7.72471538
5.486218706
12.15657631
22.53781279
12.11678129
18.56180178
14.86464405
10.31583263
21.1792329
13.14539577
24.17199239
16.27003964
10.41790581
25.13831892
19.14332163
17.23510262
12.4926898
13.35414886
13.67325959
12.42645562
9.459059243
23.16103471
29.2306101
21.91514522
22.77256112
11.65260061
15.0904598
17.45803524
19.73933663
15.41378041
18.36079064
8.187876419
11.96723908
22.10116507
19.49988974
25.5595041
12.251152
14.30384059
18.07675708
21.67884448
7.49912139
22.85425164
21.66475356
22.07694441
11.02914146
16.57167583
21.37790193
25.41983638
22.00145987
16.27425684
21.68597872
22.80831412
19.33186009
23.81887134
15.00983285
11.94755936
9.242544084
30.50372609
16.66484438
5.982956257
18.50417199
8.982767034
11.53792967
8.238551669
11.21605144
11.71265665
5.965031804
8.591421854
9.125000904
13.01274992
16.26384502
13.07318466
18.08474981
16.65962401
14.64815193
20.24442934
21.94987125
21.40089913
11.70931202
13.06476773
20.2438132
21.5819929
11.07490298
19.86916799
16.62036379
16.9152666
12.93411444
16.094458
12.31752687
13.45571946
7.791550384
10.84803682
26.62112261
10.9581213
14.09603481
9.510716877
12.08255164
16.17078768
12.80943404
9.084463595
26.21287545
5.742769689
3.658431988
4.555307473
6.542855887
9.341961726
16.64555574
10.22727034
7.568663155
10.42906077
17.20748608
17.63356163
10.69062464
10.85255485
15.25161914
9.107088368
14.55702331
20.16114322
13.7688626
9.57054591
13.04639727
7.422213836
10.05048381
25.42081959
11.77015455
9.115235389
12.07858379
10.92646751
10.43709803
17.00821727
10.19101891
8.578255941
6.951709434
9.963007136
9.860889277
9.889449182
9.078846455
6.427119072
7.271942083
11.73527667
10.48757169
14.76352947
5.00882251
6.649565723
7.260232581
12.12941495
9.114237273
12.8917242
15.12685795
14.54118118
16.11498829
9.841173617
8.163794545
13.26481836
4.576828467
16.7991842
8.923868954
13.30377266
13.0845621
12.42722119
17.76824582
14.01812498
22.45587658
36.37275531
9.373948618
13.59638471
9.705412978
19.02724141
16.64683635
7.518323026
13.32709038
6.774538989
18.51683374
11.52545867
9.451952727
4.952514352
19.2062061
18.79777068
8.855290199
11.20927283
15.46406178
12.09617247
23.60493391
9.681770869
16.01939648
12.50169905
21.28381651
12.50502198
24.71222347
25.8958545
15.95997561
8.372122389
14.9160445
7.550610297
12.17669188
8.53595963
11.65126716
20.37201401
18.05926894
15.06666965
7.700946532
22.39020824
8.795524509
10.81626653
7.768374585
10.38445235
19.38653092
17.57764478
15.77972983
12.92486012
18.58183252
14.22624647
16.15237446
21.36933736
14.92477038
14.25999946
5.639920339
9.492619498
8.590060247
14.7041123
15.67949119
9.671594075
17.66272056
15.99688284
14.14841444
13.27850419
8.880751804
23.97135114
10.9508889
15.38446422
11.83473211
14.36581495
11.93536847
6.381053385
10.76782377
12.76873706
9.874038101
11.69802113
13.26215242
8.367270343
9.944839291
10.37184506
20.11809083
10.95985913
11.54875462
2.269589377
14.19852894
10.16092995
9.728230994
14.3954746
15.07646199
11.21332877
11.31135106
19.06003213
8.749150413
13.01413929
12.75655898
13.14863668
11.24297876
11.57148633
30.90333648
12.95679274
16.13988991
18.74052885
18.16219144
15.1804533
13.2426549
13.60581472
16.80452857
19.9455907
13.05717304
15.01506544
5.643161514
11.83276009
13.57960248
11.68875807
6.367035834
6.094173368
3.403834202
13.71159057
3.975314295
4.671194852
5.999514003
7.619079475
6.108003822
5.952308026
4.250281416
7.334768456
7.010225965
12.54730754
11.61947633
17.86035508
15.87655078
5.608169488
19.14281897
11.20922395
6.876567477
5.91922239
7.701693059
5.129729379
4.047411753
7.07562564
8.153666325
13.64252215
15.12081049
16.47838007
14.65498674
7.142373655
11.43757314
15.34635852
13.73538599
19.95883047
7.58737321
9.511278273
8.691261651
9.552139895
7.469043362
8.679980386
8.739344009
11.14781047
6.702315647
7.662634642
20.8026614
9.159167035
6.412940284
6.201968071
7.824944431
9.458381286
4.907323637
9.793638891
14.83145775
14.26952098
7.628742334
13.69591457
5.69092211
7.514148211
11.3079063
6.323225702
10.35254218
11.21777358
15.11010174
13.50575111
13.09901547
11.68729893
9.104001355
13.23373058
6.019629506
9.662557681
7.410543079
7.155784947
8.709191903
10.61946576
22.69865711
13.42396595
8.337054136
10.56287807
5.485483255
6.205376374
11.92754164
29.67637321
13.00549344
13.62911297
9.208909664
12.88316341
5.904067294
15.04912227
10.63950596
9.609559646
10.22937999
14.32430024
5.50680733
8.494645625
4.147834389
10.03576719
5.773967592
9.716090749
5.544271736
4.392127744
12.30413439
1.83621625
12.58690484
5.266612034
3.601417115
4.773005029
9.992758158
6.012147754
14.99190542
7.951941901
7.57187238
2.189786219
6.497258189
11.28979393
7.977789448
8.225291248
9.510073622
4.465708555
10.81709321
8.745851405
3.620722638
8.826992018
9.77271729
8.218280542
7.86684506
5.861156913
7.234327801
8.869711601
21.51506876
14.83228034
8.796184917
10.73922995
28.53565708
29.10429712
9.083434144
10.14532213
6.127649825
7.977416726
9.077506141
18.59097217
9.67043533
10.07560048
4.207362828
18.4047616
7.178847295
6.005318759
15.32521038
7.303089984
4.317888096
3.925329734
2.517385564
4.740791365
10.45858021
4.525921966
10.13343639
3.689979217
0.8869156599
8.940719219
6.737442167
14.15953634
16.15553516
2.772522596
4.359124928
8.559928727
4.971747893
9.364811996
10.15827308
11.81977063
7.814943798
4.397494653
5.156618296
14.67439775
9.259557319
10.39108128
11.52058819
11.92746908
19.35310218
11.60655496
16.6723966
13.89260137
2.296606517
5.46718099
6.745067942
12.29820045
4.832631319
7.868007094
6.622561708
17.23224963
17.47855174
7.952913056
3.928524357
9.043334488
13.85815853
7.440438423
8.603786165
14.79210339
13.22452935
14.22105092
17.78912101
13.84555487
14.163339
6.182783979
9.206256218
10.22607388
17.36662082
9.402711449
4.719858543
9.507123029
5.548594838
5.22828817
8.400568382
6.498449519
5.860724331
3.228828684
6.929124281
10.83991645
11.65376511
8.721736503
9.649280746
7.304972321
14.65337769
8.544040412
13.34760021
7.280072279
5.924731622
7.093504042
10.3507152
6.297018283
6.211481368
3.775234963
9.294990891
12.50021844
10.75136907
12.14601615
11.17508108
8.049770674
6.569454439
28.90828948
12.65204793
8.150896779
8.091147873
6.658507797
11.52278307
10.04908699
10.38265136
6.35708025
7.870337287
7.627637514
11.09408198
9.006366716
12.53578263
9.531961441
9.273504786
21.6562237
7.684852748
3.41329055
4.926198915
7.067097723
12.10504563
7.276917115
10.28999859
2.680051593
6.174538648
7.33013955
20.84114881
9.630726556
10.76667256
6.823662443
8.201178987
8.81670757
6.445911708
6.99781426
9.123883962
1.97852102
12.52709048
13.47186523
2.336977125
16.06519156
13.98023951
11.95070689
14.24914386
3.35997764
7.212730388
10.96164794
7.705101715
10.4911534
6.205718222
8.658627709
4.63924564
7.781774944
12.18584341
8.229586998
6.838770931
12.48934699
4.450458467
12.15520774
11.62482144
14.11424401
30.50773692
19.35982164
17.13749395
19.64951691
5.372153483
2.636243467
11.87005715
8.176473509
10.20289369
5.256359354
6.478101571
9.521195937
3.581163295
9.769254082
13.6101732
5.841924194
6.825196646
14.24418442
8.497830041
9.660404206
5.860725376
7.105321745
6.692238612
7.97846362
6.566881263
2.524497706
6.712177051
15.43474698
11.19651862
11.59153921
6.218776606
5.866220728
4.112285303
6.302575705
14.62954954
6.581018741
8.850439812
5.030788316
8.035352379
25.36554199
2.604102798
8.306989083
4.156650761
10.0805224
6.199144922
2.786693114
6.056834541
5.476924366
8.706199085
6.199740785
15.62701822
11.86197524
4.446949336
10.49689399
10.80503044
3.290096556
6.693464991
11.74095991
10.38602584
13.20091752
21.90599023
13.68482843
22.43316696
20.16994407
13.94298438
5.704307055
9.005911105
15.02917599
11.08205709
8.699447598
9.715432414
9.247424345
13.3496254
11.11444537
10.07841534
8.969277973
6.967973941
6.908975399
7.851264088
5.769703694
11.3632545
16.68897669
7.385425763
4.91405386
12.38421153
6.488955209
9.012884434
10.93411717
8.514504333
5.073366421
12.62844347
6.395542827
7.000532418
8.434592843
4.142598677
7.920407895
11.8506552
14.88695916
7.499121338
14.9359881
18.93234859
10.06282445
8.563150412
18.0261003
13.13182759
3.243116538
5.788700044
8.745745657
3.95917158
7.401766444
6.268101151
9.648951729
9.177529582
8.804280005
3.918417876
6.591854262
2.729116203
4.727778193
5.917390856
3.175870866
3.107569834
11.27816514
10.75272293
15.25755647
16.3861163
7.220465732
12.54458174
13.03054476
10.80015873
8.165750146
7.63715619
8.654173304
8.813106283
8.119608424
13.94167198
7.454556585
12.69400059
7.507415969
6.272746945
26.64932007
11.76519215
9.9493059
10.27556869
13.06618679
20.16060294
15.55838571
15.27125953
16.76568651
10.42436337
6.887756622
8.373977609
10.34400376
6.950822099
13.51257134
13.96336725
16.39322499
9.416444003
17.79465787
24.42921347
12.47441895
9.084392722
7.434011801
5.646675961
2.930410841
6.976499499
13.9279968
5.518644704
9.415928038
2.33440569
7.839093673
6.578578485
8.514270831
11.4290259
3.633765901
12.79044845
9.968043907
11.63475034
10.01165976
7.942880457
16.41059997
8.00643839
13.6503116
6.579886349
7.213833188
9.060804158
5.369011987
6.28535052
11.59073908
8.515430563
12.59487666
6.384113281
7.841455929
8.572269065
15.92606768
10.36806114
8.102417295
5.981094132
5.240569679
18.22838494
11.10356797
4.069099176
9.43024613
9.569617638
6.193015053
9.360696393
14.18094632
9.102480114
9.841675042
11.57182954
6.283117025
15.69136956
9.899578068
4.919020419
8.613635434
4.482253596
2.639396846
2.587653072
2.961104812
3.722982997
6.473913549
2.239878356
1.925875724
7.792648652
2.581641474
10.89954155
5.967998346
7.061205236
2.040074532
8.659103338
4.998271392
2.250282588
10.02988014
4.161993164
4.919274005
3.689158804
15.8553383
7.69091267
9.848915505
2.764352736
3.016670402
4.933133265
5.793439795
0.7512105683
4.942346356
4.701524135
6.788856644
6.575836774
2.227393089
6.89973512
11.98732317
9.503092243
4.608577043
5.35605817
1.757291725
7.862902676
4.631452107
2.325883745
0.4237957217
3.282434892
3.912879772
4.123903092
3.856814879
1.784655911
3.953832783
5.5729871
7.90443143
4.176067748
3.701058917
0.471597964
13.22649774
19.70820557
26.76286343
1.266752185
8.224468191
5.602031746
8.438681277
4.976756831
4.681990622
7.848256944
0.7779497858
4.372534797
4.792663237
3.456085909
1.087605567
2.271504139
7.705067282
9.737138757
10.97542809
10.0880449
15.04056351
5.136440844
8.689553056
9.055317424
9.640331558
7.060680667
6.3733573
3.960575614
6.138543874
6.00672319
2.158141748
6.149428049
4.079364185
4.498890095
3.339544026
8.110112281
5.378645545
5.724561623
2.841192433
12.05548205
3.986608637
5.607794613
4.4481506
5.762526023
4.7508508
4.767565639
6.41547667
6.669375004
0.8261857587
4.043097946
3.232436466
3.385756522
4.695306882
3.94719899
8.490623038
2.461875016
6.640092809
9.839947959
7.526142052
6.383021118
8.445938946
5.011165447
5.850830436
8.153420225
3.597205416
2.728176944
2.943287811
3.493855565
0.6800163952
5.168067446
4.914451545
4.889331471
3.644731149
4.419859074
3.278095899
3.490316538
5.797999997
3.499677289
5.735025954
3.079399451
0.9861105751
4.408422986
2.31300185
3.710235039
4.759314911
16.08255988
5.628623965
7.901301573
7.354559852
3.772535478
1.969049464
4.971533074
1.325350265
6.501742113
5.842672362
1.028086074
4.671733613
4.225721188
2.208951717
6.44790896
4.266475916
3.577632151
9.224722683
7.319688974
13.18664081
6.597658485
13.47098514
2.64734004
8.940690814
11.91554744
2.945797939
4.629043803
8.103411618
9.259211979
5.524113862
8.701482121
12.13258045
13.9107913
13.25440188
7.859615676
11.51444999
11.35388684
8.964441327
8.518626362
8.321881782
11.34686355
10.39621363
2.508489759
11.37329692
5.209142743
3.709213647
3.553398742
7.726216566
10.27516859
6.799382307
5.176207967
6.278617773
5.724905524
2.454864875
8.357627603
4.82611103
28.11028424
17.76694591
13.05402662
13.2665938
4.496686503
2.957070107
1.597854383
6.489365585
3.613460881
5.303013527
5.248998812
2.960802758
6.080913862
4.290924426
2.184855548
1.118577253
3.664554569
2.645496566
5.438332287
2.517490113
8.142360523
1.251348338
3.010761252
2.662204701
8.332253439
2.494115389
2.79860171
1.876481803
1.85038802
0.6089834425
2.356991793
0.3463483666
2.760766579
3.014049413
3.458429658
4.853201785
4.528376949
3.624776794
5.865452543
4.199804102
1.460164087
3.639768852
3.270936849
3.345235418
4.439387422
3.462840286
2.433725205
9.543206554
5.013274826
9.42556815
2.262936214
6.810751834
10.94544493
2.858734847
5.181361656
1.013957807
6.779848379
0.6042703134
4.587628207
5.025220166
5.328621915
7.070947383
2.557917812
5.684782747
8.072762673
5.629973956
6.79217231
6.85358968
15.43683137
7.93515262
4.559235374
2.53387856
3.040071196
3.472631846
3.776850919
7.933634245
6.723646651
3.622375141
3.846012466
7.42142597
4.152718681
4.343186701
1.187835332
2.951361511
5.840593948
6.735963202
0.7167851572
4.41084605
5.016737401
6.516880489
3.535199114
1.01151291
2.531209503
1.299676655
5.301993184
6.395212905
3.268617115
6.309390658
6.264792005
4.173498052
4.533750674
4.698375491
5.459599356
4.10350797
3.291252004
3.972721496
7.435584505
10.29404527
2.15899094
4.167731394
5.001936086
9.837042889
6.579678525
8.510223137
8.319986082
7.316781023
3.413473699
4.908614075
7.760692396
5.362012748
4.04965445
1.745717311
2.27889625
8.06074149
2.615687411
7.821059201
2.119424987
4.946875213
5.158872602
4.150999714
3.448845187
18.64843521
3.193580992
13.04746478
3.061991278
11.4310526
19.71209621
19.03255221
12.3438844
4.189220026
3.072714519
11.25535184
6.882663765
2.870427679
4.85674983
2.074369138
3.198307
25.93285151
21.85727497
4.729758802
5.759342291
8.431833058
5.103436073
4.730258525
7.405362817
5.320730996
4.852140747
3.822972095
3.961363467
6.894530865
5.245099469
3.278844521
6.60867774
3.544302983
3.925771901
3.508545669
4.413544237
2.139060508
5.073417041
0.8207222754
3.701552874
8.947602482
5.804722884
3.13660398
1.99727694
5.290088698
4.498302808
0.8087848225
0.4915813884
4.624880491
2.446362581
7.570676202
6.540403779
2.549732909
5.447841525
13.24016279
6.523393688
0.8944978954
0.6315072351
2.434856036
7.980155431
9.371133143
1.024323064
7.042516449
4.058158471
1.183420334
0.839459925
4.467916454
3.962619123
9.924289939
2.143210057
1.824926902
4.931139273
13.23308478
4.482377796
4.249002942
6.3210907
10.21346543
5.088173245
6.498223255
7.133045529
12.99638566
3.882000105
11.74028336
11.11998089
5.939543026
0.2357347934
9.760188695
3.356799248
5.235839792
8.405377714
2.396757689
8.73119818
21.09274925
6.068683412
5.911939276
6.779726184
4.206076842
3.720100155
2.533737262
4.242585238
3.419553172
2.55682935
7.739374154
4.732765266
3.247708113
13.24976854
3.09520367
3.470380233
7.68273398
3.855563146
12.15775032
3.677741089
8.360564268
10.59884419
16.87893524
9.132911854
2.883357823
6.623957581
6.571255479
8.649952206
4.074142408
4.617749368
3.575379393
8.143770204
3.439923064
10.5598861
2.650011534
2.733377242
6.17362679
11.66034943
11.39337859
6.69317929
10.53582861
6.945206509
9.423374306
4.47395279
8.08715474
9.08879219
5.540671402
9.79587925
8.96529335
10.87502429
16.31717017
8.729570186
5.478996391
0.9961905825
0.809040982
1.130690015
0.6562268276
6.316646526
3.579814714
5.897037486
3.46132638
3.608817887
3.363441711
0.8012311447
0.5368282005
7.04582949
3.341211596
2.763337013
2.178236069
8.292821682
0.4266693045
0.433170692
1.603372352
3.698706072
3.453658274
5.231533181
5.999353526
6.367141093
4.719175153
2.500612606
3.923778872
1.966755488
0.9981851362
3.246778424
1.039119068
1.677900848
2.303982536
2.50886625
4.711612559
0.935843003
0.347863546
2.36980201
2.652585339
0.677520365
1.977584
3.05141668
2.628488932
1.166206756
3.242350991
3.598948729
2.339646632
5.316557944
7.03469725
2.531483454
14.64808004
0.4121794557
2.638950839
0.8296303343
3.392122417
7.492026278
6.864521988
1.540801679
0.562027333
0.7039613017
2.740529422
0.7946038116
3.18954362
0.4338686723
0.5138680786
2.930606195
0.7058457565
2.468494753
1.213520261
0.5682015235
2.252470172
5.623549112
3.28736519
3.192769372
0.6052015678
3.176966743
2.642370171
6.741355125
4.286810983
0.7562731333
2.168144588
0.3690630219
2.064064039
1.775957711
0.6431281193
2.300701546
2.932887021
0.3948626911
3.286754247
0.8273255814
2.42047641
5.303575306
2.03675408
0.4618470447
1.257467475
0.5986666147
0.3191761595
0.5978828887
3.864197061
0.2224199921
0.2545151425
1.113510399
2.460443198
2.506180442
0.2304713722
2.945325811
1.969056623
0.7539565609
1.51807001
2.644140365
1.795059451
3.353543015
2.100757545
6.575598523
0.9013852036
1.614048852
0.4946025564
1.2990401
4.362612751
3.894326539
3.569979719
5.536566934
1.097642148
0.8886850516
13.0672197
0.753640756
3.613925933
7.710858584
1.528086199
3.357826826
2.259218807
2.492618814
6.168341446
4.508894929
3.024786014
0.4202305179
2.759895702
0.8038544599
3.869023999
0.8128215245
5.504761756
5.170677247
0.6008975395
4.678872116
4.192476494
3.388620184
4.197386255
5.103137143
9.33108322
5.923559975
3.318085807
1.418693827
1.895144779
0.7019861671
0.4563063979
1.04975227
0.9549625308
1.869817803
0.1701167798
0.5300835621
0.5938712343
0.350050415
4.59167645
0.2799172886
0.8465904481
3.936324501
2.4462597
0.6146297617
2.838677742
0.1148399517
0.1187957327
4.260684875
0.3762306969
0.3644816112
1.868310894
7.504445588
3.489528603
2.438310739
0.9895029563
1.006416642
0.7621639603
2.226812644
3.460447224
2.145797311
5.687468727
0.152618666
6.678550034
1.918919381
7.025326091
8.843061183
5.290980392
5.32470458
3.911451139
5.65155852
4.013543649
1.217056892
0.8387090719
0.5668277528
0.2355841194
2.515374046
4.48662833
6.166353573
0.2759380193
0.1123138538
2.334749391
3.585122458
2.522477141
2.440588704
0.05443096558
5.676089536
3.562913044
1.313730332
2.814957632
5.742561329
6.752274173
4.374948775
0.4286328003
2.614176754
5.578201968
0.1198411169
1.114503845
2.64272287
0.6912868259
0.9340023919
3.034024061
3.005565033
8.084072181
5.362823683
4.683077153
1.191600595
3.081447338
4.010203712
1.366466154
4.899950511
4.016691271
0.3504371644
5.267668567
0.7880343874
4.812934991
4.171727933
6.439015484
3.21375864
6.041389085
2.845392801
2.423937334
1.844107791
2.465398848
5.882362819
4.928693699
4.435232794
4.436500683
3.080414811
1.527044692
5.035282538
3.979474465
1.89587742
2.953566031
0.3439507203
0.474326212
3.807728243
0.6069881057
2.235557952
2.722117737
2.74132956
1.251136171
1.949880269
0.4458340108
1.051485766
4.393088764
4.502134899
1.220835667
0.885573039
0.1064666156
6.276253773
1.091156996
4.128295246
4.362501447
2.146210434
4.181955993
13.39043907
8.897856779
1.60138403
3.642339144
0.3172990333
4.233832693
1.832783206
6.334588116
2.333951727
2.514084067
1.457709509
4.467269373
1.452812051
3.175093185
0.3417404564
1.446326507
1.937586806
2.410657371
3.699051046
2.296173018
0.8101005209
0.787396223
0.3424320749
4.431444473
0.5056188856
1.164883186
0.1938829923
1.999587147
0.2645288444
2.047342552
3.122549031
3.791546082
1.276758774
8.288611316
1.839962131
2.673929913
2.841027123
0.5818039516
0.6529632505
2.171790233
7.217784342
7.599686256
4.963064625
2.939237946
0.3250833052
0.5400751786
0.3861378618
0.1942324309
1.594839688
0.3306045092
0.5616744018
6.065643899
5.511794556
1.632911729
11.41514344
0.1002353947
2.939495897
0.3745686564
1.521377947
4.306076622
5.044039449
4.090407753
1.431902202
0.2337032183
0.2222910086
1.57277007
0.6974498307
2.345520202
1.447208387
2.299923029
3.380719786
1.433888883e-07
1.527963458
3.368242247
3.393255731
3.123592698
7.089590596
1.116348097
2.23246642
2.64216378
1.49180505
3.156196403
2.086081472
3.204830924
4.354983838
0.143407104
1.529436383e-05
1.23298925
2.475633183
1.032158278
0.3577757473
3.732564852
1.972749152
0.9044750373
2.16862241
3.269620933
1.429278016
4.504557917
0.1355872863
1.663133828
0.1805676478
1.830235102
1.770523175
1.588273908
1.685544119
1.725661469
8.790545051
0.1995085056
5.90598384
0.1023176447
1.971512058
1.441576391
3.711875543
3.697217182
13.47464232
0.4004881812
1.90486568
1.968941011
0.6229534775
5.182109719
1.027095077
4.431402517
3.067252909
0.008470151047
2.908618086
7.128651162
0.413163654
1.615744537
2.634265538
0.2433353681
0.2201810048
4.051898507
1.996734629
5.827752144
3.654675878
5.466866482
0.1974012265
0.2132493862
1.145181803
1.346908482
1.59357269
3.06863877
0.685719038
5.067851022
3.623775355
0.2339773088
0.2692510459
2.269437574
0.4559077044
3.789349194e-06
0.9121004124
1.401422325
2.914674762
0.1249763798
1.932224616
0.1630840182
1.545187037
3.268689391
0.9441052027
0.2319481233
0.1477163944
0.1146158073
2.853827283
7.293021835
2.589918587
4.872512839
0.9961862586
2.783804647
2.896437092
2.992497718
8.654847648
0.3412207474
1.17861895
0.2993349869
0.6434013397
4.099063292
1.158648118
1.06123242
2.385457235
0.5787848281
0.1075741661
0.1062822494
3.730912221
2.50477238
2.676876809
2.321518332
1.678890409
0.3918667103
5.284688022
1.86211655
1.66105605
3.815385967
1.351035299
4.077419819
5.083668021
2.688817662
0.6401010557
