#################################### 
# Matrix Size= (25,25,400)
# Resol      = (1,1,4000)
# VoxelSize  = (25,25,0.1)
# nbVal      = 4000
#################################### 
2.835478785e-14
3.397019542e-14
2.989929154e-14
2.799903356e-14
2.835249962e-14
3.102928536e-14
3.319673833e-14
3.545504543e-14
3.641503639e-14
3.065555156e-14
2.462921472e-14
2.754979696e-14
2.345805504e-14
3.717129069e-14
2.624050176e-14
2.600004833e-14
2.969233626e-14
3.125777047e-14
4.464769235e-14
3.006633506e-14
3.437999376e-14
3.321425325e-14
3.371831499e-14
3.051285106e-14
3.161896798e-14
3.137874223e-14
2.948407411e-14
4.315632787e-14
2.666775816e-14
3.14191731e-14
2.636634903e-14
3.128378611e-14
3.054879601e-14
3.346948546e-14
2.935566761e-14
3.458912756e-14
3.058902546e-14
3.359652214e-14
3.036379557e-14
3.230588243e-14
3.213682791e-14
2.805230201e-14
3.090038108e-14
2.859432989e-14
2.716004812e-14
2.950133342e-14
3.94911761e-14
2.919925784e-14
3.20177567e-14
2.976168979e-14
2.770562606e-14
2.492620816e-14
3.038339976e-14
3.167856349e-14
2.928779222e-14
3.225920832e-14
3.309391412e-14
3.488771673e-14
2.792177953e-14
3.425206037e-14
4.848919734e-14
3.887244476e-14
3.606116195e-14
2.916035822e-14
3.160299395e-14
3.20377536e-14
3.206739714e-14
3.045716403e-14
2.96949494e-14
3.342063135e-14
3.264513306e-14
2.849762818e-14
2.818747084e-14
4.102752255e-14
3.524630572e-14
2.936474843e-14
3.242400508e-14
4.24141914e-14
4.135140455e-14
3.495631887e-14
3.45688864e-14
3.494152119e-14
3.799575586e-14
3.632353998e-14
3.050941455e-14
3.00177297e-14
3.093641648e-14
2.977770594e-14
3.419475723e-14
4.239522953e-14
2.922617957e-14
3.419980632e-14
3.845752992e-14
3.179694252e-14
2.822750582e-14
3.788268649e-14
3.161754551e-14
3.716267646e-14
3.987130997e-14
3.811922857e-14
3.176111525e-14
3.962771769e-14
4.064596333e-14
3.241496627e-14
2.920945308e-14
3.204726162e-14
3.3413423e-14
3.417752982e-14
3.416631218e-14
4.770880686e-14
3.844626002e-14
3.227001932e-14
3.464682299e-14
4.008396108e-14
3.596143448e-14
4.241411803e-14
3.444059112e-14
2.873121767e-14
3.226312168e-14
2.994260563e-14
3.378139295e-14
3.339365288e-14
3.71636929e-14
3.012189173e-14
3.029046763e-14
3.193915109e-14
3.392523084e-14
3.837290464e-14
3.314822301e-14
3.088587744e-14
3.350469966e-14
4.372498983e-14
3.0881101e-14
3.478125248e-14
3.657077272e-14
3.456411409e-14
4.437608412e-14
3.607570671e-14
3.22065123e-14
3.197522685e-14
3.174022312e-14
4.059315378e-14
4.241393832e-14
3.631800833e-14
4.340721852e-14
3.613062024e-14
3.196371552e-14
4.412943507e-14
3.493402518e-14
3.71723232e-14
3.350677191e-14
3.365349271e-14
3.213764398e-14
3.687773182e-14
4.125924001e-14
3.643101539e-14
3.267223024e-14
3.150634451e-14
3.778659706e-14
3.099794843e-14
3.198500931e-14
3.408082714e-14
3.048937832e-14
4.109044076e-14
4.064648847e-14
3.361050437e-14
3.448601951e-14
3.048598818e-14
3.407064522e-14
3.350239274e-14
3.525123893e-14
3.57899397e-14
3.186096784e-14
3.560924751e-14
3.834480572e-14
4.069071509e-14
3.370859383e-14
4.777942292e-14
4.089468246e-14
3.718388835e-14
3.046394114e-14
4.002822957e-14
3.103051952e-14
3.060174957e-14
3.347963248e-14
3.299380877e-14
3.495802717e-14
3.13489851e-14
3.039602583e-14
3.871136181e-14
3.408192837e-14
3.96703751e-14
4.328041914e-14
3.625476904e-14
3.838687625e-14
4.487532875e-14
3.704601897e-14
3.304431993e-14
3.693176917e-14
3.948077905e-14
3.284299656e-14
4.076658769e-14
3.309475768e-14
3.524932431e-14
3.524035337e-14
3.54123494e-14
3.518979881e-14
4.234291958e-14
3.506487566e-14
4.273739105e-14
3.317040283e-14
3.15396528e-14
3.779372998e-14
4.024200785e-14
3.391182389e-14
4.088744658e-14
3.174271545e-14
3.366600792e-14
3.174715909e-14
4.005765951e-14
3.903379237e-14
3.907736826e-14
3.197827557e-14
3.518338967e-14
3.810967582e-14
3.709302021e-14
3.560305149e-14
3.548730496e-14
3.216577957e-14
3.094101716e-14
3.983921975e-14
3.680075364e-14
3.274670001e-14
3.196886361e-14
3.728426383e-14
3.765200944e-14
3.580135576e-14
3.770075186e-14
3.50833872e-14
3.701229418e-14
3.460270765e-14
3.404440706e-14
4.501411663e-14
4.601077402e-14
3.524792635e-14
3.326366017e-14
3.976124721e-14
3.666886998e-14
3.663949301e-14
3.642951778e-14
4.944266888e-14
4.276036045e-14
3.852035065e-14
3.417524875e-14
3.609558078e-14
3.880057664e-14
3.292407922e-14
3.894667444e-14
3.897420136e-14
3.988402542e-14
3.427573109e-14
3.153929508e-14
3.537118792e-14
3.578705014e-14
3.651350559e-14
3.305790722e-14
3.383258955e-14
3.377045481e-14
3.977384933e-14
3.354277912e-14
3.270814825e-14
3.627159819e-14
3.680381192e-14
4.905482709e-14
4.396013772e-14
4.255091413e-14
3.958142989e-14
3.220252188e-14
3.615352012e-14
3.880237628e-14
4.213080294e-14
3.719837618e-14
3.310179767e-14
3.909042053e-14
3.640522558e-14
3.89491527e-14
3.493573381e-14
3.600020323e-14
3.390417547e-14
3.746032207e-14
3.75639256e-14
4.064999e-14
5.330186654e-14
4.056985374e-14
4.058866137e-14
4.326147149e-14
3.518053588e-14
4.044228189e-14
4.054174532e-14
4.051980484e-14
3.716554778e-14
3.737150177e-14
4.225737701e-14
3.69373016e-14
3.841431147e-14
3.374921485e-14
3.910779413e-14
5.672124202e-14
4.743694807e-14
4.615157158e-14
3.432803956e-14
3.740457223e-14
3.908760824e-14
3.2666623e-14
3.767528363e-14
3.205455306e-14
3.737468094e-14
3.306320196e-14
3.828671176e-14
3.728983532e-14
4.171369295e-14
3.631416985e-14
3.173484846e-14
3.549511137e-14
3.487410871e-14
3.612200333e-14
4.010942279e-14
3.733705024e-14
4.056361066e-14
3.790037543e-14
4.242052981e-14
3.515908584e-14
4.000381466e-14
4.219700441e-14
4.202784922e-14
3.543202371e-14
3.692926726e-14
4.587110831e-14
4.06844959e-14
4.22604893e-14
3.734705615e-14
4.541434911e-14
3.35050241e-14
3.4918872e-14
3.48845373e-14
4.27857714e-14
3.733804743e-14
3.491805549e-14
3.602248656e-14
4.452214652e-14
3.56696527e-14
3.347599055e-14
4.838655478e-14
4.317159626e-14
4.262524248e-14
3.564091376e-14
3.936960216e-14
3.582478524e-14
3.682365576e-14
4.71231668e-14
3.589668225e-14
3.401677487e-14
3.880216951e-14
4.038886793e-14
3.977800931e-14
3.873517255e-14
4.016448401e-14
4.575318437e-14
3.50240503e-14
3.437216048e-14
3.7743225e-14
3.869839573e-14
4.495160937e-14
3.444203855e-14
3.706257521e-14
3.910667826e-14
3.386672797e-14
4.419536485e-14
4.461340684e-14
3.931709196e-14
3.867057613e-14
3.994141209e-14
3.441013317e-14
5.284001528e-14
3.542489113e-14
3.53656081e-14
4.025660448e-14
4.510981378e-14
4.680188616e-14
3.722583906e-14
3.285324137e-14
3.61913722e-14
3.497716995e-14
3.734484456e-14
3.899068072e-14
3.372676399e-14
4.1697288e-14
4.209608264e-14
3.578965461e-14
4.234851952e-14
4.393123591e-14
3.467740954e-14
3.534854706e-14
3.671863289e-14
3.707267874e-14
4.085328243e-14
3.983741388e-14
5.426081217e-14
3.594251612e-14
3.930227344e-14
3.568202978e-14
4.313979234e-14
4.382234566e-14
4.384849328e-14
4.375733089e-14
3.85674795e-14
4.51473744e-14
3.917573282e-14
3.846921236e-14
3.535839421e-14
3.380227072e-14
3.522312211e-14
3.901883528e-14
3.709692667e-14
3.877283764e-14
3.539006284e-14
3.657200371e-14
3.793484637e-14
4.222264248e-14
3.881090937e-14
3.597842945e-14
3.738566879e-14
4.022118684e-14
5.500942536e-14
4.221545545e-14
3.732164695e-14
3.909948263e-14
3.755946677e-14
4.479320533e-14
3.539814072e-14
3.351432776e-14
3.533751518e-14
3.733052096e-14
4.372537376e-14
3.600040429e-14
4.37464058e-14
3.926262615e-14
3.821205496e-14
4.07649501e-14
3.992169115e-14
4.034947068e-14
3.936706904e-14
4.36872232e-14
4.433220119e-14
4.05756788e-14
4.002505973e-14
4.112575855e-14
4.750824941e-14
3.570945106e-14
3.67461247e-14
3.495128868e-14
3.79733631e-14
3.648711077e-14
3.936012746e-14
4.183168155e-14
4.456356126e-14
3.645248546e-14
3.893281461e-14
3.878523174e-14
3.842846128e-14
3.447195651e-14
3.666015779e-14
5.182093688e-14
4.644020026e-14
3.707657113e-14
3.209563665e-14
4.276696486e-14
4.304320605e-14
3.881129803e-14
4.263496793e-14
5.217389391e-14
4.380805578e-14
5.490189848e-14
4.457912125e-14
4.274267773e-14
3.947122296e-14
3.763101611e-14
3.808759545e-14
3.552697617e-14
4.098147466e-14
4.04634933e-14
4.488953629e-14
4.137509433e-14
3.61159577e-14
3.378403067e-14
4.242122474e-14
3.935159234e-14
4.865668148e-14
4.533365467e-14
4.739864865e-14
4.220014518e-14
4.652419071e-14
3.888524505e-14
3.719335211e-14
4.707512898e-14
3.774486657e-14
4.043962641e-14
3.947415401e-14
3.919666678e-14
4.381780631e-14
4.010635756e-14
3.996601048e-14
3.778156387e-14
4.680896553e-14
4.309865944e-14
4.135605612e-14
3.944317027e-14
4.259173969e-14
4.459114431e-14
4.353479175e-14
3.916039032e-14
4.350956483e-14
4.455358797e-14
4.283233268e-14
3.72818968e-14
3.834337258e-14
4.179937723e-14
3.822172925e-14
5.033601332e-14
4.07393858e-14
4.181924537e-14
4.63185321e-14
4.533955832e-14
4.237327082e-14
4.813752512e-14
3.927943541e-14
3.604113175e-14
3.842204753e-14
4.083113807e-14
3.612075176e-14
4.161409435e-14
3.837190989e-14
4.776987078e-14
4.417755324e-14
3.741669128e-14
3.572748693e-14
3.793847873e-14
4.291649066e-14
4.014173477e-14
4.18102153e-14
4.572193725e-14
3.910437207e-14
3.877226119e-14
3.932345025e-14
3.883820629e-14
4.280558387e-14
4.074657607e-14
3.805097243e-14
4.153602464e-14
3.862301034e-14
4.025138712e-14
4.542819493e-14
4.109102049e-14
3.744082675e-14
4.32535803e-14
4.254946668e-14
5.394106008e-14
4.424231738e-14
4.016194728e-14
4.043599773e-14
4.938044803e-14
4.063653926e-14
4.35453525e-14
3.85357516e-14
3.711071572e-14
6.515442611e-14
5.66502079e-14
4.086488081e-14
4.256751702e-14
4.81358971e-14
3.877025212e-14
3.551261858e-14
4.268916802e-14
4.120754911e-14
4.372608666e-14
4.024647632e-14
4.326129993e-14
5.730422753e-14
4.015414753e-14
5.089439168e-14
3.866308941e-14
3.966948124e-14
3.978808875e-14
4.556333649e-14
3.875160424e-14
3.763386184e-14
4.702950911e-14
4.086188277e-14
4.299259048e-14
4.137152987e-14
4.408121131e-14
4.860889462e-14
3.752944186e-14
4.457690282e-14
4.835985709e-14
4.335204706e-14
3.728837388e-14
4.05054329e-14
4.543878042e-14
4.377871462e-14
4.060119961e-14
3.731827628e-14
3.72286228e-14
4.364611485e-14
4.747483351e-14
3.939554878e-14
4.277015578e-14
4.081916486e-14
4.183855068e-14
4.714702869e-14
4.18036178e-14
4.317893156e-14
5.419095184e-14
4.905807049e-14
4.026237413e-14
3.985349157e-14
4.489136671e-14
4.256473416e-14
4.341364473e-14
3.631818947e-14
3.858973975e-14
3.915310496e-14
4.127778421e-14
4.066863387e-14
3.860744987e-14
4.235741344e-14
4.219689906e-14
3.899471832e-14
4.146677189e-14
4.174778732e-14
3.904855212e-14
3.988691204e-14
3.916737217e-14
4.261153217e-14
4.184982717e-14
4.646160069e-14
3.648552503e-14
4.108101472e-14
4.409134517e-14
3.710285773e-14
3.805911137e-14
4.346442546e-14
4.147459217e-14
3.925163832e-14
3.790643385e-14
4.467074316e-14
4.035893053e-14
4.051724929e-14
4.387479525e-14
4.188567931e-14
4.899990503e-14
4.344210493e-14
4.325415592e-14
4.565181249e-14
3.904856141e-14
3.964729911e-14
3.955868542e-14
4.075194211e-14
4.231731606e-14
4.31163029e-14
4.445148605e-14
4.257447548e-14
5.651788098e-14
4.674675943e-14
4.191408265e-14
3.935567197e-14
4.814775319e-14
4.651294822e-14
5.285891755e-14
4.434135251e-14
3.929915674e-14
4.221291381e-14
4.645801349e-14
4.506869241e-14
4.780214779e-14
4.461975811e-14
4.132010923e-14
4.439071838e-14
3.949500281e-14
4.53220195e-14
4.472327349e-14
4.733592415e-14
4.277278396e-14
5.443663549e-14
4.293337256e-14
4.313118515e-14
4.390755285e-14
3.818753621e-14
4.721418618e-14
4.275998601e-14
4.252332058e-14
4.048314602e-14
4.526228686e-14
4.196820013e-14
4.906186647e-14
4.173081033e-14
5.238010124e-14
4.090776545e-14
4.133821552e-14
4.373814308e-14
5.194660255e-14
5.434765017e-14
4.403016409e-14
4.570459477e-14
5.018426527e-14
3.962851107e-14
4.103288679e-14
4.156897654e-14
3.979884051e-14
4.300363797e-14
5.460782452e-14
4.935495036e-14
4.71083769e-14
3.902247908e-14
4.562819523e-14
4.423508418e-14
4.280476151e-14
4.542581998e-14
4.210129244e-14
5.147932324e-14
4.333043041e-14
4.468989771e-14
4.314565844e-14
4.749109903e-14
4.992753424e-14
3.883352628e-14
4.197777986e-14
3.940209382e-14
5.069080257e-14
5.334235539e-14
4.902001432e-14
4.321605486e-14
4.220493056e-14
4.46628186e-14
4.033158e-14
4.358773962e-14
4.815911244e-14
5.258253211e-14
5.046131835e-14
4.630369961e-14
4.871504502e-14
5.134916591e-14
5.088543714e-14
4.002462334e-14
4.035463377e-14
4.133829317e-14
4.07999105e-14
4.9215627e-14
4.559071879e-14
4.44296855e-14
5.416224891e-14
5.176304947e-14
5.255165627e-14
4.27174289e-14
4.406109928e-14
4.213571174e-14
4.531829571e-14
4.152669781e-14
4.266375456e-14
5.098351583e-14
4.358320638e-14
5.001175657e-14
4.429050577e-14
4.600996249e-14
4.480948903e-14
4.844792921e-14
4.13861911e-14
4.703359014e-14
4.509233942e-14
4.224288913e-14
3.891633672e-14
4.122777404e-14
4.120367153e-14
4.811745606e-14
4.48521037e-14
4.291720252e-14
4.33351272e-14
4.503470371e-14
4.551200934e-14
4.413775175e-14
4.348264327e-14
4.512083862e-14
4.942589716e-14
4.801532303e-14
4.614557303e-14
4.490449488e-14
4.187492961e-14
4.206296291e-14
4.791764076e-14
4.288547685e-14
4.316800327e-14
4.214466549e-14
4.716573162e-14
4.192204628e-14
4.90184684e-14
4.622665381e-14
4.651633555e-14
4.207939097e-14
4.125491163e-14
4.054421591e-14
4.594419225e-14
4.40969964e-14
4.30933271e-14
4.151291662e-14
3.962729222e-14
4.347645594e-14
4.677181434e-14
4.027771837e-14
4.429516383e-14
4.131011369e-14
4.470011306e-14
4.991588964e-14
4.559647907e-14
5.117453964e-14
4.414973824e-14
4.567470697e-14
4.442034868e-14
4.621310556e-14
3.948740059e-14
4.29105895e-14
4.611760772e-14
4.00881105e-14
4.321606582e-14
5.439897068e-14
4.936748216e-14
4.341760545e-14
5.280463022e-14
4.580412195e-14
4.634629935e-14
4.151400735e-14
4.240605374e-14
4.540344657e-14
4.204079139e-14
4.44838568e-14
4.86737103e-14
4.492425316e-14
4.480547259e-14
4.590720695e-14
4.339786882e-14
4.266742313e-14
4.426569291e-14
4.078177993e-14
4.045716723e-14
4.186120373e-14
4.192077694e-14
4.489268362e-14
4.918843274e-14
4.723058382e-14
4.530525198e-14
4.751666412e-14
4.471741883e-14
4.639703765e-14
4.705639051e-14
4.000877885e-14
4.722892956e-14
4.450277286e-14
4.552978696e-14
4.056902096e-14
4.665735823e-14
4.738635607e-14
4.684794138e-14
5.108643789e-14
4.530003523e-14
4.504183516e-14
5.315124188e-14
4.882005951e-14
4.411464472e-14
4.422761447e-14
4.565215994e-14
4.638538354e-14
4.362548468e-14
4.683656722e-14
4.833329289e-14
4.731455032e-14
4.727064789e-14
4.120093983e-14
4.367962932e-14
4.489168732e-14
4.599110483e-14
5.58738963e-14
5.402954747e-14
4.921230664e-14
4.597164039e-14
4.790587736e-14
4.647584357e-14
4.674318808e-14
4.651768558e-14
4.571671426e-14
4.156059043e-14
4.156886817e-14
4.450999536e-14
4.82396035e-14
4.792394507e-14
5.173970818e-14
5.074040859e-14
4.34678473e-14
4.554501333e-14
4.103234139e-14
4.538165532e-14
4.498705188e-14
4.3792275e-14
5.152793804e-14
4.564402728e-14
5.492793804e-14
4.868101322e-14
4.715733892e-14
4.565633527e-14
6.711578657e-14
5.472114974e-14
4.408557517e-14
4.269845416e-14
4.297972293e-14
4.256785803e-14
4.438432182e-14
4.060489456e-14
4.354695525e-14
4.839367282e-14
4.503600472e-14
5.456834285e-14
4.497585675e-14
5.028039467e-14
4.738221567e-14
4.407388836e-14
4.236576914e-14
4.133269155e-14
4.423753339e-14
5.969973638e-14
4.603783608e-14
4.555211892e-14
5.199821268e-14
4.287679763e-14
4.622293526e-14
4.995820393e-14
4.575713563e-14
4.362939168e-14
4.626654635e-14
4.460959796e-14
4.35548206e-14
5.022144875e-14
4.772893006e-14
4.945172246e-14
4.692862403e-14
4.565334213e-14
4.533023491e-14
4.674391148e-14
4.563089486e-14
4.477041222e-14
4.479060181e-14
5.240821275e-14
4.772758757e-14
5.091110765e-14
5.333993335e-14
4.313546009e-14
4.50966316e-14
4.503704855e-14
4.985598126e-14
4.640931324e-14
4.386518937e-14
4.48737462e-14
4.400345465e-14
4.727695928e-14
4.633334183e-14
4.523715041e-14
4.795397387e-14
4.889300918e-14
5.373393954e-14
4.508578041e-14
5.425281508e-14
4.929734885e-14
5.144350989e-14
4.921172836e-14
5.048152894e-14
4.694165021e-14
4.980397097e-14
4.675003424e-14
4.412837825e-14
5.116057444e-14
4.58873949e-14
5.272794952e-14
6.029086231e-14
4.731141313e-14
5.306183315e-14
4.709497594e-14
5.092128495e-14
4.676240061e-14
5.006985707e-14
5.296613381e-14
4.881970327e-14
5.227947525e-14
4.779152697e-14
5.088892733e-14
5.295014319e-14
5.51068861e-14
5.334527563e-14
4.884669346e-14
5.242758025e-14
5.111368914e-14
5.119514028e-14
4.393078489e-14
4.617099719e-14
4.804138791e-14
5.368136644e-14
4.39556287e-14
4.621386447e-14
5.512159695e-14
5.63836922e-14
4.777265726e-14
4.635192149e-14
4.595609728e-14
5.00557495e-14
4.907913583e-14
4.567736153e-14
5.144612043e-14
4.655061544e-14
5.059158126e-14
4.610182504e-14
4.857569142e-14
4.552059512e-14
5.647977389e-14
5.130843271e-14
4.709388634e-14
4.518062707e-14
4.705113737e-14
4.721506085e-14
5.009759012e-14
5.195814098e-14
4.844053465e-14
4.917071604e-14
4.872716299e-14
4.403734158e-14
4.91423698e-14
4.547194582e-14
4.692338186e-14
5.010576714e-14
5.174950015e-14
5.533915605e-14
4.967195823e-14
4.552568827e-14
4.572069546e-14
4.59788127e-14
5.820792574e-14
4.370785367e-14
4.651435091e-14
4.842180436e-14
5.141007544e-14
4.56407982e-14
4.833466557e-14
4.87250082e-14
4.944587451e-14
5.835472876e-14
5.127000908e-14
4.82925618e-14
4.534020851e-14
4.560575018e-14
5.064979625e-14
4.554434314e-14
4.692946506e-14
4.865723793e-14
4.874517146e-14
5.828522403e-14
4.963522879e-14
5.358282473e-14
4.672567843e-14
4.910855907e-14
4.75508043e-14
4.806889844e-14
4.620956259e-14
4.93230713e-14
5.310112177e-14
5.620964938e-14
4.784013403e-14
4.713639796e-14
5.121236973e-14
4.395215228e-14
4.711384728e-14
4.594199657e-14
4.879727817e-14
4.796889898e-14
5.348004945e-14
4.865921319e-14
4.656313028e-14
4.690592425e-14
5.845997169e-14
5.667397744e-14
5.439124274e-14
5.544139794e-14
5.960186197e-14
4.856244885e-14
5.910377462e-14
5.700055676e-14
5.064970588e-14
5.74672971e-14
4.746317771e-14
4.44561584e-14
5.355522674e-14
5.140182427e-14
5.237255087e-14
5.23406573e-14
5.732581559e-14
6.340038334e-14
4.89735699e-14
5.158320987e-14
5.404246308e-14
5.455009242e-14
4.6037489e-14
4.687208394e-14
5.425559554e-14
5.177133823e-14
6.426065931e-14
5.210945474e-14
5.427555542e-14
5.878163858e-14
4.936308763e-14
6.591266274e-14
4.953533706e-14
5.435079824e-14
4.736859994e-14
4.767905771e-14
4.505366291e-14
5.025674678e-14
5.222551024e-14
5.318594109e-14
5.544732957e-14
5.062471127e-14
4.716249658e-14
4.881839284e-14
4.929421868e-14
5.365411305e-14
5.228855697e-14
4.960847703e-14
4.862432683e-14
5.276495819e-14
5.236700356e-14
5.845499644e-14
5.013543177e-14
5.088958493e-14
4.86172896e-14
5.226875898e-14
5.163971542e-14
5.524349539e-14
5.068966254e-14
5.681489138e-14
6.973828964e-14
5.421410742e-14
5.247071142e-14
5.38780164e-14
4.769213943e-14
4.869427788e-14
5.159989234e-14
5.497349953e-14
5.583140679e-14
6.102737459e-14
6.478821714e-14
5.921362055e-14
5.346809141e-14
5.015613554e-14
4.934883138e-14
4.894087591e-14
5.521205438e-14
5.413456404e-14
4.856408946e-14
5.278107543e-14
5.58165086e-14
4.920440913e-14
5.083300625e-14
5.040080173e-14
5.223287811e-14
5.458317985e-14
5.370756282e-14
4.81243084e-14
5.140916461e-14
5.051886928e-14
5.06673431e-14
4.945609944e-14
4.854889927e-14
5.532464706e-14
5.182348109e-14
5.455977503e-14
4.846125096e-14
5.465672685e-14
6.011895471e-14
5.224271214e-14
5.666314852e-14
5.594989997e-14
5.482343685e-14
4.971730688e-14
5.119563797e-14
5.25835309e-14
5.30480605e-14
5.081147572e-14
5.638184048e-14
6.093372338e-14
5.434662694e-14
5.165658566e-14
4.935650019e-14
5.387979805e-14
4.638292975e-14
5.645183006e-14
5.027340761e-14
5.530498844e-14
6.63776608e-14
5.861742186e-14
5.750238312e-14
5.182167669e-14
4.903258911e-14
5.110952296e-14
5.472789251e-14
4.965919947e-14
4.994126216e-14
6.388812054e-14
5.693970337e-14
5.844070014e-14
5.036282834e-14
5.402674647e-14
5.161298902e-14
5.307176377e-14
5.400661694e-14
6.104886806e-14
5.516642284e-14
5.514385398e-14
5.693629259e-14
5.739410657e-14
5.8222937e-14
5.468526544e-14
5.08655935e-14
5.476883815e-14
5.200795964e-14
6.021927001e-14
5.07763074e-14
5.250570983e-14
5.205778098e-14
5.100609935e-14
5.416924845e-14
5.3087286e-14
5.366956148e-14
5.675166331e-14
5.685455458e-14
5.160702052e-14
5.499736479e-14
5.668071531e-14
5.932953711e-14
5.290814965e-14
5.11978348e-14
5.076079087e-14
5.396934676e-14
4.904935342e-14
5.028832599e-14
5.565869677e-14
5.149642902e-14
5.176513304e-14
6.157280623e-14
5.44926836e-14
5.29282116e-14
5.429073515e-14
5.471452998e-14
5.159990445e-14
5.089296147e-14
5.310511177e-14
5.309754276e-14
5.396496872e-14
6.567577292e-14
5.809981737e-14
5.434737011e-14
5.974770314e-14
5.932564772e-14
5.918598914e-14
5.663689705e-14
6.044745242e-14
5.203138064e-14
5.592861392e-14
5.487034487e-14
6.219833026e-14
5.932539865e-14
5.347690693e-14
5.525270472e-14
5.680604071e-14
5.974942401e-14
5.154686945e-14
5.591157352e-14
5.846462614e-14
6.155459112e-14
6.268495177e-14
5.62877333e-14
5.315329013e-14
5.558029766e-14
5.393986855e-14
5.260997028e-14
5.427243219e-14
5.492909554e-14
5.484804958e-14
5.762876284e-14
5.383604401e-14
5.345020635e-14
5.37532526e-14
5.593181015e-14
5.929105268e-14
5.405412974e-14
5.632303014e-14
5.526517206e-14
5.906733556e-14
5.84256841e-14
5.457756738e-14
6.001306129e-14
6.130432746e-14
5.772616667e-14
5.600516867e-14
5.965533328e-14
5.468174365e-14
5.800287058e-14
5.957783938e-14
5.587839297e-14
5.616255326e-14
5.821608787e-14
6.079070525e-14
5.525188741e-14
6.013652603e-14
5.4813812e-14
5.585864966e-14
5.51789106e-14
5.957190654e-14
6.048375938e-14
5.388060939e-14
6.123430817e-14
6.298665552e-14
5.918468856e-14
5.606110685e-14
5.492015925e-14
6.418730216e-14
5.889517653e-14
5.75253971e-14
5.301978054e-14
6.078615238e-14
5.961633267e-14
5.840153686e-14
5.531522096e-14
5.914903963e-14
6.677997679e-14
6.170971392e-14
5.738489625e-14
6.218610828e-14
5.72191452e-14
5.909626227e-14
6.341590841e-14
5.854339526e-14
5.70237191e-14
5.669918009e-14
5.493897262e-14
5.681613868e-14
6.332568021e-14
5.521644599e-14
6.103506185e-14
6.069646569e-14
5.711531469e-14
5.957353643e-14
6.436851748e-14
6.200180353e-14
6.200626912e-14
6.100826906e-14
6.311838634e-14
5.904201318e-14
5.977339565e-14
6.523312658e-14
6.017007172e-14
5.892258505e-14
6.336900734e-14
6.115216366e-14
5.717510039e-14
6.313627372e-14
6.105462662e-14
5.967336937e-14
6.186153487e-14
6.009109483e-14
6.137033289e-14
6.15258291e-14
5.857955636e-14
6.13550554e-14
6.279358078e-14
5.852172214e-14
6.562286016e-14
6.011031555e-14
6.127896336e-14
5.820156078e-14
6.052975468e-14
6.083790309e-14
5.864786433e-14
5.983904086e-14
6.964967543e-14
5.936901188e-14
5.927050349e-14
6.5647934e-14
7.161818599e-14
6.005528688e-14
5.774085398e-14
6.033590587e-14
5.822140753e-14
6.996172007e-14
5.92813086e-14
6.236091874e-14
6.591361279e-14
6.258249291e-14
6.219082733e-14
6.606811378e-14
5.918870306e-14
6.26382802e-14
6.207924126e-14
5.939004491e-14
6.179599238e-14
6.311411891e-14
6.344197254e-14
7.232470551e-14
6.182453672e-14
6.088300981e-14
6.158759377e-14
5.864419364e-14
6.642038957e-14
6.42781708e-14
6.161932822e-14
5.909514489e-14
6.233085394e-14
6.341199765e-14
6.39383811e-14
6.047180915e-14
6.860230344e-14
6.310143003e-14
6.174114989e-14
6.379474291e-14
6.137649736e-14
6.428387719e-14
6.386118923e-14
6.334833097e-14
6.528130148e-14
6.694845015e-14
6.124147701e-14
6.653683558e-14
6.056715433e-14
6.442465545e-14
6.647407865e-14
6.277148105e-14
6.863538883e-14
6.116109432e-14
6.759909674e-14
6.886558688e-14
6.717113107e-14
6.527446755e-14
6.06192176e-14
6.644998949e-14
6.71920417e-14
6.510985075e-14
6.37288174e-14
6.073061108e-14
6.012897105e-14
6.336647361e-14
6.200104195e-14
6.278402544e-14
6.696474273e-14
6.825371677e-14
6.352526645e-14
6.432182711e-14
6.407076167e-14
6.807635507e-14
6.497621364e-14
6.097352534e-14
6.541138632e-14
6.927180752e-14
6.902908404e-14
6.650189407e-14
6.710690043e-14
6.338241353e-14
6.119356162e-14
6.533392357e-14
7.039974548e-14
6.979931502e-14
7.261946849e-14
6.577423764e-14
6.564004311e-14
6.367835248e-14
6.664757663e-14
6.330485212e-14
6.34034172e-14
6.553529061e-14
6.706239315e-14
7.200395972e-14
6.801155603e-14
6.819795357e-14
6.348286014e-14
6.531831454e-14
6.451939612e-14
7.877694181e-14
7.194121453e-14
6.209188793e-14
6.954981566e-14
6.350749728e-14
7.504285944e-14
7.754093901e-14
7.312963273e-14
7.002051857e-14
7.169403619e-14
6.884635084e-14
7.323200986e-14
6.739707608e-14
6.959199466e-14
6.693769436e-14
7.553915084e-14
6.760524598e-14
7.516918975e-14
6.900788913e-14
6.711591083e-14
6.838989919e-14
6.571834435e-14
7.146537822e-14
6.349225043e-14
7.375857656e-14
6.884804218e-14
6.860616162e-14
6.971574243e-14
7.335260457e-14
6.776885442e-14
6.634205431e-14
7.532067795e-14
7.372536739e-14
7.210925172e-14
6.749853055e-14
6.771185895e-14
6.789196755e-14
6.90481173e-14
7.345981315e-14
7.220632748e-14
7.063428704e-14
6.718103004e-14
7.20878061e-14
7.320055599e-14
7.012208552e-14
7.054023575e-14
7.363975995e-14
7.02005246e-14
8.259468089e-14
7.51490761e-14
7.117823812e-14
7.352203025e-14
7.965652634e-14
7.038719799e-14
6.96379836e-14
7.406052562e-14
6.947841152e-14
7.208569682e-14
7.281617045e-14
7.095101394e-14
7.101842469e-14
7.291621874e-14
7.254813358e-14
7.102063047e-14
7.065685733e-14
7.860763398e-14
7.819515521e-14
7.218313434e-14
7.105550467e-14
7.118766409e-14
7.515300359e-14
7.120355417e-14
7.418442109e-14
7.370337062e-14
7.105132277e-14
7.463163007e-14
7.920496373e-14
7.411721314e-14
7.087030216e-14
7.530549438e-14
7.769357992e-14
7.110471306e-14
7.121850599e-14
7.503026505e-14
7.196044264e-14
7.430467782e-14
7.441240752e-14
7.796824128e-14
7.17593034e-14
7.236980956e-14
7.151245764e-14
7.840934774e-14
7.48522608e-14
7.250104606e-14
7.272007082e-14
7.517367534e-14
7.819108405e-14
7.627972858e-14
7.656335567e-14
7.525964786e-14
7.67121787e-14
7.231166566e-14
7.43471628e-14
7.649171399e-14
8.242199716e-14
7.784082133e-14
8.222009439e-14
8.544190614e-14
8.094710106e-14
7.761620065e-14
7.85977688e-14
7.519492616e-14
8.020521814e-14
7.514849903e-14
7.876607347e-14
7.828973038e-14
8.241923092e-14
7.946545342e-14
7.767209359e-14
7.994265632e-14
7.644391541e-14
7.759569887e-14
7.529908358e-14
7.593252934e-14
7.708875923e-14
7.909515134e-14
7.869091853e-14
8.12496881e-14
8.321427746e-14
8.19248178e-14
8.065996295e-14
9.452491557e-14
8.138290083e-14
7.771883086e-14
8.192138682e-14
8.080605182e-14
8.335021097e-14
8.042980081e-14
7.938795122e-14
7.826789669e-14
7.831806372e-14
8.019097595e-14
7.977034092e-14
8.057891981e-14
8.252323931e-14
8.629200663e-14
8.395369518e-14
8.381598373e-14
8.508113891e-14
8.19659451e-14
8.499661924e-14
8.736801149e-14
8.254153213e-14
8.379966504e-14
8.77269765e-14
8.618756014e-14
9.163321676e-14
8.532681233e-14
8.336592833e-14
8.627118843e-14
8.14539157e-14
8.584212597e-14
8.408151873e-14
8.412018673e-14
8.660713613e-14
8.584545892e-14
7.979537167e-14
8.413342344e-14
8.417658137e-14
8.387504357e-14
8.56806569e-14
8.656632074e-14
8.561923128e-14
8.450636232e-14
8.781500256e-14
8.97473368e-14
8.520556477e-14
1.004851576e-13
8.748178223e-14
8.775895344e-14
8.657827179e-14
8.459887573e-14
8.763245966e-14
8.83748671e-14
9.866264708e-14
9.291235724e-14
8.858023746e-14
9.096610938e-14
8.35323584e-14
8.727358591e-14
9.346656281e-14
8.791219081e-14
9.109465799e-14
9.241166295e-14
8.880012803e-14
8.937949822e-14
9.44656562e-14
9.389535539e-14
9.443192606e-14
9.303246676e-14
9.287706535e-14
9.13147479e-14
9.423861053e-14
9.450935928e-14
9.270653831e-14
9.92141825e-14
9.358501822e-14
9.497895481e-14
9.192847982e-14
9.461549126e-14
9.506952019e-14
9.570326098e-14
1.037155343e-13
9.769642059e-14
9.173555123e-14
9.590205882e-14
9.455025184e-14
9.468523374e-14
9.779900851e-14
9.86870252e-14
9.563394808e-14
1.039116067e-13
1.021681066e-13
9.732096489e-14
9.727929383e-14
1.083325128e-13
1.022046195e-13
1.029753261e-13
9.729765299e-14
1.054356742e-13
9.640597618e-14
1.018016642e-13
1.006950134e-13
9.86391644e-14
1.010161467e-13
9.943569364e-14
1.039558224e-13
1.020212822e-13
1.003627419e-13
1.012232716e-13
1.050076018e-13
1.045186667e-13
1.070417972e-13
1.024583276e-13
1.033500869e-13
1.083528875e-13
9.977996937e-14
1.07034353e-13
1.055413191e-13
1.017403707e-13
1.010429033e-13
1.047284177e-13
1.022703086e-13
1.048631181e-13
1.056221365e-13
1.08123544e-13
1.049910081e-13
1.083509086e-13
1.061456815e-13
1.031065545e-13
1.051242049e-13
1.076922983e-13
1.093376456e-13
1.057476506e-13
1.106541954e-13
1.115651608e-13
1.123202951e-13
1.069941319e-13
1.123755266e-13
1.155561044e-13
1.148760999e-13
1.069617568e-13
1.143653999e-13
1.119619615e-13
1.166743395e-13
1.160421603e-13
1.1608626e-13
1.150482483e-13
1.159390853e-13
1.152212196e-13
1.204402189e-13
1.133162737e-13
1.244475042e-13
1.140025617e-13
1.247291275e-13
1.16193348e-13
1.178445426e-13
1.143203864e-13
1.129166626e-13
1.200253255e-13
1.169222666e-13
1.183081085e-13
1.204403666e-13
1.193178963e-13
1.260614612e-13
1.232532345e-13
1.246687032e-13
1.276591511e-13
1.254847681e-13
1.247475095e-13
1.204601756e-13
1.218126407e-13
1.232143445e-13
1.25590613e-13
1.223564415e-13
1.2181321e-13
1.268348428e-13
1.280759098e-13
1.321081478e-13
1.235169267e-13
1.26567742e-13
1.314054692e-13
1.350478687e-13
1.328982288e-13
1.290376051e-13
1.31210482e-13
1.320037516e-13
1.304824405e-13
1.346948293e-13
1.356365091e-13
1.37557238e-13
1.331771946e-13
1.344480106e-13
1.422663036e-13
1.456820504e-13
1.356875019e-13
1.353218751e-13
1.396541183e-13
1.364664653e-13
1.370375637e-13
1.357484216e-13
1.456037562e-13
1.400386491e-13
1.450349888e-13
1.4007414e-13
1.480052838e-13
1.435442158e-13
1.447495085e-13
1.465430278e-13
1.43045504e-13
1.440804676e-13
1.498241608e-13
1.508418711e-13
1.457757614e-13
1.488877084e-13
1.51014328e-13
1.491533957e-13
1.534271206e-13
1.713106383e-13
1.535650803e-13
1.55835264e-13
1.566252806e-13
1.555562034e-13
1.58499722e-13
1.609360743e-13
1.634975084e-13
1.603756341e-13
1.613218735e-13
1.575755965e-13
1.661467004e-13
1.646889388e-13
1.615749331e-13
1.675275268e-13
1.641365054e-13
1.715235562e-13
1.680455734e-13
1.693095503e-13
1.757022273e-13
1.745313553e-13
1.745547213e-13
1.830523582e-13
1.749072608e-13
1.793353353e-13
1.867340481e-13
1.793689787e-13
1.790440805e-13
1.869346593e-13
1.801107241e-13
1.813439665e-13
1.780645451e-13
1.841328233e-13
1.918827016e-13
1.859883724e-13
1.846689314e-13
2.046460528e-13
1.889208838e-13
1.909638073e-13
1.965280929e-13
2.019794616e-13
1.951598898e-13
1.963784037e-13
1.939234492e-13
1.952528114e-13
1.984873696e-13
2.037400237e-13
1.998498665e-13
2.108409735e-13
2.050428815e-13
2.167257646e-13
2.106131022e-13
2.21052134e-13
2.154277926e-13
2.139351953e-13
2.131941227e-13
2.137722107e-13
2.194317531e-13
2.161388004e-13
2.214030073e-13
2.27762494e-13
2.283329363e-13
2.257955338e-13
2.269731125e-13
2.397731045e-13
2.300527408e-13
2.351336997e-13
2.324925172e-13
2.394055471e-13
2.428287912e-13
2.403507744e-13
2.488673423e-13
2.478194171e-13
2.473274816e-13
2.427779004e-13
2.513146545e-13
2.558857128e-13
2.5545711e-13
2.553705037e-13
2.607388457e-13
2.701575997e-13
2.682257996e-13
2.649832069e-13
2.665864872e-13
2.691812628e-13
2.754764228e-13
2.705970805e-13
2.826097457e-13
2.850977692e-13
2.811502861e-13
2.918956346e-13
2.867264351e-13
2.916882081e-13
2.92646126e-13
2.916243657e-13
2.974640618e-13
2.964483108e-13
3.042295145e-13
3.172366585e-13
3.165318859e-13
3.114539937e-13
3.145091991e-13
3.191424715e-13
3.187795502e-13
3.2412029e-13
3.290458904e-13
3.36234191e-13
3.289829774e-13
3.304892421e-13
3.341388026e-13
3.422846791e-13
3.474438955e-13
3.48690194e-13
3.478157308e-13
3.544034063e-13
3.606906917e-13
3.573305103e-13
3.578645502e-13
3.636922108e-13
3.645121419e-13
3.675614643e-13
3.730725829e-13
3.773583867e-13
3.764870668e-13
3.764934621e-13
3.774704346e-13
3.803078435e-13
3.7977201e-13
3.841543888e-13
3.891244551e-13
3.869236041e-13
3.883059185e-13
3.900784013e-13
3.994327776e-13
3.929934523e-13
3.965531319e-13
3.925964787e-13
3.985047892e-13
3.991454198e-13
3.979829136e-13
4.004380749e-13
4.028375477e-13
4.081510976e-13
4.045706722e-13
3.967212986e-13
4.027821576e-13
3.933028e-13
4.010247725e-13
3.948754553e-13
3.940231232e-13
3.968331937e-13
3.897834539e-13
3.989371522e-13
3.919984134e-13
3.836434765e-13
3.858639079e-13
3.837510945e-13
3.837767548e-13
3.803571403e-13
3.70410176e-13
3.781743572e-13
3.725163998e-13
3.57988134e-13
3.640973611e-13
3.587204847e-13
3.545085006e-13
3.428723158e-13
3.507651669e-13
3.408187103e-13
3.358155974e-13
3.333460018e-13
3.233333364e-13
3.23605006e-13
3.126242027e-13
3.150996789e-13
3.025270758e-13
2.954437247e-13
2.933049268e-13
2.839813462e-13
2.801667179e-13
2.744871198e-13
2.664207087e-13
2.641613537e-13
2.529075104e-13
2.541565409e-13
2.411501711e-13
2.371958621e-13
2.293726766e-13
2.246050041e-13
2.219766556e-13
2.129686498e-13
2.088414979e-13
2.039791861e-13
1.923769514e-13
1.885240181e-13
1.82507672e-13
1.775150173e-13
1.728242406e-13
1.635046444e-13
1.601590845e-13
1.509007076e-13
1.467079664e-13
1.431971559e-13
1.318829998e-13
1.291960605e-13
1.227694666e-13
1.207592185e-13
1.126191057e-13
1.075564395e-13
1.039494501e-13
9.819510576e-14
9.233065063e-14
8.895880757e-14
8.412600918e-14
8.224855479e-14
7.727871414e-14
7.338126409e-14
6.593778317e-14
6.386182888e-14
5.964617623e-14
5.577755866e-14
5.274996976e-14
5.003454493e-14
5.031841829e-14
4.433909728e-14
4.276599912e-14
4.190502475e-14
3.664685269e-14
3.593810198e-14
3.366302203e-14
3.036770035e-14
2.928726498e-14
2.696321877e-14
2.478813476e-14
2.310462032e-14
2.024306761e-14
2.222563591e-14
1.831684441e-14
1.700371218e-14
1.561763247e-14
1.45065949e-14
1.371970336e-14
1.290796658e-14
1.249468806e-14
1.070257973e-14
1.011384996e-14
9.253798976e-15
9.101064584e-15
7.945289372e-15
7.484609884e-15
6.583597761e-15
7.075505532e-15
5.712519455e-15
4.925655277e-15
4.682421686e-15
4.293941247e-15
4.06408469e-15
3.503582032e-15
3.147189176e-15
3.106578414e-15
3.041189915e-15
2.100570878e-15
2.638853334e-15
1.953263645e-15
1.989056395e-15
4.455189776e-15
1.853713008e-15
1.393116401e-15
1.174556724e-15
1.22304154e-15
8.15706707e-16
8.388633912e-16
7.054248308e-16
6.152308155e-16
9.321199316e-16
6.755071172e-16
3.624706123e-16
3.843490899e-16
8.148505956e-16
8.434323076e-16
4.27817427e-16
4.742401296e-16
7.516651897e-16
2.905535888e-16
2.785130978e-16
3.670337947e-16
7.83731913e-16
3.906929328e-16
3.191376944e-16
2.265398391e-16
3.232821943e-16
3.255918759e-16
2.577999111e-16
3.669644659e-16
3.152783857e-16
2.147746432e-16
3.161393433e-16
3.570281167e-16
3.269479857e-16
1.441849212e-16
3.70455267e-16
1.057427206e-16
4.378301559e-16
3.572228599e-16
2.713570228e-16
2.025576484e-16
1.046968409e-15
4.818379466e-16
1.288198344e-15
3.186517893e-16
4.291871007e-16
4.055692196e-16
4.159802862e-16
1.894859038e-16
2.583877185e-16
2.047804751e-16
2.941190767e-16
3.055461239e-16
1.531730863e-16
3.297778176e-16
2.285839932e-15
6.253347492e-16
4.374085658e-16
3.535514729e-16
2.90382146e-16
2.890157212e-16
2.600680028e-16
5.290841049e-16
3.23770104e-16
3.015532403e-16
4.029285775e-16
4.821162061e-16
5.188710567e-16
3.476311425e-16
1.632246472e-16
2.261683896e-16
3.425211521e-16
2.883292525e-16
2.521182455e-16
2.54728792e-16
2.153288556e-16
9.594512648e-17
2.540460424e-16
2.06944252e-16
2.263006238e-16
2.635798023e-16
1.019604296e-15
2.410447582e-16
2.779813586e-16
7.211938728e-16
1.632398946e-16
2.767810645e-16
1.868630754e-16
3.412693205e-16
1.860744567e-16
1.390114544e-16
1.597201115e-16
2.813688478e-16
6.128838219e-16
4.843406114e-16
2.981140455e-16
2.14131567e-16
7.917280137e-16
8.843590459e-16
4.579477965e-16
3.748445423e-16
2.477272279e-15
2.717575294e-16
4.255403534e-16
2.263959981e-16
7.781721883e-17
1.399156311e-15
5.22683485e-16
1.633762021e-16
1.115584632e-16
1.421554344e-16
1.154317846e-16
1.57541633e-16
2.520759137e-16
1.065711326e-15
3.630529773e-16
1.743811691e-15
2.574802108e-16
2.4808523e-16
2.301239783e-16
2.824471261e-16
4.767047272e-16
2.518769767e-16
2.105124109e-16
3.997610868e-16
8.592170405e-17
4.376112832e-16
5.178280224e-16
5.729155126e-16
4.848591351e-16
2.128416093e-16
1.483686025e-16
1.094762962e-15
2.451699998e-16
3.684551306e-16
3.395394455e-16
1.899354017e-16
4.049811769e-16
1.230394583e-16
1.134435358e-16
1.797127438e-16
1.028526971e-16
1.044038189e-16
1.556268582e-16
2.332235838e-16
1.837796774e-16
1.998717331e-16
1.966491838e-16
1.173795553e-16
2.207199042e-16
9.264901192e-16
2.017501139e-16
7.519851327e-17
9.728802666e-17
2.631993897e-16
1.697033981e-16
1.541428583e-16
1.368540135e-16
2.007375271e-16
6.193648629e-16
1.248603686e-16
1.841274566e-16
2.109219011e-16
1.418170149e-16
3.458598545e-16
1.676851889e-16
3.127008196e-16
1.173646359e-16
2.621589144e-16
2.966071819e-16
2.000877455e-16
1.0156861e-16
3.329696076e-16
8.452038533e-16
2.739713581e-16
1.600592415e-16
1.887232353e-16
2.280699957e-16
4.06178307e-16
1.487760593e-16
8.667877181e-17
2.542645625e-16
2.438514904e-16
1.411045149e-16
3.786379723e-16
2.803234572e-16
2.092393535e-16
3.629372284e-16
2.011823451e-16
2.358654264e-16
2.448555e-16
2.042069468e-16
3.755173961e-16
2.904135288e-16
6.397418867e-16
1.821938825e-16
1.97052615e-16
4.23509178e-16
8.3168675e-16
5.577502433e-16
2.44441146e-16
3.230171396e-16
3.242553652e-16
2.760655041e-16
2.554861751e-16
2.356670914e-16
1.333833768e-16
1.234698302e-16
4.664792988e-16
2.095007049e-16
8.850964207e-17
1.366144806e-16
5.903148922e-17
1.753127685e-16
4.008335468e-17
2.104149711e-16
8.553739998e-17
1.734043564e-16
1.43205342e-16
1.491103086e-16
2.236536246e-16
4.092041001e-16
1.80218194e-16
2.569329518e-16
1.750945276e-16
1.160758508e-16
2.255871523e-16
4.711544832e-16
2.762426222e-16
3.993799187e-16
1.044767178e-16
8.047240194e-16
1.958160077e-16
1.423155441e-16
1.360871646e-16
2.571641152e-16
2.136707866e-16
2.210669546e-16
1.522629669e-16
1.478916623e-16
1.112611541e-16
9.994040516e-17
1.810561075e-16
1.988259108e-15
6.95627768e-17
2.759647429e-17
1.942812106e-16
1.506678094e-16
2.07239078e-16
1.796265371e-16
1.991267972e-16
1.194950985e-15
2.50539203e-17
1.119049126e-16
1.061041047e-16
1.403614645e-16
1.212792357e-16
5.402827069e-16
4.59095391e-17
9.808760188e-17
2.658594755e-16
1.403095559e-16
4.049943283e-16
1.879816295e-16
1.051151914e-16
1.913410743e-16
8.350966192e-17
3.82797449e-16
8.909266303e-16
1.799395366e-16
1.900751809e-16
1.15980115e-16
9.486050367e-17
5.2812195e-17
7.577799095e-16
1.848287156e-16
1.21410456e-16
5.314920117e-17
2.428094099e-16
1.159024886e-16
1.725977305e-16
1.306054115e-16
6.562515449e-17
1.042729734e-16
1.532519498e-16
1.10040153e-16
1.494962786e-16
5.752713116e-17
9.574863694e-17
4.659044208e-17
5.972428395e-17
1.595645758e-16
2.560712542e-16
1.130173644e-16
7.346208316e-18
3.531417093e-17
2.224461882e-16
2.67270959e-16
1.143942251e-15
1.275158715e-15
2.414921353e-16
9.524645843e-17
1.09417888e-16
1.020397181e-16
4.496593219e-16
1.640460472e-16
6.170620335e-17
4.429081741e-17
1.592415241e-16
1.933381399e-16
1.886155845e-16
3.964520784e-16
5.064925957e-16
4.680853357e-16
1.971001445e-15
6.177302123e-17
3.189799096e-16
3.8534432e-16
1.22120304e-16
3.246912972e-16
3.241292306e-16
2.585209255e-16
1.097666394e-16
4.116232771e-16
2.293588666e-16
2.379342204e-16
1.184959967e-16
2.933600946e-16
2.917403843e-16
1.23702029e-16
2.842818808e-16
1.426167234e-16
2.543550119e-16
3.874615869e-16
6.938388539e-16
6.411541154e-16
2.88187719e-16
1.383228753e-16
2.257113845e-16
3.095098208e-16
2.870098737e-16
4.53976803e-16
2.180369496e-16
1.1284687e-16
1.166279404e-16
1.214567588e-16
1.689764965e-16
2.54622453e-16
3.883625763e-16
1.464457567e-16
1.510492104e-16
1.766085834e-16
8.959232287e-16
1.773049531e-16
1.595896485e-16
6.338112021e-17
1.991244418e-16
2.155467804e-16
3.41141155e-16
1.549629222e-16
2.627991409e-16
3.645152861e-16
2.822574154e-16
1.515291324e-16
4.624623946e-16
4.093033003e-16
2.403145924e-16
8.779714225e-17
1.077241635e-16
1.730675794e-16
1.837924485e-16
3.390036095e-16
1.50930314e-16
2.3344921e-16
1.079048837e-16
1.624987258e-16
2.047814691e-16
2.003672432e-16
4.750411937e-16
1.4522765e-16
1.738871086e-16
1.664897387e-16
2.384663141e-16
1.967395618e-16
1.398118899e-16
1.593306321e-16
1.569069177e-16
1.65165935e-16
1.252255786e-16
2.526459868e-16
1.287153949e-16
5.213860628e-17
1.482808097e-16
2.552905443e-16
1.724049599e-16
1.225214842e-16
4.922063752e-16
2.209667528e-16
4.356626029e-17
9.364906876e-17
1.459868907e-16
1.981200235e-16
2.749374646e-16
5.463994316e-16
1.921029465e-16
1.457393853e-16
1.84518609e-16
1.817753561e-16
3.251120905e-16
2.999637812e-16
1.672964292e-16
5.308962143e-16
2.103074997e-16
1.721459934e-16
1.836895862e-16
2.947944636e-16
2.922979283e-16
1.746177401e-16
2.617532658e-16
1.1054221e-16
1.285738655e-16
1.829095083e-16
1.818709131e-16
7.946109271e-17
2.121255195e-16
1.123424693e-16
1.906056998e-16
1.629349288e-16
7.09975468e-17
4.452907151e-17
1.872764606e-16
1.257581157e-17
7.108852733e-17
6.114589732e-17
1.258327476e-16
1.044477205e-16
5.959418638e-17
6.924602896e-17
1.286998974e-16
1.741085526e-17
1.221770068e-16
1.104894788e-16
2.676982951e-16
2.86703371e-16
1.349680544e-16
1.024685219e-15
6.875012337e-17
1.205365769e-16
1.000123927e-16
6.411876654e-17
8.98136969e-17
1.029979821e-16
2.543999008e-16
1.236893937e-16
1.817178858e-16
2.678549076e-16
1.654769497e-16
1.639192908e-16
2.558389544e-16
2.468313151e-16
1.509629008e-16
1.641409598e-16
1.657874666e-16
1.66907068e-16
6.426462534e-17
1.231649183e-16
7.497271882e-17
1.58903322e-16
7.471370769e-17
7.792904827e-17
1.369457328e-16
4.410096738e-17
1.885270963e-16
3.783623511e-16
2.062142431e-16
6.158064034e-17
1.529902266e-16
1.046471606e-16
1.092950794e-16
8.297079633e-17
8.610125723e-17
2.92997361e-16
1.158546131e-16
7.271834932e-17
1.354979853e-16
8.064378946e-17
1.635050689e-16
1.06225283e-16
9.455515451e-17
8.227265007e-17
1.334191606e-16
1.592381121e-16
2.699781017e-16
1.421675927e-16
2.230520908e-16
1.929268993e-16
4.022754837e-17
1.334809697e-16
4.44346635e-16
1.921429938e-16
1.256230618e-16
9.136533686e-17
1.043978335e-16
1.293883944e-15
3.526458457e-16
2.079492313e-16
1.861231709e-16
2.253450819e-16
7.0984847e-17
1.571652759e-16
1.634238751e-15
2.0671863e-16
1.180772982e-16
1.684227988e-16
1.624060569e-16
4.885107991e-17
3.463693658e-16
1.185524193e-16
1.437858953e-16
8.502949318e-17
1.425090027e-16
7.975277998e-17
1.780852575e-16
6.874616149e-17
1.062899691e-16
8.57984066e-17
7.506470002e-17
6.483052317e-17
4.520738707e-17
1.509577728e-16
7.552932802e-17
1.979083992e-16
3.764030408e-17
9.74730583e-17
9.937922417e-18
1.348665586e-16
1.066058569e-16
3.227956783e-16
1.401595869e-16
7.398958316e-17
1.700846398e-17
3.850125906e-17
1.184153154e-16
2.856112916e-17
1.291777665e-16
1.979816378e-16
1.600689931e-16
1.045976398e-16
9.004837108e-17
1.356818123e-16
5.496410916e-17
1.084473476e-16
8.998984655e-17
1.699880951e-16
1.932554521e-16
6.503547649e-17
1.205720893e-16
8.05899142e-16
5.866254912e-16
7.608160452e-17
3.803540735e-16
3.581871012e-15
1.851943407e-15
1.89320715e-16
1.002295341e-16
9.596628677e-17
3.144341716e-17
2.626563837e-16
3.501979752e-16
1.490691531e-16
1.140965724e-16
6.482147362e-17
9.35365756e-16
9.055935918e-17
8.410444275e-17
7.733209291e-16
3.151008352e-16
7.592876308e-18
2.692413765e-17
8.438296528e-17
1.11407548e-16
2.152707724e-16
1.761805258e-17
9.023285546e-17
6.616489794e-17
7.705083669e-17
1.205438179e-16
1.808276733e-16
1.753118648e-16
7.328421812e-16
6.067498605e-17
2.913783688e-17
1.422134984e-16
9.969028713e-17
1.679603139e-16
1.111996118e-16
1.929937651e-16
1.124588818e-17
9.879313966e-17
8.677363971e-17
1.872499691e-16
1.290427621e-16
6.730944789e-17
1.960217114e-16
6.442049198e-17
1.463756755e-15
1.294340031e-16
8.039415767e-16
9.026734849e-17
3.171899695e-17
9.265983344e-17
8.800265625e-17
1.428970272e-16
1.400289783e-16
1.192381628e-16
9.803515918e-17
4.235784774e-16
1.370828836e-16
6.673867869e-17
1.40346245e-16
8.66905863e-17
1.15214785e-16
8.263264641e-17
1.331336609e-16
1.455822144e-16
1.85972374e-16
1.763155714e-16
2.273073452e-16
3.239456499e-16
2.733540258e-16
1.196039108e-16
1.883929317e-16
3.086328923e-16
1.76360995e-16
1.95603744e-16
9.103277665e-17
6.488686659e-17
1.618679186e-16
2.867903452e-17
2.496801539e-17
2.460033725e-17
2.172122845e-17
3.43859173e-17
1.741702298e-16
1.887752406e-16
8.702242959e-17
3.919240792e-17
1.775608169e-16
8.260324422e-17
4.237171851e-17
1.417719525e-16
6.433692078e-17
1.061832549e-16
1.159062978e-16
2.032837457e-17
9.45607861e-17
9.558907949e-17
1.044877977e-16
6.70901427e-17
1.564559699e-16
2.408422753e-16
1.170377773e-16
1.222873605e-16
1.176744061e-16
6.608766713e-17
1.799976219e-16
1.252079909e-15
1.123229375e-16
1.887185392e-16
6.303921493e-17
7.553624954e-17
1.73163177e-16
1.468292921e-15
7.146092473e-16
2.192894334e-16
3.25683715e-17
7.53926697e-17
2.201843691e-16
4.51190466e-17
1.539460376e-16
1.597157877e-16
1.012182312e-16
1.83296984e-15
1.213309557e-16
3.563261336e-17
9.652031153e-17
1.029871546e-16
1.034832236e-16
2.77936795e-16
1.850616496e-16
2.876502502e-17
2.245572389e-17
7.021572974e-17
3.538028725e-16
2.091728441e-16
1.04094706e-16
2.319676652e-17
7.581704128e-17
7.651276046e-17
1.397486557e-16
1.52975327e-17
1.302167996e-16
3.115523188e-17
1.43940627e-17
1.820570556e-16
1.134187899e-16
5.194371884e-16
2.862739483e-16
1.058896217e-16
3.030069528e-16
9.643788499e-17
1.527471935e-16
5.362528606e-17
3.069369209e-16
1.918912891e-16
5.431608413e-17
1.733071391e-16
1.363197515e-16
1.139059449e-16
8.192064981e-17
9.518506825e-17
9.632255325e-17
9.667837645e-17
7.544469264e-17
1.780790909e-16
2.108719723e-16
3.172134749e-16
1.834892245e-15
8.556400478e-16
7.120550439e-16
6.335613141e-16
1.196327728e-16
9.675114286e-17
6.084791002e-17
1.314648977e-16
1.141877255e-16
2.138432717e-17
1.448408731e-16
1.52634253e-16
1.447770972e-16
1.233713703e-16
9.113057876e-16
9.562377966e-17
1.237047124e-16
1.576728625e-16
4.859150701e-17
1.253886043e-16
1.094236886e-16
1.548037076e-16
3.537151698e-17
1.271868949e-16
1.498148036e-16
4.246817593e-17
9.228134212e-17
1.586934821e-16
9.909602925e-17
1.750240625e-16
3.054139134e-16
1.12067037e-16
1.978513492e-17
1.375234547e-16
1.453121999e-16
1.739064404e-16
1.180159468e-16
3.528372837e-17
1.691887242e-16
9.565655444e-16
1.484187751e-16
2.743532586e-16
1.935269754e-17
5.44310217e-17
3.575482495e-16
2.297842488e-16
8.107258085e-17
1.211377476e-16
5.399183375e-17
8.801917584e-17
7.57662466e-16
1.653952418e-16
1.017849453e-16
4.824413985e-17
2.813994675e-16
3.60550805e-17
8.258668554e-17
1.000774596e-16
1.587404919e-16
1.59431863e-16
2.446233376e-16
1.419211173e-16
1.477593091e-16
2.664469731e-16
1.524907883e-16
1.772491723e-16
1.749007188e-16
1.919480249e-16
1.396773966e-16
1.351999176e-16
8.962376748e-17
1.123275262e-16
1.803585793e-16
2.247270827e-16
1.725740656e-16
2.880997517e-16
8.437155315e-17
1.171756128e-16
1.082176698e-16
5.608582667e-17
7.321248779e-17
4.185470081e-16
5.120678326e-17
1.306107013e-16
6.905145986e-17
5.201113786e-17
4.875396496e-17
2.402344239e-16
7.803798386e-17
5.282279225e-17
1.488892779e-16
2.426432202e-16
1.076358055e-16
6.712825338e-17
1.797241389e-15
7.061406868e-17
1.730736757e-16
5.748398851e-16
1.184725353e-16
1.678209914e-16
7.525214868e-17
1.28963174e-16
1.36457072e-16
7.291243508e-17
1.394843915e-16
2.027762751e-16
6.59678024e-17
1.240782368e-16
3.42504041e-17
1.488063547e-16
7.785120752e-17
3.675686698e-17
6.566083184e-17
1.274371495e-16
7.325103342e-17
4.649049569e-17
3.832831697e-17
4.232879184e-17
8.341135949e-17
1.133259152e-16
6.602999282e-17
9.641918732e-17
1.468023601e-16
9.751861727e-16
6.208803416e-16
3.68839818e-17
1.05136722e-16
2.014769125e-16
1.910505104e-16
8.112325938e-17
6.175937025e-17
3.127856728e-16
2.570520419e-16
8.378476156e-17
1.430308913e-16
2.72132932e-16
1.181808131e-16
1.348944065e-16
1.466024772e-16
1.384852988e-15
9.007723318e-17
2.465828969e-16
2.542228426e-16
2.483861862e-16
1.15479329e-15
2.676126437e-16
4.253830279e-16
8.074286798e-16
8.554018306e-17
5.153686403e-17
1.565069997e-16
1.864238311e-16
1.140438647e-16
1.016089663e-16
1.163911478e-16
1.716365191e-16
2.879446373e-16
2.530990585e-16
2.119986564e-16
9.456316529e-17
8.47038035e-16
1.137222122e-16
9.976433011e-17
5.170015104e-17
7.546885606e-17
5.25549335e-17
9.605482287e-17
3.417028695e-17
1.235383879e-16
1.010768787e-16
6.781009044e-17
1.677331326e-16
4.744985579e-17
6.260420838e-17
1.768887176e-16
6.606180468e-16
3.615668096e-16
6.802632059e-17
3.382094662e-16
1.48543363e-16
7.949222e-17
7.921312257e-16
1.229944598e-16
2.683150995e-17
1.287363064e-16
1.243289608e-16
7.933230916e-17
1.037548743e-16
1.608125343e-16
1.932998446e-16
1.026539408e-16
7.936550413e-17
2.627892211e-16
5.314860558e-16
2.060128482e-16
4.701173311e-17
1.187665275e-16
1.493200102e-16
2.852509434e-16
1.461540389e-16
9.240932505e-17
7.709930642e-17
8.532886327e-17
9.762599037e-17
1.533022372e-16
3.205106973e-16
4.033091591e-17
2.332796657e-16
9.004119338e-17
1.4900811e-16
3.391653432e-16
2.110413215e-16
6.613331592e-17
2.832881949e-16
3.338906874e-17
5.541613043e-17
3.070035873e-17
1.53411549e-17
7.111677071e-17
4.662987479e-17
7.589033881e-18
6.972730262e-17
1.870612406e-15
2.342356348e-17
1.351867791e-16
6.938622131e-17
6.855076201e-17
6.529751395e-17
6.949756403e-17
5.674274923e-17
1.64903489e-16
7.826752706e-17
1.30472705e-16
1.027355533e-16
1.611059745e-16
9.797714028e-16
8.641609954e-17
1.001257904e-16
4.832672828e-17
5.435770389e-17
1.871752716e-17
1.005865045e-16
3.003479661e-17
8.031331239e-17
1.042886999e-16
1.408687721e-16
9.52782379e-17
1.958780663e-16
9.927052831e-17
1.570817087e-16
1.731911256e-16
9.011877672e-17
5.389911364e-17
4.245969324e-17
7.340894962e-17
9.948403154e-18
5.862805374e-17
8.499676398e-17
2.759859674e-17
5.280858015e-19
1.109822671e-18
1.245591908e-16
2.957701639e-17
3.698444579e-17
7.48865242e-17
1.141097836e-16
3.669083966e-17
2.479230274e-17
1.364517261e-17
1.031490563e-16
1.283118784e-15
3.003513882e-15
4.247960062e-17
6.099890284e-17
7.206676342e-17
1.41804539e-16
8.116347938e-17
4.252261982e-17
1.536183538e-16
1.225832883e-18
1.591556432e-18
3.723647716e-17
1.284894863e-16
4.81360017e-17
3.368222798e-17
3.820308271e-17
2.994813975e-16
1.692349869e-16
4.218804783e-16
1.064017622e-16
3.228825306e-16
1.197398187e-16
2.676691928e-16
1.076804011e-16
1.071631513e-16
6.6551483e-17
2.178149971e-17
8.342790888e-17
9.509111101e-17
8.284580468e-17
3.948306429e-17
5.953380053e-17
3.617392774e-17
4.799205455e-17
4.758987878e-17
2.085677706e-17
3.112638788e-17
4.330994576e-17
2.059761812e-16
1.189957653e-16
4.834648468e-17
4.903798e-17
1.396125464e-17
6.319055549e-17
7.274679825e-17
1.099150988e-16
6.520176482e-17
1.320693454e-17
2.811074244e-18
4.521964477e-17
3.517753793e-17
5.947049974e-17
2.485696983e-17
1.392952118e-16
5.435859619e-17
2.863701968e-17
3.843975445e-16
1.489119676e-17
2.669285256e-16
7.400630172e-17
5.601269114e-17
1.817053076e-16
3.257395569e-17
9.300804668e-17
1.687389828e-17
1.963777174e-17
9.306087717e-18
1.968239013e-17
2.413889409e-17
1.852958883e-18
3.548960411e-17
8.928114362e-17
7.866888779e-17
1.975461463e-17
3.437831541e-17
4.01989444e-17
7.911653064e-17
4.78139237e-18
5.923230549e-17
2.450897536e-17
1.233322374e-18
1.337977803e-18
4.750042952e-18
7.719700316e-17
4.412927042e-16
1.294878913e-16
6.039181244e-17
4.290538569e-16
7.711367442e-17
2.399346022e-17
6.550263869e-17
1.566465374e-18
9.264263609e-17
1.312803018e-16
3.255751786e-17
7.319358304e-17
1.670854082e-16
1.104048644e-17
8.655965529e-16
3.953052948e-17
7.069678664e-19
2.381099989e-16
2.07690618e-16
8.02720777e-16
5.074162283e-17
4.887514852e-16
4.34378003e-17
2.231880859e-16
2.958242314e-16
2.084595437e-18
2.094821036e-16
3.840302703e-17
1.711225067e-16
2.973413496e-17
1.970619755e-16
4.333101797e-16
5.396992273e-16
6.22658797e-16
4.786214058e-17
3.26253325e-16
3.047398148e-16
2.159179879e-16
2.334857181e-16
3.107654388e-16
4.799921423e-16
1.911021312e-16
2.74274066e-17
3.172671684e-16
2.481587345e-17
5.823514504e-17
8.859822076e-17
2.15382985e-17
5.533456753e-17
7.744240907e-17
3.242633946e-17
7.597208945e-17
1.068879395e-16
5.640782422e-17
5.984955007e-17
4.338955607e-17
3.348232941e-15
9.078347099e-16
7.731719097e-16
1.366537048e-16
1.122191215e-15
3.225150765e-17
1.211377266e-17
2.597667833e-17
3.452337562e-17
1.314490617e-16
8.672219352e-17
5.999992926e-17
1.91415975e-17
2.747899049e-17
2.795053174e-17
1.547335953e-17
4.916600486e-17
3.155119523e-17
5.157437179e-17
1.563651091e-17
1.102970423e-16
1.528081356e-16
2.526209655e-17
5.665381755e-17
1.867360115e-16
1.881440845e-16
1.832197394e-19
1.628307169e-18
4.161545071e-17
1.174363548e-18
6.974952718e-17
4.392058589e-17
1.692604093e-18
2.073249945e-17
2.785160579e-17
2.396353556e-18
5.324808574e-17
5.221260689e-17
5.329043504e-17
1.229334648e-16
6.687365267e-17
2.114175329e-18
4.886613322e-17
4.880166672e-17
3.289661422e-17
1.267595158e-17
6.968924917e-18
1.507431203e-16
8.229944641e-17
1.037975881e-16
9.33704668e-17
4.816540573e-17
1.74931093e-16
2.230357201e-17
1.56853307e-16
3.95390055e-17
5.240298632e-17
6.38227455e-17
5.564249406e-17
4.972567934e-17
6.471678094e-17
5.771556286e-19
3.891875169e-17
7.308980583e-17
7.313047384e-17
2.896291568e-16
1.031407475e-16
1.261406289e-16
3.5712642e-16
5.070760399e-17
2.948173326e-17
1.304526606e-17
7.034462912e-17
1.140323888e-17
2.673381128e-17
8.033722296e-17
9.613572641e-17
4.985701322e-17
1.292113827e-16
3.63439876e-17
2.894717527e-17
1.061421251e-16
1.544432618e-18
2.25798366e-17
4.376778325e-17
1.00142112e-16
2.485605341e-17
3.969258653e-17
7.247432076e-19
3.955378795e-17
9.337655495e-17
4.34512025e-17
1.408199239e-16
3.047201413e-17
5.27982757e-18
1.913228901e-16
8.076601314e-19
2.540990024e-17
7.262377724e-17
1.932825364e-17
3.29994314e-17
3.293093842e-17
1.162540453e-16
7.822635962e-17
6.776866304e-17
4.324556193e-18
1.470305225e-16
4.318539131e-17
3.436071234e-17
8.514967559e-17
3.935115864e-17
4.887040153e-17
1.364897609e-16
6.817486603e-17
2.736945962e-16
4.340587165e-17
9.743657331e-17
5.330495225e-17
7.740793846e-17
1.069019973e-16
6.460129324e-17
3.614498016e-17
2.276026572e-18
6.496893916e-17
5.07018742e-17
6.249379653e-17
3.237886342e-17
1.477351408e-17
8.748399233e-17
7.611588228e-17
1.444139071e-16
1.343883117e-15
1.59294473e-17
1.430143669e-16
2.087806124e-16
1.199599483e-16
2.711092337e-15
1.378398159e-15
6.572191764e-16
5.740212118e-16
1.063224484e-16
1.016636644e-16
5.682518306e-17
5.096424646e-17
3.934287601e-18
3.519308845e-17
6.740890731e-17
3.065304077e-15
9.086639219e-16
7.583902219e-17
5.551988795e-17
1.386859624e-16
7.726739987e-17
4.753873873e-17
8.071927194e-17
7.608864797e-17
1.293915173e-17
3.18400969e-17
1.905732775e-16
4.089658116e-17
2.409778548e-17
4.661589844e-17
6.674475073e-17
1.063068281e-16
8.036497131e-18
9.220401436e-17
2.737138349e-17
2.026500531e-17
5.781594586e-18
1.816473534e-17
4.645934205e-17
5.675733608e-17
8.572866644e-17
5.933799585e-17
1.163822057e-17
1.623970174e-16
1.832235534e-17
1.521662197e-17
6.122223434e-17
1.427001303e-16
3.234752909e-17
9.113827314e-19
1.698690545e-18
4.172494459e-18
9.583019802e-17
4.01471697e-16
7.774275567e-17
1.506581553e-18
1.435795956e-17
7.528023794e-18
1.796807294e-16
1.072927041e-16
5.119216588e-17
6.849889946e-17
2.647795665e-19
6.391577342e-17
4.458549072e-17
2.276493722e-18
6.684411537e-17
3.017269372e-17
5.113501186e-17
7.441094579e-17
2.578994735e-17
2.330371433e-16
1.356091714e-16
4.126995484e-17
6.961363433e-17
3.889435927e-16
7.177655983e-17
5.045914334e-17
9.77163952e-17
1.357299977e-16
4.934162211e-17
1.850842981e-16
5.938719777e-17
1.330214014e-16
7.523280237e-17
5.070219761e-17
5.371769849e-17
6.064085246e-17
9.621225471e-17
1.22567326e-16
1.069624936e-16
1.014288722e-15
8.675178337e-17
2.189054026e-16
4.922248735e-17
1.494143668e-16
1.026618501e-16
1.739976294e-16
4.533900872e-18
4.864761397e-17
6.502815776e-17
9.75257406e-17
6.495827696e-17
3.914062332e-17
3.419444061e-16
9.645864625e-17
5.841612976e-17
1.077811125e-16
7.098601122e-17
3.321584247e-17
4.787445727e-17
5.654882329e-17
5.003759826e-17
1.271115165e-15
1.866035123e-16
1.658556543e-17
4.185264255e-17
1.075301079e-16
9.500192314e-17
9.601572456e-17
1.338118481e-17
8.716863973e-17
1.154938538e-16
5.057901909e-17
7.43216916e-17
4.037278855e-17
7.599046942e-17
1.673236397e-17
8.775597642e-16
2.4191202e-17
1.691215753e-16
1.479088305e-16
1.324416054e-16
8.747150116e-17
8.672837878e-17
1.412290919e-16
5.697481253e-17
7.695622676e-17
9.043372447e-17
1.206108258e-16
1.820416015e-16
5.282404886e-16
7.064332334e-17
3.739426131e-17
6.469960742e-18
2.438406645e-19
6.412898881e-17
1.079393353e-18
3.940077277e-17
1.370309646e-17
6.107462689e-17
4.542817315e-17
6.799194282e-17
1.09646745e-18
5.260342496e-17
3.712017404e-17
3.420486587e-17
1.147733246e-17
4.071010569e-17
2.032581742e-17
1.565107186e-16
5.980031113e-19
5.493537343e-17
1.377976148e-17
2.321459127e-18
7.078980274e-17
2.426973727e-17
7.286034859e-17
6.565461634e-17
3.12067244e-17
2.454999918e-17
4.028386886e-17
9.815759051e-19
1.217266106e-17
3.307855324e-17
3.153424806e-17
7.513798105e-19
4.985119542e-17
3.62328044e-17
3.996746834e-18
1.638407979e-18
4.45514188e-17
4.337062725e-19
5.645862559e-19
4.433458683e-17
1.211229306e-17
2.853888089e-17
6.269568094e-17
1.833271548e-17
3.830039819e-17
1.454325628e-17
1.210851717e-17
6.869375191e-17
5.48669754e-17
8.574150259e-17
5.819528272e-16
1.282087596e-17
3.699637905e-17
2.98214762e-17
1.367453959e-17
1.464155344e-16
1.1523753e-16
7.560044878e-18
3.371156627e-17
3.83965608e-17
1.132081869e-17
3.667202223e-17
8.152195906e-19
5.971432172e-19
7.195774754e-19
1.399579196e-17
2.92670169e-18
7.272352605e-19
5.709854351e-17
4.157357949e-19
1.560546027e-18
1.709387942e-17
6.479995389e-17
4.799377588e-17
3.922172323e-19
1.576419859e-17
3.726574756e-17
1.668637063e-16
3.194129886e-17
2.571790215e-19
3.679728063e-17
1.298134048e-17
1.419710188e-17
1.658427606e-18
1.117063105e-17
6.071566825e-17
3.035805189e-17
2.042725908e-18
1.531980078e-18
5.001245584e-17
3.822820746e-17
1.258974396e-17
2.779308081e-17
2.964623176e-19
4.624530548e-18
3.685091768e-17
1.664849372e-17
1.498264481e-18
2.681391457e-17
2.354476767e-17
3.958770782e-18
6.019195652e-17
2.451276604e-17
2.877698082e-17
1.161564035e-17
8.103799564e-19
2.741544645e-17
7.252821495e-17
4.301312736e-19
4.40102391e-18
1.245521836e-17
1.066101346e-16
4.971985997e-17
8.297048023e-17
1.480714844e-17
1.247412352e-18
2.159547662e-19
1.916716257e-17
5.951983288e-18
3.948632331e-17
5.699865508e-17
1.031554095e-16
1.060894247e-17
2.962165858e-17
7.088865984e-16
1.191407417e-19
8.330379668e-17
1.740888087e-16
5.509224636e-17
3.052820694e-17
1.765250123e-17
5.750649318e-17
7.958757862e-17
2.729706739e-17
2.854717541e-19
2.311682923e-17
8.639697141e-17
4.2294107e-19
2.333635603e-17
2.067688842e-17
4.51519317e-17
1.835731292e-17
3.771694682e-17
6.544175777e-17
6.720086258e-17
2.122816551e-17
1.521418237e-17
1.939379911e-16
7.73872726e-17
5.49913703e-17
3.162719732e-17
4.645326633e-17
3.105467894e-17
1.212097771e-18
4.753813294e-19
7.024578085e-19
7.301591685e-18
6.421806291e-19
3.630262996e-17
1.813035249e-18
1.908127456e-18
4.439084793e-18
1.273084826e-16
3.893377106e-17
1.832623426e-18
1.166559952e-16
2.143715789e-19
4.330342847e-17
3.185427584e-17
1.458605594e-19
2.896434872e-19
5.82722934e-19
3.519956653e-17
2.46202826e-17
1.376183346e-17
1.463461113e-17
4.399823666e-17
1.513784731e-16
3.058109062e-18
1.87450601e-18
3.288038276e-18
3.213218458e-17
1.40095892e-18
4.647613957e-17
2.779428404e-17
2.566106241e-17
3.487266263e-17
7.173659808e-17
2.154408387e-16
1.220956822e-16
2.44681445e-16
1.086954347e-16
4.105050008e-17
1.839839357e-17
7.027072229e-17
6.030839556e-18
2.092670811e-17
2.817708298e-18
3.250062847e-17
4.923730764e-17
5.408491077e-19
1.796165771e-17
9.312876613e-17
3.274336699e-17
3.06962406e-17
7.399934992e-17
1.966013445e-18
2.700776857e-17
7.771548077e-17
4.445887134e-17
5.665874367e-17
2.62554678e-17
1.241005708e-17
5.48097879e-17
4.433851136e-17
4.372669368e-17
1.400224625e-18
2.494373986e-18
2.601933461e-17
4.821872505e-19
1.824450433e-19
4.405519921e-18
8.502519276e-17
1.638444305e-18
6.921687505e-17
7.315533066e-19
2.480699902e-16
1.109133963e-16
8.680905055e-17
3.812291028e-18
1.659959368e-18
9.484949592e-18
5.455796486e-17
2.574793093e-17
9.386203484e-17
3.576183176e-17
8.035008442e-19
7.195037832e-19
5.75816169e-17
6.007745317e-17
2.560418313e-16
2.654804604e-17
6.600310782e-17
7.956462538e-17
1.882574358e-17
1.946428584e-17
9.267967989e-17
1.614315119e-17
1.209100121e-16
7.691195054e-17
7.551463323e-17
2.108580817e-17
1.176515542e-16
8.991589079e-16
8.502722018e-17
1.249098885e-17
2.652670244e-17
1.032336622e-18
2.965674723e-18
1.192349821e-17
4.189651111e-17
2.514074219e-17
1.401094324e-17
6.71393586e-18
5.13240992e-18
1.104128849e-17
3.375637341e-17
2.414811463e-17
4.816112297e-17
2.076873336e-17
5.520598948e-18
2.802800304e-17
2.10177631e-17
5.654393548e-18
5.280980242e-17
1.71422799e-17
4.006237273e-18
7.255992661e-17
1.131033581e-17
6.633995397e-16
9.903693487e-17
4.657583688e-17
4.518797727e-17
2.96585802e-17
1.528144949e-17
3.280851891e-19
8.499740954e-17
3.239482624e-17
9.625747602e-18
1.513297437e-19
1.277111318e-16
1.107954312e-19
5.245404783e-17
3.610601458e-19
3.012680619e-17
1.066782532e-17
5.40633569e-17
7.226262761e-18
1.474733539e-17
1.064990573e-18
3.133841119e-18
1.59493214e-18
1.22167115e-16
2.032480437e-19
1.554352216e-19
4.002507051e-18
4.444566027e-20
1.620258039e-17
2.677665835e-17
2.066195007e-17
5.043753986e-17
7.988421909e-18
7.623079544e-17
1.164026243e-17
8.223127874e-17
3.704832925e-17
2.173278467e-17
6.830520429e-19
3.247763115e-17
1.073573548e-16
4.566918454e-16
1.410028405e-16
3.769860695e-17
5.699841155e-19
3.522530604e-19
3.827926941e-19
3.82592198e-17
3.823474137e-17
1.038910738e-17
4.84589806e-17
1.533720273e-16
2.036311098e-17
2.723019112e-17
3.446519845e-16
2.40218062e-18
6.289592634e-17
1.205930477e-17
4.661507719e-17
8.079402936e-17
1.09363466e-16
1.280044925e-16
1.053970959e-17
1.860994797e-17
3.9698103e-17
8.136515273e-25
1.488057232e-17
3.050110823e-17
7.691576087e-19
7.59216492e-17
8.516296264e-19
4.574128913e-19
1.140779054e-17
3.317686179e-17
9.899663766e-17
2.157642673e-17
1.507067209e-16
9.102735462e-18
1.398800297e-17
2.197521535e-17
5.949511217e-17
2.885676303e-17
1.806641221e-17
6.905665594e-17
1.442082892e-17
3.626502212e-17
1.154761021e-17
2.879433204e-19
5.059390397e-17
1.128220903e-17
1.191337501e-17
4.208094787e-17
4.487540115e-17
3.655631319e-19
1.927190799e-17
8.683285171e-18
4.994663917e-19
9.442067957e-17
1.558412778e-17
3.030343168e-18
5.535992067e-17
1.183574686e-17
1.830508407e-19
1.037537044e-17
5.946389218e-17
1.563321489e-17
1.743912975e-16
6.43730964e-18
1.890264067e-19
8.897769547e-20
1.666661107e-16
4.100326245e-17
3.888502803e-17
2.491583904e-18
4.522424006e-16
3.95865913e-17
1.105778704e-19
1.96615292e-19
1.748406179e-17
6.648976332e-18
7.616673913e-17
1.856282474e-18
7.378386059e-17
5.023881944e-17
2.542591216e-17
4.166009136e-17
8.817864677e-18
3.300794852e-17
3.770040557e-19
5.848321857e-20
2.464467768e-17
1.860049292e-17
6.173199817e-19
5.708234595e-17
4.592197582e-17
1.463700343e-16
2.385724069e-19
3.354818778e-18
3.291329128e-18
2.98741741e-19
1.232501839e-17
1.197300616e-17
8.690623825e-18
1.126735541e-17
1.538492399e-16
3.312602683e-17
1.214821713e-19
4.97758958e-17
3.668909204e-18
2.545220936e-19
1.772638961e-19
3.452606e-18
3.896407627e-17
7.892117471e-18
2.137494529e-17
3.023166256e-19
1.274573277e-17
4.299386476e-19
5.637625956e-17
6.728276842e-17
4.798505236e-17
1.399459084e-17
3.949922697e-17
2.111973106e-16
2.711737573e-17
1.274470242e-17
3.377345e-16
4.337427483e-17
5.406813726e-17
1.728530266e-19
1.491835595e-16
1.354454435e-19
4.78090711e-19
1.517094168e-17
5.803637846e-17
4.380000818e-18
2.630315336e-19
1.516715053e-17
4.698973524e-17
4.297922222e-17
5.511611879e-19
2.33983736e-17
1.088673363e-19
2.877729796e-17
2.139579033e-17
2.366205677e-17
4.171122147e-19
3.331356141e-17
1.720442376e-19
2.834791728e-17
2.107894246e-18
2.611437861e-17
7.910085846e-17
3.733176355e-17
4.748939354e-17
1.231564581e-17
3.961854512e-18
