#################################### 
# Matrix Size= (25,25,400)
# Resol      = (1,1,4000)
# VoxelSize  = (25,25,0.1)
# nbVal      = 4000
#################################### 
6873.816037
7130.45017
7161.526914
7335.923246
7320.604026
7333.641979
7414.677063
7405.647582
7448.26976
7303.418141
7319.855105
7301.761855
7376.593804
7394.943649
7353.404712
7384.980807
7357.426001
7390.766128
7538.063529
7400.262879
7515.134205
7404.306195
7488.52866
7453.856995
7545.750648
7460.690476
7406.394266
7676.960771
7412.500815
7509.662215
7396.279248
7456.794569
7445.972055
7428.164647
7461.122589
7489.225054
7495.932654
7472.939022
7497.849986
7484.87144
7526.855671
7457.637198
7477.781457
7486.556843
7442.129503
7581.557385
7601.959548
7481.081
7430.15893
7474.042111
7465.263573
7421.452255
7524.670604
7581.931757
7569.252336
7492.350237
7548.796062
7629.612522
7520.229892
7493.192152
7639.558071
7558.069036
7688.474889
7467.159395
7580.179351
7575.384191
7519.527649
7562.601643
7607.862359
7490.074007
7539.863632
7558.996499
7558.831586
7664.265674
7632.16139
7587.856364
7588.832366
7610.599799
7652.061745
7662.09668
7615.048743
7637.686295
7677.65734
7718.560505
7592.977952
7594.555557
7553.153879
7637.063754
7649.79683
7611.81215
7576.673508
7698.525238
7720.902976
7625.281468
7563.124742
7633.983576
7649.837084
7682.096124
7662.862423
7665.658054
7602.377173
7745.889787
7730.17985
7640.802036
7619.188054
7663.070149
7697.085106
7657.732794
7818.106006
7637.139152
7761.739274
7784.434009
7790.969545
7746.912209
7673.108319
7792.108209
7638.55506
7595.31539
7616.332895
7604.834691
7600.290248
7722.923487
7730.191671
7741.625611
7657.02692
7754.072867
7740.252741
7722.35154
7697.73477
7786.435654
7669.765167
7821.165995
7737.791216
7701.130739
7809.258185
7747.563207
7766.073453
7793.880974
7681.911589
7834.704186
7802.887835
7725.194109
7757.640241
7735.488302
7710.461443
7704.999438
7771.29494
7956.854462
7830.572572
7880.778815
7730.293489
7760.534805
7756.000577
7793.613765
7891.164652
7753.789703
7833.998449
7831.570152
7730.243629
7726.052688
7791.153635
7775.689898
7800.200625
7809.35734
7885.793007
7872.544999
7848.499535
7703.204596
7926.326991
7897.275295
7807.087467
7819.207734
7694.37228
7919.000905
7730.16338
7837.801194
7901.568267
7907.552318
8009.243209
7831.63294
7738.73525
7956.415641
7818.99719
7815.64823
7765.612056
7836.028552
7716.089366
7912.947641
7846.611679
7954.852359
7787.683103
8007.212645
8035.25311
7896.832602
7841.57908
7978.871443
7893.355254
7955.242686
7842.308812
7900.887781
7753.355645
7882.956248
7842.512004
7950.917743
7912.912366
7840.788439
7850.506274
8028.194824
7923.705359
7904.700776
7919.216222
7927.556337
7936.046397
7927.715228
7859.425323
7974.230441
7900.621676
7876.334981
7903.2279
7966.754083
7875.301695
7935.122125
7895.529421
7850.592056
7896.814212
7932.770915
7950.188926
7948.062686
7904.121596
7928.177816
7943.527903
7909.419121
7954.230148
7784.68793
7844.756157
8021.01451
7882.928537
8053.122737
8028.584717
7883.458234
7953.481118
8057.99599
8000.329491
8036.618157
7930.875359
7879.3577
7918.32644
7986.038127
7945.777787
7923.380044
8096.744176
8001.407301
7959.155662
7989.075348
7984.84086
8114.144488
7918.449595
8109.387313
8061.184549
8085.857018
8104.557634
7956.421042
7992.618689
7958.131218
7971.014448
7977.010321
8028.566738
7990.243307
8008.576435
7992.248522
8023.201316
7965.932959
7964.899989
8112.588239
8140.686082
8157.655339
8113.596316
7983.226605
8073.948345
8086.138093
8024.961828
8082.125731
7925.428059
8087.249808
8072.202598
7996.020577
7954.39141
8095.486115
7978.2758
8096.460723
8074.37881
8157.64064
8267.65191
8144.171804
8042.657697
8077.908131
8055.994127
8066.523018
8135.01025
8029.469104
8068.92641
8090.653265
8152.089062
8006.825338
7977.818416
8024.349548
8077.909423
8312.675268
8115.497847
8196.442713
8037.896338
8089.85205
8064.573013
7993.793156
8123.393671
8028.230085
8076.762875
8089.904691
8000.306634
8027.890189
8141.105217
8129.287268
7993.844288
8069.636368
8018.443491
8001.589781
8151.208297
8150.432897
8142.090087
7991.442809
8036.942243
8056.463615
8182.683773
8225.460451
8284.117217
8106.798841
8116.138818
8203.531628
8215.962596
8201.082982
8065.879615
8203.70548
8168.318529
8065.045826
8152.805473
8163.907015
8146.260121
8052.128758
8055.228202
8188.828357
8122.186631
8097.579972
8127.698705
8249.925528
8124.620755
8076.038361
8111.402465
8029.573566
8048.270701
8242.11342
8192.394041
8216.509472
8178.189542
8184.324696
8064.487552
8211.247599
8289.880047
8186.947077
8148.430451
8091.427136
8109.365836
8088.170673
8181.222168
8154.577052
8162.408189
8203.697586
8048.039951
8245.043744
8266.228909
8195.596579
8159.5254
8182.464151
8122.407112
8327.838523
8047.206514
8200.70752
8192.227642
8253.46779
8264.740632
8204.230384
8121.905125
8206.382359
8188.110692
8187.326336
8167.598635
8152.89779
8207.35296
8175.846367
8151.588153
8216.500411
8212.096734
8095.587681
8139.577351
8227.486775
8252.637712
8231.772692
8221.088293
8322.795959
8182.437607
8263.190637
8187.570296
8346.993577
8313.499711
8199.172969
8202.382873
8278.716425
8275.779646
8231.01078
8325.386489
8310.952958
8101.965687
8269.084044
8158.538198
8207.319043
8187.926903
8184.65694
8211.279375
8366.808683
8327.04803
8401.458666
8117.049978
8216.374153
8260.734588
8344.227972
8295.946828
8248.011671
8281.351616
8148.060234
8217.163781
8278.625849
8188.662919
8264.974283
8277.391921
8264.308109
8273.836551
8318.237544
8280.755759
8226.707782
8287.357567
8432.508946
8386.869385
8341.327236
8238.864685
8341.352098
8294.909722
8239.428093
8330.849466
8372.596584
8139.638721
8368.524515
8204.312879
8288.433636
8373.161893
8293.417981
8296.976333
8293.247664
8185.909055
8337.627005
8278.052896
8323.991209
8214.232797
8167.0641
8343.529086
8392.616829
8333.809377
8119.336207
8396.231516
8288.813793
8262.57264
8478.52058
8463.336573
8407.029193
8535.630807
8297.723426
8501.841629
8353.287198
8378.909999
8349.086702
8305.749426
8338.053769
8402.597583
8441.920963
8284.718523
8186.461437
8130.924636
8313.597185
8389.998535
8576.258068
8398.547408
8559.449169
8423.554806
8434.050682
8326.873337
8266.903062
8256.749094
8300.504981
8383.564333
8385.84633
8359.583842
8348.305776
8356.044424
8372.650323
8401.602541
8413.173942
8282.619416
8456.120506
8390.667482
8431.701105
8399.479002
8524.391646
8517.907407
8345.888499
8423.743946
8474.2765
8325.900255
8301.996898
8356.045183
8398.986866
8543.943475
8315.656301
8522.507056
8451.948399
8407.623682
8390.452634
8441.473379
8337.306921
8281.011197
8336.557707
8404.095311
8411.317651
8416.291127
8444.519247
8465.22059
8421.446575
8342.571431
8463.863852
8445.437009
8491.398819
8457.749588
8445.217484
8309.128973
8305.58784
8396.157277
8519.471879
8445.000418
8355.755503
8508.391707
8360.703198
8485.306988
8534.741197
8392.564078
8463.425132
8355.419893
8415.817511
8480.115548
8413.249737
8436.337707
8467.515238
8423.054102
8490.212719
8577.901542
8367.345405
8465.842472
8410.942123
8338.401006
8622.549163
8472.688036
8579.326233
8373.265301
8507.404788
8477.761037
8391.083143
8541.92678
8414.373387
8425.182563
8347.70647
8357.721959
8565.166827
8490.305439
8463.408736
8420.539917
8570.279998
8545.563871
8397.390976
8514.493939
8473.433707
8526.102518
8535.736275
8506.122594
8431.438007
8535.288184
8415.557706
8400.45682
8660.6753
8536.538098
8498.667783
8450.957391
8528.551491
8657.775938
8550.141876
8524.199405
8472.945333
8496.860756
8586.547339
8554.316736
8407.572388
8509.354921
8474.127503
8567.743959
8652.757786
8598.799451
8476.187603
8468.461728
8644.517408
8538.184165
8630.916709
8592.180735
8537.547005
8546.292609
8565.341076
8470.424466
8494.127811
8659.845415
8488.446244
8526.493209
8603.369385
8487.605719
8576.004049
8574.994033
8510.681188
8449.360959
8482.125998
8557.657091
8501.446688
8548.038459
8646.976996
8389.802685
8549.73787
8690.984874
8483.821035
8567.94243
8573.479142
8593.91518
8518.105313
8522.100955
8619.222119
8554.232355
8515.819025
8651.71144
8548.304486
8621.757268
8677.178141
8819.985423
8659.533861
8707.331858
8427.550887
8468.430286
8620.738526
8577.769868
8712.385244
8631.720087
8676.555223
8741.412845
8666.556399
8543.839331
8472.070027
8715.429606
8697.304045
8717.408639
8646.446664
8550.743925
8638.510436
8745.066894
8638.643707
8724.805502
8714.83964
8663.404599
8662.634696
8579.754677
8545.894566
8767.168907
8774.45044
8674.801093
8693.259156
8649.779551
8714.103495
8743.519149
8513.969081
8644.680137
8816.331089
8668.72437
8765.86618
8671.77531
8635.336049
8762.608032
8650.95072
8784.622733
8693.668654
8719.027792
8688.9693
8824.704317
8757.150178
8753.504262
8809.594569
8709.397208
8648.965242
8679.956505
8720.446217
8666.487816
8748.87552
8783.695803
8840.14724
8769.542664
8687.288951
8822.944985
8878.24449
8635.813034
8658.096707
8836.182708
8714.452229
8670.578147
8692.29075
8652.878569
8845.163006
8765.46988
8729.671846
8702.9134
8605.102984
8844.934823
8806.91876
8800.761079
8851.745786
8552.015609
8770.012402
8745.587411
8668.879794
8911.306794
8909.774632
8765.322292
8798.273265
8931.049196
8916.277952
8778.956489
8611.071715
8572.523622
8859.270567
8774.493474
8761.21331
8615.36823
8718.947801
8876.787289
8787.971706
8852.476845
8693.871647
8763.379065
8799.225576
8864.532631
8724.726372
8859.173183
8718.356563
8827.066673
8797.94095
8831.47995
8800.476193
8824.792041
8855.190138
8793.488441
8693.826478
8830.836249
8764.002929
8719.668596
8785.392421
8736.789052
8872.181235
8830.856573
8783.779235
8855.464997
8810.808297
8831.662322
8856.509257
8825.691376
8809.703292
8789.77332
8851.385856
8901.597155
8895.734382
8856.148072
8778.579759
8889.138214
8822.28487
8842.341689
8762.99798
8770.212962
8718.720739
8842.876153
8864.731374
8883.466036
8812.347967
8633.755148
8841.382471
8881.325637
8884.203007
8938.276424
8857.538325
8811.844329
8828.204742
8827.793941
8691.682179
8721.823806
8856.792872
8925.034369
8955.000397
8909.233538
8876.28425
8873.037815
8958.098433
8921.207664
8905.331057
8920.777322
8872.145958
8790.120729
8799.307641
8836.847436
9010.839205
8869.124037
8833.656904
8977.383822
8932.54249
8714.201836
8787.127606
8786.454489
9003.396949
8984.429288
8905.403515
8960.339722
8935.602393
8866.842828
8942.354057
8939.409093
8925.219927
8854.86707
8808.912449
8924.692017
8859.462855
8955.348448
8945.688615
9023.966323
8986.99673
9074.925365
8926.04391
8992.721816
8841.303618
8854.419162
8830.062279
8972.697293
8947.841154
8890.27489
8881.389761
8796.109087
8921.932001
9053.388166
9136.226011
9031.485821
8916.475246
8956.489351
8970.241278
8808.113644
8969.161253
8883.53592
9032.994614
8941.86214
8966.507132
8958.327508
9021.792025
8983.445457
8980.092398
9031.38685
8966.914413
8921.438414
9061.582767
9039.268063
9000.011919
8991.537886
9061.277539
8874.308016
9009.975586
9081.068768
9025.635835
8843.763945
8915.620508
9012.852816
9101.846263
8901.743524
8940.254143
9064.647591
8932.713961
9060.209545
8833.85263
8929.512215
8980.918422
8945.318027
9051.959492
9017.951951
9081.387276
9022.32417
9034.551232
9048.756635
9192.766705
9072.185218
9083.44168
8918.962558
8931.458565
9019.541643
9016.470028
8980.357133
8958.259756
9162.550605
8937.517275
9064.233074
9032.415912
9121.732177
9065.756853
9062.292113
9051.669857
8945.678878
9021.088904
9229.102631
9086.397754
9035.677003
9194.740441
9008.428825
9169.774334
8896.403211
9196.075563
9037.497964
9204.612918
9024.716999
9083.679924
9096.103222
9112.149044
9072.269518
9117.011892
9103.945656
9062.826958
9081.524242
9178.497753
8980.398051
9104.414348
9198.44922
9129.448005
9255.82188
9206.450702
9107.528912
9180.280693
9069.451959
9294.562593
9187.87553
9081.688832
9208.676263
9133.037742
9196.279469
9061.477499
9169.442625
9126.84522
9048.557254
9269.083065
9102.39239
9316.466298
9284.828956
9088.906477
9154.291371
9210.023778
9367.910281
9139.471927
9250.605869
9115.334682
9197.294032
9196.791311
9234.046303
9153.307921
9196.437515
9328.516749
9190.963348
9162.715316
9242.340973
9249.616122
9292.841913
9210.916988
9276.051572
9237.443271
9280.268578
9258.335295
9293.40373
9322.492259
9361.308094
9230.725205
9293.23347
9348.409734
9214.6163
9202.161406
9079.230729
9297.045897
9208.52503
9111.676223
9331.085845
9230.895783
9276.136883
9203.657895
9071.197841
9271.472933
9306.414753
9203.692333
9330.111339
9147.08438
9179.034166
9207.804045
9329.220963
9184.497323
9324.385783
9295.29193
9229.486466
9092.108372
9185.916913
9271.331093
9189.320766
9229.539586
9316.53918
9243.145512
9280.462218
9207.616765
9256.456448
9225.250868
9250.785453
9318.649149
9187.132025
9256.100637
9300.213229
9226.664545
9189.189646
9314.524068
9362.316056
9274.261558
9256.642492
9360.464957
9345.412471
9249.866176
9258.158045
9326.631198
9284.268816
9391.271384
9449.034688
9265.061319
9234.68727
9229.210524
9298.878318
9239.3029
9329.233977
9384.079449
9314.813015
9309.184435
9351.411631
9467.109502
9219.471826
9336.451197
9322.271188
9341.600527
9302.459362
9471.426439
9342.839374
9276.123319
9255.708439
9277.362484
9371.513174
9239.739386
9342.051564
9373.331619
9438.611556
9473.866268
9430.035622
9324.219264
9337.835266
9235.561414
9459.863658
9391.487753
9474.774531
9502.523256
9365.437768
9410.952039
9499.791056
9502.331734
9289.674056
9461.029104
9330.035998
9321.485801
9537.356644
9436.131428
9351.018712
9594.207047
9537.475634
9566.384752
9366.310957
9456.23668
9596.384145
9556.361538
9348.844836
9419.841858
9545.143903
9430.302112
9539.855367
9482.203363
9624.360491
9467.07809
9480.819237
9552.905239
9550.81202
9572.247871
9406.582717
9396.897532
9379.506275
9513.023252
9501.428878
9460.492179
9710.223242
9468.593473
9488.976794
9442.758031
9424.249374
9584.202931
9517.251108
9539.26962
9349.721762
9613.839104
9630.470112
9566.184153
9416.386325
9481.27201
9431.628946
9378.565583
9535.020845
9480.726023
9627.034659
9664.902074
9803.213223
9582.91954
9717.945653
9433.687438
9524.675022
9484.887811
9517.16647
9597.37241
9709.707377
9708.151224
9683.757906
9690.952733
9585.074324
9431.821335
9686.504447
9710.650491
9495.134877
9701.392238
9552.632508
9633.259431
9664.942939
9668.594821
9670.445871
9588.443922
9564.407743
9570.672981
9779.30524
9544.099989
9576.996445
9619.497031
9514.424896
9555.58995
9491.901595
9788.516295
9638.473172
9493.400461
9579.168693
9734.467855
9604.831571
9692.65405
9675.948575
9664.096758
9824.182899
9659.113202
9651.918021
9528.156561
9772.144092
9639.886578
9692.276702
9704.068696
9803.618354
9724.876772
9718.138135
9764.834813
9518.431625
9770.405978
9675.763684
9722.528896
9860.366903
9775.772321
9739.898448
9540.643936
9613.072399
9704.470881
9786.846871
9666.763809
9750.412797
9796.621981
9831.585791
9811.87924
9603.172169
9816.415039
9689.340058
9843.917843
9646.791572
9885.225424
9829.285758
9855.410457
9801.8822
9705.157101
9880.752215
9852.690162
9712.119554
9773.111759
9844.076029
9899.535169
9846.799483
9844.850378
9793.68393
9667.518791
9625.926546
9777.347248
9859.442239
9844.482191
9879.117107
9698.254869
9858.587268
9989.480618
9960.377054
10011.09361
9692.618055
9716.995741
9847.552403
9711.874003
9806.755383
9810.452475
9943.013022
9834.592664
9855.887892
9916.047611
9804.33998
9859.148813
9802.342542
9988.001946
9817.606261
9934.727081
9796.881273
9971.73543
10140.49663
9878.766999
9977.675584
10146.6025
9907.005548
9831.459452
9883.192638
10113.46438
9899.463227
9915.65368
10047.48961
10070.23261
9983.349571
9912.97361
9969.062859
9979.443193
10052.57065
9921.280619
9974.593531
9944.977632
10145.50054
10030.96064
10084.59683
9855.137283
9909.084604
9978.731608
9993.473743
9931.167558
10112.2216
10031.92172
9974.226878
9955.817714
9951.722202
10048.60913
10033.8337
10140.30172
10030.87075
10113.28179
9957.129519
9969.470039
9935.652568
10068.37592
10061.87441
9995.374742
10163.5088
10089.72304
10063.90118
10019.61082
10014.44083
10174.98226
10067.46173
10082.57475
10161.28599
10280.43859
9996.601607
10067.49302
10256.20439
10078.9978
10050.16312
10092.4368
10278.98782
10127.8233
10186.01731
10243.28724
10185.30677
10294.79964
9932.817396
10178.18678
10119.89106
10130.93001
10171.86738
10136.2355
10142.0424
10233.93159
10116.13007
10074.73686
10212.29015
10240.86547
10228.72639
10272.69748
10249.991
10225.7471
10370.81548
10320.30594
10243.89677
10025.84999
10114.74771
10236.86902
10030.01304
10223.33399
10233.99439
10301.4177
10405.0859
10311.07935
10201.09541
10314.89694
10163.00171
10183.25732
10208.2284
10390.16026
10341.86292
10433.9097
10372.8197
10277.46913
10269.26669
10302.79211
10306.72882
10269.11313
10327.28895
10456.6418
10379.01089
10413.33373
10339.34021
10385.29942
10292.13756
10270.45056
10348.32823
10251.27836
10370.35814
10520.2754
10499.44511
10354.82409
10390.04139
10387.58234
10381.22519
10380.97298
10468.4288
10443.5936
10348.58642
10561.78996
10639.48781
10420.51878
10383.34891
10460.69917
10418.34672
10513.14651
10465.59906
10487.82834
10431.92214
10478.51675
10567.2645
10523.8345
10454.28269
10541.7238
10385.12816
10514.22008
10462.05019
10514.12548
10525.39544
10595.66548
10523.31023
10341.61322
10492.87904
10375.64737
10589.68072
10655.98341
10549.99018
10576.26194
10621.12799
10537.28276
10634.51593
10408.77332
10566.70394
10540.73681
10609.01263
10723.24988
10577.49581
10635.02761
10667.13308
10537.76358
10656.23836
10768.55599
10515.72666
10718.66969
10714.53382
10551.99148
10676.95427
10694.7911
10675.15253
10591.17564
10754.17157
10714.53604
10655.23328
10666.52951
10688.95469
10814.32342
10808.08998
10678.66165
10793.23092
10697.33482
10616.15521
10703.4393
10588.41293
10623.24898
10757.21779
10694.51559
10813.14927
10815.98198
10754.63219
10745.59567
10673.08575
10643.47321
10769.01466
10804.00394
10967.52093
10765.646
10670.88325
10703.5841
10780.82402
10780.89044
10836.8938
10814.88858
10925.43833
11007.29943
10874.90244
10699.5743
11063.18269
10744.7637
10601.40849
10957.21203
11010.81591
11019.79025
10915.16071
10979.60386
10828.54272
10872.28543
10805.60228
11110.08411
10987.41016
10845.87795
10995.35296
10771.20855
11092.21742
11038.82626
10936.33687
11111.61481
11086.82271
11228.69233
10933.65731
10888.67495
10957.15128
10976.41181
11058.40068
11187.63731
11130.096
11000.25123
10905.2961
11235.77765
11008.81332
11129.19676
10929.25673
11227.51812
10981.73873
10967.6613
10993.99251
11286.9908
11178.2243
11175.25627
11200.81867
11082.45149
11089.98893
11007.71017
11053.18794
11071.17641
11226.24165
11137.10864
11331.15933
11213.88974
11151.15783
11151.11046
11240.41879
11072.05834
11259.79554
11311.35869
11352.87323
11415.33938
11224.01519
11189.63584
11229.61394
11398.97348
11325.48774
11190.47501
11231.34695
11226.54695
11519.28342
11214.9541
11328.17659
11348.32536
11312.86482
11385.44107
11373.2902
11264.76322
11396.10165
11478.29741
11469.67317
11647.9245
11380.53843
11386.66756
11538.29166
11436.0678
11454.0442
11319.19472
11444.25829
11784.32715
11462.30766
11324.47433
11519.84111
11572.12675
11563.53539
11412.51422
11553.9337
11444.12989
11709.58892
11661.44272
11557.00285
11603.06696
11298.2887
11400.18691
11629.05222
11530.39069
11528.64432
11506.03795
11691.32116
11703.67362
11449.10443
11608.99241
11767.99214
11685.15892
11518.01325
11632.82487
11777.70502
11760.18068
11776.19809
11598.79815
11832.86215
11905.80885
11682.31525
11716.219
11708.37413
11595.54286
11569.75353
11969.51189
11794.67072
11903.71856
11943.64205
11808.10494
11819.66891
11804.76534
11811.89343
11806.82703
11878.14615
11823.94522
11862.07922
11940.5687
11860.10197
11959.15519
11898.52228
11973.3047
12004.78888
11847.12418
11964.76435
12021.89539
12067.67617
12176.05066
11987.01908
12124.8009
12024.49215
11944.81666
11910.96808
11996.92569
12030.5303
12206.62908
12237.47831
12258.04013
12132.79688
12135.86807
12046.63782
12121.06154
12255.14352
12192.10003
12258.33703
12203.30111
12195.30195
12316.76095
12002.55601
12328.92399
12204.38265
12088.35352
12258.48763
12293.90092
12422.37231
12257.63504
12153.79966
11929.02234
12193.79472
12463.29119
12288.26084
12367.58682
12352.06242
12472.64615
12360.57363
12372.77036
12375.89029
12443.84697
12556.78839
12449.01215
12504.05042
12219.37008
12303.35996
12488.2823
12598.15802
12580.28644
12421.92139
12806.73795
12646.28912
12270.2969
12537.5177
12483.01016
12563.18499
12787.83111
12634.22904
12712.82502
12569.64859
12668.11452
12724.49668
12769.03552
12890.23259
12734.78021
12734.34107
12804.10644
12823.54491
12618.20842
12684.91287
12564.08933
13050.27583
12790.95437
12860.72043
12877.06415
12896.75205
13097.50105
12995.107
12846.61814
12778.73959
12966.04455
13024.17432
13075.68161
13037.44927
12871.67872
13212.96652
13161.81736
13029.30362
13219.53997
13140.28469
13234.35543
13108.85257
13209.84397
13100.16687
13043.26895
13299.38925
13077.74717
13097.19282
13315.30449
13174.8362
13532.14488
13110.33192
13398.77902
13236.63206
13314.6276
13297.1275
13452.43513
13365.36313
13502.63892
13632.78047
13200.37344
13418.22804
13330.53528
13350.4672
13526.77861
13597.20034
13376.16587
13518.10847
13538.89455
13736.15659
13345.87973
13537.07831
13463.39062
13585.85068
13670.89205
13681.21087
13730.72763
13568.08621
13814.88139
13671.09003
13889.71777
13753.39405
13999.49823
13979.25387
13947.15472
13688.65264
13985.79116
14041.27755
13909.09313
14035.54016
14057.54147
14022.5956
14133.91265
14069.46488
13977.05186
14062.42272
13927.84462
13907.56397
14302.55847
14077.42967
14184.9046
14257.09189
13993.82256
14362.16858
14295.30831
14261.5262
14321.60884
14368.34044
14610.73818
14233.45287
14509.14439
14440.24448
14468.50684
14782.45458
14504.98347
14389.30291
14466.6604
14438.90176
14335.27646
14540.80071
14764.07841
14702.57021
14712.26387
14553.72191
14592.61648
14841.74183
14961.0569
14882.33363
14964.76586
14984.17397
14690.52121
15006.83494
14933.29559
15064.88649
15149.25307
15153.33985
14959.03194
15118.65683
15167.84655
15141.29943
15082.02771
15278.4307
15177.79244
15126.95291
15284.44621
15289.95237
15374.8397
15562.68326
15348.69723
15312.35128
15523.77298
15634.29338
15675.21539
15241.5761
15639.42087
15796.82028
15696.0823
15576.44162
15466.74339
15883.15368
15582.43987
16027.06736
16030.36202
15849.6234
15929.72718
16190.8019
15829.26408
16084.64294
16204.02858
16348.35822
16202.55217
16217.28181
16262.72018
16278.79356
16314.46859
16205.69121
16725.88465
16283.08275
16653.16222
16636.23797
16485.0061
16777.53984
16487.63786
16858.11118
16986.52205
16881.03678
17184.52246
17059.28528
16937.5135
16969.97557
16990.25162
17164.25089
17030.16439
16832.41787
17253.68602
17313.87599
17449.85079
17313.68884
17858.99079
17324.39884
17575.00246
17646.27766
18020.02047
17710.28743
17776.00798
17708.57877
17824.64995
17778.48757
18026.23312
17898.05336
18270.55558
18170.21102
18494.13214
18330.33727
18614.31413
18381.46818
18489.89439
18688.36927
18514.45314
18805.66102
18669.27684
18651.21052
18894.4931
19008.88104
19166.03083
19123.21589
19524.38725
19176.6835
19296.41911
19325.8552
19673.72241
19811.95339
19516.70367
20071.51034
20038.4032
19891.76538
19650.36779
20084.22956
20402.33739
20248.48216
20381.98841
20489.40412
21118.6337
20911.58986
20666.64055
20907.64222
20902.39729
21139.2483
21085.72898
21750.81772
21731.66269
21408.33694
21858.41778
21614.75597
21881.29856
22081.79099
21770.07972
22271.07714
22198.30667
22479.56105
23171.21397
23363.91274
22878.20761
23095.99189
23206.15507
23161.32182
23595.54626
23860.94212
23891.41024
24082.80769
23994.06889
24112.91336
24687.40526
24980.71788
25050.8499
24820.49482
25267.24376
25647.0334
25596.63316
25622.93805
25933.74553
25992.54241
26357.2394
26848.33156
26789.08189
26730.76255
27012.08807
26815.02798
26947.19081
27107.04528
27131.19977
27934.271
27901.19445
28042.60236
27879.51918
28641.15586
28183.85296
28564.83541
28515.25692
28989.22022
28671.35017
28920.86633
29168.04089
29513.83681
29738.98986
29429.34941
29170.38824
29581.87531
29188.1739
29640.85583
29289.00992
29406.44979
29582.71109
29223.20288
29803.80685
29374.11953
28776.659
29147.18616
29088.1281
29178.99818
29126.37175
28369.63319
28766.81335
28394.61056
27589.10764
28014.72409
27703.11093
27441.37291
26757.7993
27209.71161
26492.80297
26274.54607
26213.34628
25477.86734
25577.15819
24795.35411
24861.9459
24092.8484
23671.29055
23440.10552
22690.34058
22481.47615
22121.96294
21563.81244
21274.63927
20468.30162
20542.4228
19674.18053
19338.53211
18720.66691
18385.50339
18021.81275
17407.70842
17179.65013
16512.05295
15898.59207
15663.96246
15146.02063
14760.36534
14303.46751
13663.21918
13330.46321
12506.05552
12289.11369
11921.8054
11089.86273
10853.42528
10347.03447
10037.05334
9478.883667
9036.032506
8753.014209
8335.402484
7812.697353
7518.550253
7143.974872
7015.561139
6430.458716
6208.3245
5666.715577
5385.629507
5106.878896
4793.470247
4568.286151
4280.051496
4324.99017
3865.28649
3688.629144
3553.829299
3186.600818
3071.652248
2848.441478
2608.131917
2452.303675
2329.398576
2115.041449
1982.79806
1760.926148
1816.215852
1572.934982
1474.847277
1352.304658
1246.080709
1161.371974
1133.616446
1049.132419
945.2903877
883.4344159
800.9454267
772.7354116
687.0062227
649.0885987
567.286918
587.4179831
489.2826138
431.0706487
421.5316507
351.0650278
356.6865751
316.4082118
281.1571076
272.4834945
248.8254846
195.9542663
239.8268889
182.3903827
167.8388467
206.7656033
156.4138064
123.8674959
110.7663149
108.4357732
76.26488498
79.61279244
69.28998612
61.85006105
67.82083631
55.20158837
36.07984553
43.83100757
48.61791482
57.17137813
40.43414298
43.29379575
52.87211657
35.59599272
31.80449412
41.11225858
48.89538442
37.24759533
33.79068119
30.15583125
31.12844918
29.96862056
26.48379211
30.16344753
29.05177218
24.72659769
34.88451872
30.26015265
25.67766258
17.11264751
30.89963649
15.10175755
29.55565535
29.89162832
26.66173061
22.64763271
46.30418264
32.88538765
47.82324553
28.24611875
33.40160883
30.35256792
30.27878426
21.06037921
30.15053979
20.79257407
22.14022757
28.23317167
19.04395274
22.4828398
50.09210006
34.15073215
35.63198443
31.57840809
30.9204707
30.43176388
24.47811548
35.02211589
31.78920367
27.56620138
37.08385088
31.13795331
36.20216212
31.11506722
14.98070567
20.33787562
28.12535048
25.77665319
24.06079017
24.19282101
24.59227799
13.64102899
25.03861496
18.22368723
23.14275546
25.08926923
34.99761087
23.71557414
24.05866812
41.16717046
17.2513996
28.86883084
20.87344784
22.52754613
20.46016687
14.47770831
19.88141
25.23213867
44.09943982
33.77287769
24.54779384
20.99128882
29.07570486
35.61477897
22.70280462
27.73153914
54.68217007
24.68222768
32.30347935
21.98667873
12.96320505
29.17251969
40.52267791
18.72311779
15.43748876
19.73835677
16.00423261
20.04523311
21.71120784
31.25340271
24.98313279
37.12334624
28.25345802
23.32081656
23.31228059
22.32980942
38.91299391
28.23159749
19.8553185
27.3268882
12.40276793
24.61692606
30.77372324
33.49276876
37.39761619
19.76754863
19.25166184
33.37395372
23.56563594
26.8366608
21.39266628
15.34248688
33.90224659
16.09960417
14.98229502
19.45984953
13.28160346
14.68847802
16.68340283
17.61806589
20.92946423
21.42531338
17.28283981
15.85571386
14.88515184
37.3080289
19.58123721
12.3160859
12.98553591
18.97136392
15.38080146
18.31729242
18.48526958
19.88656763
37.73262339
15.21985766
17.37859167
22.11240494
15.18799996
28.74494335
19.65517743
20.38000666
11.94103616
21.14275001
18.10809492
17.52485231
10.12990044
27.01918806
25.45939164
24.67072664
17.74843539
20.90011163
23.79212871
31.67333253
14.37188151
14.57057085
26.45690708
22.98252797
18.52412388
26.04687302
26.60100124
24.61578296
26.42554565
20.99932569
23.66084057
23.65975629
17.51849026
23.4856426
25.11307952
33.94289696
19.1655629
19.53627966
36.79522644
26.19503191
25.43878604
23.82705827
27.15052461
27.91609909
23.18792297
24.52798187
23.76519053
15.17405681
16.99422145
29.46814027
19.58107323
8.953452101
13.06083983
11.28238963
16.015312
9.161512329
16.83861259
9.131967835
19.38665406
16.07188485
13.55062663
21.76327086
27.98203482
16.87611754
25.61481667
16.33167276
13.33422357
19.26029397
32.12409854
21.92086289
22.1902875
13.25176353
25.16455062
19.72105139
17.03002642
14.60764009
20.0725027
23.63017665
19.81940762
17.55470401
13.74794664
13.87956926
11.5420641
16.92356871
26.85188376
11.99231089
7.182476907
17.52699759
15.48308877
18.63517714
17.17609114
16.72761033
34.90211946
5.336986893
11.98266318
13.91308362
15.43217038
10.67342829
16.86382268
5.735307751
13.39036679
21.89922979
16.60705422
18.71208837
18.24628637
12.27338907
17.98857822
12.32992672
26.22102706
29.196512
16.32542316
18.12645237
14.0776124
10.89005668
8.821481512
26.02294198
16.10101485
12.17218773
9.015831124
25.14322966
12.73589309
12.82045043
15.33507153
11.94203999
14.16469069
15.28237745
12.54035218
15.32199453
9.527608747
11.08368893
8.672734367
8.973537977
17.44547881
16.11511543
11.97993626
4.412478509
6.402190841
12.48135195
18.15797721
27.22828504
32.18534196
15.69778334
8.8706483
10.53801
12.71057494
23.00656058
15.62070616
10.75946161
7.757698955
17.12027229
18.33965975
19.2979849
27.28848422
23.40915859
26.55809194
36.85936709
7.547420703
22.58590289
27.30826536
12.21345555
30.77928076
18.51900649
18.81056165
14.55696771
24.02426119
21.8051054
19.97475168
12.03001203
23.37076519
20.14842943
13.42767726
24.83204752
16.64187078
21.7433779
19.86079694
25.59702921
32.59373829
24.96831001
17.19970755
20.65677286
23.53418964
21.60484065
24.70425652
18.85038498
12.03263942
13.39662844
13.65468683
13.31275057
22.25581813
23.34684253
14.61746357
16.15711628
15.16186239
24.98283159
14.31966165
11.62868486
9.05988535
16.44417297
11.77409763
24.43920648
11.01234057
18.95839776
20.07092187
16.54336966
14.72055736
23.26450165
25.08747051
17.93030458
11.17351208
10.85181021
15.64060019
14.32835697
24.33477775
16.30660443
19.04361967
10.87514831
15.34147816
20.18202846
16.22246629
20.4685049
16.61679063
16.68088153
15.84479492
20.95303469
16.81034135
14.07401886
14.82517179
14.51520984
15.25233755
11.83247503
16.47895741
14.38023384
8.42207676
14.79372664
18.31173766
14.25987633
13.1098942
17.35378454
18.10461965
7.491738558
12.1209835
16.09685402
15.98364908
19.67300705
23.696932
16.32468243
8.980690253
19.67937655
15.32078767
29.39919915
18.23930539
16.96856268
22.92236553
18.79952534
19.18895111
19.6830035
25.23277029
18.1533068
17.60451948
19.18845474
12.13596469
13.97294344
15.75587096
20.42859381
9.780914675
14.694919
10.21528301
13.18228999
14.48719918
8.402739851
6.357278364
15.4998967
3.875044853
8.595597044
6.720013045
12.80753931
10.10491878
7.04594742
8.428909312
12.07426949
3.353777664
13.88772875
13.26752076
19.76909956
17.39008875
9.737557127
20.67115458
10.18020144
11.01994144
11.57283435
9.498572914
10.67586879
9.198346527
16.76805957
13.20396378
15.38062478
21.20330588
14.87174917
16.02354291
21.99148282
18.60369935
17.4642038
17.53037203
14.34208635
14.94964496
9.5656993
13.55876089
7.990997764
14.95073751
11.82721258
10.4130347
15.7821438
7.303846824
17.77632111
19.81649022
17.86532088
8.678811797
16.13100409
11.85860708
12.58791231
10.5325978
11.019863
19.64374623
12.68382916
9.518573025
10.99291131
7.339115403
12.34046715
10.43181904
9.731161698
10.68624229
12.74687047
15.4587215
18.18404146
11.93152068
14.52367903
10.21815932
7.756072096
13.6142175
17.61555912
15.61809953
17.36492757
12.61186612
12.27353189
29.83626541
17.14720797
13.79443628
16.31037097
13.41134481
9.206191599
10.64144691
27.98844215
15.63752285
12.91180782
17.0951243
12.28451665
7.390933274
14.96013626
11.1922643
14.68754624
9.511763476
16.51105515
9.869171935
10.50669244
8.507437148
11.70463765
10.22935566
10.14324102
8.92551859
6.516763108
12.39948129
10.09098022
11.9144026
6.302439305
10.16205147
2.546182848
14.9607613
9.937815549
19.01185229
14.23828889
8.438328623
4.51045283
6.121113786
14.74488488
6.318106761
11.84768615
13.23653943
16.40250145
12.79781585
9.532426296
11.91348256
6.428907037
11.13369073
9.335553843
12.83643882
16.71097267
10.06212463
12.198149
22.16808027
15.8906133
7.690476207
14.01146174
34.70569216
30.85164359
13.95954074
10.92435295
11.04461478
5.480096737
22.25870934
15.79566689
14.0238769
12.42280855
7.321328886
25.4701749
11.41882617
11.1011259
15.83342787
12.27094869
3.99795055
6.152577706
11.51845321
9.247512887
17.21279338
4.150402846
9.318844999
9.730897875
6.411530428
7.155640283
8.465187569
16.26014544
26.04148916
7.43878053
5.753852276
14.02339968
12.73394861
14.99131559
7.783876625
15.5342442
4.269878717
10.88543115
8.857291089
11.29224704
12.71620511
8.274337751
14.97117859
9.048433821
24.99725151
15.81829146
21.57294389
6.862821344
5.254759637
8.728852202
9.04581145
13.2590457
12.38605221
9.647274006
8.656018303
12.97384565
10.06041082
8.344276032
13.48318244
8.365288747
11.01937603
5.941994797
12.24839043
12.16953623
17.8212389
16.80611753
15.81313386
16.49490939
14.74296395
10.06765493
14.4563335
14.9165771
13.06964742
10.15334446
10.17556767
8.078597307
10.52916392
4.720485741
5.397333542
5.188658518
4.333613384
5.303166201
16.21980932
16.59778671
10.57852991
5.749572431
16.37433285
9.925081597
6.364996924
8.990189764
7.271042438
12.46281774
12.20177386
4.918339074
7.450017449
11.96045625
9.959723857
6.942937158
14.17884325
21.48853957
13.756138
12.78548329
12.10860211
8.927236255
17.85689915
23.44886989
11.58705362
13.07178666
8.145920238
7.908440563
9.954601583
34.79169091
21.13577091
13.7170558
4.956222863
9.350964912
13.41676162
5.153048838
11.9806644
13.03493954
9.975868724
30.33567291
12.45024224
5.362699905
8.86157157
9.96274115
11.90362646
16.11916996
14.02161785
5.587995161
4.611206697
8.015098236
18.27548427
18.0484373
11.63532714
4.437122158
7.439758559
10.45500609
12.49207419
2.648103008
13.44541376
4.033510896
2.768826276
16.67734125
12.64031576
17.9371048
15.77778418
9.235535937
17.32387922
10.93539094
13.77809431
5.872698743
19.92470551
11.951008
7.615318344
17.436611
13.54046598
9.694489923
7.85959924
8.347110612
9.917428983
10.49981538
8.098453638
15.21684574
17.90776532
17.530343
29.28131124
23.62954046
16.82100693
20.75455562
10.82684542
7.775527885
6.778201453
14.46678595
11.10366134
4.529602818
13.15502434
11.96261017
15.25118818
12.96757948
22.60076004
9.029067148
13.55359656
14.30908175
6.107209152
12.8165227
11.24084123
14.42158164
5.830264964
12.01941566
9.891362115
6.50524297
8.249719212
16.43415118
12.41918522
15.38071496
17.74906854
10.57827162
4.468474191
6.383727863
12.48907894
12.38075328
10.39510981
5.605478692
10.60408404
22.57597612
12.13487458
8.96019064
3.398191753
8.255983664
12.78175312
9.748634707
9.098641034
9.540650451
6.904505217
10.04826032
26.40668721
9.036580871
10.52749802
7.286116868
15.18676045
5.174064489
9.976089711
11.32286378
12.64071353
16.19965195
18.9823972
17.27727182
14.34764822
21.78603722
14.43039457
16.45544813
11.56022368
16.16184372
13.85437368
13.05887469
7.560312106
10.52932612
14.65098526
12.22766015
15.36181089
16.12501337
10.57733292
8.694285962
13.80811924
7.056704587
7.960423951
16.60049899
5.87226508
13.03638498
7.879706073
5.795970858
6.773003501
19.16186963
8.277786855
6.047199229
12.03051009
17.6719427
8.388380803
7.811540532
19.93479112
8.775029717
17.46275564
22.12054772
10.93965501
13.5735468
10.19307173
13.55879697
15.23416753
9.363030591
12.87021796
16.49932754
8.317203086
12.61515426
5.620906037
12.65830572
7.620756266
5.515820024
8.12729006
11.33160537
6.944174186
5.534310863
4.26130026
5.800717667
9.171641122
10.31221506
6.428601655
10.32259386
13.6493456
21.46887003
19.48870752
6.035495865
10.44646131
15.85662055
15.46787835
9.025705755
7.980311553
18.47496109
21.22105656
9.508103714
11.94554252
18.45113221
10.49299757
11.24859841
14.57948547
27.009056
7.500481665
16.82622003
15.92050765
13.08624517
27.03209868
16.59125629
23.07714741
18.00799863
8.755623579
6.468107553
14.34353546
15.87578542
9.713566232
10.51909506
11.12998729
15.09763156
22.62091058
17.2248934
15.39771584
8.45039719
18.88088943
9.89645234
8.408417375
5.824668856
9.432909794
5.947586795
9.848289893
5.247148591
11.18043384
9.034589017
6.847601346
12.44548544
4.982557867
8.178813322
13.76574897
19.24747055
18.93045718
7.487380853
15.92165229
11.32921309
7.135791025
24.72434804
10.59391041
4.961140963
11.86420268
14.81604237
9.537995936
10.82335828
15.367534
16.04396361
10.46227134
9.221468096
16.78065539
20.63730176
15.09431199
5.511886296
10.35611311
8.647342355
15.19506407
11.77499442
9.45275617
7.119142138
7.053433321
9.877518579
12.21026971
21.30500851
6.0600082
16.28712284
12.01239276
12.73227335
15.56895335
12.61930766
6.434572745
13.43997155
5.252997224
7.444284595
3.852743796
3.000599918
7.570505404
4.528633472
1.676768195
8.32310516
28.5183419
4.406331508
10.27382765
6.155138245
6.532268948
7.310373479
8.636805714
5.691169783
10.49151898
7.009328188
12.37973946
8.001780274
8.209452727
25.11716118
8.368310124
7.646399712
4.923717022
6.282133926
3.031674353
9.551730919
3.893989699
8.307550299
9.589966994
11.87632634
6.897095738
12.49826826
9.569909692
9.863325144
13.10544559
9.274917006
4.085507491
3.96087788
5.124100397
2.372800805
6.098474718
6.541682917
2.611619534
0.7491239271
1.165251125
9.430497492
3.628076009
3.13997953
6.807019706
7.596397984
4.023881933
4.61354908
2.278725275
8.963005635
19.08055872
31.72496261
3.149776023
7.608953211
8.578693474
8.046575267
5.949968101
4.535677189
10.92073819
1.125108411
1.143623415
3.202816813
9.172058082
5.430670132
4.990974122
4.63210151
13.8154978
12.91902426
14.14890239
5.255428617
13.58999378
9.08885153
12.11092161
5.108544731
7.591366906
6.926055396
2.461127307
7.753894377
7.038272317
7.530638535
5.758901595
5.450597461
5.795493767
5.707873531
3.358855633
3.622919782
4.780021004
6.046090544
11.76164088
9.645296809
6.166313624
6.188612332
2.205973119
6.018280376
8.1555453
8.6064011
6.849555712
2.530427388
1.452391914
4.861528783
3.828575087
5.024415125
3.581529051
7.769650297
6.747278795
4.183227117
12.0755708
3.430048924
9.23827707
6.842698258
7.351026143
10.55820756
5.655987896
7.364242194
2.976151918
3.650238031
3.359021678
3.049531449
4.863957715
1.401719128
4.772823745
8.03626244
8.217763541
2.833122354
3.456839886
5.480433922
6.939434837
2.226978616
7.780357695
3.358386545
1.17052182
1.555944365
1.998086344
4.587448617
16.42586382
9.507661148
7.907635282
14.5445693
5.679949635
4.164800614
7.349039781
1.730140965
8.312059389
7.265478288
3.876381555
7.975689127
12.05026087
2.570316507
17.01444742
5.14775443
0.8992709979
14.69947404
12.9728386
15.68550271
3.401141392
14.81889453
4.443670609
10.49468084
10.59048789
1.216526487
12.43912461
4.5746528
11.27175354
3.512172811
12.77917529
11.70800161
17.21859241
11.55062029
4.604237757
11.74966657
11.99570915
6.388721739
10.68929719
12.77988284
13.04309766
7.682275972
3.687677546
13.96567952
4.525629043
7.236499226
7.55751022
3.458444243
6.648559983
6.497002905
5.57938309
6.751991549
9.09526321
6.793081784
4.812188066
3.661488724
26.09962511
19.71096582
20.79872775
7.74414298
19.5200082
4.02416876
1.936794294
3.220783317
4.139484615
9.438305864
7.432985884
7.131009156
3.640511308
2.955491323
3.311566738
2.750731
4.95463829
3.760235683
6.398838904
2.576682168
5.735363232
6.541995906
4.315138666
4.792953803
8.622995362
9.070974678
0.3653570534
1.552854613
4.856107121
1.016308445
5.31048627
5.127494196
1.066963366
2.375229374
3.773668904
1.873437807
5.032283191
5.891960789
3.968383568
8.326214196
5.604879774
1.017417049
4.017936969
2.831229568
5.134266967
2.058559214
1.700498299
10.70871166
7.533714471
7.770155562
8.307330761
3.993783184
14.07614044
3.394958045
6.847998143
3.799603327
6.170526505
5.829361875
5.670030347
5.459845834
6.805128825
0.7037148604
4.342433879
5.838953349
7.828693254
12.31111649
7.248099842
7.88970876
15.05244825
5.320333931
3.63311239
1.735051011
7.022037659
1.831298946
3.91359007
5.994559673
7.279337842
5.665381144
11.03611544
4.420573678
3.387173686
7.83240222
1.235763287
3.278325169
4.570113766
4.943477582
2.70454274
5.656558823
0.9941743397
3.441363834
9.45633832
5.255513727
11.05773695
4.207507744
2.128932839
9.779850848
1.078948319
4.504191624
7.006340968
3.322889832
3.789192722
4.490506037
5.289337122
7.20176799
6.443304858
2.032419247
10.93742188
5.361575304
4.297874946
8.171185595
4.47741532
4.640491369
5.618148583
4.9378399
13.14472368
4.796835139
8.059752644
4.5601081
5.555246731
8.31494402
7.333303811
4.493501752
1.435171361
7.621806612
5.584355493
5.814415625
4.76906139
2.720004416
8.844767568
7.597935619
11.37926397
17.92412993
2.870486073
10.14349569
12.77607614
12.60985026
22.7881051
16.46821488
16.4048033
12.40571944
7.398368198
9.325696916
4.921706612
5.791029099
1.21619419
3.05687002
6.903290584
23.64787506
20.69739303
6.277788156
4.900061429
13.5042966
8.48268274
6.089878871
6.681478297
5.767110915
2.068746242
3.816912818
13.09643197
3.072618401
3.608721185
3.134997051
5.974078306
7.76276215
1.27983988
8.901820904
3.771873993
2.951583783
1.335827972
3.031577776
4.617738252
4.952268787
7.540494217
5.162332592
2.412142252
10.32293895
2.549531932
1.957178208
5.666869818
9.79857135
3.162061775
0.7798198111
1.556840587
2.182311953
7.555624072
12.81619748
7.463580098
1.314770595
2.408912489
2.222347623
12.22154354
8.616790824
4.902774044
6.492966466
0.3094600122
5.543382792
4.160303271
1.549878378
4.694461159
3.244183939
4.311411612
7.429621102
3.216468458
12.80335099
9.111572832
5.811724809
5.111737968
11.58987151
6.182021168
6.199817354
10.01552804
7.771053059
6.196619326
15.90814702
6.833570611
10.83392662
7.11580545
3.368134495
5.825181679
5.396599896
9.432906523
10.02468988
9.120271717
17.28242648
7.755040658
15.87707134
4.658256098
5.262651837
6.905792268
11.91430432
1.429661587
4.456487915
5.881699341
11.0410467
4.582847553
4.898194865
8.619000793
9.265075133
6.539175394
8.637819772
6.859641022
4.424761462
3.500715718
4.854145937
6.085375664
25.87946386
7.481206884
3.40721513
6.123688466
8.919165228
8.58410534
8.137099994
2.624809815
6.841969724
10.76957398
5.063049457
6.992344109
4.53468855
6.527373809
2.210991795
17.08958902
3.505475875
12.47198016
11.58859883
9.293712988
7.325497234
6.430383088
9.684755139
6.360662748
6.645960365
8.749582883
10.8343283
12.77362927
19.26122379
6.442353945
4.667045594
2.161810057
0.3771933361
5.145885457
0.9874281258
3.222387899
2.461892342
4.756333511
4.035162492
5.493218917
1.083477329
4.521347262
3.872213645
4.505892863
1.925949903
2.928633964
2.710887531
7.973177096
0.5851686593
5.415269904
2.149018864
1.11498583
6.47286326
3.524050291
5.992801768
4.574210217
5.142932475
3.877459738
3.798533681
0.8641752717
2.336663622
3.880416713
2.781867843
0.9636869654
4.517711884
4.770519772
1.739158361
1.120044809
4.2929073
0.5354157991
0.6396724606
4.941332606
1.918018025
3.320424196
4.911817926
2.962560495
4.174292742
2.778361207
2.270852425
5.357364923
6.444327383
6.066446153
13.77244294
2.307427757
2.656008873
2.943079136
2.36768362
10.67556828
4.772046457
1.809507958
2.976682232
3.291271574
1.752935468
3.418399128
1.073027276
0.7733233398
0.8305286926
2.463104642
0.9865506916
0.761423862
5.654377968
0.6709330824
1.475293808
3.494590722
4.893970811
3.130117803
0.5095961625
2.43333118
3.642372066
9.396949963
4.006502146
0.4129300805
3.234433854
2.393265184
2.450638588
1.221036207
2.002225217
3.855289398
3.28609312
1.199140698
1.197379894
3.8859915
3.858362846
1.744740031
4.173430202
0.4804145229
0.9520169101
3.271339445
1.922189747
0.8370613172
3.647640803
2.367322222
1.363298604
5.883449343
3.122849158
3.504847558
1.680581479
0.7643211459
4.065937677
6.862750381
0.5893943676
1.336720962
1.935136021
7.499160644
3.323503451
6.333430435
2.535299623
0.8331192535
0.2944260189
2.972691793
2.110494508
3.811625126
5.03518705
6.265774022
2.226828522
2.698718932
12.96605488
0.1612605404
6.79072924
9.193614883
3.136819453
2.811124005
2.275590701
4.773213385
6.384297673
2.477622547
0.4981636561
2.564405509
6.953178689
0.5868850203
2.513476521
2.0023586
3.743841154
2.065006118
4.045473393
6.709379538
5.756296095
2.745248952
2.252550864
11.04351123
6.567753622
4.269963459
3.392451569
4.724139132
2.393005385
1.11252739
0.7169484286
0.3503397735
1.639924326
0.6032932727
2.762170703
0.8382263008
1.224180929
1.236293406
4.757420175
4.06208566
0.915288265
6.425009933
0.3181467103
3.250531077
3.097229709
0.2489668712
0.400580001
0.8257031963
2.847749689
2.768061052
2.278834151
2.515615308
3.816501617
10.95162172
0.9506996524
1.024176626
1.416691237
4.25312046
0.724762068
4.71823999
3.323056751
2.249693745
4.291305073
4.698539584
11.07425091
8.616124372
9.628579609
8.680520145
3.790259817
2.878152644
6.76512712
1.64897994
2.391341237
1.304620798
2.728128118
4.118821621
0.4383139151
2.244126596
8.272058361
2.394641148
3.907931141
5.263222324
0.7264152918
3.45192851
6.96883427
5.733429148
4.660807626
3.251932697
1.83414371
4.715988388
4.714582127
4.328740964
0.7649596212
1.228325693
2.511786134
0.4940871907
0.3314632999
1.193287303
5.79174607
1.162875018
5.357816588
0.5917429018
7.993246061
7.94130372
5.044215796
1.127094363
1.108515352
2.170855961
4.181874703
3.129282722
7.710200427
2.729361072
0.9759830384
0.5075939219
4.243150388
5.716826757
12.83111007
3.500502893
5.817054428
7.606080748
2.556368012
2.40749315
8.144396013
1.971744873
8.516045746
7.516089317
5.154390654
3.227805441
5.367608687
16.62108395
6.728730263
2.13593767
2.211146566
0.6380531153
0.9728378329
2.345577448
3.56939314
2.423325891
1.701887701
1.640986632
1.149728397
2.166332932
4.013303757
3.758925478
4.972958888
2.572101465
1.63368685
2.71138301
2.965685375
1.794994037
4.964239653
3.104267991
1.705461262
4.895804395
1.740830913
17.23445749
6.886300091
2.787271795
4.116966347
2.973620341
1.704700689
0.4205607746
6.965287112
3.718940637
1.571698332
0.3005793252
6.768402534
0.2529351358
3.402814225
0.450773736
4.162202611
1.72558321
4.110435093
1.851115414
2.692703049
0.9501371065
1.436898931
0.7922830913
5.045857434
0.299239604
0.3057772813
1.032881792
0.1588826292
2.744079282
3.805802718
2.864901641
3.025317495
1.357954098
6.971277339
1.741096327
5.770133157
3.124767134
3.462350326
0.7342804124
2.981233045
5.635881242
9.235190836
5.237109693
3.465666064
0.7576904787
0.4863687928
0.5668167643
2.706094829
2.971315549
1.772306973
4.270382716
7.488415112
3.106830794
3.167989274
12.41140622
0.8221049319
3.318847062
1.774382572
5.057715967
6.75487897
8.566546121
8.804566656
2.042036669
1.773725855
3.571030309
0.0003910792081
2.009713634
3.625561663
0.5376514498
5.320971274
0.942869527
0.5348086451
1.592711706
3.70120675
6.415152749
3.412028811
7.000735902
2.261816654
1.800094921
2.944839627
4.189530566
4.408772293
3.002812572
5.428461958
2.861982057
4.202087615
1.32561388
0.3579758671
4.941933696
1.906056203
1.509488302
2.670249822
4.90863127
0.3795202478
1.986664044
1.288805249
0.5204570072
3.936270734
1.66433239
0.9948129114
6.231088395
1.525356802
0.2839489413
1.635522475
4.510559148
2.41257355
9.841396355
1.305717749
0.2439329117
0.1645276781
8.566842206
4.45199634
4.128358601
0.8012599873
13.08253661
3.596952316
0.1757583141
0.258867457
2.560567302
1.378039655
4.200475337
1.081440163
5.861704223
3.560717127
3.332262099
3.503657592
1.530775031
3.704014172
0.477829832
0.1607264519
2.458546976
2.135962257
0.6506063499
3.979207254
5.397145609
6.924700401
0.3651449605
0.7145032294
1.116168641
0.4030960788
2.273226736
1.730650926
1.790207126
1.753161297
5.061611055
2.702323277
0.1621545846
4.283842338
0.932121176
0.2737524374
0.2316513428
1.298288651
3.032938979
1.213152914
2.506429577
0.3699823814
1.639648377
0.4472500286
3.61028797
5.191798308
2.702232108
1.57226621
4.990522588
9.654205549
3.776486915
1.647717615
9.141659506
3.120428886
4.220099479
0.2793993546
7.473863693
0.234447625
0.5110786962
1.955371799
5.868310898
1.254027417
0.3823022229
2.730073997
3.162376256
4.015629184
0.6053706497
2.461810908
0.1913264939
2.565414974
2.683785753
2.658784864
0.4202933041
3.547965741
0.211214916
3.259085738
0.8639708436
3.54554237
6.072422455
4.995885779
4.49135303
1.866343594
1.841025523
