#################################### 
# Matrix Size= (25,25,400)
# Resol      = (1,1,4000)
# VoxelSize  = (25,25,0.1)
# nbVal      = 4000
#################################### 
1.40461287e-05
1.457637992e-05
1.443239023e-05
1.4601189e-05
1.47459845e-05
1.473151054e-05
1.473153419e-05
1.480711211e-05
1.511693139e-05
1.501215533e-05
1.486571015e-05
1.496877753e-05
1.455627926e-05
1.470560584e-05
1.485364452e-05
1.488607051e-05
1.47221317e-05
1.501464786e-05
1.509278135e-05
1.498252388e-05
1.503345612e-05
1.513463031e-05
1.529060745e-05
1.497789551e-05
1.502972279e-05
1.508062457e-05
1.515844791e-05
1.507279001e-05
1.490586355e-05
1.506843287e-05
1.498486679e-05
1.508456785e-05
1.469539305e-05
1.503922523e-05
1.527098618e-05
1.500304696e-05
1.518228182e-05
1.531686212e-05
1.49513406e-05
1.515213463e-05
1.509177221e-05
1.496801048e-05
1.503732252e-05
1.50459725e-05
1.500109515e-05
1.520627793e-05
1.507712044e-05
1.502880349e-05
1.504203187e-05
1.513923013e-05
1.503010464e-05
1.487656455e-05
1.512337794e-05
1.530354672e-05
1.519522795e-05
1.532336375e-05
1.517515567e-05
1.52442269e-05
1.498009943e-05
1.552493503e-05
1.543606621e-05
1.546059032e-05
1.529325809e-05
1.5226475e-05
1.521700893e-05
1.51250528e-05
1.527897324e-05
1.527819173e-05
1.506840039e-05
1.517303191e-05
1.516207427e-05
1.512116615e-05
1.521173265e-05
1.532740191e-05
1.518781963e-05
1.517865363e-05
1.504605817e-05
1.536672735e-05
1.551791328e-05
1.539313075e-05
1.544344726e-05
1.559309785e-05
1.543325149e-05
1.544070923e-05
1.540742009e-05
1.518818199e-05
1.534096112e-05
1.55381709e-05
1.540452268e-05
1.523333556e-05
1.528581967e-05
1.536557329e-05
1.571905036e-05
1.533936893e-05
1.534506318e-05
1.529075781e-05
1.537928342e-05
1.565313528e-05
1.526886487e-05
1.546149966e-05
1.539981991e-05
1.540119817e-05
1.55925497e-05
1.520639813e-05
1.54087624e-05
1.521386784e-05
1.546147106e-05
1.578240167e-05
1.566054208e-05
1.565283078e-05
1.5727905e-05
1.551826093e-05
1.558857522e-05
1.542228861e-05
1.563717737e-05
1.573302772e-05
1.536144612e-05
1.551278e-05
1.543982819e-05
1.542077861e-05
1.553001388e-05
1.544919471e-05
1.550933912e-05
1.549077982e-05
1.543378339e-05
1.578436212e-05
1.529422472e-05
1.557270904e-05
1.522791269e-05
1.54364214e-05
1.595687283e-05
1.534594967e-05
1.558581171e-05
1.589974565e-05
1.58876666e-05
1.581834309e-05
1.575224338e-05
1.551347176e-05
1.558255412e-05
1.549949025e-05
1.564992451e-05
1.547560457e-05
1.563666147e-05
1.583788971e-05
1.583829095e-05
1.582087117e-05
1.568050203e-05
1.561516401e-05
1.584790238e-05
1.564925649e-05
1.566243152e-05
1.541083076e-05
1.570513405e-05
1.57192419e-05
1.552480034e-05
1.575376334e-05
1.555100668e-05
1.582224126e-05
1.575662916e-05
1.582318969e-05
1.53440609e-05
1.586283697e-05
1.573556782e-05
1.582899859e-05
1.578863222e-05
1.548758759e-05
1.566635986e-05
1.565561706e-05
1.581387968e-05
1.589256443e-05
1.576102132e-05
1.589087638e-05
1.572241671e-05
1.569124591e-05
1.593494032e-05
1.586207912e-05
1.57418109e-05
1.61250135e-05
1.595854199e-05
1.594676041e-05
1.546516571e-05
1.593714499e-05
1.561291027e-05
1.566435181e-05
1.575196446e-05
1.590402906e-05
1.583136948e-05
1.573735182e-05
1.594703408e-05
1.601260772e-05
1.58863006e-05
1.614348386e-05
1.600909024e-05
1.614413234e-05
1.578869205e-05
1.59106283e-05
1.589457023e-05
1.578246985e-05
1.591383416e-05
1.589058614e-05
1.577107651e-05
1.600939648e-05
1.604841949e-05
1.567068965e-05
1.609697554e-05
1.573591987e-05
1.573324998e-05
1.619359815e-05
1.608768821e-05
1.595110563e-05
1.591606656e-05
1.580962303e-05
1.603839156e-05
1.600423027e-05
1.607387957e-05
1.60581177e-05
1.584103645e-05
1.570529711e-05
1.569623113e-05
1.617162989e-05
1.600761675e-05
1.599442602e-05
1.595426353e-05
1.604525817e-05
1.602401765e-05
1.615775567e-05
1.600618455e-05
1.599137061e-05
1.581033683e-05
1.61706133e-05
1.621598073e-05
1.609230389e-05
1.584181812e-05
1.573358433e-05
1.595121511e-05
1.592887914e-05
1.587000832e-05
1.603634446e-05
1.633796649e-05
1.610794136e-05
1.590054669e-05
1.583509004e-05
1.629575486e-05
1.617227976e-05
1.610555499e-05
1.578763392e-05
1.621477606e-05
1.610403881e-05
1.586708964e-05
1.596660333e-05
1.61741075e-05
1.601114081e-05
1.606239297e-05
1.609911528e-05
1.607119998e-05
1.627625973e-05
1.609414634e-05
1.63147472e-05
1.614090516e-05
1.604822936e-05
1.618704178e-05
1.607142081e-05
1.615953933e-05
1.598787909e-05
1.614259523e-05
1.59014689e-05
1.607576804e-05
1.610931469e-05
1.626929298e-05
1.601069262e-05
1.586158846e-05
1.625592687e-05
1.615457545e-05
1.650097888e-05
1.631449543e-05
1.650680525e-05
1.637036978e-05
1.614483529e-05
1.616061249e-05
1.632870301e-05
1.652953491e-05
1.601698679e-05
1.622922158e-05
1.61980109e-05
1.599947338e-05
1.637528846e-05
1.621412978e-05
1.59808454e-05
1.613327655e-05
1.607774135e-05
1.598260503e-05
1.637184443e-05
1.645170343e-05
1.632046327e-05
1.640271975e-05
1.595323957e-05
1.618564415e-05
1.63358117e-05
1.621027698e-05
1.631615699e-05
1.615006902e-05
1.626222683e-05
1.631286607e-05
1.647903636e-05
1.607608774e-05
1.626298766e-05
1.616124364e-05
1.659011341e-05
1.654314748e-05
1.646244124e-05
1.623277385e-05
1.63252721e-05
1.616567039e-05
1.627337401e-05
1.619318484e-05
1.626034206e-05
1.608812783e-05
1.621922747e-05
1.604298718e-05
1.622336975e-05
1.65894233e-05
1.651357156e-05
1.62154968e-05
1.624823987e-05
1.615246077e-05
1.624013102e-05
1.630964613e-05
1.650419876e-05
1.630825879e-05
1.638999653e-05
1.64315901e-05
1.613987856e-05
1.640388851e-05
1.641482044e-05
1.673561777e-05
1.643615325e-05
1.619924526e-05
1.642663045e-05
1.629787101e-05
1.666080691e-05
1.630461516e-05
1.641407203e-05
1.639830754e-05
1.65526831e-05
1.664888365e-05
1.653824844e-05
1.641408607e-05
1.642114859e-05
1.652332059e-05
1.627740014e-05
1.626920585e-05
1.639000379e-05
1.652905483e-05
1.662657692e-05
1.653291173e-05
1.643480508e-05
1.640304571e-05
1.618516817e-05
1.695486391e-05
1.654685035e-05
1.637649001e-05
1.643277387e-05
1.665142605e-05
1.645850964e-05
1.65326057e-05
1.656021036e-05
1.605555417e-05
1.641576933e-05
1.649262944e-05
1.643168962e-05
1.685468216e-05
1.649071901e-05
1.64173657e-05
1.631329429e-05
1.647149917e-05
1.649839582e-05
1.632645379e-05
1.668675571e-05
1.62062371e-05
1.636737619e-05
1.662195664e-05
1.631556328e-05
1.638492136e-05
1.672486853e-05
1.641689668e-05
1.671505105e-05
1.684578834e-05
1.667308101e-05
1.654907401e-05
1.658602306e-05
1.644526475e-05
1.626569083e-05
1.630724197e-05
1.632736606e-05
1.681491181e-05
1.654733947e-05
1.634565071e-05
1.661034764e-05
1.651251414e-05
1.65482069e-05
1.670481461e-05
1.636214483e-05
1.62220383e-05
1.676151685e-05
1.613766798e-05
1.660905802e-05
1.664341231e-05
1.669831481e-05
1.637665175e-05
1.671703998e-05
1.660175209e-05
1.658333814e-05
1.666433065e-05
1.684120529e-05
1.668478094e-05
1.670894822e-05
1.702742981e-05
1.684092151e-05
1.653852627e-05
1.644890881e-05
1.625251546e-05
1.654680735e-05
1.666221321e-05
1.655279675e-05
1.649187067e-05
1.665172787e-05
1.671174401e-05
1.65735225e-05
1.661790384e-05
1.667682076e-05
1.645383247e-05
1.662429126e-05
1.648501024e-05
1.707024043e-05
1.660939597e-05
1.661251986e-05
1.62985541e-05
1.689199856e-05
1.666471672e-05
1.662585789e-05
1.683177191e-05
1.684560829e-05
1.678231159e-05
1.676577112e-05
1.652051056e-05
1.688358216e-05
1.692380589e-05
1.674988531e-05
1.667247222e-05
1.676120177e-05
1.664114889e-05
1.674048021e-05
1.67545778e-05
1.663811642e-05
1.677170353e-05
1.674587515e-05
1.691393016e-05
1.682639755e-05
1.658082449e-05
1.673985587e-05
1.644648832e-05
1.665228405e-05
1.676258527e-05
1.662128568e-05
1.705296945e-05
1.691034827e-05
1.675442406e-05
1.668777172e-05
1.67667195e-05
1.662640726e-05
1.672601718e-05
1.664518794e-05
1.688156196e-05
1.699046717e-05
1.705462802e-05
1.672921327e-05
1.689404909e-05
1.659179446e-05
1.639758312e-05
1.680513232e-05
1.713766913e-05
1.683038792e-05
1.723019169e-05
1.694283981e-05
1.675019962e-05
1.68362184e-05
1.685013729e-05
1.703003399e-05
1.666976125e-05
1.680424918e-05
1.704353712e-05
1.713263006e-05
1.693677155e-05
1.700752743e-05
1.684077298e-05
1.694362253e-05
1.648624488e-05
1.693119416e-05
1.676164123e-05
1.705052106e-05
1.691962777e-05
1.687812853e-05
1.698775296e-05
1.670901782e-05
1.670449621e-05
1.713251746e-05
1.673547466e-05
1.673343201e-05
1.677946496e-05
1.702616968e-05
1.685566027e-05
1.678850409e-05
1.659293429e-05
1.712745252e-05
1.700929823e-05
1.688057932e-05
1.684548259e-05
1.714628744e-05
1.712194716e-05
1.709864866e-05
1.692158603e-05
1.736754357e-05
1.694015113e-05
1.688808465e-05
1.700299437e-05
1.707724363e-05
1.72011628e-05
1.703065011e-05
1.709788781e-05
1.69553888e-05
1.694343241e-05
1.71304824e-05
1.684510526e-05
1.699615552e-05
1.716152408e-05
1.675433357e-05
1.720996481e-05
1.705600387e-05
1.698696096e-05
1.689846971e-05
1.717145462e-05
1.690184204e-05
1.703233299e-05
1.70355669e-05
1.666154322e-05
1.658449384e-05
1.690012559e-05
1.713216318e-05
1.706686982e-05
1.701296425e-05
1.65603678e-05
1.714555853e-05
1.716218987e-05
1.706366848e-05
1.723508336e-05
1.69298952e-05
1.707506292e-05
1.701956453e-05
1.679813422e-05
1.706189631e-05
1.703381512e-05
1.709383964e-05
1.707450371e-05
1.718783254e-05
1.695851919e-05
1.687523792e-05
1.717449572e-05
1.704891774e-05
1.679964135e-05
1.703730418e-05
1.699897719e-05
1.69167126e-05
1.703062825e-05
1.72411913e-05
1.709900839e-05
1.709115104e-05
1.699022585e-05
1.655097786e-05
1.722432097e-05
1.728427417e-05
1.703742582e-05
1.694412766e-05
1.717867314e-05
1.705761475e-05
1.735960852e-05
1.703266116e-05
1.707482668e-05
1.720073287e-05
1.716767635e-05
1.712087953e-05
1.698878641e-05
1.714320137e-05
1.708665982e-05
1.715863546e-05
1.724032983e-05
1.715056508e-05
1.729208329e-05
1.711499411e-05
1.684263245e-05
1.723094733e-05
1.746526518e-05
1.695049439e-05
1.688448002e-05
1.725849175e-05
1.733685226e-05
1.745604852e-05
1.680392078e-05
1.70798444e-05
1.725904402e-05
1.693464193e-05
1.706462685e-05
1.697153204e-05
1.743021463e-05
1.754751464e-05
1.72851048e-05
1.692130512e-05
1.68942703e-05
1.719565625e-05
1.706563915e-05
1.754765506e-05
1.710336252e-05
1.715600065e-05
1.75125594e-05
1.742192204e-05
1.716825104e-05
1.709908295e-05
1.717148919e-05
1.69943424e-05
1.70771497e-05
1.713056301e-05
1.755692404e-05
1.722212009e-05
1.745521507e-05
1.707616294e-05
1.717998227e-05
1.726766582e-05
1.697704788e-05
1.733225382e-05
1.710616331e-05
1.728897664e-05
1.719125511e-05
1.731422637e-05
1.724335331e-05
1.742986353e-05
1.749679052e-05
1.741572667e-05
1.712001651e-05
1.712193314e-05
1.741973071e-05
1.712715768e-05
1.716786601e-05
1.711691285e-05
1.716394196e-05
1.719060477e-05
1.733767981e-05
1.740499778e-05
1.738461309e-05
1.725785501e-05
1.733975653e-05
1.731779542e-05
1.748829797e-05
1.735560567e-05
1.756573982e-05
1.752780943e-05
1.71977291e-05
1.736507651e-05
1.725968164e-05
1.735196645e-05
1.759264835e-05
1.747163772e-05
1.690146337e-05
1.76759206e-05
1.73690947e-05
1.732172793e-05
1.777786544e-05
1.715472043e-05
1.739026922e-05
1.762539116e-05
1.740808642e-05
1.751420343e-05
1.745916031e-05
1.735673871e-05
1.743441023e-05
1.778469156e-05
1.776845326e-05
1.734308136e-05
1.731241854e-05
1.749825043e-05
1.749933774e-05
1.740865511e-05
1.74396459e-05
1.770156812e-05
1.748893763e-05
1.763602772e-05
1.771959065e-05
1.769753772e-05
1.733966195e-05
1.726226529e-05
1.749472231e-05
1.745993142e-05
1.753022138e-05
1.763268118e-05
1.742604994e-05
1.757960476e-05
1.76206032e-05
1.739152879e-05
1.745094573e-05
1.809886891e-05
1.73994333e-05
1.707735767e-05
1.805557014e-05
1.792620058e-05
1.762805029e-05
1.741538435e-05
1.782111933e-05
1.739103021e-05
1.751207138e-05
1.744462895e-05
1.762969643e-05
1.792913258e-05
1.756053584e-05
1.75250187e-05
1.784548134e-05
1.750599133e-05
1.752973466e-05
1.757463219e-05
1.752137974e-05
1.731937288e-05
1.753989695e-05
1.793376415e-05
1.75916132e-05
1.775814256e-05
1.762268888e-05
1.762524358e-05
1.794875358e-05
1.763273327e-05
1.749159931e-05
1.743522105e-05
1.774481231e-05
1.790624506e-05
1.770097577e-05
1.76879373e-05
1.774319578e-05
1.753142542e-05
1.770828666e-05
1.744368333e-05
1.821950794e-05
1.785120505e-05
1.761538746e-05
1.763655556e-05
1.827826246e-05
1.776066014e-05
1.791228082e-05
1.728538422e-05
1.790226769e-05
1.743349754e-05
1.773797628e-05
1.7794107e-05
1.792243573e-05
1.776151345e-05
1.766183099e-05
1.813631521e-05
1.788480669e-05
1.754309253e-05
1.77159632e-05
1.77060587e-05
1.775314863e-05
1.772645346e-05
1.791179496e-05
1.75099547e-05
1.778795262e-05
1.787388325e-05
1.801549651e-05
1.760900062e-05
1.791437787e-05
1.764156123e-05
1.797026548e-05
1.780838203e-05
1.734535288e-05
1.736775163e-05
1.79518541e-05
1.783898573e-05
1.787572694e-05
1.776442912e-05
1.808764883e-05
1.768524092e-05
1.771051444e-05
1.773985873e-05
1.759147525e-05
1.771061952e-05
1.77398951e-05
1.79847909e-05
1.769178418e-05
1.776618766e-05
1.803341113e-05
1.76608703e-05
1.784351079e-05
1.795815649e-05
1.787957177e-05
1.765625579e-05
1.779005854e-05
1.757814445e-05
1.774318719e-05
1.77920891e-05
1.77562602e-05
1.80453301e-05
1.777101478e-05
1.778584229e-05
1.790826847e-05
1.760660903e-05
1.780697187e-05
1.797168389e-05
1.80352321e-05
1.774434629e-05
1.793610311e-05
1.797417904e-05
1.789892175e-05
1.780087747e-05
1.76429891e-05
1.801927694e-05
1.791717043e-05
1.786387047e-05
1.799165267e-05
1.811652853e-05
1.792415234e-05
1.762946752e-05
1.772942777e-05
1.81046582e-05
1.800617358e-05
1.781715174e-05
1.788447127e-05
1.793934171e-05
1.785547088e-05
1.818428604e-05
1.769114079e-05
1.797477093e-05
1.818225844e-05
1.807521942e-05
1.800171378e-05
1.783270887e-05
1.798839414e-05
1.810943479e-05
1.793855579e-05
1.810928079e-05
1.798422491e-05
1.785944915e-05
1.802591328e-05
1.79092602e-05
1.798469821e-05
1.773262716e-05
1.787706595e-05
1.776274242e-05
1.780038697e-05
1.799298451e-05
1.785529855e-05
1.786351152e-05
1.81118909e-05
1.8021895e-05
1.767912327e-05
1.813542731e-05
1.805898054e-05
1.798985819e-05
1.810542384e-05
1.800130516e-05
1.813266665e-05
1.811449474e-05
1.815590102e-05
1.791017905e-05
1.797504288e-05
1.79145046e-05
1.789597892e-05
1.817679251e-05
1.779589885e-05
1.788656968e-05
1.806949254e-05
1.813412698e-05
1.788462103e-05
1.775898428e-05
1.823833722e-05
1.811946594e-05
1.813013438e-05
1.809622035e-05
1.824859139e-05
1.787481164e-05
1.817424564e-05
1.806720209e-05
1.786142509e-05
1.779391502e-05
1.811449034e-05
1.82535775e-05
1.843461047e-05
1.818817249e-05
1.803927409e-05
1.796761885e-05
1.785380249e-05
1.806657031e-05
1.80916433e-05
1.86506093e-05
1.764289772e-05
1.818654898e-05
1.797586665e-05
1.821985563e-05
1.810481515e-05
1.8347961e-05
1.790110844e-05
1.787374263e-05
1.787942295e-05
1.818540071e-05
1.828804347e-05
1.826269962e-05
1.805943538e-05
1.82074279e-05
1.824979339e-05
1.800109901e-05
1.824196593e-05
1.806895339e-05
1.832085816e-05
1.814946661e-05
1.824626011e-05
1.819890133e-05
1.818417649e-05
1.810958872e-05
1.840520544e-05
1.814108811e-05
1.801096856e-05
1.809823933e-05
1.807485742e-05
1.800148997e-05
1.838665952e-05
1.817787477e-05
1.860825905e-05
1.815094268e-05
1.851742431e-05
1.82850006e-05
1.808464371e-05
1.829182593e-05
1.833010811e-05
1.816971913e-05
1.847894743e-05
1.85592577e-05
1.82788633e-05
1.838628885e-05
1.823978248e-05
1.817490783e-05
1.802072624e-05
1.843619767e-05
1.806469964e-05
1.842078151e-05
1.816866806e-05
1.847498743e-05
1.821567701e-05
1.808954508e-05
1.867345721e-05
1.830124911e-05
1.830499394e-05
1.824094018e-05
1.834392337e-05
1.844631213e-05
1.847564227e-05
1.85703746e-05
1.879040813e-05
1.859594091e-05
1.864584394e-05
1.83528035e-05
1.840797335e-05
1.849613064e-05
1.864730203e-05
1.835227361e-05
1.847360114e-05
1.862043355e-05
1.827653897e-05
1.868902316e-05
1.880480522e-05
1.858911601e-05
1.845469565e-05
1.830962542e-05
1.84568016e-05
1.899120205e-05
1.855113999e-05
1.874967324e-05
1.868737498e-05
1.857071906e-05
1.841176005e-05
1.868684589e-05
1.818599529e-05
1.84125687e-05
1.867402113e-05
1.864050449e-05
1.874127449e-05
1.881985371e-05
1.859905671e-05
1.879842967e-05
1.879066231e-05
1.886428213e-05
1.862839134e-05
1.825592063e-05
1.901403764e-05
1.828764414e-05
1.860383086e-05
1.887171821e-05
1.870545451e-05
1.868957033e-05
1.907934141e-05
1.871464057e-05
1.865902582e-05
1.885106419e-05
1.842019197e-05
1.869067781e-05
1.878546196e-05
1.860693923e-05
1.884268961e-05
1.846568238e-05
1.839741584e-05
1.82761366e-05
1.827744683e-05
1.877700039e-05
1.888869953e-05
1.866463563e-05
1.88606626e-05
1.871521032e-05
1.856855782e-05
1.865722158e-05
1.883714061e-05
1.858144727e-05
1.862151399e-05
1.845871724e-05
1.860020321e-05
1.857808195e-05
1.879568875e-05
1.853335905e-05
1.853452288e-05
1.877696891e-05
1.860585359e-05
1.86015512e-05
1.869737618e-05
1.888563457e-05
1.836792862e-05
1.874633623e-05
1.88144304e-05
1.828584817e-05
1.863683515e-05
1.897778593e-05
1.86392272e-05
1.859972502e-05
1.900994644e-05
1.914867115e-05
1.861239557e-05
1.875120503e-05
1.85802469e-05
1.883580372e-05
1.877219582e-05
1.849048844e-05
1.851409073e-05
1.839051481e-05
1.868606495e-05
1.87560596e-05
1.883378656e-05
1.877437424e-05
1.883204328e-05
1.893870808e-05
1.880819898e-05
1.884698278e-05
1.858995915e-05
1.893240593e-05
1.867404607e-05
1.881872868e-05
1.878313386e-05
1.868565281e-05
1.881777454e-05
1.894488938e-05
1.858097852e-05
1.913206013e-05
1.884431377e-05
1.884640507e-05
1.869615509e-05
1.910769305e-05
1.89345332e-05
1.871053415e-05
1.890220099e-05
1.910756849e-05
1.877854011e-05
1.841803246e-05
1.894355065e-05
1.858286722e-05
1.924930399e-05
1.89458471e-05
1.879324254e-05
1.871531627e-05
1.923284988e-05
1.876128819e-05
1.8734824e-05
1.86512004e-05
1.90684734e-05
1.908229881e-05
1.86768104e-05
1.928682388e-05
1.889802635e-05
1.878879495e-05
1.902764216e-05
1.916200974e-05
1.871916251e-05
1.921934728e-05
1.883415302e-05
1.887995329e-05
1.931303549e-05
1.932167253e-05
1.924666559e-05
1.903280492e-05
1.90906242e-05
1.890367374e-05
1.927107955e-05
1.905962057e-05
1.900963257e-05
1.898212016e-05
1.895783161e-05
1.913074069e-05
1.923410839e-05
1.943331087e-05
1.948702653e-05
1.927700977e-05
1.902238395e-05
1.92360269e-05
1.91457234e-05
1.9445495e-05
1.906608273e-05
1.916425214e-05
1.929576027e-05
1.910403131e-05
1.903746016e-05
1.898255539e-05
1.905750477e-05
1.936474155e-05
1.901966361e-05
1.930528408e-05
1.893382163e-05
1.899550174e-05
1.913322929e-05
1.93667961e-05
1.929602595e-05
1.930152418e-05
1.917879691e-05
1.915190831e-05
1.909565129e-05
1.913806328e-05
1.904797339e-05
1.908925105e-05
1.910969947e-05
1.913218088e-05
1.918928665e-05
1.944187986e-05
1.917823619e-05
1.912701541e-05
1.955277157e-05
1.932768708e-05
1.937778955e-05
1.95854239e-05
1.90212781e-05
1.906188478e-05
1.933049382e-05
1.921244082e-05
1.952860358e-05
1.968843479e-05
1.950366537e-05
1.958712915e-05
1.92151183e-05
1.946639284e-05
1.955630985e-05
1.966591551e-05
1.974137736e-05
1.935277101e-05
1.932349728e-05
1.947368346e-05
1.945713596e-05
1.909812059e-05
1.92622493e-05
1.939825753e-05
1.956039188e-05
1.946435379e-05
1.947166209e-05
1.944949358e-05
1.930020537e-05
1.948900595e-05
1.934054212e-05
1.916971334e-05
1.913208904e-05
1.943876158e-05
1.913133137e-05
1.96334766e-05
1.95093528e-05
1.940349637e-05
1.94715772e-05
1.917943923e-05
1.955019397e-05
1.963687167e-05
1.947560547e-05
1.979861129e-05
1.940160269e-05
1.974552788e-05
1.966873776e-05
1.958333148e-05
1.943300628e-05
1.984829746e-05
1.940486379e-05
1.921010459e-05
1.933196786e-05
1.968333588e-05
1.942701766e-05
1.960904856e-05
1.919733898e-05
2.004187764e-05
1.981665697e-05
1.961202855e-05
1.97281947e-05
1.964419166e-05
1.933413304e-05
1.950175852e-05
1.951329321e-05
1.983013646e-05
1.959195636e-05
1.968978852e-05
1.96355562e-05
1.986444066e-05
1.963331173e-05
2.010027957e-05
1.955812804e-05
1.957163049e-05
1.972183311e-05
2.003097402e-05
1.971995827e-05
1.98433001e-05
1.976259104e-05
1.952002217e-05
1.983714005e-05
2.015154993e-05
1.954931464e-05
1.997359808e-05
1.972566079e-05
1.991335188e-05
1.98093853e-05
1.978205443e-05
1.938282881e-05
1.964181587e-05
2.0185848e-05
1.96442162e-05
1.967971702e-05
1.963473276e-05
1.994115959e-05
1.990499502e-05
1.98377014e-05
2.017926469e-05
2.006095755e-05
1.996574275e-05
2.004394711e-05
1.970176765e-05
1.978429693e-05
1.987381906e-05
1.97015967e-05
2.024073051e-05
1.955884697e-05
2.00326105e-05
2.012462466e-05
1.985633629e-05
1.966093967e-05
1.993911521e-05
2.015697748e-05
1.981404909e-05
1.973281556e-05
1.992459478e-05
1.995379286e-05
2.007605242e-05
2.027161616e-05
2.049057909e-05
2.006675912e-05
2.027536353e-05
1.983119613e-05
2.037440619e-05
2.020145288e-05
2.012366735e-05
2.017065959e-05
2.007386674e-05
1.99403624e-05
2.012893919e-05
2.012559567e-05
2.009126069e-05
1.998283927e-05
2.002684001e-05
2.017525816e-05
1.98440798e-05
1.998973082e-05
2.019188338e-05
2.001438658e-05
2.015889466e-05
2.035714409e-05
2.010861383e-05
2.019878862e-05
2.008459249e-05
2.007913732e-05
2.007797955e-05
2.003662542e-05
2.020346704e-05
2.032218391e-05
2.004561399e-05
2.020314558e-05
2.014281429e-05
2.00290179e-05
2.008190361e-05
2.016822589e-05
2.032734314e-05
2.037174706e-05
2.029429659e-05
2.023395632e-05
2.004637409e-05
2.035399712e-05
2.047409195e-05
2.047695827e-05
2.030783477e-05
2.053173048e-05
2.018624739e-05
2.017437978e-05
2.079309056e-05
1.99978864e-05
2.025248908e-05
2.03540283e-05
2.049105885e-05
2.062284496e-05
2.02228675e-05
2.046661387e-05
2.027573333e-05
2.031755404e-05
2.055645366e-05
2.080534871e-05
2.023519338e-05
2.068967575e-05
2.071900115e-05
2.05010741e-05
2.020666074e-05
2.021600952e-05
2.007223889e-05
2.047251058e-05
2.057018819e-05
2.0506494e-05
2.074723145e-05
2.077839362e-05
2.060555785e-05
2.035158099e-05
2.038156057e-05
2.075193319e-05
2.041391827e-05
2.07091071e-05
2.075008081e-05
2.100992136e-05
2.046341078e-05
2.059972792e-05
2.069756812e-05
2.048233618e-05
2.05943194e-05
2.046137202e-05
2.080943732e-05
2.049062481e-05
2.071618862e-05
2.080628672e-05
2.106659361e-05
2.085105248e-05
2.089550782e-05
2.08748529e-05
2.047500802e-05
2.089090107e-05
2.04998269e-05
2.068690683e-05
2.032142891e-05
2.083089553e-05
2.077024341e-05
2.078916954e-05
2.111760298e-05
2.098152746e-05
2.086338495e-05
2.062830981e-05
2.062168806e-05
2.093930752e-05
2.084210276e-05
2.074986104e-05
2.087160351e-05
2.078872712e-05
2.102638518e-05
2.062805841e-05
2.101533912e-05
2.07203565e-05
2.093801384e-05
2.143415674e-05
2.09131729e-05
2.09056236e-05
2.090347326e-05
2.122307502e-05
2.083083067e-05
2.093654524e-05
2.102081512e-05
2.101260196e-05
2.113970742e-05
2.139774343e-05
2.132786151e-05
2.141125626e-05
2.147468621e-05
2.067482974e-05
2.063942618e-05
2.05607057e-05
2.129542506e-05
2.140914571e-05
2.11442658e-05
2.134873606e-05
2.108160551e-05
2.13956319e-05
2.134227622e-05
2.072455281e-05
2.129399529e-05
2.125169616e-05
2.098086615e-05
2.089458271e-05
2.131284814e-05
2.124012727e-05
2.101814703e-05
2.116179334e-05
2.131774513e-05
2.137161759e-05
2.104507069e-05
2.128984015e-05
2.108370361e-05
2.103245947e-05
2.10751776e-05
2.169794807e-05
2.133399872e-05
2.15011184e-05
2.12628761e-05
2.136491319e-05
2.127928882e-05
2.152356152e-05
2.131459764e-05
2.109289058e-05
2.172576274e-05
2.105644829e-05
2.131260684e-05
2.164867422e-05
2.140619624e-05
2.160990256e-05
2.137498612e-05
2.141875591e-05
2.14365665e-05
2.114254447e-05
2.182393602e-05
2.134299537e-05
2.149151914e-05
2.191087895e-05
2.161291903e-05
2.163530589e-05
2.139121498e-05
2.159460089e-05
2.130582404e-05
2.1516382e-05
2.144773814e-05
2.150728201e-05
2.158564592e-05
2.124756174e-05
2.148063497e-05
2.124140266e-05
2.159380328e-05
2.16454556e-05
2.166180302e-05
2.184130486e-05
2.186453964e-05
2.128491812e-05
2.127992846e-05
2.196491742e-05
2.177272982e-05
2.174706616e-05
2.206555621e-05
2.164645342e-05
2.15740075e-05
2.169122175e-05
2.130181685e-05
2.20255262e-05
2.172042852e-05
2.179761364e-05
2.219822751e-05
2.197333476e-05
2.146391242e-05
2.211064051e-05
2.188019816e-05
2.231401959e-05
2.175562337e-05
2.180369632e-05
2.175072282e-05
2.215051873e-05
2.192104676e-05
2.20181181e-05
2.169313657e-05
2.19904114e-05
2.222644917e-05
2.190408063e-05
2.230255774e-05
2.172562543e-05
2.200625244e-05
2.262113668e-05
2.19944447e-05
2.228913174e-05
2.19413126e-05
2.211379612e-05
2.232731013e-05
2.209604872e-05
2.203178308e-05
2.230555964e-05
2.246758966e-05
2.179101258e-05
2.225523456e-05
2.2380858e-05
2.250689962e-05
2.243445607e-05
2.235422699e-05
2.234462862e-05
2.181743769e-05
2.24030581e-05
2.214934064e-05
2.215142189e-05
2.226137125e-05
2.24344473e-05
2.217399729e-05
2.260222527e-05
2.228354102e-05
2.257702718e-05
2.226518465e-05
2.258401357e-05
2.237871754e-05
2.232271544e-05
2.27572335e-05
2.240645088e-05
2.243577838e-05
2.275341167e-05
2.273511202e-05
2.26165406e-05
2.264260563e-05
2.278701111e-05
2.234247946e-05
2.24328176e-05
2.271956992e-05
2.261591767e-05
2.277791145e-05
2.283147046e-05
2.288937512e-05
2.275682427e-05
2.275704251e-05
2.265150094e-05
2.281086098e-05
2.255352999e-05
2.286206278e-05
2.287014736e-05
2.253363921e-05
2.300050362e-05
2.31378799e-05
2.254853148e-05
2.306407091e-05
2.30428688e-05
2.283330853e-05
2.280003695e-05
2.283603804e-05
2.312330452e-05
2.31168678e-05
2.302975863e-05
2.326968733e-05
2.301909962e-05
2.298860568e-05
2.297225488e-05
2.3234925e-05
2.350035052e-05
2.308769516e-05
2.30114484e-05
2.329178138e-05
2.310347968e-05
2.334398432e-05
2.29869847e-05
2.335133302e-05
2.333066305e-05
2.337705432e-05
2.331569496e-05
2.341981125e-05
2.323754941e-05
2.349424614e-05
2.313960078e-05
2.315753051e-05
2.281395883e-05
2.343635397e-05
2.321181466e-05
2.304803398e-05
2.32849955e-05
2.351778706e-05
2.325894133e-05
2.360804721e-05
2.359612198e-05
2.354915661e-05
2.361092265e-05
2.324527126e-05
2.364500632e-05
2.37660908e-05
2.372940522e-05
2.388750498e-05
2.358687842e-05
2.392084877e-05
2.395279582e-05
2.339655167e-05
2.421396266e-05
2.322784724e-05
2.390717027e-05
2.336848003e-05
2.361819432e-05
2.368530381e-05
2.380809296e-05
2.404762196e-05
2.414396174e-05
2.407624739e-05
2.37017279e-05
2.390614072e-05
2.400153452e-05
2.347204523e-05
2.36246424e-05
2.427912903e-05
2.377185167e-05
2.420245627e-05
2.416732677e-05
2.383643869e-05
2.40988839e-05
2.38981267e-05
2.434491322e-05
2.385527145e-05
2.432616902e-05
2.412461317e-05
2.414753917e-05
2.436582337e-05
2.419248613e-05
2.426938995e-05
2.379087437e-05
2.423590993e-05
2.427605638e-05
2.438702162e-05
2.429013108e-05
2.440076295e-05
2.454372308e-05
2.450143348e-05
2.440764223e-05
2.438229446e-05
2.448149159e-05
2.444490606e-05
2.440469263e-05
2.455689916e-05
2.48577708e-05
2.47638366e-05
2.458172587e-05
2.466171611e-05
2.428061673e-05
2.518960114e-05
2.497459346e-05
2.430981536e-05
2.45465284e-05
2.463897177e-05
2.448019295e-05
2.480553067e-05
2.4807679e-05
2.465657974e-05
2.462053645e-05
2.489695575e-05
2.479196719e-05
2.456436041e-05
2.520569038e-05
2.500922104e-05
2.515278143e-05
2.511509232e-05
2.473681748e-05
2.516313188e-05
2.523303409e-05
2.4817018e-05
2.507053855e-05
2.488073409e-05
2.533149106e-05
2.503622401e-05
2.564163815e-05
2.571292566e-05
2.484211131e-05
2.537889454e-05
2.547289649e-05
2.507214485e-05
2.475937724e-05
2.549429406e-05
2.537463723e-05
2.536791444e-05
2.517094133e-05
2.560306881e-05
2.556541078e-05
2.56402138e-05
2.571610337e-05
2.515935809e-05
2.573354859e-05
2.550757076e-05
2.588256485e-05
2.589090232e-05
2.550312166e-05
2.596087058e-05
2.610482208e-05
2.598653004e-05
2.605190847e-05
2.556341301e-05
2.618062614e-05
2.539051303e-05
2.563608995e-05
2.587269773e-05
2.62020181e-05
2.633900202e-05
2.634096876e-05
2.624809518e-05
2.609200217e-05
2.651542479e-05
2.635573342e-05
2.615453191e-05
2.675016758e-05
2.623272185e-05
2.62321061e-05
2.620657492e-05
2.670686038e-05
2.628495764e-05
2.66613182e-05
2.648211187e-05
2.716251954e-05
2.646429364e-05
2.684749397e-05
2.713026186e-05
2.679829567e-05
2.656665234e-05
2.680767557e-05
2.688179137e-05
2.689153228e-05
2.648767499e-05
2.640198648e-05
2.71506357e-05
2.7444054e-05
2.677432315e-05
2.685564383e-05
2.692333235e-05
2.71525702e-05
2.662038583e-05
2.704722193e-05
2.744528928e-05
2.771103763e-05
2.729074274e-05
2.70412722e-05
2.691727503e-05
2.68897407e-05
2.744399781e-05
2.680591308e-05
2.788352159e-05
2.7113755e-05
2.765118582e-05
2.759602154e-05
2.748296599e-05
2.759020798e-05
2.724876848e-05
2.76565022e-05
2.780356428e-05
2.73797698e-05
2.803464681e-05
2.732100709e-05
2.816655323e-05
2.767730973e-05
2.774692093e-05
2.805724639e-05
2.784633064e-05
2.818403762e-05
2.828766656e-05
2.871034543e-05
2.840810982e-05
2.799512591e-05
2.827815562e-05
2.852307222e-05
2.770052086e-05
2.832789139e-05
2.850857522e-05
2.842899842e-05
2.883682654e-05
2.83420233e-05
2.857925746e-05
2.875541135e-05
2.900249544e-05
2.912238693e-05
2.830229203e-05
2.907710188e-05
2.901466108e-05
2.945429756e-05
2.887150522e-05
2.892547183e-05
2.882036827e-05
2.910030518e-05
2.93157712e-05
2.91627599e-05
2.88482886e-05
2.940746704e-05
2.916717238e-05
2.933027126e-05
2.904668061e-05
3.019407086e-05
2.906445924e-05
2.985026169e-05
2.952030635e-05
3.00441423e-05
3.035613911e-05
2.95683152e-05
2.949143618e-05
3.006699e-05
3.02368823e-05
2.980586275e-05
2.962566854e-05
3.034639734e-05
3.032587171e-05
3.0210928e-05
3.006548891e-05
3.006566787e-05
3.056542411e-05
3.059045011e-05
3.061011038e-05
3.021294396e-05
3.002163493e-05
3.086869164e-05
3.048455415e-05
3.116373297e-05
3.114337515e-05
3.110551479e-05
3.064047927e-05
3.114882437e-05
3.031286798e-05
3.111205816e-05
3.091797511e-05
3.130155533e-05
3.172533595e-05
3.13554601e-05
3.125514523e-05
3.176879495e-05
3.161956785e-05
3.173245352e-05
3.197231756e-05
3.229759447e-05
3.192579869e-05
3.233768769e-05
3.255582714e-05
3.209017067e-05
3.201897841e-05
3.190035179e-05
3.230914465e-05
3.208155286e-05
3.275353079e-05
3.267703666e-05
3.247129147e-05
3.196552271e-05
3.262434075e-05
3.319751519e-05
3.319414403e-05
3.289071117e-05
3.27711993e-05
3.353445302e-05
3.285305222e-05
3.378145471e-05
3.336880449e-05
3.422252264e-05
3.398571415e-05
3.372566409e-05
3.385112777e-05
3.452269201e-05
3.467647348e-05
3.429626711e-05
3.40610554e-05
3.449214015e-05
3.506999689e-05
3.414259313e-05
3.418735441e-05
3.449997994e-05
3.450848823e-05
3.508369793e-05
3.517398098e-05
3.54350169e-05
3.544963388e-05
3.487675324e-05
3.539930876e-05
3.568774413e-05
3.591516927e-05
3.52282563e-05
3.597480982e-05
3.5277323e-05
3.578309215e-05
3.696936314e-05
3.582519192e-05
3.68383222e-05
3.674296282e-05
3.656305305e-05
3.720955136e-05
3.764870429e-05
3.717636438e-05
3.729562866e-05
3.740091771e-05
3.685507619e-05
3.788941144e-05
3.750850172e-05
3.745502136e-05
3.837958037e-05
3.809722099e-05
3.789856261e-05
3.848702716e-05
3.884112817e-05
3.921344146e-05
3.932326247e-05
3.92993809e-05
3.888074479e-05
3.97834221e-05
3.852387243e-05
3.986445885e-05
4.048391592e-05
4.014949564e-05
4.018383315e-05
4.048734181e-05
4.059198328e-05
4.103503668e-05
4.019130679e-05
4.12313735e-05
4.154008771e-05
4.19422995e-05
4.157823367e-05
4.263461232e-05
4.184312123e-05
4.231257745e-05
4.277999313e-05
4.242888005e-05
4.275318475e-05
4.328820162e-05
4.381927988e-05
4.454759596e-05
4.38780057e-05
4.435938761e-05
4.482721769e-05
4.513411433e-05
4.477850551e-05
4.58070178e-05
4.48384622e-05
4.637071154e-05
4.601023994e-05
4.611231475e-05
4.609610162e-05
4.739159282e-05
4.696951522e-05
4.774711001e-05
4.832793638e-05
4.879149786e-05
4.864513004e-05
4.946700677e-05
4.941336901e-05
4.987224936e-05
4.995547773e-05
5.010273792e-05
5.058580286e-05
5.004100222e-05
5.158759882e-05
5.125885988e-05
5.253148931e-05
5.326286888e-05
5.214963767e-05
5.25041873e-05
5.350259709e-05
5.336532325e-05
5.280659491e-05
5.439000876e-05
5.456821161e-05
5.559008027e-05
5.47400158e-05
5.586295493e-05
5.649950298e-05
5.63210055e-05
5.56185539e-05
5.674164746e-05
5.777968209e-05
5.678537597e-05
5.736979582e-05
5.813406486e-05
5.734980452e-05
5.853355833e-05
5.8774472e-05
5.853995418e-05
5.940569302e-05
5.971790237e-05
5.911231252e-05
5.88714086e-05
5.930910662e-05
5.92916124e-05
5.992760856e-05
5.916407646e-05
6.008988343e-05
5.915849231e-05
5.924727233e-05
5.961370525e-05
5.946069955e-05
5.953979133e-05
5.835118869e-05
5.856093726e-05
5.864285076e-05
5.777102801e-05
5.819505493e-05
5.804567577e-05
5.771721913e-05
5.69228874e-05
5.608988878e-05
5.498550408e-05
5.487236276e-05
5.465092682e-05
5.400636025e-05
5.338393447e-05
5.318424015e-05
5.278732126e-05
5.216225986e-05
5.092336868e-05
4.982616256e-05
4.907822409e-05
4.908856129e-05
4.823368818e-05
4.709661065e-05
4.591708948e-05
4.543005652e-05
4.434912631e-05
4.418743119e-05
4.301478298e-05
4.213395974e-05
4.105285244e-05
3.972884064e-05
3.903507837e-05
3.742526903e-05
3.6896189e-05
3.5517628e-05
3.546124439e-05
3.47529205e-05
3.345349711e-05
3.243322653e-05
3.133526195e-05
3.072884573e-05
2.998331247e-05
2.8318721e-05
2.74182184e-05
2.692136971e-05
2.563051461e-05
2.427683597e-05
2.3921525e-05
2.268423639e-05
2.216191487e-05
2.102890004e-05
2.031659898e-05
1.886235208e-05
1.836980108e-05
1.737933186e-05
1.633806685e-05
1.595026033e-05
1.510170228e-05
1.429313001e-05
1.393803023e-05
1.312940237e-05
1.261489434e-05
1.16664907e-05
1.099182679e-05
1.021338497e-05
9.786347191e-06
9.279164526e-06
8.875665183e-06
8.211429755e-06
7.949511212e-06
7.200175754e-06
7.233780581e-06
6.647721682e-06
5.988974552e-06
5.22919012e-06
5.483501164e-06
4.871842087e-06
4.767651587e-06
4.123794671e-06
3.976271947e-06
3.652422688e-06
3.535806299e-06
3.162364769e-06
2.884250956e-06
2.737002103e-06
2.562173798e-06
2.477906147e-06
2.20810248e-06
2.129986426e-06
1.921253324e-06
1.747998077e-06
1.658874467e-06
1.441534183e-06
1.48115139e-06
1.283554035e-06
1.145302478e-06
1.25163584e-06
9.657802372e-07
9.241522165e-07
7.853933357e-07
7.248534893e-07
5.969550514e-07
6.997591154e-07
6.113605579e-07
5.042033415e-07
4.948772244e-07
4.376526396e-07
4.329133777e-07
3.652182835e-07
3.583192986e-07
3.636626523e-07
3.246296603e-07
2.144693669e-07
2.060985062e-07
2.138020355e-07
1.360636794e-07
1.474934094e-07
9.763832478e-08
1.252431866e-07
1.332492628e-07
9.169447186e-08
8.812722303e-08
9.444796781e-08
1.108479644e-07
9.97005299e-08
8.031735609e-08
7.777516286e-08
9.713033802e-08
6.152270976e-08
6.440431484e-08
7.747576053e-08
1.005861812e-07
5.874701525e-08
6.844120742e-08
4.34621933e-08
5.965867519e-08
5.734110396e-08
5.74520189e-08
6.842462967e-08
4.721332491e-08
4.302870777e-08
5.35890703e-08
6.821925251e-08
5.964492971e-08
5.379120775e-08
5.079686588e-08
3.343929835e-08
6.727770914e-08
2.225873967e-08
4.579710583e-08
5.699110392e-08
8.20186799e-08
4.839599865e-08
8.912799298e-08
4.920400096e-08
5.068755289e-08
6.420556164e-08
5.771580693e-08
6.848971846e-08
3.6459859e-08
3.526771814e-08
4.985931545e-08
5.301135981e-08
2.962927366e-08
7.377111942e-08
1.393248394e-07
7.934482595e-08
5.87718378e-08
5.135088131e-08
5.664015595e-08
3.641306376e-08
4.853427964e-08
6.005912786e-08
7.652729337e-08
6.074588486e-08
1.07392206e-07
6.30582347e-08
6.927577488e-08
5.72373186e-08
5.352972757e-08
3.95458663e-08
6.941295624e-08
4.717047978e-08
3.135896856e-08
3.289836278e-08
4.546435105e-08
4.944507016e-08
3.43489272e-08
4.553209321e-08
3.864725936e-08
3.965143557e-08
8.466728395e-08
5.03719174e-08
3.95400426e-08
8.78229716e-08
5.720563051e-08
4.997183231e-08
5.453805155e-08
4.084133856e-08
2.638788359e-08
3.414018242e-08
5.643338534e-08
6.536652644e-08
7.233187436e-08
7.801671725e-08
3.674952836e-08
4.280259555e-08
6.759550861e-08
8.387803502e-08
6.378808616e-08
6.628384573e-08
1.166621806e-07
6.411107434e-08
5.668346777e-08
5.161789258e-08
4.743716431e-08
7.927548583e-08
6.557112923e-08
5.522166055e-08
3.094152959e-08
5.389062522e-08
4.045727803e-08
4.42116743e-08
2.451258091e-08
5.467953797e-08
5.958334185e-08
8.25403398e-08
5.865810246e-08
5.447312094e-08
6.289609293e-08
3.251342536e-08
5.679281759e-08
6.772975875e-08
4.932559225e-08
5.297201072e-08
1.909826877e-08
7.572259884e-08
5.055240446e-08
7.595180519e-08
7.166734274e-08
4.964427073e-08
4.084398629e-08
9.150761852e-08
4.919499793e-08
5.281965083e-08
5.612096658e-08
4.784933284e-08
4.89401446e-08
4.708012157e-08
3.252900907e-08
2.658044222e-08
3.688833613e-08
3.313972013e-08
4.006956147e-08
2.429418829e-08
4.235949319e-08
4.830450969e-08
4.131829411e-08
2.904465955e-08
3.221461972e-08
8.50565368e-08
1.980217176e-08
1.406382498e-08
3.116316917e-08
5.777528596e-08
3.106115532e-08
4.75828518e-08
3.81052531e-08
2.644445518e-08
5.429259035e-08
3.369799044e-08
6.196447656e-08
4.170795993e-08
2.670611798e-08
6.444163759e-08
4.907356767e-08
4.418188188e-08
3.202479018e-08
3.42331253e-08
3.505116002e-08
3.185500001e-08
2.424813169e-08
5.937290437e-08
7.493215391e-08
5.61790886e-08
5.837705916e-08
2.987123632e-08
3.868412779e-08
4.475336572e-08
5.060144163e-08
3.951295448e-08
4.706756327e-08
2.098947692e-08
3.067780651e-08
5.665594721e-08
4.998762375e-08
6.552133838e-08
3.140561227e-08
3.666764331e-08
4.633944826e-08
5.557333581e-08
1.922386554e-08
5.858647136e-08
5.553721399e-08
5.659385797e-08
2.827300978e-08
4.2481199e-08
5.480187489e-08
6.516330265e-08
5.640035469e-08
4.171877064e-08
5.559162433e-08
5.846871134e-08
4.95568827e-08
6.105925697e-08
3.847744204e-08
3.062735789e-08
2.36930989e-08
7.819576434e-08
4.272003493e-08
1.533720294e-08
4.743511884e-08
2.302716501e-08
2.957727941e-08
2.111938203e-08
2.875215024e-08
3.002518893e-08
1.529125392e-08
2.202395854e-08
2.339177903e-08
3.335795514e-08
4.169208013e-08
3.35128785e-08
4.635993746e-08
4.270665258e-08
3.755027936e-08
5.189623788e-08
5.626810819e-08
5.486082783e-08
3.001661503e-08
3.349130185e-08
5.189465844e-08
5.53250585e-08
2.839031865e-08
5.093426204e-08
4.26060097e-08
4.336198788e-08
3.315637446e-08
4.125785949e-08
3.157576309e-08
3.449349973e-08
1.997350212e-08
2.780875123e-08
6.824277872e-08
2.809095087e-08
3.613493685e-08
2.438055513e-08
3.097340822e-08
4.145352927e-08
3.283675846e-08
2.328786235e-08
6.719624434e-08
1.472148891e-08
9.378325936e-09
1.167745044e-08
1.677249578e-08
2.394795427e-08
4.267058882e-08
2.62174273e-08
1.940213463e-08
2.673471351e-08
4.411108734e-08
4.520332452e-08
2.740522789e-08
2.782033313e-08
3.909725693e-08
2.334586056e-08
3.731667276e-08
5.168273539e-08
3.529623665e-08
2.45339258e-08
3.344420951e-08
1.902671438e-08
2.576423814e-08
6.516582309e-08
3.017258378e-08
2.33667453e-08
3.096323671e-08
2.800980693e-08
2.675531688e-08
4.360026528e-08
2.61244974e-08
2.199020795e-08
1.782058464e-08
2.553999324e-08
2.52782159e-08
2.535142872e-08
2.327346291e-08
1.647580649e-08
1.864149539e-08
3.008317495e-08
2.688470522e-08
3.784604764e-08
1.284002824e-08
1.704604456e-08
1.861147829e-08
3.109354148e-08
2.336418665e-08
3.304770782e-08
3.87774338e-08
3.727606172e-08
4.131048851e-08
2.522767516e-08
2.092774346e-08
3.400412812e-08
1.173261913e-08
4.306441267e-08
2.287618082e-08
3.410398678e-08
3.354204439e-08
3.185696255e-08
4.554858508e-08
3.593521638e-08
5.756524393e-08
9.324091732e-08
2.402995211e-08
3.485409263e-08
2.487965515e-08
4.877599808e-08
4.267387166e-08
1.92730886e-08
3.416376137e-08
1.736641132e-08
4.746757702e-08
2.954531022e-08
2.422991427e-08
1.269568327e-08
4.923477091e-08
4.81877539e-08
2.270038039e-08
2.873477337e-08
3.964184989e-08
3.100832497e-08
6.051083213e-08
2.481904902e-08
4.106544061e-08
3.204788522e-08
5.456068859e-08
3.20564035e-08
6.334934941e-08
6.638356671e-08
4.091311625e-08
2.146178822e-08
3.823701724e-08
1.935585645e-08
3.121473507e-08
2.18817821e-08
2.986781805e-08
5.222329894e-08
4.629461771e-08
3.862314216e-08
1.974124074e-08
5.73969043e-08
2.254717209e-08
2.772730865e-08
1.991409136e-08
2.662036062e-08
4.96970304e-08
4.505998266e-08
4.045105937e-08
3.313265117e-08
4.763420024e-08
3.646873216e-08
4.140632731e-08
5.477991977e-08
3.825938589e-08
3.655525733e-08
1.445783641e-08
2.433416282e-08
2.202046808e-08
3.769373278e-08
4.019409937e-08
2.479296099e-08
4.527807292e-08
4.100772729e-08
3.626921111e-08
3.403921152e-08
2.276565076e-08
6.145013625e-08
2.807241072e-08
3.943780295e-08
3.033812722e-08
3.682651349e-08
3.059610676e-08
1.635771791e-08
2.760312649e-08
3.273243245e-08
2.531192268e-08
2.998767104e-08
3.399729404e-08
2.144935009e-08
2.549342029e-08
2.658804205e-08
5.157237134e-08
2.809540577e-08
2.960502897e-08
5.818052376e-09
3.639767875e-08
2.604736489e-08
2.493814873e-08
3.690254547e-08
3.864824465e-08
2.874517073e-08
2.899644912e-08
4.886005651e-08
2.242829292e-08
3.336151676e-08
3.270121417e-08
3.370629845e-08
2.882117794e-08
2.96633013e-08
7.922015852e-08
3.321450988e-08
4.137432338e-08
4.804101547e-08
4.655845772e-08
3.891482454e-08
3.394731249e-08
3.487826629e-08
4.307811289e-08
5.11301703e-08
3.347183302e-08
3.849085568e-08
1.44661451e-08
3.033307199e-08
3.481107168e-08
2.996392535e-08
1.632178417e-08
1.562230604e-08
8.725668998e-09
3.514942081e-08
1.019064815e-08
1.197452569e-08
1.537964843e-08
1.953137598e-08
1.565776017e-08
1.525863674e-08
1.089552152e-08
1.880254969e-08
1.797059074e-08
3.216480178e-08
2.978632283e-08
4.578470554e-08
4.069925817e-08
1.437644366e-08
4.907227913e-08
2.873464809e-08
1.762795956e-08
1.51738223e-08
1.974315445e-08
1.314997087e-08
1.037546871e-08
1.813824165e-08
2.090177995e-08
3.497236514e-08
3.876193124e-08
4.224203694e-08
3.756780027e-08
1.830934901e-08
2.932001721e-08
3.934011964e-08
3.521041995e-08
5.116411021e-08
1.945009753e-08
2.438199426e-08
2.227989609e-08
2.44867423e-08
1.914676105e-08
2.225097677e-08
2.240315437e-08
2.85772157e-08
1.718126806e-08
1.964302888e-08
5.332725594e-08
2.34793633e-08
1.643945942e-08
1.589863587e-08
2.005910717e-08
2.424639376e-08
1.257983767e-08
2.510582072e-08
3.802018061e-08
3.657966559e-08
1.955614655e-08
3.510923567e-08
1.458857855e-08
1.926238653e-08
2.898761854e-08
1.620947767e-08
2.653855947e-08
2.87565649e-08
3.873447956e-08
3.462175499e-08
3.357909535e-08
2.996018486e-08
2.333794705e-08
3.392443515e-08
1.543121417e-08
2.476979635e-08
1.89967966e-08
1.834372862e-08
2.232585998e-08
2.722281335e-08
5.818760752e-08
3.441210017e-08
2.137189137e-08
2.70777518e-08
1.406193967e-08
1.590737299e-08
3.057604281e-08
7.60748598e-08
3.333935327e-08
3.493799093e-08
2.360687766e-08
3.302576238e-08
1.513497247e-08
3.857815975e-08
2.727418605e-08
2.463393683e-08
2.622283534e-08
3.672009127e-08
1.411660356e-08
2.177587438e-08
1.063290037e-08
2.572651235e-08
1.480146418e-08
2.490702743e-08
1.42126429e-08
1.125914208e-08
3.15414317e-08
4.707108e-09
3.226630878e-08
1.350086715e-08
9.232169315e-09
1.223551429e-08
2.561625946e-08
1.541203483e-08
3.843148538e-08
2.038466294e-08
1.941036142e-08
5.613478386e-09
1.665560688e-08
2.894118779e-08
2.045092267e-08
2.108538918e-08
2.437890615e-08
1.144776519e-08
2.772942784e-08
2.241983597e-08
9.281658681e-09
2.26278385e-08
2.505218857e-08
2.106741736e-08
2.016651869e-08
1.502497247e-08
1.854507184e-08
2.27373494e-08
5.515349966e-08
3.802228929e-08
2.254886504e-08
2.752982673e-08
7.31506541e-08
7.460835282e-08
2.328522337e-08
2.60073545e-08
1.570812235e-08
2.044996721e-08
2.327002704e-08
4.765762957e-08
2.478999057e-08
2.582862428e-08
1.078550047e-08
4.718028206e-08
1.840284854e-08
1.539452882e-08
3.928590677e-08
1.872134249e-08
1.106883005e-08
1.00625136e-08
6.453273534e-09
1.215293513e-08
2.681038607e-08
1.160212121e-08
2.597688563e-08
9.459196704e-09
2.273592666e-09
2.291937618e-08
1.727131428e-08
3.62977219e-08
4.141442971e-08
7.10731282e-09
1.117453994e-08
2.194322646e-08
1.274498812e-08
2.400653054e-08
2.604055404e-08
3.029977374e-08
2.003347072e-08
1.127290006e-08
1.321890014e-08
3.761756005e-08
2.373671203e-08
2.663735375e-08
2.953282481e-08
3.057585681e-08
4.961133643e-08
2.975319913e-08
4.273939491e-08
3.561343881e-08
5.887310339e-09
1.401502213e-08
1.729086282e-08
3.152622016e-08
1.238836523e-08
2.016949754e-08
1.697682024e-08
4.417456827e-08
4.480595939e-08
2.038715248e-08
1.007070297e-08
2.318242861e-08
3.552514521e-08
1.907343279e-08
2.205565423e-08
3.79192964e-08
3.390084795e-08
3.645541346e-08
4.560209824e-08
3.549283593e-08
3.630746997e-08
1.584945778e-08
2.360007559e-08
2.621436019e-08
4.451902647e-08
2.410368512e-08
1.209927421e-08
2.437134236e-08
1.42237251e-08
1.34026246e-08
2.153470902e-08
1.665866083e-08
1.502386355e-08
8.277045438e-09
1.7762688e-08
2.778793481e-08
2.987422151e-08
2.235801784e-08
2.473576116e-08
1.872616783e-08
3.756367551e-08
2.190249704e-08
3.421633793e-08
1.866233701e-08
1.518794511e-08
1.818407262e-08
2.653387603e-08
1.614229541e-08
1.592302303e-08
9.677748304e-09
2.382754536e-08
3.204408971e-08
2.756094517e-08
3.113609839e-08
2.864712342e-08
2.063544528e-08
1.684068069e-08
7.41058907e-08
3.243330193e-08
2.089468027e-08
2.0741515e-08
1.706896741e-08
2.953845136e-08
2.576065743e-08
2.661574382e-08
1.62962632e-08
2.017547095e-08
1.955331436e-08
2.843948366e-08
2.308766238e-08
3.213525788e-08
2.443501519e-08
2.377246611e-08
5.551534784e-08
1.969998461e-08
8.749910181e-09
1.262822412e-08
1.811638048e-08
3.103107116e-08
1.86542488e-08
2.637823006e-08
6.870265034e-09
1.582832102e-08
1.879068357e-08
5.342591773e-08
2.468819782e-08
2.760017539e-08
1.749233843e-08
2.102357782e-08
2.26014745e-08
1.652398108e-08
1.793877355e-08
2.338891577e-08
5.071903772e-09
3.211297572e-08
3.453488913e-08
5.990799681e-09
4.118283549e-08
3.583809764e-08
3.063542653e-08
3.652742919e-08
8.613243476e-09
1.848970726e-08
2.809999135e-08
1.975189248e-08
2.689388689e-08
1.590824931e-08
2.219623956e-08
1.189262445e-08
1.994844295e-08
3.123819485e-08
2.109640126e-08
1.753106878e-08
3.201622095e-08
1.140867186e-08
3.115966085e-08
2.980002492e-08
3.618161583e-08
7.820604602e-08
4.962856164e-08
4.393166377e-08
5.037119036e-08
1.377142079e-08
6.757963674e-09
3.042868235e-08
2.096024577e-08
2.61549382e-08
1.347458458e-08
1.660649923e-08
2.440741801e-08
9.180249004e-09
2.50433107e-08
3.488943917e-08
1.497566973e-08
1.749627134e-08
3.651471576e-08
2.178403757e-08
2.476427596e-08
1.502386623e-08
1.821436709e-08
1.715543576e-08
2.04526509e-08
1.68340844e-08
6.471505385e-09
1.72065476e-08
3.956670192e-08
2.87020782e-08
2.971470651e-08
1.594172425e-08
1.503795347e-08
1.054177091e-08
1.615654176e-08
3.750259247e-08
1.687032558e-08
2.268794651e-08
1.28963372e-08
2.059848423e-08
6.502411993e-08
6.675571637e-09
2.129482014e-08
1.065550098e-08
2.584124154e-08
1.589139877e-08
7.143638694e-09
1.552658862e-08
1.40399991e-08
2.231818795e-08
1.589292626e-08
4.005958585e-08
3.04079645e-08
1.139967626e-08
2.690860277e-08
2.769850514e-08
8.434104548e-09
1.715857956e-08
3.009774385e-08
2.662439423e-08
3.384031946e-08
5.615561994e-08
3.508081654e-08
5.75070282e-08
5.170529621e-08
3.574259478e-08
1.462289062e-08
2.308649443e-08
3.852702782e-08
2.840865807e-08
2.230088063e-08
2.49053398e-08
2.370560936e-08
3.422152947e-08
2.849168486e-08
2.583584014e-08
2.299258604e-08
1.786227842e-08
1.771103669e-08
2.012657714e-08
1.479053375e-08
2.912950268e-08
4.278189767e-08
1.893240881e-08
1.259709048e-08
3.174670804e-08
1.663432234e-08
2.310437043e-08
2.80294167e-08
2.182678183e-08
1.300548542e-08
3.237279231e-08
1.639486134e-08
1.79457415e-08
2.162193013e-08
1.061947871e-08
2.030382607e-08
3.037894578e-08
3.816245748e-08
1.922386541e-08
3.82881423e-08
4.853274202e-08
2.579587317e-08
2.195148519e-08
4.620959048e-08
3.366320863e-08
8.313672098e-09
1.483923056e-08
2.241956489e-08
1.014926658e-08
1.897429785e-08
1.606816685e-08
2.473491774e-08
2.352643537e-08
2.256961666e-08
1.004479518e-08
1.689810225e-08
6.996041297e-09
1.211957609e-08
1.516912719e-08
8.141289003e-09
7.96620051e-09
2.891137761e-08
2.756441575e-08
3.911247717e-08
4.20055204e-08
1.850953667e-08
3.215781424e-08
3.340357189e-08
2.768601659e-08
2.093275661e-08
1.957771532e-08
2.218482077e-08
2.259224266e-08
2.081447312e-08
3.573923046e-08
1.910962445e-08
3.254084684e-08
1.924512855e-08
1.608007626e-08
6.831506241e-08
3.015986277e-08
2.550487036e-08
2.634123928e-08
3.34949396e-08
5.168135039e-08
3.988364761e-08
3.914760472e-08
4.297854194e-08
2.672267181e-08
1.765664273e-08
2.146654405e-08
2.651667138e-08
1.781830997e-08
3.463923852e-08
3.57948459e-08
4.202374339e-08
2.413888828e-08
4.56162919e-08
6.262385826e-08
3.197795317e-08
2.328768067e-08
1.905695826e-08
1.447515433e-08
7.512056554e-09
1.788413353e-08
3.570417438e-08
1.414694845e-08
2.413756561e-08
5.984207851e-09
2.00953785e-08
1.686407003e-08
2.182618325e-08
2.92981065e-08
9.315094857e-09
3.278808923e-08
2.555290491e-08
2.982547748e-08
2.566471339e-08
2.036143409e-08
4.206828385e-08
2.052436373e-08
3.499233326e-08
1.686742271e-08
1.849253426e-08
2.32272118e-08
1.376336762e-08
1.61123853e-08
2.971265539e-08
2.18291562e-08
3.22867444e-08
1.63655619e-08
2.01014341e-08
2.19748607e-08
4.082619388e-08
2.657834203e-08
2.077040397e-08
1.533242942e-08
1.343410803e-08
4.672814359e-08
2.846380083e-08
1.043106404e-08
2.417426979e-08
2.453154619e-08
1.587568496e-08
2.399598026e-08
3.6352606e-08
2.333404738e-08
2.522896055e-08
2.966418111e-08
1.610665978e-08
4.022454938e-08
2.537739394e-08
1.260982217e-08
2.208090266e-08
1.149017811e-08
6.766047307e-09
6.633403054e-09
7.590740007e-09
9.543801312e-09
1.659576331e-08
5.741888697e-09
4.936948482e-09
1.997631751e-08
6.617992429e-09
2.794078271e-08
1.52988586e-08
1.81012752e-08
5.229695114e-09
2.219745883e-08
1.281298064e-08
5.768559763e-09
2.571142099e-08
1.066919614e-08
1.261047223e-08
9.457093588e-09
4.064488036e-08
1.971551911e-08
2.524752135e-08
7.08636953e-09
7.733181419e-09
1.26460002e-08
1.485138083e-08
1.925715055e-09
1.266961779e-08
1.205227428e-08
1.740311438e-08
1.68570417e-08
5.709882935e-09
1.76873494e-08
3.072929171e-08
2.436100951e-08
1.181400604e-08
1.373016074e-08
4.504786373e-09
2.015641246e-08
1.187264587e-08
5.962361996e-09
1.086392865e-09
8.414464007e-09
1.003059835e-08
1.057155291e-08
9.886876982e-09
4.57493398e-09
1.013558067e-08
1.428625423e-08
2.026287069e-08
1.070527609e-08
9.487599319e-09
1.208933071e-09
3.39058939e-08
5.052163769e-08
6.860612882e-08
3.247296905e-09
2.108327929e-08
1.436070967e-08
2.163241076e-08
1.275782844e-08
1.200220046e-08
2.011886838e-08
1.994260568e-09
1.12089159e-08
1.228590776e-08
8.85961533e-09
2.788057706e-09
5.822960835e-09
1.975180421e-08
2.496098363e-08
2.813531652e-08
2.586052534e-08
3.855621954e-08
1.31671756e-08
2.227551614e-08
2.321314665e-08
2.471282008e-08
1.809993047e-08
1.633798914e-08
1.01528658e-08
1.573604906e-08
1.539812905e-08
5.532358344e-09
1.576395045e-08
1.045737821e-08
1.153282549e-08
8.560862265e-09
2.079012992e-08
1.378806308e-08
1.467481285e-08
7.283346739e-09
3.090401581e-08
1.021960099e-08
1.437548268e-08
1.140275568e-08
1.477213392e-08
1.217872231e-08
1.222157051e-08
1.64459614e-08
1.70968253e-08
2.117912634e-09
1.036441034e-08
8.286293922e-09
8.679327185e-09
1.203633646e-08
1.011857506e-08
2.176556255e-08
6.310973223e-09
1.702176091e-08
2.52245332e-08
1.929313253e-08
1.636276216e-08
2.165101566e-08
1.284603432e-08
1.499850073e-08
2.090114908e-08
9.221372698e-09
6.993633524e-09
7.545066441e-09
8.956437176e-09
1.743210047e-09
1.324824983e-08
1.259810994e-08
1.253371507e-08
9.343204077e-09
1.133023085e-08
8.403341075e-09
8.947364942e-09
1.486307083e-08
8.971361064e-09
1.470163798e-08
7.893986232e-09
2.527877083e-09
1.130091465e-08
5.929339484e-09
9.511122146e-09
1.220041991e-08
4.122735886e-08
1.442887835e-08
2.025484735e-08
1.885328459e-08
9.670828223e-09
5.047623605e-09
1.274443743e-08
3.39751205e-09
1.666710134e-08
1.497758765e-08
2.635480535e-09
1.19759068e-08
1.08325618e-08
5.662608802e-09
1.6529101e-08
1.093703583e-08
9.171196978e-09
2.364741405e-08
1.876389371e-08
3.380372137e-08
1.691298127e-08
3.453263303e-08
6.786409544e-09
2.291930336e-08
3.05452959e-08
7.55150111e-09
1.186647222e-08
2.077295289e-08
2.373582675e-08
1.416096855e-08
2.230609609e-08
3.110165619e-08
3.566006838e-08
3.397742566e-08
2.014798629e-08
2.951708965e-08
2.910548886e-08
2.298018738e-08
2.183734857e-08
2.133299731e-08
2.908748478e-08
2.665051044e-08
6.430469296e-09
2.915524625e-08
1.335354563e-08
9.508503824e-09
9.10907506e-09
1.980602002e-08
2.634021363e-08
1.743009673e-08
1.326911791e-08
1.609512603e-08
1.467569443e-08
6.293002849e-09
2.142463109e-08
1.237165058e-08
7.206021832e-08
4.554525276e-08
3.346376721e-08
3.400867945e-08
1.152717661e-08
7.580397113e-09
4.096071556e-09
1.663537433e-08
9.263043295e-09
1.359418173e-08
1.345571596e-08
7.589965698e-09
1.558831553e-08
1.099970916e-08
5.600838698e-09
2.867453078e-09
9.394021066e-09
6.78168383e-09
1.394106899e-08
6.453541545e-09
2.087279773e-08
3.207809416e-09
7.718033417e-09
6.824514841e-09
2.135958487e-08
6.393620851e-09
7.174166169e-09
4.810328037e-09
4.743437084e-09
1.561118324e-09
6.04210693e-09
8.878579349e-10
7.077176477e-09
7.72646256e-09
8.865623488e-09
1.244109726e-08
1.160841452e-08
9.292051441e-09
1.503598424e-08
1.076612381e-08
3.743104907e-09
9.330483316e-09
8.384988976e-09
8.575452048e-09
1.138029143e-08
8.876930056e-09
6.23881168e-09
2.446384184e-08
1.285144168e-08
2.416227787e-08
5.800997111e-09
1.745924232e-08
2.805845521e-08
7.328316407e-09
1.328232931e-08
2.599262972e-09
1.738002185e-08
1.549036301e-09
1.176030407e-08
1.288206335e-08
1.365982838e-08
1.812624902e-08
6.557177237e-09
1.45728404e-08
2.069438486e-08
1.443233903e-08
1.741161403e-08
1.756905638e-08
3.95720452e-08
2.034162392e-08
1.168751954e-08
6.49555304e-09
7.793168942e-09
8.902030545e-09
9.681890779e-09
2.033773159e-08
1.723594971e-08
9.285894846e-09
9.859185186e-09
1.90246947e-08
1.064542117e-08
1.113368258e-08
3.044994943e-09
7.565763228e-09
1.497225967e-08
1.726752298e-08
1.83746612e-09
1.130712613e-08
1.286031793e-08
1.67059083e-08
9.062420636e-09
2.59299552e-09
6.488710959e-09
3.331698204e-09
1.35915661e-08
1.639401559e-08
8.379042378e-09
1.617401177e-08
1.605968391e-08
1.069868872e-08
1.162218996e-08
1.204420278e-08
1.399558675e-08
1.051927037e-08
8.437066518e-09
1.018400155e-08
1.906098986e-08
2.638860367e-08
5.534535233e-09
1.068390599e-08
1.282237502e-08
2.521708611e-08
1.686688996e-08
2.181580705e-08
2.132813772e-08
1.875643922e-08
8.75037968e-09
1.258314569e-08
1.989439821e-08
1.37454252e-08
1.038121782e-08
4.475115565e-09
5.84191038e-09
2.066356877e-08
6.705268588e-09
2.004914745e-08
5.433108608e-09
1.268122744e-08
1.322467901e-08
1.064101462e-08
8.841053865e-09
4.780493506e-08
8.186688599e-09
3.344694605e-08
7.849360687e-09
2.930330192e-08
5.053161128e-08
4.878961223e-08
3.164333016e-08
1.073899172e-08
7.876849527e-09
2.88528961e-08
1.764358728e-08
7.358290775e-09
1.245019261e-08
5.317608734e-09
8.198803638e-09
6.647840788e-08
5.603073925e-08
1.212465335e-08
1.476397248e-08
2.161485547e-08
1.308256845e-08
1.212593438e-08
1.898351709e-08
1.363960015e-08
1.243837731e-08
9.800121603e-09
1.015488545e-08
1.767400839e-08
1.344572007e-08
8.405260155e-09
1.694122894e-08
9.085758244e-09
1.006364709e-08
8.994094998e-09
1.131404288e-08
5.483443919e-09
1.300561519e-08
2.103907091e-09
9.488865569e-09
2.29370213e-08
1.488030483e-08
8.040629033e-09
5.119984242e-09
1.356104916e-08
1.153131999e-08
2.073305641e-09
1.260160227e-09
1.185579965e-08
6.271207369e-09
1.940729504e-08
1.676620984e-08
6.536195385e-09
1.396544575e-08
3.394092402e-08
1.672260477e-08
2.293029593e-09
1.61885767e-09
6.241710545e-09
2.045698783e-08
2.402273468e-08
2.625834125e-09
1.805336682e-08
1.040301773e-08
3.033677173e-09
2.151940726e-09
1.14534251e-08
1.01581043e-08
2.544074238e-08
5.494081215e-09
4.678167958e-09
1.264088864e-08
3.392277966e-08
1.14904965e-08
1.089224417e-08
1.620400463e-08
2.618203865e-08
1.304344245e-08
1.665808081e-08
1.828543652e-08
3.331600563e-08
9.951438865e-09
3.009600952e-08
2.850587507e-08
1.522591389e-08
6.04301989e-10
2.502007174e-08
8.605095723e-09
1.342198305e-08
2.154703766e-08
6.144046103e-09
2.238227268e-08
5.407089102e-08
1.555696299e-08
1.515515216e-08
1.737970861e-08
1.078220387e-08
9.536411197e-09
6.495190824e-09
1.08757925e-08
8.765964302e-09
6.554386986e-09
1.983974927e-08
1.213236036e-08
8.325442521e-09
3.396554817e-08
7.934500068e-09
8.896258575e-09
1.969455318e-08
9.883668186e-09
3.116617871e-08
9.427824477e-09
2.143215918e-08
2.716995032e-08
4.326885307e-08
2.341205861e-08
7.391436973e-09
1.698039854e-08
1.684529763e-08
2.217400006e-08
1.044399227e-08
1.183751914e-08
9.165422073e-09
2.087641142e-08
8.818182159e-09
2.707008195e-08
6.793257871e-09
7.006964395e-09
1.582598349e-08
2.98911003e-08
2.920672525e-08
1.715784717e-08
2.7008411e-08
1.78039145e-08
2.415665399e-08
1.146889914e-08
2.073127867e-08
2.329895863e-08
1.420341351e-08
2.511156385e-08
2.298237153e-08
2.787793315e-08
4.182877822e-08
2.237809935e-08
1.404531071e-08
2.553717005e-09
2.073962301e-09
2.898503931e-09
1.682225909e-09
1.619261206e-08
9.176791941e-09
1.511695169e-08
8.873049185e-09
9.251141063e-09
8.622123558e-09
2.053941921e-09
1.376149633e-09
1.806185975e-08
8.56513705e-09
7.083765741e-09
5.58386978e-09
2.125850226e-08
1.093759244e-09
1.110425436e-09
4.110216772e-09
9.481567841e-09
8.853392129e-09
1.341094313e-08
1.537923705e-08
1.6322054e-08
1.209752235e-08
6.410276352e-09
1.0058538e-08
5.041743039e-09
2.558830008e-09
8.323059279e-09
2.663763421e-09
4.301269259e-09
5.906218632e-09
6.431434423e-09
1.207813577e-08
2.399017048e-09
8.917420705e-10
6.074945695e-09
6.799855776e-09
1.736811517e-09
5.069501737e-09
7.822252891e-09
6.73808506e-09
2.989550469e-09
8.311709633e-09
9.225841651e-09
5.997642915e-09
1.362890261e-08
1.803332244e-08
6.489413227e-09
3.755009506e-08
1.056614772e-09
6.764903975e-09
2.126742743e-09
8.695646043e-09
1.920567735e-08
1.759708116e-08
3.949817953e-09
1.440747165e-09
1.804592393e-09
7.025298884e-09
2.03695287e-09
8.176338867e-09
1.112214696e-09
1.317291765e-09
7.512557341e-09
1.809423159e-09
6.327942803e-09
3.110837805e-09
1.456574593e-09
5.774167595e-09
1.441586906e-08
8.427102738e-09
8.184608027e-09
1.551423555e-09
8.144098266e-09
6.773669373e-09
1.728134507e-08
1.098916442e-08
1.938692851e-09
5.558000448e-09
9.460865535e-10
5.291191794e-09
4.552636299e-09
1.648647601e-09
5.897807873e-09
7.518404199e-09
1.012223551e-09
8.425536596e-09
2.12083455e-09
6.204848627e-09
1.359562184e-08
5.221183195e-09
1.183936761e-09
3.223495714e-09
1.534671318e-09
8.182024608e-10
1.53266225e-09
9.905801075e-09
5.701697306e-10
6.52445083e-10
2.854464286e-09
6.307302784e-09
6.424549401e-09
5.908093015e-10
7.550290817e-09
5.047641956e-09
1.932754359e-09
3.891545722e-09
6.778207234e-09
4.601603273e-09
8.596748426e-09
5.385254951e-09
1.685643095e-08
2.310685086e-09
4.137585792e-09
1.267904938e-09
3.330066407e-09
1.118348091e-08
9.983037462e-09
9.151580103e-09
1.419289178e-08
2.813786305e-09
2.27812847e-09
3.349758745e-08
1.931944798e-09
9.264235448e-09
1.976665011e-08
3.917222046e-09
8.607729901e-09
5.791467602e-09
6.389784409e-09
1.581243461e-08
1.15584727e-08
7.753985648e-09
1.077253528e-09
7.074944e-09
2.060666743e-09
9.918174845e-09
2.083653655e-09
1.411135976e-08
1.325494001e-08
1.540390254e-09
1.199420622e-08
1.074733962e-08
8.686668132e-09
1.07599257e-08
1.308180215e-08
2.392006741e-08
1.518494162e-08
8.505854499e-09
3.636796626e-09
4.858170246e-09
1.79952917e-09
1.16973341e-09
2.691021446e-09
2.44802962e-09
4.79324499e-09
4.360913675e-10
1.358859871e-09
1.522378445e-09
8.973480706e-10
1.177068167e-08
7.175630369e-10
2.170219696e-09
1.00906985e-08
6.270943636e-09
1.575592564e-09
7.276900373e-09
2.943901925e-10
3.045307676e-10
1.09221906e-08
9.644607619e-10
9.343421879e-10
4.789382055e-09
1.923751403e-08
8.945345085e-09
6.250566615e-09
2.536573393e-09
2.579931328e-09
1.953793882e-09
5.708394974e-09
8.870795484e-09
5.500713596e-09
1.457972586e-08
3.91235261e-10
1.712034533e-08
4.91911602e-09
1.800929964e-08
2.266903152e-08
1.3563335e-08
1.364978637e-08
1.002693607e-08
1.448767068e-08
1.028864842e-08
3.119903898e-09
2.150015927e-09
1.453052956e-09
6.039157389e-10
6.448117043e-09
1.150139267e-08
1.580733873e-08
7.073622503e-10
2.879145852e-10
5.985088922e-09
9.190398249e-09
6.466325704e-09
6.256406137e-09
1.395328212e-10
1.455055551e-08
9.133464806e-09
3.367724556e-09
7.216094289e-09
1.472095478e-08
1.730933586e-08
1.121510409e-08
1.098792631e-09
6.701396045e-09
1.429962245e-08
3.072105915e-10
2.857010968e-09
6.774573511e-09
1.772101597e-09
2.394298674e-09
7.777667217e-09
7.704713002e-09
2.072337659e-08
1.374750401e-08
1.200498576e-08
3.054647129e-09
7.899235954e-09
1.028008655e-08
3.502911909e-09
1.256093679e-08
1.02967173e-08
8.983394959e-10
1.350357555e-08
2.020112266e-09
1.233787404e-08
1.069415105e-08
1.650630273e-08
8.238413644e-09
1.548699447e-08
7.294114307e-09
6.213720643e-09
4.727337829e-09
6.320006505e-09
1.507933343e-08
1.263461945e-08
1.136964112e-08
1.137289133e-08
7.896589089e-09
3.914552161e-09
1.290785806e-08
1.020131267e-08
4.86004836e-09
7.571414476e-09
8.817116108e-10
1.215926886e-09
9.761044256e-09
1.556003313e-09
5.730813418e-09
6.978100854e-09
7.027350023e-09
3.207265529e-09
4.998483711e-09
1.142887631e-09
2.695465234e-09
1.126160564e-08
1.154114348e-08
3.129590719e-09
2.270150881e-09
2.729252931e-10
1.608906595e-08
2.797161732e-09
1.058281212e-08
1.118319559e-08
5.50177263e-09
1.07203705e-08
3.432615462e-08
2.280949907e-08
4.105119743e-09
9.337072213e-09
8.133904808e-10
1.08533555e-08
4.698307453e-09
1.623860501e-08
5.983044127e-09
6.444810205e-09
3.736812641e-09
1.145176632e-08
3.724258093e-09
8.139295431e-09
8.760456382e-10
3.707632516e-09
4.966969636e-09
6.179677692e-09
9.482452177e-09
5.886199071e-09
2.076678411e-09
2.018476343e-09
8.778185902e-10
1.135992982e-08
1.296145104e-09
2.986157522e-09
4.970156344e-10
5.125906417e-09
6.781150314e-10
5.248326556e-09
8.004599419e-09
9.719561571e-09
3.272948619e-09
2.124770906e-08
4.716710501e-09
6.854572216e-09
7.282922969e-09
1.491444178e-09
1.673859787e-09
5.567345994e-09
1.850266298e-08
1.94816618e-08
1.272272871e-08
7.534684682e-09
8.333453246e-10
1.384473204e-09
9.898576047e-10
4.979114142e-10
4.088343437e-09
8.474988337e-10
1.439842432e-09
1.554917125e-08
1.412938822e-08
4.185940445e-09
2.926251906e-08
2.569516681e-10
7.535345935e-09
9.602001505e-10
3.90002556e-09
1.103855154e-08
1.293030625e-08
1.04856882e-08
3.670656064e-09
5.990940822e-10
5.698390837e-10
4.031768361e-09
1.787900351e-09
6.012699708e-09
3.709893199e-09
5.895812158e-09
8.6664156e-09
3.675748886e-16
3.916907402e-09
8.634429649e-09
8.698551276e-09
8.00727484e-09
1.817404057e-08
2.861738676e-09
5.72288833e-09
6.773140293e-09
3.824215959e-09
8.090853865e-09
5.347633096e-09
8.215527601e-09
1.116392433e-08
3.676215841e-10
3.920683219e-14
3.160746216e-09
6.346242041e-09
2.645919559e-09
9.171518238e-10
9.568364228e-09
5.05710769e-09
2.31860582e-09
5.559225335e-09
8.381615648e-09
3.663929009e-09
1.154735485e-08
3.475756193e-10
4.263414262e-09
4.628819834e-10
4.691775433e-09
4.538704962e-09
4.071512176e-09
4.320862647e-09
4.423702767e-09
2.253440734e-08
5.114365387e-10
1.51398855e-08
2.622894793e-10
5.053936421e-09
3.695455678e-09
9.515327549e-09
9.477751097e-09
3.454200814e-08
1.026644396e-09
4.883089607e-09
5.047345587e-09
1.596930263e-09
1.328424695e-08
2.632940131e-09
1.135982227e-08
7.862848784e-09
2.171308296e-11
7.456191211e-09
1.827417164e-08
1.059137747e-09
4.141932649e-09
6.752893288e-09
6.237859284e-10
5.644301259e-10
1.038697043e-08
5.118594037e-09
1.493933993e-08
9.368697215e-09
1.40142159e-08
5.060345658e-10
5.466610438e-10
2.935653372e-09
3.452776159e-09
4.085095511e-09
7.866401414e-09
1.757828671e-09
1.29913468e-08
9.289484269e-09
5.997967083e-10
6.902203117e-10
5.817663233e-09
1.168711367e-09
9.713929886e-15
2.338153335e-09
3.592521436e-09
7.471717394e-09
3.203747475e-10
4.953223756e-09
4.18063007e-10
3.961059741e-09
8.379227658e-09
2.420197051e-09
5.945949271e-10
3.786683741e-10
2.938156024e-10
7.315735953e-09
1.869553297e-08
6.63921066e-09
1.249060081e-08
2.55370592e-09
7.136234161e-09
7.424965449e-09
7.671215171e-09
2.218654944e-08
8.747133734e-10
3.021368909e-09
7.673399644e-10
1.649347997e-09
1.050787652e-08
2.970174033e-09
2.720450609e-09
6.115077588e-09
1.483704708e-09
2.757644793e-10
2.724526735e-10
9.564127737e-09
6.420939861e-09
6.862126532e-09
5.951171338e-09
4.303805979e-09
1.004543407e-09
1.354720462e-08
4.773502963e-09
4.258087916e-09
9.780674698e-09
3.463355182e-09
1.045239386e-08
1.303189339e-08
6.892736697e-09
1.640887777e-09
