#################################### 
# Matrix Size= (25,25,400)
# Resol      = (1,1,4000)
# VoxelSize  = (25,25,0.1)
# nbVal      = 4000
#################################### 
3.078116652e-14
2.467330671e-14
2.910222583e-14
2.716090257e-14
2.521118942e-14
2.56942288e-14
2.742247569e-14
3.251385794e-14
3.040965431e-14
3.181088633e-14
2.77666828e-14
2.995078633e-14
2.773083701e-14
3.651825653e-14
2.888820718e-14
2.720516383e-14
3.186007955e-14
2.91506526e-14
3.912127973e-14
2.848994344e-14
3.04304778e-14
3.086714544e-14
3.414049496e-14
3.000859332e-14
3.561650973e-14
2.844017355e-14
2.780275752e-14
3.324704339e-14
2.819835632e-14
3.322417677e-14
3.365688781e-14
2.648455395e-14
2.609741802e-14
2.557796044e-14
3.210330395e-14
2.745661399e-14
3.398335115e-14
3.388502357e-14
2.974072644e-14
4.071396593e-14
3.051000703e-14
3.292682768e-14
3.080517659e-14
2.969519512e-14
3.127240628e-14
3.038221459e-14
2.957181652e-14
3.223683149e-14
3.317782897e-14
3.669777939e-14
2.919479812e-14
2.760895865e-14
2.64092093e-14
3.314120293e-14
2.938696558e-14
2.903992886e-14
2.776826221e-14
3.650823879e-14
3.439716082e-14
4.092957054e-14
3.826907599e-14
3.057770582e-14
2.700498199e-14
2.900617923e-14
3.354887356e-14
3.121880081e-14
3.124940693e-14
3.025336144e-14
3.283016653e-14
3.203957814e-14
3.536443689e-14
3.257604435e-14
3.411786525e-14
2.885630989e-14
3.159569541e-14
2.971436093e-14
2.746852962e-14
3.491461174e-14
2.955374762e-14
3.275629365e-14
3.032037653e-14
3.416818643e-14
3.11488115e-14
3.187575583e-14
3.530393727e-14
3.134014205e-14
3.572973704e-14
3.010076503e-14
3.23544407e-14
3.307060755e-14
3.000289019e-14
3.885581623e-14
3.610726287e-14
2.868989483e-14
2.809854838e-14
2.788058667e-14
3.113264773e-14
4.795328845e-14
3.593583004e-14
3.130445824e-14
2.954301919e-14
3.033516312e-14
3.384998854e-14
2.913176591e-14
3.757145348e-14
3.195616501e-14
3.174806259e-14
3.262339207e-14
3.024185477e-14
3.4439153e-14
2.96750129e-14
3.010625752e-14
3.032501334e-14
3.390264471e-14
3.395633227e-14
3.161519327e-14
3.254139786e-14
3.179274993e-14
3.304510124e-14
3.038176064e-14
3.641846056e-14
3.765091832e-14
3.399133282e-14
3.086945736e-14
3.158916123e-14
2.989861404e-14
3.481663359e-14
3.003359788e-14
3.678683886e-14
3.523666168e-14
3.170535491e-14
3.424241187e-14
3.340172967e-14
3.279731053e-14
3.77131862e-14
3.550815683e-14
3.30768884e-14
3.390353431e-14
3.768322769e-14
3.267373447e-14
3.474440132e-14
3.029225171e-14
3.320141256e-14
3.264586407e-14
3.466256918e-14
3.258957574e-14
2.826784119e-14
3.029642624e-14
3.101997396e-14
2.987629916e-14
3.422886332e-14
3.831740978e-14
3.605248923e-14
3.651745265e-14
3.363634146e-14
4.356318687e-14
3.348536205e-14
3.212628918e-14
3.535252662e-14
3.391079043e-14
3.059276996e-14
3.216375534e-14
3.129024968e-14
3.082103769e-14
3.875181414e-14
3.168052825e-14
3.207603391e-14
3.501832888e-14
3.047570304e-14
3.303098446e-14
3.365555071e-14
3.500691249e-14
3.498941227e-14
4.235164501e-14
3.766734675e-14
4.009054889e-14
3.367338365e-14
3.425441586e-14
3.257104111e-14
3.581274773e-14
3.21818789e-14
3.45359234e-14
3.195164048e-14
4.528165317e-14
3.370310281e-14
4.016500219e-14
4.213500799e-14
3.330542913e-14
3.626732248e-14
4.099788386e-14
3.796116825e-14
3.687525984e-14
3.524885219e-14
3.536803699e-14
3.332927521e-14
3.245735221e-14
3.087772385e-14
3.495498959e-14
3.870001594e-14
3.405650345e-14
3.541316755e-14
3.16505936e-14
3.325263559e-14
3.133536532e-14
3.631134505e-14
4.268531178e-14
3.606184104e-14
3.414719586e-14
4.769413431e-14
4.038580637e-14
3.337246301e-14
3.838788001e-14
3.585197277e-14
3.505501397e-14
3.452105242e-14
3.863436004e-14
3.288844809e-14
4.293775869e-14
3.319027576e-14
3.548952907e-14
3.285991279e-14
3.927384737e-14
3.56983533e-14
4.330685809e-14
3.600944643e-14
3.976476811e-14
3.464086488e-14
3.682922959e-14
3.864387584e-14
3.406718664e-14
3.439657003e-14
3.652087561e-14
3.617733086e-14
4.805768857e-14
4.798296101e-14
4.059844889e-14
3.398400239e-14
3.672860145e-14
3.398260514e-14
3.391310664e-14
3.674589574e-14
4.030174403e-14
3.621570639e-14
3.654988094e-14
4.050311307e-14
4.077193311e-14
4.032377479e-14
3.728571338e-14
3.579119601e-14
3.609952534e-14
3.361751345e-14
3.449569471e-14
3.688117087e-14
4.283251494e-14
3.436727035e-14
3.798520268e-14
3.48561732e-14
3.557439991e-14
3.744424545e-14
3.1677801e-14
3.507365789e-14
3.481662306e-14
4.31766228e-14
3.646080652e-14
3.827569237e-14
4.504168026e-14
3.334224675e-14
4.528387578e-14
3.816037109e-14
3.352619896e-14
3.538658053e-14
3.62132352e-14
3.817666175e-14
3.610489186e-14
3.711285326e-14
3.766660344e-14
4.030653341e-14
4.479080398e-14
4.424944006e-14
3.532713495e-14
3.564598176e-14
4.255129289e-14
4.540068766e-14
3.711413507e-14
3.7730601e-14
4.092519563e-14
4.465058356e-14
3.577582553e-14
3.515292646e-14
3.911718582e-14
3.970764518e-14
3.42419104e-14
3.688096144e-14
3.598682054e-14
3.720937418e-14
4.181031355e-14
3.686830843e-14
3.293916666e-14
3.541322364e-14
3.893624653e-14
3.930414208e-14
3.679273689e-14
3.633729907e-14
3.669801268e-14
3.82861698e-14
4.008042192e-14
3.922931068e-14
3.761193393e-14
4.904689599e-14
3.978702958e-14
3.663739272e-14
3.923481298e-14
3.816581941e-14
4.361050597e-14
3.848349928e-14
3.663977798e-14
3.708369955e-14
3.45911056e-14
3.62410195e-14
4.096154137e-14
3.451598362e-14
3.616120837e-14
3.404519576e-14
4.080268693e-14
4.23077112e-14
3.83488861e-14
3.704736162e-14
4.479040179e-14
3.462069354e-14
3.642294988e-14
4.211129917e-14
3.987195781e-14
3.672268639e-14
3.811651617e-14
3.810616507e-14
4.172764569e-14
3.819871496e-14
4.378598637e-14
3.990685089e-14
4.693777059e-14
4.146040771e-14
3.7797495e-14
4.022213922e-14
4.09135637e-14
3.791611867e-14
3.797731465e-14
4.056576963e-14
4.776498654e-14
3.868180832e-14
3.473740067e-14
3.565088863e-14
3.561448278e-14
3.568332393e-14
4.517310276e-14
3.959381616e-14
3.677565145e-14
3.707875903e-14
3.706502662e-14
3.735649936e-14
4.001731452e-14
3.83304799e-14
3.930453736e-14
3.98142109e-14
4.102220605e-14
3.981699198e-14
4.896156377e-14
4.071171909e-14
4.364298285e-14
3.639265679e-14
4.033458622e-14
4.126061565e-14
4.829152436e-14
3.754111158e-14
3.60854072e-14
3.955881634e-14
4.80219267e-14
3.882453683e-14
3.681933903e-14
3.755812724e-14
4.344912429e-14
3.870264166e-14
3.993727663e-14
3.975380493e-14
4.472737795e-14
3.617430889e-14
3.863259469e-14
4.399693615e-14
3.831325358e-14
4.168805622e-14
4.024533152e-14
3.571219294e-14
4.311833139e-14
4.575067277e-14
4.558714381e-14
4.337188892e-14
4.247400858e-14
4.029518701e-14
3.658854272e-14
3.847706185e-14
4.473679319e-14
3.935383082e-14
4.361652335e-14
4.639770163e-14
4.00301304e-14
4.198037725e-14
4.1844103e-14
4.305052561e-14
4.208029941e-14
3.991285758e-14
4.759492663e-14
3.976500024e-14
4.015269993e-14
3.969207156e-14
3.996722429e-14
3.91404258e-14
4.362371505e-14
4.534801662e-14
4.435477141e-14
4.303016397e-14
4.348751175e-14
4.743277789e-14
4.468008076e-14
4.559593575e-14
3.867241347e-14
4.309228724e-14
6.30905604e-14
3.826511057e-14
3.986031942e-14
4.463859414e-14
4.097109948e-14
3.836999951e-14
4.214952518e-14
4.26027089e-14
4.191551059e-14
4.013254356e-14
4.342118065e-14
4.085062231e-14
4.726994528e-14
4.706965235e-14
4.039809195e-14
4.269657963e-14
4.423765193e-14
4.093012165e-14
3.981721494e-14
4.391741619e-14
4.178833903e-14
4.356009762e-14
4.275717989e-14
4.800378285e-14
3.960224363e-14
4.8478582e-14
4.454047208e-14
4.396931352e-14
4.462351202e-14
4.045291918e-14
3.950282887e-14
4.342901241e-14
4.416598384e-14
4.021604278e-14
3.760832363e-14
4.362751339e-14
4.363047709e-14
3.946713691e-14
4.899403022e-14
4.566579835e-14
4.1335339e-14
4.859917195e-14
4.149505883e-14
4.136902907e-14
3.995082758e-14
4.542387223e-14
5.237685328e-14
4.380208153e-14
4.419965152e-14
4.061913644e-14
4.030390814e-14
4.808360521e-14
4.635288238e-14
4.542746031e-14
4.814863732e-14
4.443273299e-14
5.449667774e-14
4.437216243e-14
3.838515096e-14
4.748560085e-14
4.497232656e-14
4.417066824e-14
4.752558771e-14
5.194127344e-14
4.557960736e-14
4.058995775e-14
4.955742357e-14
4.411556466e-14
4.191505489e-14
4.259902516e-14
4.400809612e-14
4.535448322e-14
4.187807865e-14
4.952880316e-14
4.369022443e-14
4.713517833e-14
4.750755946e-14
4.64594001e-14
4.482156739e-14
4.320360101e-14
4.848774723e-14
4.325016619e-14
4.343297524e-14
4.086249698e-14
4.711724554e-14
4.905630668e-14
4.82514738e-14
4.441785042e-14
4.807251745e-14
4.63894938e-14
4.228275641e-14
4.455922423e-14
4.594102943e-14
4.73268397e-14
4.27950049e-14
4.118907136e-14
4.947267924e-14
4.808046632e-14
5.212080346e-14
4.700384962e-14
4.341362178e-14
4.888374716e-14
4.636945502e-14
4.599668236e-14
4.343234976e-14
4.377803994e-14
4.392061044e-14
4.69946439e-14
4.806348135e-14
4.49839583e-14
4.265606015e-14
4.73537828e-14
4.401195758e-14
4.681080393e-14
4.579784981e-14
5.927415029e-14
4.505985436e-14
4.627883337e-14
4.554981429e-14
5.052072517e-14
4.157185048e-14
4.921449641e-14
4.216229728e-14
5.149800288e-14
4.726108997e-14
4.338819989e-14
4.549100873e-14
4.351220623e-14
4.40269486e-14
4.309294147e-14
4.349004907e-14
4.710012379e-14
4.466845311e-14
4.660754177e-14
4.88377784e-14
5.248397365e-14
4.993953858e-14
4.429754545e-14
4.720662179e-14
4.366920102e-14
4.690920674e-14
4.484738901e-14
4.395026321e-14
4.716852097e-14
4.908715719e-14
4.687017951e-14
4.370685765e-14
4.662340752e-14
4.537838281e-14
4.90596544e-14
5.470583069e-14
4.945849641e-14
4.845240378e-14
4.333829549e-14
4.462574781e-14
4.444076837e-14
4.926563461e-14
4.686393893e-14
5.163571828e-14
4.933355732e-14
4.827260843e-14
4.730987295e-14
4.55116993e-14
4.551161175e-14
4.446737416e-14
4.825725508e-14
4.520056199e-14
4.497035006e-14
4.391687172e-14
5.068314185e-14
4.945750619e-14
5.648346839e-14
4.739046052e-14
4.732898572e-14
5.33827285e-14
4.662952136e-14
4.333286635e-14
4.517058281e-14
4.691139265e-14
4.987150071e-14
4.837763548e-14
4.970182635e-14
4.423342216e-14
4.688281286e-14
4.73562426e-14
4.887066058e-14
4.740019058e-14
4.62481215e-14
4.723293479e-14
4.967283312e-14
5.426577525e-14
4.951555622e-14
4.883280946e-14
5.109133769e-14
4.489118323e-14
4.927034519e-14
5.372584477e-14
5.233873332e-14
5.088246428e-14
5.350025612e-14
4.941180013e-14
4.638515791e-14
4.819200366e-14
5.29501811e-14
4.750235122e-14
4.727575107e-14
4.887211213e-14
5.227700099e-14
5.013379846e-14
4.955913052e-14
4.944165192e-14
4.710659748e-14
4.734863282e-14
4.457560882e-14
4.98067213e-14
4.743997646e-14
4.877960379e-14
5.596503425e-14
4.997149839e-14
5.446143765e-14
5.362729745e-14
4.936847227e-14
4.953021982e-14
4.720013919e-14
5.003232535e-14
4.962612677e-14
6.150546116e-14
5.251678952e-14
5.814105942e-14
5.170896784e-14
4.735735969e-14
5.495945623e-14
6.464376609e-14
5.089454161e-14
5.247508664e-14
5.985198939e-14
4.904903602e-14
5.046000874e-14
4.869172051e-14
4.767841304e-14
5.045695207e-14
5.042067542e-14
5.08768167e-14
5.514754326e-14
5.022608339e-14
4.904041113e-14
4.925002457e-14
5.372706481e-14
5.174230326e-14
6.168375671e-14
5.090384308e-14
5.936066071e-14
4.989427723e-14
4.954024933e-14
5.558857615e-14
5.036760809e-14
5.910672673e-14
5.025305244e-14
5.151375085e-14
5.246606633e-14
5.105943523e-14
4.931261896e-14
5.389966642e-14
5.603122515e-14
5.037301775e-14
5.420645931e-14
5.393556746e-14
5.057143041e-14
5.427653249e-14
5.369598369e-14
4.970254449e-14
5.057563617e-14
4.878607487e-14
5.515680115e-14
5.603068381e-14
5.404860898e-14
5.743285139e-14
5.981253116e-14
5.444902557e-14
5.768014381e-14
5.382449274e-14
5.265070641e-14
5.506212931e-14
6.060676423e-14
5.369651261e-14
5.367206905e-14
5.176961549e-14
5.723199367e-14
5.502640363e-14
5.537192644e-14
5.00824703e-14
5.208358335e-14
5.377847889e-14
5.665615896e-14
5.306671961e-14
5.829712314e-14
5.926858357e-14
5.706466394e-14
6.303590878e-14
5.75239915e-14
5.994202019e-14
5.717414732e-14
5.35744269e-14
6.173762773e-14
5.407891925e-14
5.655906106e-14
6.560050961e-14
5.639854496e-14
5.546467115e-14
5.529070161e-14
5.230182355e-14
5.628622259e-14
5.996979185e-14
5.421516763e-14
5.648916652e-14
6.017445314e-14
6.279117099e-14
5.697343687e-14
5.970178155e-14
6.203083449e-14
5.747264639e-14
5.588684153e-14
5.90627459e-14
6.158552894e-14
5.720917491e-14
5.663586949e-14
5.695920689e-14
5.551709405e-14
5.475328339e-14
6.149904732e-14
5.795183806e-14
5.697519892e-14
5.43365749e-14
5.662218011e-14
5.57998335e-14
5.829458885e-14
5.90409432e-14
6.106260744e-14
5.890505689e-14
5.796095405e-14
6.090033134e-14
7.068502149e-14
5.881488409e-14
6.061134744e-14
6.484814202e-14
5.691290877e-14
5.835432475e-14
5.863804255e-14
6.094421506e-14
5.934705592e-14
5.702695351e-14
6.344764896e-14
6.305835208e-14
6.582173105e-14
5.925132591e-14
5.870003719e-14
6.006449476e-14
5.921873272e-14
6.067732511e-14
6.10059691e-14
6.140386525e-14
5.874179319e-14
6.13334111e-14
5.641953971e-14
5.788337169e-14
5.855535682e-14
5.954506483e-14
5.961363993e-14
6.130450208e-14
6.093848845e-14
7.301435841e-14
6.076870436e-14
6.168673065e-14
6.499010171e-14
6.411763139e-14
6.015717451e-14
6.41241906e-14
7.020457494e-14
5.940630822e-14
6.128446446e-14
5.924542706e-14
6.254268321e-14
6.68255239e-14
6.470694157e-14
6.075480146e-14
6.742230661e-14
7.125582557e-14
6.119903401e-14
6.359093885e-14
6.172124591e-14
6.275431164e-14
6.163982915e-14
6.479704395e-14
6.347798365e-14
6.417216138e-14
6.335448997e-14
6.512840659e-14
6.319154363e-14
6.556884146e-14
6.549616725e-14
6.413054244e-14
6.714392309e-14
6.535344331e-14
6.795807656e-14
6.367733465e-14
6.976122679e-14
6.375096535e-14
6.703031861e-14
6.731606864e-14
6.688185592e-14
6.322060325e-14
6.543239241e-14
6.530828169e-14
6.478497638e-14
6.609945453e-14
6.866335406e-14
6.575311371e-14
6.681188646e-14
7.007634589e-14
6.382982069e-14
6.394352986e-14
6.788225946e-14
6.357019989e-14
6.37888027e-14
6.647174677e-14
6.559436111e-14
6.882221067e-14
6.398019204e-14
6.656628918e-14
6.980642416e-14
6.741641328e-14
6.755767847e-14
6.649014829e-14
6.565212051e-14
6.723682161e-14
6.756680473e-14
7.486301757e-14
7.195833699e-14
6.873271674e-14
7.353199492e-14
7.233191765e-14
6.886491684e-14
6.98655103e-14
6.849017197e-14
7.242398617e-14
6.991458477e-14
7.064084782e-14
6.997739612e-14
7.488753137e-14
7.380374178e-14
7.580399726e-14
7.286041529e-14
6.978058919e-14
6.606431777e-14
6.773668993e-14
7.375066121e-14
7.078177719e-14
7.156322713e-14
7.522204185e-14
8.192571703e-14
6.920772365e-14
7.762102163e-14
7.356917716e-14
7.192770465e-14
7.407722595e-14
7.254231678e-14
7.433986512e-14
7.488246278e-14
7.28678744e-14
7.455558752e-14
7.197051459e-14
7.408279343e-14
7.496608331e-14
7.41837077e-14
7.440541054e-14
7.482837225e-14
7.435831183e-14
7.93010005e-14
7.475894491e-14
7.541194247e-14
7.650151311e-14
8.179574162e-14
9.313440893e-14
7.566340731e-14
7.943090938e-14
7.598298886e-14
7.552035372e-14
7.782127688e-14
7.923493161e-14
7.787980481e-14
7.723850896e-14
7.806674358e-14
8.028722124e-14
7.869482691e-14
7.935779504e-14
7.720153916e-14
7.762066612e-14
7.743464715e-14
7.723785628e-14
8.61782371e-14
8.588310279e-14
8.288568586e-14
8.150991884e-14
8.05957698e-14
9.56114498e-14
8.158803588e-14
8.165556011e-14
8.512613754e-14
8.175249777e-14
8.071195679e-14
8.057452606e-14
8.290752286e-14
8.472138347e-14
8.426595066e-14
8.578212369e-14
8.603374938e-14
9.342180965e-14
8.363364007e-14
8.71698898e-14
8.314443855e-14
8.892528474e-14
8.658796717e-14
8.24034977e-14
8.558401531e-14
8.481702773e-14
9.173452867e-14
8.647465598e-14
8.454686325e-14
8.737185687e-14
8.470237363e-14
9.511621327e-14
9.064904685e-14
8.469519668e-14
9.097673171e-14
8.358302298e-14
8.712602906e-14
8.5632581e-14
9.293173283e-14
8.652201111e-14
8.634830064e-14
9.363575297e-14
8.434581892e-14
8.724547069e-14
9.59165908e-14
9.166344638e-14
9.908527012e-14
8.967849119e-14
9.221149853e-14
9.071823719e-14
9.178985131e-14
9.478222539e-14
9.224382768e-14
8.888974149e-14
8.947875647e-14
9.318502052e-14
9.792170681e-14
9.233180877e-14
9.938290685e-14
9.618352393e-14
9.240865388e-14
9.588261701e-14
9.593499904e-14
9.634001778e-14
9.186010909e-14
9.357111848e-14
9.276550221e-14
9.731869921e-14
9.815024528e-14
9.562903881e-14
1.066604337e-13
9.731711056e-14
9.585554184e-14
9.855615981e-14
9.708681618e-14
1.04520473e-13
1.014717186e-13
9.834183712e-14
1.016824895e-13
1.053249898e-13
1.052219769e-13
1.049360921e-13
1.000224421e-13
1.022967758e-13
1.02674392e-13
1.087595454e-13
1.010934834e-13
1.050825869e-13
1.075714678e-13
1.0290331e-13
1.033724002e-13
1.037808365e-13
1.05379339e-13
1.112415427e-13
1.176622912e-13
1.099430887e-13
1.069559851e-13
1.165666751e-13
1.132688775e-13
1.086002069e-13
1.111763433e-13
1.147210307e-13
1.160485982e-13
1.080336142e-13
1.143070994e-13
1.091913076e-13
1.093010886e-13
1.118476269e-13
1.128197144e-13
1.158848499e-13
1.183937537e-13
1.139043935e-13
1.141706185e-13
1.166689328e-13
1.191262098e-13
1.176597577e-13
1.196344059e-13
1.197161006e-13
1.187194489e-13
1.252583452e-13
1.201158001e-13
1.265289135e-13
1.225727843e-13
1.250563245e-13
1.261511151e-13
1.228724468e-13
1.220413999e-13
1.310182948e-13
1.324065067e-13
1.290564199e-13
1.308265256e-13
1.29005952e-13
1.331523354e-13
1.281933851e-13
1.312603733e-13
1.373815308e-13
1.359741337e-13
1.341336818e-13
1.350005969e-13
1.374702657e-13
1.388940996e-13
1.40879609e-13
1.428802756e-13
1.378612521e-13
1.481353413e-13
1.408761978e-13
1.46450561e-13
1.418246232e-13
1.474687971e-13
1.422407915e-13
1.473895405e-13
1.440341339e-13
1.470739119e-13
1.50676622e-13
1.503894606e-13
1.490401591e-13
1.530470275e-13
1.481573452e-13
1.481842124e-13
1.529845326e-13
1.527814892e-13
1.56779686e-13
1.570152787e-13
1.547998978e-13
1.618467003e-13
1.582724698e-13
1.584682205e-13
1.61398586e-13
1.617323406e-13
1.659224479e-13
1.666704077e-13
1.724723125e-13
1.630710763e-13
1.63207354e-13
1.66191133e-13
1.633207958e-13
1.665174754e-13
1.636917329e-13
1.750000916e-13
1.73086211e-13
1.763878517e-13
1.764505823e-13
1.780300581e-13
1.803846634e-13
1.824447924e-13
1.786168371e-13
1.886711927e-13
1.812589737e-13
1.86189342e-13
1.904137451e-13
1.949623546e-13
1.883487237e-13
1.936064639e-13
1.924971621e-13
1.908433204e-13
2.030356987e-13
1.932113782e-13
1.911263582e-13
1.986474854e-13
2.029101374e-13
2.006082145e-13
2.013714191e-13
2.088736606e-13
2.067646762e-13
2.143907929e-13
2.128048632e-13
2.134759685e-13
2.168201331e-13
2.209639394e-13
2.229998615e-13
2.170614318e-13
2.266826729e-13
2.268636897e-13
2.258490652e-13
2.357653255e-13
2.376091742e-13
2.377864614e-13
2.388791947e-13
2.456001991e-13
2.402577218e-13
2.445946824e-13
2.423754584e-13
2.491575993e-13
2.51588855e-13
2.517308174e-13
2.572370885e-13
2.594073027e-13
2.59963116e-13
2.625547544e-13
2.678894993e-13
2.685297854e-13
2.768976565e-13
2.798763763e-13
2.858171276e-13
2.869072183e-13
2.819261879e-13
2.885795352e-13
2.900716577e-13
3.020634798e-13
2.940923899e-13
2.962787756e-13
2.984771413e-13
3.116912405e-13
3.109896326e-13
3.129653678e-13
3.111821321e-13
3.201914475e-13
3.259076991e-13
3.258399083e-13
3.213167378e-13
3.285350298e-13
3.40244003e-13
3.331471009e-13
3.433741153e-13
3.409007502e-13
3.456447196e-13
3.464378787e-13
3.498811126e-13
3.53837458e-13
3.590523757e-13
3.601588188e-13
3.583351575e-13
3.603518236e-13
3.661251405e-13
3.626519662e-13
3.710566795e-13
3.752089089e-13
3.675175968e-13
3.705620969e-13
3.763421959e-13
3.813730397e-13
3.809394627e-13
3.743857766e-13
3.809059637e-13
3.765196582e-13
3.705574867e-13
3.745674018e-13
3.703399905e-13
3.715974588e-13
3.731588122e-13
3.706437615e-13
3.716111239e-13
3.669304536e-13
3.644874538e-13
3.727525018e-13
3.625672949e-13
3.575895092e-13
3.609687454e-13
3.50641489e-13
3.510857144e-13
3.498440153e-13
3.413475855e-13
3.376463488e-13
3.311151686e-13
3.261443963e-13
3.25671739e-13
3.125746016e-13
3.049473903e-13
3.007312472e-13
2.94609491e-13
2.889915785e-13
2.778016353e-13
2.762176179e-13
2.666343268e-13
2.580499868e-13
2.512941019e-13
2.397992561e-13
2.378735175e-13
2.29939457e-13
2.172103823e-13
2.116800718e-13
1.99156739e-13
1.930350077e-13
1.855096263e-13
1.759973038e-13
1.668904386e-13
1.632020781e-13
1.566588534e-13
1.44879691e-13
1.394245786e-13
1.310981903e-13
1.232929148e-13
1.137558617e-13
1.095177425e-13
1.015901028e-13
9.484259716e-14
8.961018359e-14
8.389907471e-14
7.563843827e-14
7.627285027e-14
6.737400464e-14
6.161250674e-14
5.75796717e-14
5.071856441e-14
4.882364653e-14
4.351300158e-14
4.170533936e-14
3.912293664e-14
3.39009822e-14
3.227734719e-14
2.812778086e-14
2.599381513e-14
2.248361851e-14
2.099955636e-14
1.907481008e-14
1.620864523e-14
1.52063629e-14
1.519875546e-14
1.671711463e-14
1.142615802e-14
1.077209596e-14
8.09421289e-15
7.170074505e-15
6.982752677e-15
5.383252282e-15
4.792800302e-15
4.659523346e-15
4.625861575e-15
3.260845676e-15
3.513739484e-15
2.713904242e-15
2.526146619e-15
1.756321517e-15
1.942662896e-15
1.90686438e-15
1.815460108e-15
1.391200433e-15
1.954547846e-15
1.246795315e-15
9.126989512e-16
7.577303032e-16
5.84806764e-16
7.649325369e-16
5.406955812e-16
6.067812436e-16
3.973428391e-16
4.778910367e-16
5.211743901e-16
2.722458682e-16
8.842298267e-16
2.240726637e-16
1.170662636e-16
2.185163948e-16
1.277754097e-16
9.167116665e-17
1.437820973e-16
1.375775524e-16
1.793688905e-16
1.863900443e-16
1.581550041e-16
2.82892741e-16
1.663382502e-16
1.222960065e-16
9.541972337e-17
5.343806685e-16
6.777912151e-16
7.976547053e-17
2.344773489e-16
1.047290151e-16
1.534730449e-16
1.296482254e-16
6.840973305e-16
1.94502852e-16
2.397136341e-16
2.563815534e-17
1.596041579e-16
2.716818797e-16
1.444591423e-16
1.390102346e-16
2.930233193e-17
2.046230105e-16
3.072563191e-16
1.316926682e-16
1.120576523e-16
4.845160462e-16
1.845739803e-16
2.595276188e-16
3.564520889e-16
1.457529468e-16
1.896378135e-16
5.294318311e-17
3.171400016e-17
1.228579688e-16
1.301568107e-16
2.306177559e-16
2.511032804e-16
3.977991782e-16
1.451009316e-16
3.232760554e-16
2.275249942e-16
2.141559207e-16
2.058642231e-16
3.26573357e-16
2.862092208e-16
2.334732499e-16
1.044081525e-15
9.738606098e-17
1.958466442e-16
2.237415893e-16
7.766513745e-17
4.751759046e-17
2.536754054e-16
4.966963692e-17
9.327548399e-17
4.097336355e-16
5.29096455e-17
7.697345779e-17
1.658565721e-16
5.908728963e-17
4.827072612e-17
1.864860604e-16
1.687669892e-16
1.732605215e-16
4.137133601e-16
3.201005736e-16
1.964045126e-16
1.962316944e-16
4.460263339e-16
1.765540551e-16
1.854835886e-16
2.520606957e-16
1.339913176e-16
1.597556978e-17
1.554685861e-16
1.093772491e-16
1.069819252e-16
1.659619516e-16
1.249404721e-16
7.18324601e-17
1.155737064e-16
9.146283753e-17
2.532358994e-16
2.402213086e-16
1.568419817e-16
3.092599674e-16
2.493214452e-16
1.707077714e-16
3.369440051e-16
2.899949889e-16
1.101697365e-16
2.286507936e-16
4.830449661e-17
8.656666611e-17
1.086821645e-16
8.930541368e-17
2.996496244e-16
6.723469838e-17
1.100251079e-16
1.235339594e-16
3.235493967e-16
1.770220709e-16
9.729486738e-17
1.14405627e-16
5.711946489e-17
9.472446263e-17
1.251680907e-16
1.097000141e-16
3.568471487e-18
1.253015711e-16
1.227283741e-16
1.250709382e-16
1.377171786e-16
7.96561165e-16
5.67664911e-17
6.967901637e-17
1.327436685e-16
1.120656538e-16
2.308638933e-16
8.73082725e-17
1.788647493e-16
6.300318293e-17
1.159848714e-16
6.356778848e-17
2.259006211e-17
1.45495775e-16
7.594372685e-17
3.071900692e-16
9.439568211e-17
8.30693518e-17
1.29650616e-16
2.463637523e-17
6.660967982e-17
4.394080713e-17
5.787308485e-17
2.256268464e-17
3.84514989e-17
1.044706757e-16
4.033309569e-18
4.81703405e-16
8.546536606e-17
2.210523663e-16
1.171767922e-16
5.765212051e-17
2.136098285e-16
1.704970978e-16
1.385018745e-16
7.333250506e-17
5.649163992e-17
8.668067016e-17
7.953946055e-17
1.879211795e-16
1.055174304e-16
1.249734083e-16
1.582540524e-16
1.763157683e-16
1.856339938e-16
1.878181833e-16
6.49904007e-17
8.651618571e-17
2.652933124e-16
4.002298471e-16
2.337303817e-16
1.388709242e-16
6.999676915e-17
1.957085103e-16
2.985209991e-17
2.775459068e-16
2.490631587e-16
9.448390627e-17
5.685557148e-17
1.410338964e-16
3.539035932e-17
1.539062315e-16
2.632952037e-16
6.919893201e-17
1.276103825e-16
5.958764305e-17
1.863794353e-17
1.324553234e-16
9.870158904e-17
1.658245722e-17
8.166503967e-17
1.1661185e-16
1.29516173e-16
1.926247361e-16
1.17280587e-16
2.214728505e-16
4.411218711e-16
4.0749245e-16
9.658188326e-17
3.124372945e-16
3.457084925e-16
1.120866613e-16
1.164555418e-16
2.699279185e-17
9.032821392e-17
7.039919378e-17
8.826003876e-17
4.450920016e-17
3.118507456e-17
4.98811503e-17
3.499832333e-17
1.408838075e-16
6.977656875e-17
7.01933096e-17
4.991602646e-17
3.286511665e-17
9.648338419e-17
1.103976628e-16
3.714888198e-17
2.505529787e-17
4.648094959e-17
4.746879664e-16
1.114163109e-16
8.928069974e-17
7.024718778e-17
5.506269495e-17
9.330228574e-17
7.032074115e-17
7.290727986e-17
1.702706507e-16
4.681465926e-17
2.259690511e-16
2.11515592e-17
2.002422146e-17
3.960694295e-17
8.320238525e-18
1.616795891e-16
1.172470482e-16
9.508973459e-17
1.679681899e-16
5.906370781e-17
1.57105467e-16
6.861575417e-17
1.000003834e-16
1.924206629e-16
8.331908775e-17
3.15564125e-16
2.027574283e-16
4.792209558e-16
5.561110947e-17
1.726237251e-16
1.481113943e-16
6.023455602e-17
1.625461538e-17
3.724929039e-17
4.665175119e-17
1.519780963e-16
8.929145033e-16
1.227284973e-16
4.894408819e-17
1.436868053e-16
2.930180072e-16
1.949116638e-17
7.313761603e-17
3.23904691e-17
2.619380614e-16
8.86255335e-17
1.275544577e-16
1.603170409e-16
2.661593402e-17
1.200358604e-16
8.922415582e-17
1.077403957e-16
2.028871374e-16
1.668781788e-17
1.401578071e-16
1.532037631e-16
6.040008424e-17
2.906775026e-16
1.55725535e-16
1.21715317e-16
3.321838649e-16
1.413082298e-16
1.421656502e-16
5.522686087e-17
7.325132627e-17
9.89274723e-18
3.914945015e-18
8.732122341e-17
7.679513955e-17
7.509665499e-17
1.077807758e-16
1.389068185e-16
9.430397659e-17
3.293373174e-17
3.186938953e-16
1.355477992e-16
9.544051762e-17
1.861884149e-16
6.918700445e-17
2.659108998e-16
1.652088892e-16
4.730249178e-17
3.754034763e-17
1.856066461e-17
3.436661163e-17
2.791722708e-16
6.362158208e-17
1.333883981e-16
3.355389984e-17
7.416418168e-17
7.098087376e-17
3.92413907e-17
1.408477098e-16
1.425653829e-16
8.983566492e-17
1.734190724e-16
1.776567539e-16
8.543209853e-17
7.728613918e-17
4.073443265e-16
9.062939819e-17
2.930747036e-17
4.080611281e-17
4.814525545e-17
3.494106386e-17
1.012594395e-16
9.001948897e-17
1.525885149e-16
6.952785994e-17
8.377019308e-17
1.541506863e-16
1.074451114e-16
6.882539969e-17
1.282102089e-16
9.846618891e-17
1.055849464e-16
1.545993224e-16
2.867857118e-17
3.23828881e-18
2.191620082e-18
6.750265753e-17
3.271556503e-17
3.297232664e-17
5.105719303e-17
3.49663475e-17
2.896536333e-16
1.151452876e-16
1.479775317e-17
9.220947955e-17
1.58138792e-16
2.864900745e-17
2.492205122e-18
6.033233075e-17
4.414994932e-17
1.649240563e-16
9.311780925e-17
1.313321433e-16
7.428265598e-17
1.127186746e-16
2.097953014e-16
2.161963468e-16
1.950016088e-16
9.545305677e-16
2.873177147e-17
9.981759156e-17
1.566412363e-17
8.723270894e-17
1.040544561e-16
1.401640771e-16
3.982663432e-17
6.708258151e-17
1.149002606e-16
3.817988001e-17
1.773094759e-16
1.926355108e-16
1.513072146e-16
1.138682917e-16
1.674936985e-16
1.280772969e-16
2.339246154e-16
1.084030022e-16
7.135868566e-17
1.767809014e-16
1.121408269e-16
2.091578372e-17
6.60396105e-17
1.860788768e-16
9.443050751e-17
4.992333509e-17
7.390586419e-17
6.471570825e-17
6.026126125e-16
3.390688669e-17
2.545517197e-17
2.336989747e-16
3.816526632e-16
6.304860729e-17
8.445499156e-17
3.423203421e-17
3.146391801e-17
9.933181804e-17
4.001639094e-17
9.875545722e-17
6.443100698e-17
7.734963977e-17
1.225439236e-17
2.884181025e-17
6.150277872e-17
1.051729355e-16
2.046332037e-17
4.482507364e-17
5.474559288e-17
2.646462445e-16
1.280395692e-16
1.063457678e-16
7.175741902e-16
9.114834401e-17
8.374221211e-17
9.515615304e-17
6.555545631e-17
4.915912629e-17
1.188742924e-16
8.208233763e-17
5.887550903e-17
1.075999055e-16
3.528311793e-17
5.705947577e-17
5.268242417e-17
2.993781888e-17
1.101740265e-16
7.981505836e-17
7.10681363e-17
1.586035324e-16
6.573624093e-17
5.104124772e-17
2.119821747e-16
1.231360998e-16
1.0665419e-15
1.997342747e-16
2.274463974e-16
5.065314012e-17
1.619520035e-16
1.354316366e-16
6.565468589e-17
6.992191443e-17
7.629528835e-17
6.880188275e-17
1.63166594e-16
1.29597047e-16
4.853972767e-17
9.819109959e-17
1.012489336e-16
1.931094592e-16
1.272333231e-16
4.684734936e-17
2.022873569e-16
5.823500604e-17
8.538632722e-17
1.799472243e-16
4.476576754e-16
1.278359178e-16
8.729166349e-17
9.636802633e-17
3.254146396e-15
7.80041833e-17
1.021479741e-15
3.571458938e-17
1.814875837e-16
1.162522334e-16
2.312342693e-16
1.250682949e-16
1.31804789e-16
1.487814387e-16
4.336264597e-17
7.000756274e-17
1.73332022e-16
9.338886409e-17
6.351699438e-17
5.589360974e-16
3.266877659e-17
3.63606804e-17
1.243471144e-17
5.115798101e-16
2.526711277e-17
3.188979226e-17
4.509149764e-17
1.084882389e-17
4.542489724e-17
2.520799617e-17
1.067887432e-16
3.540777974e-17
1.357506531e-16
7.923653806e-17
3.582053879e-17
7.210927318e-17
4.605611943e-17
1.95206427e-17
1.746955907e-17
1.192700599e-17
8.191849098e-17
9.084035029e-17
1.055959519e-16
3.472094791e-17
5.651616062e-17
8.870593329e-17
1.228774754e-16
1.451375235e-16
8.201363713e-17
7.171796506e-17
6.12773474e-17
1.05616158e-16
8.324111659e-17
2.898899967e-17
7.32280353e-17
3.109052542e-17
1.085104669e-16
5.279521662e-17
1.614291604e-16
7.701488507e-17
4.57657685e-18
2.36824692e-17
8.310452521e-16
5.034188625e-17
4.617505482e-17
4.573084712e-17
6.038473137e-17
3.1480008e-17
5.513850316e-17
8.344840301e-17
1.332724157e-17
1.116611429e-16
1.070928371e-16
3.136992425e-17
2.685203841e-16
1.267647202e-16
3.101724375e-17
1.088132574e-16
9.629450178e-17
2.919028619e-17
8.685271603e-17
5.399873887e-18
2.095631578e-17
4.406433386e-17
3.623771122e-16
7.626363742e-17
1.56734203e-16
8.245329856e-17
3.707748204e-17
4.089984259e-17
1.498702383e-16
4.966394922e-17
1.404026424e-16
5.494623018e-17
8.905683055e-17
1.899476983e-16
9.335694249e-17
1.893894926e-16
4.549778712e-17
6.836695152e-17
2.216380816e-16
5.587102382e-17
1.75352327e-17
1.485957231e-18
5.084195513e-17
6.74631649e-17
1.684859722e-16
1.611680633e-18
1.959353389e-16
6.437431914e-17
2.332608869e-17
4.645144576e-17
2.880719677e-16
2.34513046e-17
1.794406579e-19
8.571122535e-17
2.487161069e-17
9.131576959e-18
6.097385053e-17
4.70847994e-17
3.327152829e-17
5.39229719e-17
1.229636716e-17
1.166048455e-16
8.342927925e-19
1.391050266e-17
2.06135122e-17
6.632468994e-17
8.947838505e-18
1.733618344e-18
1.809791198e-18
1.096542721e-17
3.538486609e-17
6.751636208e-17
1.121314483e-17
3.2308741e-17
1.270162568e-17
1.356674066e-17
5.817250112e-17
9.679944856e-17
3.315877457e-17
1.711103872e-18
3.998820056e-17
6.58234746e-17
7.244721669e-19
2.384909655e-16
4.372127168e-17
3.696135458e-16
2.222410135e-16
8.757467968e-17
2.798948542e-16
5.335805923e-17
1.250014963e-16
4.426115916e-16
1.803872171e-16
2.104752454e-16
1.840188876e-16
2.963431681e-15
2.58713685e-17
3.45060246e-17
3.360459649e-17
3.410228138e-17
9.240160355e-17
4.167249434e-17
1.097680149e-16
1.403194822e-16
2.926312255e-17
6.211618456e-16
9.233527639e-19
2.318263915e-18
2.404980833e-17
1.00398044e-16
6.212972311e-16
2.07663788e-16
3.496336272e-17
5.901569801e-17
1.261060635e-17
1.003809329e-16
1.17575384e-16
1.459987215e-17
6.837223243e-17
3.250490542e-17
1.814319002e-17
8.015952821e-17
1.094869507e-16
7.415738785e-17
1.254406635e-16
1.021177109e-16
4.749828106e-16
1.59859018e-15
1.446006e-17
6.174728257e-17
9.92571035e-17
5.318925647e-17
4.765369098e-17
2.369632246e-17
1.088420936e-16
1.872576926e-17
6.656854317e-17
8.529271484e-17
3.202658323e-17
1.551942882e-16
3.508544597e-17
1.288818808e-16
7.347439412e-17
9.43497186e-17
2.256094022e-17
6.67873212e-17
4.667481636e-17
1.2499418e-16
5.055770394e-17
2.632588275e-17
8.134222907e-17
1.008245665e-16
2.655986145e-16
1.182769835e-16
1.315762846e-16
6.841853808e-17
4.147082496e-17
8.162984232e-18
1.373280475e-18
9.909111256e-18
7.955068386e-17
1.716998211e-17
1.070739837e-18
1.028353888e-17
4.623864813e-17
3.983750995e-17
1.423487413e-17
2.556534869e-17
2.291784545e-17
1.740833389e-17
1.788826028e-17
8.011889462e-16
6.422481109e-17
2.993577797e-17
4.854017294e-17
2.672947743e-16
1.798833226e-17
5.661119656e-17
6.743826864e-17
3.339965299e-16
3.933306482e-17
4.263234999e-17
9.554093747e-17
4.403303116e-17
2.866200443e-17
3.001720782e-18
7.166501645e-17
4.834571594e-17
5.903387268e-17
3.340644922e-17
2.991158807e-17
1.109325477e-18
9.234181148e-19
2.270200769e-17
1.562918338e-16
6.473273598e-17
7.826224636e-17
2.913643191e-17
7.127679361e-17
2.146980749e-17
3.914372745e-17
3.802397215e-17
7.396446522e-17
5.177367393e-17
6.478711254e-17
1.841887289e-16
7.32884457e-18
6.668253465e-17
8.124423368e-17
1.439577994e-16
1.56712648e-16
1.080011553e-16
4.629579845e-17
1.135435939e-16
5.739589435e-17
7.342078379e-17
7.33675131e-17
7.267458081e-17
6.842193713e-17
1.018183387e-16
1.98744869e-16
2.40772473e-16
6.515806773e-17
7.194186886e-17
1.45509733e-16
2.304160618e-16
1.557846972e-16
9.380678748e-17
7.754766651e-17
1.297563592e-16
9.999016664e-17
4.081411687e-17
7.946730074e-17
8.262296089e-17
1.193104251e-16
4.401828863e-17
1.739038234e-17
1.502899291e-17
7.172709144e-17
1.287920764e-17
5.764521055e-17
3.951901954e-16
7.622032934e-17
1.503007623e-17
7.455657239e-17
2.678356822e-17
8.339269107e-18
1.360882087e-17
8.79075442e-17
1.730283831e-16
3.160609763e-17
2.598313204e-17
4.747290839e-17
4.978676451e-17
2.778720188e-18
5.157767139e-17
4.719481502e-17
6.059578072e-19
2.228375272e-18
1.326249954e-18
2.003318525e-17
8.440324812e-19
8.359347594e-17
1.893283394e-16
7.499091324e-19
2.8991605e-17
1.224264172e-17
2.750690311e-17
2.400427671e-17
3.234531699e-17
6.510751445e-17
1.032830676e-15
1.17514011e-17
8.640256231e-17
3.213203399e-19
5.144461414e-17
9.264009648e-17
3.416536792e-17
1.325874851e-17
1.009349494e-16
2.565190056e-16
6.150859804e-17
6.445436913e-19
3.828225602e-17
1.444320357e-17
3.826992351e-17
6.721660308e-17
4.172820169e-17
4.176431333e-19
8.741578997e-16
1.33736523e-18
1.755201276e-17
2.684626678e-17
4.147969664e-17
1.384588189e-16
2.907777492e-16
1.972972469e-15
7.496375404e-17
7.885267298e-17
6.205106871e-17
1.579969311e-17
5.594685415e-17
8.030771874e-17
7.957831225e-17
1.206603838e-16
1.422803923e-16
1.915936693e-18
1.040282703e-15
1.175867815e-16
4.410797241e-17
3.889036631e-16
1.186416745e-16
7.23524086e-16
2.94785514e-17
2.738552086e-17
1.2399917e-16
6.271183401e-17
1.005707413e-16
1.370350258e-18
5.874796841e-19
5.596057297e-17
5.765514757e-17
5.569452838e-17
8.949594803e-17
3.535567778e-17
8.577539365e-17
4.681127108e-17
9.434944252e-17
1.462607654e-17
2.988259598e-17
1.372337835e-16
1.046293806e-16
6.501964453e-17
4.922087612e-17
4.768417778e-17
9.192361338e-17
1.429388602e-17
9.505628993e-19
5.849142647e-17
4.629442566e-17
1.350542479e-16
5.243250031e-17
5.918775012e-17
2.593933769e-17
1.028740849e-16
2.427276827e-17
8.293668815e-17
8.119335172e-17
2.125180461e-17
7.537720063e-17
9.402081913e-17
4.795532779e-16
6.793781375e-17
8.93381695e-17
4.448157981e-17
1.307779858e-17
1.482946976e-16
7.863689409e-17
2.018360184e-16
6.908056087e-17
5.847431718e-17
1.456888776e-17
1.511782732e-16
1.18619499e-16
6.717875575e-17
1.376795154e-18
2.301465778e-16
6.169542017e-17
3.424634619e-16
3.787430836e-17
8.23138623e-17
2.084330065e-17
4.367225062e-18
1.553657474e-17
1.476048608e-17
1.847587136e-17
1.34147792e-16
2.781156034e-17
6.209114742e-16
4.419875745e-17
1.220735902e-17
1.05129328e-16
8.660682904e-17
4.423555994e-19
2.371961657e-16
3.374203406e-17
9.435050385e-18
4.715624273e-19
7.774907011e-19
4.083548473e-17
7.80432248e-17
5.07617696e-17
7.839830844e-19
7.831962486e-18
1.472102089e-17
7.283080768e-17
3.956885594e-17
9.768679515e-17
5.896212398e-17
4.855110425e-17
2.85212486e-19
1.034544978e-16
2.000835265e-19
4.573796296e-17
3.959846494e-17
2.895400492e-18
6.905082983e-17
3.416060337e-18
2.372837914e-17
3.018854532e-17
6.011405596e-19
3.547939594e-17
3.430187404e-19
3.873693289e-17
2.47309661e-17
2.84672071e-17
1.577461522e-18
5.018574404e-17
8.308195036e-19
4.936868327e-17
2.362223915e-18
9.839386334e-17
4.904794807e-17
1.061838853e-18
2.345810631e-18
2.864960587e-17
3.45387979e-17
5.131216482e-17
7.95978172e-17
7.682482766e-19
8.20370321e-17
1.249458569e-17
3.099158984e-17
7.762959732e-17
1.162239863e-17
3.1040478e-17
3.604354965e-17
8.235685454e-19
1.651069758e-17
7.97481348e-17
1.564638932e-17
1.160032735e-17
1.164344825e-16
3.095882933e-17
7.837612591e-17
1.928147427e-17
1.004670912e-16
3.517531929e-17
8.148633172e-17
1.079929136e-16
1.482661514e-17
6.912443785e-17
1.382754753e-17
3.297535772e-17
8.546146881e-17
1.963463163e-17
1.215150935e-16
3.817253631e-17
2.478018262e-17
2.058449882e-18
7.583959076e-17
9.269977535e-16
1.205160627e-16
1.124592186e-16
5.683758059e-16
4.763881e-18
1.30229796e-18
6.923594159e-17
1.302182749e-17
3.165529634e-18
4.69575498e-17
5.039574549e-17
7.6108514e-17
1.809257089e-18
2.758127341e-18
2.878997332e-17
1.626067943e-17
1.742113291e-16
3.044025976e-17
2.644815802e-18
1.825837166e-17
1.524037807e-17
1.834679975e-17
9.381468838e-17
1.323099591e-16
8.288760981e-17
3.190247503e-17
1.486878638e-17
2.476912292e-17
7.652464213e-17
6.363845893e-19
1.241416069e-18
1.127076719e-17
1.09103177e-18
1.87799654e-18
1.579072067e-18
1.439900906e-16
6.408054689e-17
5.543544909e-17
2.636673557e-16
5.742342781e-19
1.238910535e-18
1.25086975e-17
1.128200931e-17
1.378088004e-17
1.652990303e-17
7.534671165e-17
4.51523708e-17
2.850704398e-17
7.381223181e-17
1.113948868e-18
9.142631998e-17
1.777366566e-17
5.262229746e-17
4.905869147e-17
1.017101008e-16
4.169729016e-17
9.496113456e-17
6.228608635e-17
2.571128349e-17
1.046983219e-16
9.734244093e-17
1.619439353e-17
2.947369878e-17
1.179190647e-16
9.790322756e-17
6.64447299e-17
5.296152175e-19
1.313100573e-17
2.89936422e-17
2.433253167e-17
1.354556872e-17
1.503677408e-16
5.097719836e-17
1.057124442e-17
9.929919169e-17
2.834109438e-17
6.138382167e-17
4.86337149e-17
1.323177344e-17
4.338525188e-17
2.143171095e-17
6.600911985e-17
1.557019624e-18
5.436176686e-17
1.193129766e-17
4.811409667e-17
2.381385001e-17
3.253165613e-17
1.156253159e-17
1.461022067e-16
8.685549898e-17
1.032778871e-16
1.200123931e-17
3.265929455e-17
1.667590573e-17
9.542286661e-19
1.203437569e-17
2.531653749e-17
5.527229171e-17
1.223368774e-17
5.780698503e-17
1.263950143e-17
5.726172762e-17
3.479071517e-17
9.351209918e-17
9.138457662e-19
1.621501797e-18
5.351514143e-19
5.465139811e-17
1.916319837e-18
9.518218515e-18
3.211641044e-19
1.185236572e-19
5.064440078e-17
1.73616381e-18
2.848357601e-18
2.255857048e-19
9.601047434e-18
6.985567554e-19
3.384411052e-19
5.809132962e-19
1.627311897e-18
4.650344856e-19
4.670540458e-19
1.729293957e-18
6.690300552e-19
6.13657296e-19
5.65336779e-19
1.855613354e-18
1.792848559e-19
9.380384937e-19
6.463737018e-16
4.067694698e-19
3.607527821e-18
2.604310537e-20
2.225240485e-19
3.260980175e-18
1.235183142e-17
1.916826743e-17
1.600611733e-16
1.010717492e-16
9.128046384e-19
2.744120879e-17
5.875098039e-17
3.476803228e-19
3.22289849e-17
1.946579119e-17
1.787446823e-17
1.095843054e-18
9.110079371e-18
1.473541136e-17
5.060557403e-17
1.749786061e-17
7.332338573e-17
9.182846916e-18
1.579920946e-17
3.753297071e-16
5.896902239e-18
4.445226676e-17
3.327947315e-16
2.118759152e-16
5.7602947e-19
2.015774999e-18
4.496096045e-18
3.132727285e-17
4.842794887e-19
1.794910523e-18
2.72714344e-17
2.161241993e-19
1.066647818e-16
1.093024793e-17
5.200471394e-19
2.734256837e-17
1.035008031e-18
1.202953244e-18
2.548447538e-17
6.05227994e-18
1.353496126e-18
1.739848348e-17
6.561618816e-19
2.401503203e-17
3.251327622e-17
2.395517744e-17
9.683623236e-18
2.442598814e-17
1.578634171e-18
2.137385916e-17
1.335801427e-18
3.3177253e-17
1.156892976e-17
1.388384176e-17
3.419493147e-17
1.136275341e-17
8.648020523e-17
5.020965103e-17
1.188031294e-17
5.729871092e-17
4.801913074e-17
4.453571241e-19
7.05798742e-17
1.110888036e-17
9.661202944e-17
1.102937484e-17
5.335412424e-17
3.943166289e-17
4.255200357e-19
2.518108157e-19
5.486308907e-16
2.243171327e-19
3.901630544e-17
1.052424586e-17
3.559693738e-18
3.153505652e-18
4.47101308e-19
4.800419698e-18
1.486902908e-19
1.429089013e-18
8.892918428e-19
4.718173174e-17
7.171574095e-19
3.578804103e-17
2.527542271e-19
6.789884591e-19
8.154297751e-19
3.067397066e-19
2.663130168e-19
4.602172586e-19
7.574397335e-19
4.37411971e-19
5.876931034e-17
2.146621071e-17
2.911122945e-17
3.486858393e-17
1.512464421e-18
6.474013743e-19
1.121032747e-16
9.11612455e-17
4.028711154e-17
6.384545368e-17
6.236222632e-17
2.310370963e-17
4.997142193e-19
5.482964597e-19
1.559024426e-17
6.193750452e-18
2.459870811e-17
2.50625448e-17
1.389912711e-17
2.749814417e-17
4.130780006e-19
5.076015976e-20
2.615265584e-17
6.183897356e-17
3.327554983e-17
9.196115731e-17
4.802917299e-17
1.159368401e-17
2.760060133e-17
2.247696472e-17
2.537857799e-19
4.881552469e-19
1.730057333e-17
3.543233245e-17
1.623342041e-17
4.297456923e-19
1.342436614e-17
1.175769284e-17
1.067813314e-17
8.083533469e-17
1.717839259e-17
9.636933936e-19
8.027936439e-19
8.037942952e-19
3.889177903e-17
6.756087265e-19
2.669931162e-19
4.08881848e-17
4.126132711e-19
2.572417234e-18
4.503981009e-17
4.536062513e-19
1.106262876e-17
4.388947729e-18
3.606557336e-17
8.91526256e-18
6.452591921e-19
2.071904685e-19
2.640904782e-19
7.000231291e-19
3.64415313e-17
4.333066898e-18
8.396169894e-17
1.842997466e-16
2.249051648e-17
2.242037825e-17
1.685149359e-17
1.65044401e-16
5.551961369e-17
1.373212718e-17
1.812397942e-16
2.644271005e-17
2.253602238e-17
1.342001503e-17
1.199060687e-16
6.319141265e-17
4.607896377e-17
1.049704707e-16
1.445086965e-17
2.496751345e-17
1.710394284e-18
4.777195752e-17
3.452005666e-19
4.431079963e-17
4.858590829e-17
3.95934733e-17
3.294730185e-17
9.241857124e-17
3.586257108e-17
1.357001219e-17
3.318355602e-17
4.999577732e-17
1.108986114e-17
2.576387586e-17
5.493717128e-17
1.954366876e-17
4.91452392e-19
1.290576396e-17
1.249977987e-17
6.725354671e-19
8.943355775e-16
4.989530319e-18
8.342012074e-17
2.661773355e-18
8.357131158e-18
1.116491535e-17
4.867460088e-17
9.59611778e-19
7.794008688e-19
1.266267908e-17
1.987116997e-19
2.324483291e-17
6.18589274e-18
8.193611452e-19
3.745067491e-17
7.720279796e-18
1.4595669e-19
1.771901982e-17
1.203823386e-16
1.356600101e-18
4.020411192e-17
5.586251581e-19
1.861717328e-17
9.484675781e-19
5.144856445e-19
8.482961405e-19
3.017958878e-17
4.252331673e-18
8.521209792e-19
3.68995324e-17
1.022155168e-17
1.18241493e-17
4.556542706e-18
4.704679154e-17
2.272300589e-17
4.053551402e-19
1.570102745e-17
1.400103064e-18
5.452016762e-20
5.673714437e-19
1.175520694e-17
1.338107349e-16
2.560484694e-17
5.861489448e-19
1.71626004e-17
6.398974032e-18
2.825753635e-17
2.247340353e-19
1.292249521e-16
2.421794222e-17
4.52524885e-18
6.17599071e-19
2.664258072e-19
1.327198591e-17
6.718741971e-18
2.760921682e-19
2.940343378e-17
3.8772005e-19
2.307744156e-17
6.579606312e-18
1.273243041e-18
3.204851068e-17
2.861783474e-19
1.539046109e-17
6.415556549e-19
5.20763711e-18
8.139549113e-17
2.284109438e-17
1.006769345e-18
2.854822426e-18
2.412662464e-17
1.442997148e-17
1.881425769e-17
3.037759177e-19
9.448434738e-19
2.395522457e-19
2.605656443e-17
2.085003851e-17
3.397843637e-17
1.204979296e-16
5.603659929e-17
4.985524885e-17
4.408676696e-17
7.272949717e-17
1.867308065e-19
6.340128951e-19
1.183084367e-17
1.298974869e-17
1.726144546e-17
2.686416566e-19
6.756175215e-19
7.453728449e-19
3.346998315e-17
2.984952294e-17
5.511192099e-19
4.719348756e-17
2.049713035e-19
2.328638682e-17
4.138290345e-17
1.892134517e-17
5.262072882e-17
1.280754971e-17
2.225137379e-18
6.64676846e-17
1.185979705e-17
3.88120273e-17
5.442752711e-17
6.855888127e-18
4.435448117e-19
3.558890102e-19
5.076176511e-19
3.209696418e-19
1.239507759e-18
4.119191405e-19
4.197707442e-17
2.041321416e-17
8.145281807e-19
1.833649987e-17
1.503259219e-18
1.785274424e-17
1.197608536e-16
7.223653413e-18
7.18980988e-17
1.455617413e-16
3.177650343e-17
4.629659702e-17
9.895153262e-17
6.298470721e-17
1.434739643e-16
1.153063293e-17
1.30147837e-17
4.541549685e-19
1.343449287e-17
3.906817692e-16
3.86278505e-17
1.237747096e-17
2.100904449e-17
1.890738884e-17
4.51723289e-17
2.578969631e-17
6.844708666e-18
2.439588844e-18
1.73979895e-18
1.315249134e-18
7.220349645e-19
5.659454877e-17
1.457569604e-16
1.076386456e-16
1.296765393e-16
8.382140379e-19
2.990114477e-19
1.113660249e-17
7.682337439e-19
8.519544149e-18
2.539401296e-17
4.398013657e-19
8.398054343e-17
4.290249601e-17
2.317026009e-17
1.310672733e-18
9.229918128e-18
1.769780992e-17
5.649787921e-17
3.512528728e-17
1.547023414e-17
3.775424154e-17
1.574609918e-16
4.91441931e-16
4.064791057e-17
1.218469087e-17
6.740293048e-19
3.844005799e-17
2.887986786e-17
4.096135554e-19
1.546354804e-17
1.160321344e-17
9.674136946e-19
1.236339715e-17
7.72727632e-17
7.003996722e-17
8.334397607e-19
3.24954677e-19
8.352306443e-18
5.452017086e-17
1.824872965e-20
1.102768073e-17
4.971899194e-17
8.903529811e-17
8.041836401e-19
1.294622404e-18
5.866843767e-18
7.981994982e-20
4.522794425e-20
6.653771554e-20
3.565379692e-17
4.083441798e-19
1.096771491e-17
3.469669606e-18
3.078169091e-17
9.0007963e-20
4.9583031e-19
1.327853075e-18
2.119261677e-20
1.321583817e-18
4.722540121e-17
1.386039225e-16
1.849863844e-17
2.942908118e-19
5.989087461e-19
1.623033084e-17
1.04579932e-16
2.741357613e-17
8.940123476e-19
1.351596947e-17
1.186421463e-17
1.207668217e-17
5.500179706e-17
8.742555825e-17
3.400379394e-16
4.57765753e-17
3.150040321e-19
8.442958864e-21
3.194487936e-19
4.006557114e-19
5.809803661e-17
1.411343997e-19
1.939123513e-20
1.040242892e-17
1.183418424e-17
1.1366519e-19
1.088187221e-17
5.584031109e-18
3.675605813e-18
1.128466842e-19
8.356117683e-19
1.785853156e-19
9.548358321e-18
1.317585995e-19
8.243417537e-19
3.93250414e-19
5.107645549e-19
9.195583433e-18
1.246262759e-17
2.461956819e-18
2.451837862e-19
4.634116129e-19
2.49932007e-19
5.819602786e-19
1.363422447e-18
1.183978237e-20
1.043919024e-16
2.430845719e-18
4.305379358e-17
4.692439989e-19
4.81574328e-18
6.06228941e-19
4.093907481e-18
5.516426176e-19
1.690935552e-19
2.654664259e-18
1.527967508e-17
1.980925748e-17
1.845543659e-19
3.559856985e-19
2.006769692e-19
7.748487446e-19
7.899208613e-19
5.106676718e-19
2.615228698e-19
5.292373059e-17
1.345672735e-17
1.050490022e-17
1.655877725e-17
4.770067278e-17
1.044222591e-18
9.166656889e-18
3.005718715e-17
1.11452187e-17
1.240315432e-17
2.052495468e-17
3.380838845e-17
8.379919807e-18
2.427193795e-17
3.875565172e-17
1.017829421e-18
8.45718469e-19
1.387676759e-17
6.794785136e-18
3.144599882e-17
5.383317467e-18
2.1425802e-17
1.554924498e-20
2.989575183e-19
5.435476946e-17
1.929925577e-17
4.79080773e-17
9.295024009e-17
5.055171576e-17
3.46247581e-17
1.185635507e-17
6.751464276e-19
3.615039451e-17
2.455042729e-19
8.159056537e-21
4.670675108e-19
2.462355774e-17
3.439002932e-19
8.397852523e-18
4.379483358e-17
5.601248416e-17
2.521648561e-19
1.002338112e-16
3.223975923e-17
4.224152741e-17
4.174696276e-18
2.015203779e-19
5.867049781e-17
4.833960427e-17
2.176681668e-16
5.773256552e-16
1.252075546e-17
1.195721886e-16
2.425419829e-18
1.269514027e-18
5.722506543e-17
3.671350122e-17
8.198101536e-19
5.530244247e-19
6.202114515e-17
5.134713252e-19
1.940346839e-17
3.418204049e-18
3.420707966e-17
2.192037102e-18
5.249930827e-17
1.28897338e-17
5.624451671e-17
2.372357153e-17
7.173283962e-17
4.548822186e-17
5.074362076e-17
3.462610163e-17
1.334553315e-17
9.8023209e-18
1.836769132e-17
4.530574321e-20
2.771422715e-19
1.332359173e-17
1.116290097e-17
1.043179124e-17
5.731572369e-17
1.699930772e-19
1.273483578e-17
1.173777549e-17
2.289897709e-17
1.011518013e-19
4.353694683e-17
2.631527591e-17
3.31344335e-18
3.399189044e-17
7.134855865e-18
1.129599281e-19
5.900506718e-19
5.008255282e-17
3.985244693e-17
1.060717026e-18
1.073238467e-19
2.163795477e-17
1.483104697e-19
6.799572569e-17
6.869154055e-17
3.141994508e-17
4.517611138e-17
2.608672376e-17
1.446014389e-17
1.974341496e-19
9.383101057e-19
6.78857571e-17
2.974961651e-17
3.486132517e-17
4.316336957e-17
8.697244439e-17
4.383466079e-17
2.253108878e-17
8.736457201e-17
1.303184394e-17
2.813666766e-17
1.852026216e-19
7.492906689e-19
3.80357086e-17
3.452000718e-17
4.721315414e-17
3.077580123e-17
5.484952605e-17
1.040555608e-16
1.491761586e-17
2.956617539e-17
6.154929132e-19
1.254770672e-17
2.44052559e-17
7.520111906e-17
4.845800307e-17
7.324087077e-17
1.440545338e-17
2.464913206e-17
6.01899087e-17
4.349389855e-17
2.049489426e-17
4.276822893e-17
2.104273709e-16
1.70883941e-17
1.845256045e-17
1.34273445e-18
2.201560482e-18
2.920496571e-17
9.86254463e-17
3.421164858e-17
1.385983868e-17
1.297606331e-17
4.547304193e-19
1.13828246e-17
9.594283044e-17
2.524236012e-17
1.448404321e-18
8.129915517e-19
3.153901587e-19
1.57242396e-17
5.665933311e-19
3.374151994e-17
7.114572985e-19
1.88006637e-17
4.288786324e-17
4.4486824e-19
4.550375592e-17
8.564802447e-17
5.319906496e-17
4.843638605e-17
6.845562793e-17
1.118291614e-18
2.99511115e-17
4.366359931e-17
3.084775396e-17
5.805364008e-19
2.567884429e-17
3.970987579e-17
6.790282389e-19
3.943588199e-19
5.686394324e-17
1.436297558e-17
9.733824654e-19
1.645034582e-17
2.457334338e-19
2.41722585e-17
1.587444658e-17
2.989756389e-18
7.729038943e-17
5.876564031e-17
4.384394668e-17
4.767604047e-17
1.355756388e-17
1.019930313e-16
1.371350703e-17
2.391990113e-17
2.431320718e-17
7.956832027e-17
8.434131439e-17
3.790920904e-18
2.611747586e-19
1.984166949e-17
1.585191193e-19
2.050178684e-17
1.394567677e-17
1.530321251e-18
2.508347604e-19
4.240521315e-17
3.792591618e-19
1.092300688e-17
1.856761826e-19
7.33295457e-17
2.701425516e-16
5.130711432e-17
7.837355709e-21
1.01962117e-19
1.906661689e-17
1.266459327e-17
1.40676462e-17
6.213316692e-17
5.454570612e-17
1.338700407e-17
1.221032375e-17
1.23876626e-16
1.181304393e-17
1.414003712e-17
7.666134218e-17
2.735532182e-17
0
3.834015577e-17
2.294797536e-17
1.091359911e-19
1.973065917e-17
3.46514354e-18
2.68693225e-17
1.32593822e-17
1.141283297e-17
4.513407895e-17
5.014596796e-17
5.089171691e-17
1.667247258e-21
1.815196111e-19
2.375288451e-19
4.231500523e-19
1.62223485e-17
9.676545582e-20
1.26471347e-17
4.384987909e-17
3.918805178e-19
8.428694212e-17
2.537786522e-19
3.888938436e-17
2.392078623e-19
1.159186124e-19
4.851596603e-19
6.884315085e-19
5.392583086e-19
2.707394591e-17
2.121287892e-19
9.956472795e-18
2.410168119e-19
4.029053841e-19
3.609239903e-19
3.17512913e-19
3.083528721e-19
3.579476109e-20
7.12250189e-17
1.379254851e-18
5.30152084e-19
1.089183434e-18
2.939985733e-17
1.033014474e-18
1.212941011e-19
6.397536513e-17
2.377368996e-18
1.893976393e-17
1.368766966e-17
1.57325538e-17
1.154481614e-16
2.109431422e-16
5.389680145e-19
1.457262658e-17
8.982622409e-20
1.829240223e-17
7.421996977e-19
1.465808733e-18
1.831761137e-17
3.074661667e-19
5.684234468e-20
1.342736759e-19
1.094827214e-19
3.965608816e-19
1.93859786e-17
9.196438496e-20
2.075321464e-19
5.793653091e-19
2.391263054e-19
1.32767446e-19
3.144076486e-20
1.354491526e-19
1.294546553e-19
5.815360759e-20
1.075158365e-19
1.382566862e-19
2.612762112e-17
1.193366588e-17
1.161271691e-17
1.191133267e-17
4.22738082e-17
7.602385903e-19
3.864419347e-19
7.337114999e-20
5.482083401e-19
2.309494463e-19
5.942946957e-19
1.308104898e-20
1.746227756e-19
2.330529536e-17
3.060230524e-19
1.722643327e-19
2.526824393e-19
2.275058456e-19
3.627010985e-17
2.962707132e-19
5.111228891e-19
1.650150276e-18
2.149449281e-19
4.659169851e-17
2.201580828e-17
1.503828736e-17
9.695905389e-20
5.150615448e-19
5.664750597e-19
2.824121545e-17
1.563277519e-17
1.439613429e-17
4.126091273e-20
4.76359732e-18
4.725538214e-17
1.194143168e-17
1.233145379e-17
1.233994715e-17
5.819590082e-17
3.173119875e-17
5.66214429e-17
9.878195435e-19
1.559095408e-19
4.419180405e-19
4.707746983e-19
3.46614551e-17
1.023788971e-16
8.025559372e-18
3.451179738e-19
3.683622797e-17
3.074201603e-19
4.114572799e-19
2.559769153e-19
4.94640489e-17
6.989643058e-20
2.802033062e-19
3.557395489e-17
4.322596038e-17
8.490599584e-17
6.574456468e-20
4.23416978e-19
4.263186969e-17
2.621126682e-17
4.349498536e-20
2.312902069e-18
7.681608432e-19
1.907396872e-17
2.821415189e-20
6.494893374e-20
4.316160799e-19
9.767397949e-21
3.355298247e-17
1.431385297e-16
1.620820717e-17
3.301295699e-17
1.200669439e-17
1.165572642e-17
4.425988167e-19
1.049662018e-17
5.202455466e-17
2.34404566e-17
2.149420825e-19
7.988021318e-19
2.143887176e-17
9.396837561e-18
2.088148866e-17
1.986183482e-17
2.33557931e-17
2.979062394e-17
3.844706621e-18
1.791679754e-19
1.322843016e-16
4.837502823e-17
2.863809517e-17
4.830407787e-17
2.689496225e-17
1.36138301e-17
5.360468117e-17
1.053742267e-18
1.681324309e-19
4.416760149e-19
1.233787945e-17
1.458087146e-17
9.937067482e-18
1.147240191e-17
3.00623847e-17
1.496683094e-19
0
2.023915633e-20
6.560657622e-20
1.510510003e-19
1.462246465e-19
1.199995498e-17
2.834086386e-18
2.421886058e-19
7.953751472e-19
9.85760967e-20
7.049387096e-22
1.650737608e-17
2.332094388e-19
3.632551863e-20
5.145890759e-19
1.114413193e-19
1.851923166e-19
2.27425376e-19
2.233251344e-16
1.105694827e-17
2.941179175e-19
2.159981701e-18
1.708093426e-17
2.692366547e-18
8.516075175e-17
1.318675744e-17
1.056978465e-17
5.004837591e-19
1.723937936e-17
1.430737282e-18
8.723016366e-19
1.104025226e-19
1.958931297e-18
9.481314391e-19
2.999132802e-19
1.109024725e-18
3.496193587e-19
1.899255444e-19
2.870723732e-19
1.752647459e-17
1.599526662e-19
2.358840735e-20
2.420787574e-25
1.311864853e-19
2.417716245e-20
2.780585817e-19
1.559280594e-18
2.274648145e-19
1.900413554e-17
3.729483999e-19
2.139875606e-19
2.178539166e-17
3.048226094e-19
1.276171378e-17
4.233692538e-17
3.625160919e-19
1.439709124e-19
7.65851091e-20
5.4593236e-19
2.641610356e-19
2.650743315e-19
2.219595804e-20
3.210234238e-19
3.91534405e-18
3.125779906e-17
3.82668242e-20
2.476478367e-17
6.698970265e-17
2.254258421e-17
1.07958563e-16
7.13678074e-20
4.32608369e-17
1.362916377e-16
9.68805988e-19
4.191011944e-19
5.145712324e-20
3.21153616e-17
2.739296591e-19
8.488822386e-20
3.405695558e-19
3.303819057e-17
1.029684068e-20
2.362256666e-19
3.095308131e-23
5.630867525e-23
4.285373399e-21
1.036631756e-24
2.264422768e-19
1.394547808e-19
3.390919832e-17
0
3.92655655e-21
1.582297816e-19
7.465483524e-22
1.323375104e-20
4.007910183e-21
4.568542101e-20
4.426657372e-17
4.807269582e-23
1.586314596e-22
5.978503368e-25
6.190674736e-22
5.616749423e-18
0
1.01206075e-19
4.208042475e-17
0
6.702058817e-21
5.590527088e-18
1.993920995e-19
0
1.496892338e-19
2.449331387e-19
0
2.875992751e-27
4.928607872e-20
2.91593511e-17
1.016882942e-20
0
4.559363068e-17
5.408685718e-21
1.358405374e-19
0
4.896953257e-20
0
2.555316874e-19
2.918676968e-20
1.86052451e-20
3.808903815e-17
5.172093154e-20
2.371149036e-20
4.018513935e-19
4.07072691e-20
3.510266977e-19
2.628529843e-19
3.984742057e-21
1.510021294e-20
5.791058315e-19
6.253116447e-20
2.626906518e-17
1.657850298e-19
3.006261092e-17
4.444035278e-19
2.479145393e-17
2.153634603e-19
2.10552532e-19
2.158127214e-17
6.669401517e-19
3.608637284e-19
9.198029759e-17
7.162236158e-19
3.824992221e-22
1.547806423e-17
5.713927756e-20
3.104207224e-17
1.409943752e-17
3.664622172e-16
1.233838032e-17
2.128501002e-25
3.305966246e-17
3.110842039e-17
6.82678288e-17
3.881096659e-17
6.132033999e-17
4.602117009e-17
9.836805756e-17
1.097615753e-17
1.191396151e-17
1.187859695e-17
1.871894452e-17
8.373205091e-18
1.128615064e-19
8.339061484e-18
4.250698565e-20
3.084077165e-17
6.706445584e-16
2.174096374e-17
2.424693592e-19
2.3329052e-19
2.05779112e-18
1.538270176e-19
6.070254178e-17
1.236114574e-17
3.418158326e-17
9.438951164e-20
1.25800223e-17
3.147638226e-19
1.992355682e-17
4.492129946e-18
1.169025777e-17
1.147170154e-17
1.494087741e-17
2.766438157e-17
5.25468722e-19
1.437544513e-19
1.87423902e-19
1.330203954e-18
2.686227009e-17
4.056428574e-17
1.103008401e-19
7.992268799e-21
1.354508749e-19
3.205790132e-19
4.321837004e-17
3.001022933e-22
1.484316287e-19
1.172156278e-19
8.301997743e-20
4.502182839e-17
3.93802292e-19
2.344344989e-27
4.291291639e-17
3.47803673e-17
2.63392443e-17
1.178950525e-16
2.067678805e-17
1.946568155e-19
5.505663469e-17
1.985556037e-17
5.294838811e-17
2.311541977e-17
9.939885475e-17
2.828005458e-17
2.820642613e-17
3.619193814e-19
1.263427031e-17
7.735398774e-20
1.124532526e-17
1.135747044e-17
1.67366483e-19
5.077832966e-17
9.312616924e-18
8.852869986e-19
4.520172359e-19
4.067050993e-19
1.512186563e-19
3.873768674e-19
5.711320449e-19
9.631805481e-20
2.771806597e-16
1.687424472e-19
7.316528389e-16
7.256039533e-19
5.379995658e-27
2.608619698e-19
1.820634294e-16
1.617813113e-16
2.713455462e-19
1.655518707e-19
4.728945243e-21
8.78988816e-21
6.688615023e-20
0
3.627915645e-19
1.421035881e-19
0
8.226076061e-20
0
2.363279757e-19
5.237699904e-19
1.061148989e-17
5.359809582e-31
2.066438746e-19
2.528508744e-16
5.457428428e-17
7.964935827e-17
2.065622675e-17
3.134158012e-17
1.367026587e-22
1.51850646e-16
3.773509549e-19
4.557306692e-18
3.415973102e-17
3.457589377e-17
7.087776187e-20
2.385680238e-20
2.879272591e-17
2.8686024e-17
9.522655416e-20
2.508298877e-17
0
2.605371558e-17
7.68953212e-17
2.770452707e-17
2.597995148e-17
1.729070545e-22
5.639912801e-25
4.523455331e-20
1.990874812e-17
1.0743203e-17
1.166531051e-25
3.586214015e-17
1.706445568e-17
1.608064871e-17
1.401618527e-18
9.406732672e-21
1.024903345e-16
4.545268051e-17
1.262647469e-17
0
4.574250691e-17
5.401384725e-17
1.286155534e-18
1.482408567e-19
1.509915657e-19
2.477844643e-20
3.27984489e-19
4.348546718e-20
2.054098149e-18
1.137227451e-26
1.67079046e-19
4.605373655e-17
2.420612382e-17
4.761976392e-17
1.397920824e-16
8.385160717e-18
2.343569646e-19
2.414648607e-17
2.883501114e-24
4.747065902e-17
0
3.042257187e-25
0
8.487199512e-21
1.557006758e-17
1.252593921e-18
1.922530473e-18
1.572591652e-17
3.431620761e-17
2.883281076e-17
6.413398535e-21
1.159373758e-17
1.305757016e-17
1.342045264e-17
2.080914795e-16
1.194191555e-17
1.2584314e-17
3.68521834e-19
1.150044556e-17
1.132257793e-17
1.230086394e-17
2.082337718e-17
2.909378101e-19
1.669870708e-19
1.857114416e-19
1.254374758e-19
5.091436578e-20
1.219359526e-19
2.688780709e-20
1.661311172e-19
2.587117211e-19
5.62163497e-17
1.046845873e-16
2.070731197e-17
5.263511662e-20
3.247521031e-19
0
6.579384014e-21
8.062733388e-21
3.923312389e-18
2.838966439e-17
1.498883465e-21
8.370602625e-30
1.225792248e-19
1.6379076e-25
1.26834945e-18
1.079944494e-19
2.151286907e-20
1.726332195e-20
3.983496767e-20
3.612819747e-21
0
3.415177818e-20
3.259037945e-20
4.872524132e-21
3.472014472e-19
2.35658834e-20
1.083771606e-17
3.133289326e-17
1.248554677e-17
5.875037224e-19
1.791896889e-20
1.742771987e-19
2.726976819e-22
2.244411686e-19
2.764646552e-20
6.986855597e-20
5.621860765e-20
1.219031388e-27
1.758315089e-18
6.710556116e-20
5.377059702e-20
4.493456866e-20
3.770845967e-20
2.522887693e-19
7.792233456e-19
1.16833612e-17
1.801012836e-20
0
1.112995155e-19
4.455109434e-20
5.035862217e-21
6.641600102e-20
2.719162595e-22
8.083743595e-22
0
2.811571784e-20
1.821671538e-17
0
1.226876057e-21
3.551286147e-17
1.108709817e-19
1.651201706e-19
2.260398412e-20
1.655051911e-21
7.692792639e-19
3.745439092e-20
3.403647173e-21
5.106665096e-17
3.723428964e-18
6.27034888e-21
1.003069062e-20
3.223336682e-20
1.144551755e-16
9.653484815e-19
2.304019543e-19
4.206189923e-17
2.853235345e-17
1.141726538e-19
2.408203175e-17
1.498203096e-20
2.313823896e-21
4.847942355e-17
1.76833911e-33
1.709860169e-18
2.565425059e-17
4.947790453e-17
1.258549118e-17
1.92093224e-17
4.72966028e-17
1.039232401e-17
1.129424541e-17
4.310254431e-17
1.308588801e-19
0
1.884004749e-17
0
5.217395335e-23
1.355132783e-17
3.902840593e-17
1.192892099e-17
2.312806487e-17
0
4.880372773e-17
1.846201042e-17
1.914228615e-17
1.88466338e-19
1.461023893e-17
9.825097508e-20
2.888490134e-28
1.156053706e-22
1.395364283e-17
1.081312903e-17
1.032239552e-19
1.034539363e-17
5.351922234e-17
3.049701349e-18
4.978313546e-24
1.03013267e-19
0
1.995649183e-20
0
7.638662064e-22
1.707614336e-21
0
7.088267545e-20
9.757761004e-16
2.849248449e-19
1.116154807e-17
4.653078319e-17
1.12570733e-20
1.038196852e-19
4.353849009e-17
8.165559778e-20
4.462828929e-18
2.413915164e-23
1.198835369e-19
6.195923584e-19
3.491733917e-19
3.585375925e-17
1.663360587e-19
1.879881386e-17
9.673433584e-20
0
0
3.611013626e-17
0
2.455767696e-17
0
4.389385923e-17
0
7.102118652e-23
3.872568984e-17
7.779246304e-22
2.582352212e-17
1.587928518e-17
1.147399049e-17
2.926753291e-18
5.980906383e-17
9.959722144e-18
2.428205375e-17
2.949670838e-17
3.164024242e-20
2.070645252e-17
4.733013563e-21
1.637365033e-17
8.463927032e-21
1.51576865e-17
2.712272788e-28
1.611941198e-16
5.233303941e-16
2.833276752e-16
6.457415988e-16
6.346511542e-20
4.993106659e-17
4.703057699e-25
6.895871934e-20
2.779289112e-17
1.650121411e-19
4.726497377e-20
6.197729203e-20
1.960344026e-20
2.492842951e-34
1.167580242e-19
2.017003228e-19
2.419232137e-17
1.006338628e-19
4.720162767e-20
1.86718592e-19
2.017976617e-17
3.663728992e-20
4.416507978e-18
1.805473557e-17
3.587502765e-19
1.433029779e-31
1.395840706e-17
1.259745654e-20
1.36155199e-17
1.134443373e-17
1.07005181e-17
1.074271072e-16
2.08525794e-16
2.593999584e-19
3.973023175e-19
0
7.299029041e-18
0
1.874908989e-22
0
9.55633226e-30
2.463201398e-16
1.338494137e-16
4.387459904e-17
2.903720885e-33
1.865742601e-17
5.711774432e-20
4.545307101e-20
0
3.118799056e-19
9.106679922e-18
6.473874766e-20
2.871091225e-24
2.275142861e-20
2.054155054e-20
1.082124702e-20
3.053128663e-19
4.731426144e-17
1.076100844e-16
0
8.04951851e-24
0
1.801852017e-21
1.094888613e-20
0
3.37768753e-20
0
0
7.243618129e-22
0
1.555209349e-21
1.46216078e-32
0
2.875507313e-20
7.263638592e-20
0
1.220859292e-23
1.471656032e-22
0
1.492245201e-19
3.759451495e-21
1.926339726e-19
6.213484623e-18
3.883015377e-19
1.326145559e-17
1.868655878e-17
4.563314311e-17
3.574717312e-17
2.262302956e-19
3.008351439e-19
1.167764959e-19
0
3.628267415e-20
6.52042788e-20
1.415567733e-20
0
2.932239268e-17
0
1.697523552e-19
5.632276454e-22
1.741599858e-20
2.99979995e-20
1.065727419e-19
2.917255674e-17
4.856378139e-23
2.023463536e-17
1.29290668e-18
9.132495574e-20
1.490176314e-17
1.346533716e-19
1.375974195e-17
1.281167581e-17
0
0
4.323816942e-17
1.40605546e-17
2.714192911e-17
0
1.59780516e-16
1.624851632e-17
2.770930166e-17
3.396356542e-28
1.113347876e-17
0
1.031176466e-17
4.962935664e-17
1.16214103e-17
0
0
1.468475428e-20
2.020032738e-19
5.534800695e-23
0
3.618713487e-19
4.65375686e-29
0
3.755840076e-19
4.368622772e-17
2.687019295e-20
1.993900236e-20
2.268684043e-20
1.848786462e-19
4.87990629e-20
8.571123856e-20
4.383707182e-19
2.098396742e-19
5.247477101e-20
1.172602598e-20
2.094507054e-19
2.608808183e-20
3.143640373e-20
5.443488276e-20
3.519894433e-17
3.179340139e-19
3.474796177e-17
2.096135491e-20
0
2.541628117e-17
1.147934631e-19
3.83600985e-22
1.024762204e-19
6.546682332e-20
6.574739336e-20
2.138163024e-17
3.693452819e-19
2.3230165e-17
9.258898407e-20
1.959894614e-20
6.018637611e-20
1.825170379e-20
2.53682758e-19
3.546903057e-17
1.083215443e-20
1.337839737e-17
2.335440675e-20
1.002058953e-19
1.239575822e-17
0
1.083028532e-17
3.679826881e-17
3.481814186e-19
7.347421111e-17
4.502393482e-20
2.196800924e-17
5.193963385e-20
4.282391728e-18
