#################################### 
# Matrix Size= (25,25,400)
# Resol      = (1,1,4000)
# VoxelSize  = (25,25,0.1)
# nbVal      = 4000
#################################### 
5858.555137
4750.607216
5626.681811
5323.554442
4761.561226
4878.220433
5104.559704
5836.511699
5776.160303
6108.160308
5594.926172
5753.869441
5874.104399
6435.61576
5232.965952
5578.978802
5908.041016
5511.959231
7699.418935
5698.472822
6131.181466
7474.408003
7288.360729
6364.672058
6507.893717
5468.678663
5466.937329
6874.114252
5363.358423
6323.154597
6215.503666
5111.942034
4784.703779
5125.89842
6119.802565
5223.732252
6535.259576
6376.093368
5582.144692
7372.817712
5871.058755
5934.069743
5896.393314
5649.383655
6341.436758
5815.809091
5642.785541
6614.762209
6294.238319
6670.859201
5948.776032
5376.56581
5109.865183
6155.355237
5571.893234
5594.631502
5216.488266
6508.594054
6498.180654
7523.356518
7003.850144
5795.784063
5797.993367
5603.643315
6485.458016
6109.709144
6143.762719
6084.802314
6354.060884
7726.777429
6624.632925
6031.682238
6454.870847
5836.833141
6098.464037
5730.515611
5335.681211
6518.415826
5681.48252
6145.969337
6300.919833
6196.750297
6868.201573
6602.99593
6132.984496
6428.634682
6736.899225
5681.439846
6384.125106
6230.865387
6017.72197
7286.337862
6888.685061
6720.737582
5396.909374
5469.688786
6290.351702
8277.475089
6672.5253
5972.048348
6198.829157
5786.281791
6647.211503
6091.420798
8109.556745
6068.979719
6886.638579
6662.530424
5952.270856
6532.439702
5918.213179
5682.012745
5951.654905
6659.998353
7316.315789
6251.609807
6151.347025
6339.874828
6443.722801
5938.951055
7026.937651
7500.772172
6505.503023
6009.591528
6559.770839
5976.46904
6714.052967
5874.606684
6507.707799
6834.374363
6637.67561
6417.259832
6476.202377
6444.025093
7761.41586
6916.453701
6326.182098
6779.085124
7117.448123
6344.802981
6838.398046
6362.783752
6443.931432
6716.798493
6585.747999
6499.231499
5884.231505
5934.180388
6168.174528
6376.397545
7089.366589
7301.665028
7174.117634
8377.078614
6278.330806
8140.655224
6372.288929
6102.788713
6800.269487
6233.577311
6085.567107
6843.424659
6257.893459
5839.28849
7414.691229
5941.254748
6651.716161
7123.652807
6285.208665
6420.229031
6989.696513
6671.290795
6469.268322
7558.620169
6918.127577
7532.541795
6735.352719
6347.689338
6328.680353
6782.852969
6351.914675
6509.575353
7205.493366
8318.891236
7191.595192
7681.062902
7976.309547
6146.514596
6933.721501
7414.727945
7643.218285
6847.632511
6670.426238
6742.252652
6413.939494
6312.735171
6286.797216
6902.077064
7003.282598
7628.168025
6822.324658
6208.368734
6560.8866
6112.496006
7138.076979
8026.861483
7157.551865
7191.336658
8665.238217
8323.642954
7443.131977
6972.081634
6713.297699
7120.854733
6405.146518
7902.491924
6427.226339
7739.642399
6637.534991
6595.90461
6207.65104
7375.92412
6801.460497
8234.03512
6944.573659
7608.988951
6809.583671
6958.863771
7801.989474
6335.907493
6489.623915
6979.568216
7149.335668
8939.711911
8739.41488
7700.686045
6521.195631
7323.314787
6653.74212
6616.938961
7384.050877
7606.506992
7611.016289
7089.348853
7203.289084
7845.200699
7166.076906
6924.114456
6668.124805
6882.374977
6701.943884
6843.962699
7097.272651
7854.803868
6635.264472
7137.001305
6788.129938
6805.24353
7170.896628
6281.602585
6999.803261
6645.766051
8100.441148
7161.602349
8519.872683
8965.516227
6423.293487
8562.410377
7930.551706
6534.704964
7138.666444
7187.79552
7138.964521
6956.202652
7245.851086
7576.233675
7501.134266
8423.928876
8286.442925
7133.091626
7003.736577
7699.765951
8061.140217
7142.423988
7236.043418
7432.546669
8274.733546
6935.51677
7170.027072
7540.487159
7407.645596
6808.492774
6952.166107
7304.273525
7014.3619
7692.864206
7218.738587
6507.300105
7044.46522
7943.755858
7528.145415
7099.271045
7039.109037
7134.464155
7451.632244
7825.211028
7648.558901
7433.51772
9110.182082
7421.127077
6942.650202
7561.423004
7749.881602
7840.746222
7768.156579
6864.059742
6947.519488
7012.584087
6860.112448
7853.616104
6746.375486
7300.209269
6969.586835
7850.510717
7977.530092
8294.726385
6914.690546
8296.804191
7399.581935
6955.259404
8097.298664
7452.89141
7119.412001
7460.126412
7949.044871
7980.606349
7501.385367
7973.930943
7749.099979
8409.205262
7777.292926
7328.663204
7662.246767
7898.472404
7561.610584
7507.776784
7909.22957
8902.19991
7267.116959
6850.42777
6694.048785
7210.819232
7061.11809
8447.262861
7501.143279
7046.893561
7185.05892
7066.343648
7473.800598
8245.98181
7376.546982
7392.030017
7633.251195
8043.230015
7847.118628
9601.723802
7941.243341
8061.980575
7489.770117
7887.971216
7744.954479
8993.253203
7908.23598
7026.718689
7927.329093
9354.521456
7650.369267
7281.231458
8053.349842
8701.693671
7432.552874
7475.633653
7738.876529
8473.469139
6863.930172
7825.240346
7854.464941
7990.330466
7957.778375
7936.118725
7147.536987
8480.872388
8701.260815
8354.012456
8095.96873
8034.683844
7756.721869
7131.521655
7494.125917
8106.684183
7534.275797
8252.407625
9041.058972
7624.00619
8273.051692
8263.711751
8331.580888
8370.849854
7529.313193
9068.355718
7691.378777
7425.368826
7724.878798
8147.304939
7796.854687
8644.433469
8479.236817
8240.123311
8547.700354
8463.778818
8725.899032
8558.415964
8487.33978
8272.934885
8201.367896
11266.3091
7484.51455
8833.712755
8826.536386
7889.048918
7521.903109
8595.899191
8914.621315
8073.851103
7644.83471
8497.415753
8051.940819
8566.049698
8902.115894
8522.7094
8034.286434
8416.197558
7603.166023
7725.212359
8155.723731
8265.688546
7951.098584
8098.009109
9262.850049
7556.195216
8966.136212
8764.853401
8513.20229
8805.048934
7887.807131
9424.718554
8453.048451
8534.307816
7754.339801
7325.27233
8311.431694
8313.793302
7790.713107
8900.626124
8427.363328
7975.394755
8791.599513
8073.296773
8035.92711
7849.0452
8376.56289
9415.06926
8577.464981
8400.316854
7796.328319
8045.05668
9120.9911
9202.595868
8730.257543
8836.505265
8615.632786
10010.33346
8363.951095
8467.528126
8614.771994
8458.506906
8533.243387
9159.233161
9797.212648
8694.413665
7990.475191
9302.843045
8386.688835
8154.535616
8425.765763
8731.486818
8780.651037
8174.545597
9172.439734
8759.908875
8766.534698
9043.261458
9035.392126
8846.697602
8335.628213
8715.600335
8441.032916
8598.859274
7786.601414
9416.836186
9304.866757
9402.669854
8394.006128
9241.696278
8671.227056
8858.198473
8826.415014
8912.826695
9317.424853
8754.924835
8185.952952
9472.264324
10057.12836
9959.880124
9238.086473
8145.551415
9150.001789
9407.689643
8884.480065
8191.356726
8669.557114
8349.932529
8868.727966
9422.428504
8687.401783
8108.522894
8818.783567
8327.972764
9373.685133
9111.465764
10821.12568
8679.289086
8718.510321
8877.524961
9869.674153
8307.599566
9371.537222
8258.625391
9357.948361
8919.530352
8646.042691
8855.514297
8421.286029
8508.923948
8103.545035
8783.199137
9341.824439
9183.587978
9206.275107
9438.71999
9922.421011
9482.456108
8748.267952
8843.405654
8628.424879
9366.314756
8553.894064
8494.967438
9024.774675
9536.391253
8672.13444
8248.93316
8949.989178
8677.987837
9643.598992
10828.82542
9390.877558
9477.416129
8805.546951
9064.516152
8506.143013
9486.570062
9403.339103
9617.564614
9491.460618
9023.328086
9156.949733
9270.198761
8873.113162
8619.65047
9205.202038
8930.114381
8943.923832
8666.768261
9527.097199
9628.546811
11224.67409
9739.349924
9540.044993
10465.27166
9328.305148
8832.634686
8782.203905
9063.894852
9743.320851
9221.512687
9354.335296
8477.959306
9244.565577
9337.990927
9590.782551
9108.327423
8885.851735
9212.800988
9325.657991
10245.39284
9462.327636
9623.508849
10488.26944
8911.918101
9291.911794
10523.14073
10217.69687
9619.937388
9974.910707
9636.677621
9800.654446
9291.705618
10715.63898
9413.869465
9073.41944
9328.004423
10595.62802
9511.29047
9727.570287
9462.677511
9157.411611
9020.831832
8981.008656
9693.941429
9358.986654
9405.503866
10195.83244
9711.747114
10117.4757
10086.93288
9336.941126
9621.965421
9345.924634
9956.257633
9573.374752
11402.03192
10507.04801
10811.62877
9967.98267
9399.412175
10306.22328
12393.93971
9777.600722
9855.810324
10834.04938
9541.066667
9692.313478
9549.469634
9367.793608
9563.064905
9693.649755
9662.799288
10710.92595
10719.90204
9808.487703
9628.466056
10388.78768
9668.722181
11275.90823
10141.93386
11152.11314
9643.024493
9679.480889
11163.09782
9749.068703
10948.88801
9693.987609
9950.748634
10564.63063
9867.883239
9601.517533
10248.05008
11000.53799
9948.612873
10261.63965
10032.53056
9604.283027
10204.79499
10248.70806
9755.178804
10324.4187
9961.647157
10650.80388
11013.2983
10577.64051
11122.17698
11243.52176
10631.17619
10688.53977
10110.25228
10256.90616
10420.82616
11256.305
10025.29927
10200.25833
10594.45555
11166.74671
10632.58375
10884.258
10023.00639
9988.218681
10405.15241
10494.78997
10961.03887
11152.58461
11278.49075
10864.59266
11582.15672
11333.78503
11334.09897
11231.29634
10221.56506
11829.58963
10730.02417
10626.25106
12211.05627
10884.98934
10836.45578
10497.26405
10377.45423
10999.61063
11463.50049
10526.88329
11109.68961
11689.80048
11753.08088
11032.0166
11441.35061
11889.63912
10862.08343
11211.44302
11589.27801
11466.00764
11038.7597
10639.77121
10983.01055
10879.05033
11200.12517
11385.07633
11174.46401
11365.62317
10691.70204
10962.01933
10807.04511
10979.32653
11417.52589
11815.25116
11356.39316
11425.76443
11791.7316
13036.94614
11278.17447
11724.11785
12117.65994
11249.40001
11433.07973
11594.6948
11906.54853
10928.80067
11316.62697
12398.67685
12197.37761
12267.54498
11462.23451
11543.08339
11626.843
11456.2378
11597.489
11778.42336
11739.67847
11526.4995
11619.49044
11326.53627
11056.32889
11724.36571
11594.8295
11529.94555
11290.87883
12302.04541
14626.65129
11842.30009
12495.39954
12288.19161
12834.67818
11756.40969
12204.72176
13175.1915
11626.93325
11925.65499
11138.94177
12141.45307
12494.26973
12626.02057
12060.47497
12952.18907
13776.6138
11786.20855
12210.76458
12660.01877
12015.77157
11975.83448
12052.64602
11957.85187
12643.58189
12419.60225
12847.17522
12193.76771
12480.60607
12332.03507
12645.14069
12720.86873
12297.78743
12859.6062
12453.46839
13373.5832
12447.88467
12908.73484
13166.62894
12960.79564
12788.27042
12427.17712
12621.9504
12714.68308
12456.38762
13176.38413
12569.59747
12805.67371
13431.20726
12656.64622
12460.38362
12614.90851
12582.53767
12241.74276
12942.4372
12706.01973
13638.59368
12679.99577
12718.17398
13421.28229
12948.02709
13231.39318
13050.84004
12595.6361
13143.19818
13391.47413
14075.88336
14087.33303
13054.71693
14249.65741
13842.58261
13417.80917
13000.44415
13742.12667
13933.57902
13459.4761
13502.21418
14585.81711
14221.52088
13997.99404
14255.09116
13962.63276
13571.68749
12988.66823
13423.74129
14143.16881
13701.41039
13983.40063
14359.2494
15327.04324
13386.43146
14694.12474
14735.61569
13818.29639
14188.57758
13560.13981
14487.48216
14646.81216
14500.30292
14044.65572
14440.03931
14317.80239
14702.37552
14318.74068
14947.00086
14786.11137
14331.77387
16136.05952
14165.45669
14401.5267
14744.70153
15526.32154
17747.66895
14713.28442
14928.80669
14454.91603
15201.93371
15008.04641
15782.68366
14909.08906
15136.88953
15724.9435
15484.77057
15203.22362
15151.22453
15281.49242
15266.03399
15363.28139
15418.79634
17105.75652
16087.41
16122.24852
16317.53058
15677.61648
18116.9687
15714.60826
15584.4896
16608.63811
16052.5014
15269.62164
16440.15337
15839.59236
16396.24193
16165.54492
16486.77556
16653.70533
17307.67441
16330.07098
16669.58464
16403.99869
16950.63914
16659.2304
15835.17156
16820.44745
16941.57885
17229.47669
17615.40349
16964.03505
16770.79809
16719.87919
17737.30523
17492.72172
16712.07291
17740.05773
16393.23776
16679.77442
16080.84415
18049.88086
16714.51637
17216.34973
17974.67905
16350.208
16991.06347
18421.29993
17737.16454
18891.03639
17268.17908
17532.10783
17280.27969
17987.54141
18130.49176
17768.6909
17332.4976
17818.8605
18072.75035
18663.54872
17975.74187
19102.85413
18723.99207
18173.72591
18313.22405
18602.92532
18531.75747
17928.2581
18305.08412
18667.18217
18709.31251
18780.92474
18531.30312
19895.89006
18902.58083
18841.00901
19197.37357
18843.50269
20044.24477
19416.61745
18901.06563
19811.29577
20074.54406
19966.65981
20330.0849
19644.0051
19767.91023
20318.80649
20400.28682
19774.37325
19916.01988
20663.01173
20623.89397
20171.28625
19896.75339
20593.77892
21265.40495
22100.63633
21199.68715
20975.08065
22531.12423
22206.28651
20620.39297
21492.70083
21715.35393
21961.11262
21708.23079
22307.02338
21059.73738
21390.70605
21857.24397
21928.84624
22496.53802
22386.5883
22498.00778
22315.57635
22763.05373
22644.65831
23314.01429
23286.59668
24417.71332
23213.28454
24120.25766
23317.8538
24099.6343
24122.12504
23988.27497
24339.94328
23794.29091
24134.21557
24606.7485
24813.22081
24966.9173
26008.55855
25124.3444
26196.5964
24978.90844
25287.05958
26009.73929
26329.39441
26343.60821
26083.94766
26234.8033
27121.14011
26365.70219
27649.97916
27486.45219
28149.77124
27271.56103
27915.709
27191.95194
28405.66958
28008.44638
28593.87832
27727.20309
28761.13584
28642.80989
28902.70147
28682.36627
29456.3306
28594.20724
28636.5937
29616.61748
29544.19538
30802.35769
30438.43115
30890.8702
30839.8841
30039.95992
30536.2065
31225.6201
31543.34584
31946.62058
31962.48607
32760.90491
31490.60185
31759.30072
32259.61317
32920.56875
32250.59439
32138.58745
34134.81425
33716.50794
34122.4669
34619.18912
34514.24992
34873.34959
35540.69854
35829.77822
34959.75664
36396.09433
35099.25529
37220.47313
37155.08807
37182.8415
36375.60724
37075.44697
37170.67945
38126.78713
38325.67965
37706.66988
38466.7741
39402.99874
39497.25422
39535.44247
38905.66011
41222.63935
41499.45286
41894.21067
41423.36798
41859.27884
43134.27074
43287.77216
42072.96369
44741.65656
43703.88626
44005.26188
44916.68659
45892.23343
45664.04235
46515.81624
45959.31886
47732.03728
47075.60615
46520.13479
47728.298
48399.11517
48823.12353
49137.96862
51500.48093
50197.20474
51105.05976
51966.63203
51912.28791
53726.07147
53590.86993
55669.83871
55385.68686
55624.70019
56633.27485
56482.49152
57219.97799
56526.39476
58429.99565
58512.46423
59248.73502
60615.37122
60471.68179
60812.54752
62162.92647
61480.62791
63718.81964
63323.50113
63764.24066
64432.13092
65023.1712
65648.64901
65971.40062
67296.92114
69010.5394
68285.05768
69010.4582
69774.94029
68571.92371
68320.85768
70469.92488
70526.72131
70530.33877
71353.77695
72410.97868
72293.48288
72210.85174
73723.42188
73754.53018
73227.90574
71698.96271
73229.22794
73431.18725
73597.89287
72255.45087
73580.59331
72376.33937
72870.73685
72546.87517
70594.69296
71932.0304
70268.0307
70790.18922
70807.89825
70242.60172
69995.46345
69106.70255
67004.69021
67442.4784
66565.38873
64693.17015
64661.73601
63921.50801
62467.35732
60329.09917
59420.05478
57859.58523
57449.59422
56351.7271
54189.29658
52811.80822
52002.25334
49917.41228
48198.85633
47413.69994
45852.91418
44204.0607
41908.11451
40663.30315
39241.39271
37291.33571
35514.35372
33910.16856
32549.91947
31354.8053
30225.75699
28666.63516
27423.87249
24898.3965
23952.8726
22578.71067
21174.83278
19763.50961
18595.76238
17124.74816
16033.35913
15684.63342
14618.26374
13416.8018
12048.19429
10949.86356
10181.58549
9627.768404
8161.428643
8227.102673
7473.427852
6902.81461
5874.234981
5317.237489
4926.659252
4652.060888
4418.457154
3777.997306
3215.687656
3040.386045
2853.503175
2985.046116
2258.189478
1946.089573
1811.333755
1458.089759
1281.362504
1139.747016
970.1077129
905.8453795
827.8684422
792.1446942
653.8761553
627.8451639
411.5943191
447.2815103
431.3245378
338.353829
313.3797028
273.2633852
313.6495081
208.7328293
167.5300937
154.4699803
140.2533128
99.90871529
116.0048486
119.5796254
93.41283341
71.65407113
85.76495095
82.12269542
164.447591
36.771861
31.90692835
84.62200593
45.28330511
36.33655837
32.39686744
28.23599456
43.43140875
19.74649012
60.7880858
44.55439505
27.11868928
33.43816561
10.51327028
94.9468602
123.9824205
18.12196845
26.86016045
32.31354725
38.91774521
44.40280529
94.87184302
41.94908139
29.54595283
15.33940049
21.93001147
47.40395017
35.26633633
13.36667263
22.78580243
49.0214033
61.41987327
77.56920312
24.73237768
58.06174659
32.53485431
31.33575308
62.86784749
37.28373055
18.76219238
11.6569678
18.77474678
14.57843049
24.66752113
23.82192003
51.87629045
71.64571955
11.59412024
53.67740083
35.95515718
48.79095095
56.44957182
58.44406586
48.59713992
35.19629867
172.4320893
21.8513844
25.05738335
57.51742923
142.8540512
38.62729859
38.56305257
18.36782328
13.43339989
54.78518366
23.89097451
23.84921089
7.53300566
44.72732104
36.69128397
23.68206768
51.27677638
23.71992001
61.71595509
56.73300892
25.93932584
30.62162624
72.66332112
35.56306469
27.03278653
44.67000174
21.91429511
9.02739155
36.78399166
12.82740276
22.64010628
20.0355344
20.66957258
17.82601048
26.93158368
18.17714974
31.90381808
61.98386253
35.34929095
52.49592263
38.10794215
23.63153367
37.52538193
49.41073849
25.56368316
20.98839236
25.99157099
9.081995236
1.08025437
195.3560955
28.65523276
25.31776326
69.95781504
25.3241589
47.00540784
22.39564314
32.84292734
15.68550733
10.76662514
22.01309524
21.02826081
17.04928329
10.06278989
16.6695026
18.64664179
30.97762668
24.4232939
126.0334343
9.563314322
6.988470192
13.44497125
33.3046874
24.82621421
21.10935881
19.42577666
18.40670403
26.48026138
9.426208486
15.2960174
8.42259814
27.20144597
11.73175494
37.03824621
12.72352832
9.641962115
41.4746058
33.6724579
9.152342219
3.732947607
10.27369395
13.60947723
13.59853465
5.148749983
76.11907018
12.18646782
40.95544324
21.42045247
5.549028669
44.20213508
30.84661179
17.96746982
7.745305327
24.48641837
29.40892939
58.40852245
25.44418706
179.9872407
40.09968212
31.3611972
121.7114315
27.76633453
22.36668389
19.85626846
14.39290192
23.6261752
76.00828093
24.08701487
21.72111384
25.49125804
22.4663381
19.33809447
43.73481407
36.19545479
18.04953847
22.05178514
13.07563625
10.88112528
10.92367661
45.82021249
33.64776867
13.98507784
10.59461525
7.459844916
33.07567962
34.71061085
12.29227522
21.37428091
19.54987018
12.63547288
20.64711048
27.54074044
47.33579363
74.65404411
56.26224666
11.62043526
70.42854551
53.15012295
23.08448756
12.9262704
15.18125415
24.83608057
9.013982676
14.7604991
7.380521415
23.34472347
19.34240831
16.75814873
27.36935745
18.30364149
16.11382496
29.37698222
15.07245337
25.34295412
28.66455486
90.29413951
9.32834557
10.01988765
74.11350642
29.39692277
16.57156941
17.64154234
13.31966489
19.24659936
9.723397969
12.22307357
27.62833701
77.15061536
40.820243
6.347888042
31.51964916
9.749854964
21.68082781
19.98682685
7.989384744
18.07747137
31.89885846
8.947835083
23.81462393
16.72329895
18.56852411
27.82970678
23.43974166
22.83432683
38.3042518
103.6933076
15.2212314
21.99737101
38.68676336
26.54524115
22.64590833
10.61171243
5.572744831
50.40953702
129.6436812
16.47305711
14.8595848
33.39756099
25.25639813
35.17353629
0.2576945602
19.45057965
27.35539169
15.69326625
5.76613079
18.00921624
16.39308465
27.30660551
14.59154753
27.99396793
24.2578013
9.842917411
29.23283094
16.56531049
27.06443222
36.01569989
84.96380535
36.62927429
43.31492697
27.48635373
15.13864514
8.61008898
14.48946913
5.459459742
8.620511529
7.978929032
7.08259733
9.603066705
23.95982867
15.39971278
9.861672943
20.47403927
49.18564268
17.66010349
19.69443965
31.29924738
33.6557911
19.43754452
25.50162618
14.94825346
19.22490598
10.63668003
8.202454169
37.68485099
27.29416571
6.438584028
16.10432474
21.39392585
23.68555092
25.86103623
21.2797365
23.89736542
13.49044178
45.41979207
17.70384022
16.11152323
14.50237032
68.85271566
5.895138422
19.05208735
15.13078542
1.880831729
16.63290105
12.39876265
45.36019143
10.28300482
17.86803374
27.58495728
51.17152712
9.871560166
11.95405613
16.51032124
20.81782792
14.67200408
18.79394054
13.72397015
10.91115841
7.724315972
17.72591015
16.14763579
13.02247751
32.00388162
2.413785022
37.08622193
8.153485736
3.173882035
10.51967314
39.99658096
13.83339394
5.964752967
13.31795934
10.27744929
20.35195898
12.79926999
19.67028949
24.35838156
34.69663285
37.85358195
39.52810744
37.91262939
150.8997383
6.569679721
9.823448882
7.704117739
21.74324824
16.98201205
13.76371588
14.65842691
12.40167898
28.53202695
3.981424832
32.19371181
18.13367368
19.80323783
17.16902106
14.92170037
30.02522882
46.32068698
14.54070815
5.541261263
26.0838893
34.09799697
11.79716449
13.02642069
16.53292689
6.638019101
11.13665333
15.79414633
15.73135325
102.6657329
42.24496441
46.39364633
30.00731073
32.15215358
17.91119724
30.5100635
13.2005899
10.78555093
26.34116444
11.12932151
21.02546388
11.88193706
23.40198508
8.060326849
8.307770543
18.01387094
13.07870465
1.99863158
7.144061705
3.049839276
53.0000945
34.95737569
24.31395491
121.7466404
7.709858275
5.105680298
14.45744868
16.99487243
8.962269438
15.41554069
16.61266054
11.06703554
12.58964609
49.13279226
14.68541878
16.39044491
8.626298012
18.00747983
14.48842347
16.04615715
41.12331684
4.593295766
16.66802805
38.02557004
31.40298998
137.8751611
33.65570079
13.84066069
27.87796205
29.59611746
32.85330195
9.623293754
18.77374123
11.95809852
13.34643594
9.936774101
17.28128779
21.1203927
27.44529537
12.13282002
31.41343144
19.19460218
10.54796266
37.08170885
12.51840763
13.72565599
48.52394727
34.43839124
19.21705465
15.04273111
13.8364654
491.5253218
19.36198439
157.0829837
27.72451085
2.300959923
7.493162943
46.62168709
34.47049101
21.4835143
18.24483239
8.222314007
21.71519313
36.4160541
21.95383724
3.929945628
100.5323477
4.522324385
5.530662302
6.052588475
89.65193542
5.443282676
3.098291512
5.3908962
5.318907261
8.308704078
5.853080404
13.48796949
14.21550658
8.703241975
9.212382772
6.027743447
10.81297186
10.61922385
9.887471471
3.586460922
2.200375666
16.13824827
16.22414833
19.46978596
4.475641028
14.19499608
12.14566787
23.59645977
12.99621651
11.36960534
12.3658007
10.14132829
16.19607946
6.410497678
22.5074269
3.833342901
14.63119504
16.70264486
2.3619962
15.01936341
21.63594258
2.763031179
4.598287965
133.7119944
7.574723015
19.01125438
16.62787368
7.700343594
1.438966976
6.983058642
10.15481265
6.326944916
22.77621503
12.06019511
6.740175857
45.4085935
14.41119581
14.85308185
15.77837548
19.41741539
12.42029633
14.18046977
25.88596314
254.0561671
16.43751449
37.71874432
41.05088573
18.71951124
11.87061393
15.9191812
5.668980617
15.30591524
12.72005056
6.468820491
21.08283342
13.57396884
16.9695377
24.03210598
10.15100502
22.95966584
17.2570193
42.25805533
10.51688578
12.54733838
7.981211458
8.149291593
3.775865385
18.14370168
0.4676087742
18.34095176
1.940466519
16.11379187
9.09697133
60.78994349
3.992980486
29.84437555
6.6663736
16.85169239
7.661929576
4.433052095
6.264446529
0.4258452501
12.85499119
2.086011479
13.69562628
0.2288348967
14.68363061
10.76091365
6.007717971
3.226166202
14.28323793
10.10793718
8.45211677
2.504318588
13.31476425
7.934041755
11.65617823
4.620400741
12.13963985
8.572839084
9.663784804
6.768458675
5.250574658
4.379280117
0.2452583196
9.271745337
68.10554735
32.63713976
50.25609958
45.62260734
20.35119723
12.46421509
11.50940794
38.85342088
112.7218373
14.03683995
35.29182761
65.81587507
345.3021472
3.739017452
9.062298106
7.80568991
10.89239059
8.89446852
23.91292272
2.56817361
21.58070276
275.8396523
119.923946
6.114180745
10.12844412
7.679675174
15.32150029
93.17507588
24.14202135
12.07606594
14.00782313
1.985631643
10.02973543
23.04186549
10.88518082
0.1531306064
11.83109926
7.839221563
10.41768696
16.84872939
8.114836611
13.18151335
22.94456233
43.8292237
293.6986847
6.311887915
11.82322583
6.167538197
4.523252765
11.81035963
6.213823373
15.69419781
6.871927816
6.570988531
10.75875813
10.51660854
10.26538828
11.54978243
7.282517772
35.35220711
22.9191109
8.879502088
6.610924453
19.62219636
47.90787687
8.011179823
13.86973135
15.85286873
11.32618679
40.06911494
22.23283568
12.23062354
9.024691208
6.355681193
12.96720644
0.09287849177
1.705470609
1.994512829
3.61590466
6.84850193
0.2545585221
8.459249733
1.470633501
5.725081698
5.000094503
3.043410337
3.784234876
0.1331047144
126.7075616
14.41392055
0.1814732678
18.32759215
44.07029989
2.164309737
5.930350677
24.77612232
31.52026171
12.09186601
4.324660806
13.31963076
2.676606543
16.42623688
4.278580764
13.1487725
4.340838086
6.91421635
4.853093253
9.911206912
12.21847293
4.779835114
0.6274276576
26.886437
3.099682824
5.591505877
8.860681082
12.57807255
18.72610398
5.838051261
5.12675637
6.498817445
9.029736647
10.4288011
17.56632023
8.859871892
0.08707457655
12.17800178
14.47580987
31.19542378
20.83355692
6.377579903
15.64388857
20.82573366
11.24214835
9.624518919
32.01656755
39.39993674
27.94830937
16.11462066
26.31794629
8.754680701
13.67415072
30.30126835
27.54789499
34.32076317
29.79667904
6.625544157
16.86885277
6.663446941
2.355594951
24.10096365
12.52418607
19.50714407
21.99679225
6.119855619
5.72084869
1.467664097
5.084156145
22.92612689
60.81491006
10.84601279
10.61529528
1.912584041
4.226005503
10.26583686
3.916345953
11.09615925
18.89138276
12.99295342
8.454922812
5.491422084
2.138725965
15.15295423
3.56830158
8.117261647
0.5029691726
0.2599434933
2.351971874
10.61844217
0.2127049182
12.82783021
31.93003882
3.852061534
1.896076294
2.818387395
7.752444884
4.483963259
0.8702512853
30.01284171
145.8646593
9.73260796
12.74400828
7.298135714
6.878458874
10.12400242
1.991215377
3.142536033
9.988615119
24.22583958
28.52657041
5.863729578
0.139968358
18.03934946
5.859804696
9.115542372
3.486982748
0.09028786237
125.1708482
15.76377477
11.94177107
7.067565245
4.844889272
14.30457649
57.00926774
295.3757034
6.182944826
20.49232485
17.29281882
3.942901169
9.818969091
11.2403514
12.1619835
15.08183447
28.03140975
12.82742569
120.7698123
56.86332666
4.246406776
7.887304403
49.17398466
190.5953437
4.455451242
4.211234298
21.24129544
13.46371834
10.02842994
15.91514739
0.1026601539
6.29316648
14.42759314
10.88793929
0.8828502526
2.695803112
14.49043864
20.03457646
3.096328613
9.260614474
10.47504968
20.98210785
15.78387684
7.351915987
12.30050609
10.25221203
5.854722233
15.05765879
14.81101426
3.23619529
1.968763715
23.80238949
22.81088777
15.05786501
17.62298859
4.635499176
11.03411545
5.158688392
5.123505423
14.88716806
9.661080955
22.52300833
76.16595513
12.93690595
8.016842319
0.1781744731
8.776293078
33.63794985
42.42118091
9.74340246
22.08123669
3.950160945
22.96368793
9.88980205
16.02564021
13.79316295
4.65799585
9.601910226
38.89506476
16.56444886
12.20564812
12.83007426
0.4144699274
0.6036776012
2.424228554
3.990591442
9.541615571
6.375676918
40.09021671
94.33541762
3.706031466
7.496051383
6.196391658
15.92782932
2.991548348
36.02683951
10.61213121
1.510037504
10.95407225
0.1210268637
2.453306801
16.15005704
7.216889946
0.1811463593
6.130487795
7.636670368
23.23831526
8.185200043
27.37581656
14.65783271
3.845810432
6.16528493
5.674769442
0.1259994589
0.3639391386
0.5029916458
2.373340898
9.960787611
11.41218282
0.04373059557
22.47961024
3.813346584
0.294904964
5.468708598
5.910679146
1.870278491
7.306360655
3.876455599
1.964574088
3.217636513
4.478365834
18.33687544
12.57854188
16.32739517
7.662205894
2.93565726
10.54308523
2.106114553
45.17637595
19.23662938
0.1376818904
45.56227826
5.853543455
6.039225247
10.02183071
1.984329587
5.051276373
5.516906833
1.870783632
10.0567773
2.33806684
9.522016177
2.934144055
13.05689429
11.46318007
10.88966475
4.89851289
9.888346252
3.694007882
5.108282951
26.16840703
5.495768006
2.852282439
6.849428962
7.383459993
13.26489242
10.41353307
6.643504217
9.860281881
0.09779144337
3.953287592
3.42729042
148.155226
15.182851
8.324635805
93.10618534
3.256759409
0.5435495764
4.197595738
0.2328907563
8.856876306
9.56246897
22.27383653
0.2877385183
4.517188234
4.683441161
2.033206117
0.9822762354
20.77695271
15.95543284
9.906234424
0.1988637569
2.484358285
2.019066723
13.90802009
32.19898228
10.88752493
6.768469969
0.09594002494
0.1204735738
11.79103665
0.1390207434
2.609999962
6.232940526
2.360289482
0.1801472769
1.927835326
17.03717595
37.03919149
1.201829242
41.76836798
0.09115342374
2.061667593
5.849915509
14.97444057
12.29887972
6.725547586
9.365581982
2.273970814
4.638195449
10.17063783
5.275999516
13.95110976
0.2507614589
10.71988275
7.063117331
14.74019036
8.979159512
24.85242316
5.707221352
8.586500982
5.533675301
19.34970384
15.32179747
3.251290874
5.193631354
9.801167882
7.814245956
7.470942744
9.48161146
2.678883271
4.428279232
8.920630467
20.48109233
24.04600015
7.118263769
18.25268975
7.972765642
0.1226025062
5.240454818
2.927696366
11.01790359
3.923474364
2.359815169
5.247412934
15.64296597
3.760648119
5.799146368
3.697801479
6.940975184
13.19141171
9.085398206
17.81437402
9.249021038
9.691494654
8.761588959
0.6392230062
2.196847434
1.997474514
12.04928396
0.1115268219
1.940890218
14.00057607
1.975144249
12.53886647
0.1013857355
14.25265987
0.07992592642
6.214519364
4.163877912
0.3141312352
0.2949216455
1.494469139
3.183673522
3.631156222
0.02138125337
7.8056749
0.4584860934
0.1511369183
1.492572925
0.1006283091
0.115218836
6.361272623
11.2730841
0.1038897637
4.578100343
0.1262614774
0.1097869172
3.878916954
0.1740521434
0.2797972399
83.79970272
2.454090184
98.32137165
0.1082519651
2.650154468
0.02598797582
7.405939465
0.4997802814
8.66902113
6.17464324
24.27715621
15.44980702
0.06176453884
0.1600598913
13.07012777
0.09834864541
4.947212175
0.1418459762
3.037370554
2.798037934
3.60348327
0.07220372399
2.160670804
7.729734917
11.79834902
1.37574232
2.449860059
57.13889904
0.922233397
0.1197002783
80.23566739
109.8291084
0.1009738506
0.2596108241
0.7402436721
4.788290031
0.05510419299
0.3633766523
4.128239473
0.1375775134
9.39363988
7.096170568
0.04383421556
4.227866482
0.1068766554
5.056403234
0.0518140666
1.007228288
3.946974718
2.600873993
0.1578581735
3.656952005
0.1834010738
0.3004646105
9.858551067
0.2947069133
0.1172344507
3.377413074
3.665225137
2.119800338
1.759356893
6.061820342
5.170189234
8.418714578
14.95059205
4.830578368
4.505957982
5.858091164
2.937446837
4.408107362
4.349710621
26.95176768
9.319343972
3.905087191
8.131509809
1.812123899
1.885791298
3.370518464
59.69587988
4.698500036
5.97547975
1.622943134
7.800184914
0.4376765613
3.10144347
1.010077995
1.059114758
3.084957197
0.1028445
3.981614032
0.1092379384
0.05379143707
5.51761349
0.03991303256
0.1879473061
0.01228598485
0.07688629396
0.68509828
0.1857771208
4.356395108
21.75178131
0.1620413915
0.2115486082
2.724524519
9.628672355
2.486918926
0.08000161444
13.47116043
10.01153337
13.39320964
18.05847888
3.042167916
0.1202495086
0.09659256931
0.05259006733
6.950474115
0.04555031455
2.224015904
2.626361335
3.706918262
0.05611595297
12.79159375
3.971327268
10.1560794
7.025558564
2.457492811
7.354266292
12.74082304
10.62952076
3.393340167
0.1018439878
0.1162038087
15.86817494
10.22229474
2.235083766
0.05137515473
9.213017106
3.363489284
3.88340052
20.05287822
2.730559649
0.2138199829
5.644435489
0.1106219658
0.3070339449
4.728736246
0.09194115129
6.469874072
0.111693389
4.002940254
7.519493063
8.429832485
0.1880984538
0.6910469867
0.2558955369
1.901120503
0.04270053425
0.1287954814
5.615806499
1.618609823
0.05535019159
0.1592288316
18.84319387
28.6878298
14.38698245
3.297934019
5.239445359
15.42003824
2.257208318
0.06342745362
23.77209422
6.470684709
4.735388865
1.939485808
21.64619237
3.946263743
19.67038374
8.261256482
2.152037644
10.63884584
0.3315735254
2.360643752
1.199310483
0.1933053779
10.59722727
6.417503145
10.43444564
0.03574334967
11.82227348
5.464465462
1.879681656
10.37632509
1.755713171
4.74370689
12.61859776
0.09294881399
0.1142668117
1.995415582
0.8319739481
11.70949448
49.4260616
4.968532815
15.5528312
0.3369005519
0.3485018489
1.700677473
11.48909517
0.1929319211
0.1052809751
0.6017290208
0.08204695885
5.731080654
5.707135808
2.587902981
1.05571564
3.090858586
0.2533708234
0.1118595556
20.14437695
0.2353151929
3.904272915
0.01658522741
5.813482683
0.1366302619
0.151056366
2.801838268
2.244833102
6.209221406
0.1088775393
0.09043712412
1.556692457
1.76972475
0.0721784847
1.669707213
10.34610649
0.7903115311
3.557369421
0.2690105161
0.06276186288
2.438122973
4.138017556
21.46543113
6.581974601
9.086173853
0.108490064
7.590782308
14.43324955
6.727926864
60.16270691
1.962822851
0.6585154871
0.1688453091
0.02117014441
0.8698896841
0.2391692492
0.1175403995
0.05373688286
0.07117814779
3.541166952
4.820695765
2.673032688
0.09145472842
1.48446108
0.1074195924
0.7982981427
0.6130295355
8.640368781
0.6081006106
6.99200046
0.2522154521
7.409416076
1.280422308
7.850259048
0.2892558649
0.1084214017
0.07019071481
3.991714976
0.1971622496
3.874933305
1.253608062
34.39442226
4.15972514
13.52038448
0.2234382519
0.06634494407
0.06423776116
1.816470436
2.94610634
2.657182617
7.005446966
4.123494544
0.1430096765
5.66838023
0.04794112301
3.621420337
5.37603402
3.503168406
0.09209074345
9.516751478
2.82993773
6.927069968
0.06699477234
3.351271549
6.886134614
13.27908538
1.894222075
0.03344668056
7.874170695
0.04633321704
4.30910435
1.238361106
6.291492556
6.504175512
0.05609959988
0.06887453571
4.15615761
3.448139272
10.58460042
9.529733142
11.97212054
0.1620093686
19.07596648
3.732712578
13.13022989
14.50726429
16.07188747
14.10563535
29.41980129
26.92027538
1.776754106
1.939842673
4.188475889
4.162458873
60.2195882
2.580144526
12.95168412
5.842392643
4.506472181
10.97001714
7.211509737
4.920327713
0.4344108851
5.66602362
0.1676920645
4.949351601
11.34907321
13.1616932
32.69934778
24.41050803
3.88062852
4.041925286
10.7916166
10.41423667
7.966032214
5.812938817
4.892819507
6.655746344
2.004462882
6.093592609
8.659554005
1.00850102
3.497403885
3.423756038
7.709833175
5.647256656
2.081013573
20.11723274
82.00315913
0.08840287115
1.840150674
9.556022191
7.446964551
16.65871468
8.059650664
5.896975256
5.493407351
4.862326296
2.36795953
4.839996943
10.11398722
0.00963823411
0.09690803106
2.808935525
2.106949123
1.263024379
13.32918737
4.343194615
7.019123898
6.037574092
2.772271685
5.241852546
9.423166974
2.017526102
0.08631043257
1.940408502
4.422184282
26.83158144
0.9865216878
1.324002287
3.60320547
0.09111759612
0.2195578319
0.3233703684
4.44298888
7.251448621
19.0896387
0.05114346953
4.575605629
0.04708735274
1.650839841
20.59393091
4.445698798
7.405211467
0.03978649561
1.80900516
1.890133962
8.435355434
28.42559424
43.72835448
8.022560729
0.04416259053
4.494802842
1.662941973
0.04861279454
4.049242019
2.336038344
0.03262102919
0.03920358292
1.807011686
0.8730213835
1.687027402
4.586231924
0.6172384934
0.4095863303
0.1150498545
0.02266825819
0.1794334258
0.04182528746
0.03303407049
0.03525830088
5.210727351
0.06135912249
7.468085804
1.714028165
1.445729162
0.0317833383
0.05077446373
0.09647477841
60.05342876
0.05743033956
15.90881032
6.75582216
5.024598659
2.263054691
1.709419871
0.1186353065
4.970354589
1.283166856
0.05224565846
0.03211286211
3.328416507
0.3884873848
2.177501816
2.039911496
6.128111501
2.437717332
0.1180499072
0.0626863249
7.423815453
0.2829458826
0.04095290166
6.447917966
2.514792075
4.960724021
0.1645374052
2.713181715
5.707152035
1.73410759
3.452464432
5.988782378
0.09142492646
4.550944701
1.004815304
11.0528676
3.47187108
2.92149661
0.04876516763
8.902728474
0.09901151697
0.9729938541
3.058020086
1.769535531
9.690316516
1.721271506
5.750453352
12.94299031
14.19549695
7.808288782
0.03859448273
13.60647542
1.77424211
7.934779573
0.05397755937
3.778508767
0.05518780408
20.31688668
0.08245314495
0.07197323717
0.43732295
1.818346135
9.042237128
4.530572804
7.908718501
13.59461556
10.88840122
0.08319127587
0.02454781034
5.526917099
41.30024975
59.50130251
20.55705541
18.27310187
30.18335706
0.0856408636
3.562430267
0.01698021827
3.298509094
5.217710865
0.11297669
0.100961681
7.025227701
0.4505606788
6.551150655
2.765091816
6.157400163
2.126042756
7.127771684
2.154969239
7.079086542
6.970089816
5.067929804
10.5859691
2.051133998
3.956700952
0.5274829182
0.03278751823
0.03855508964
6.638774539
1.531505985
6.061009716
4.855053142
0.006581734485
1.935920641
6.928935206
12.6702553
0.1637209343
0.2492431435
2.563704305
2.159050603
3.214752643
1.105029306
0.008856467795
6.702262376
0.09616552504
9.563090891
0.06814495047
8.670514655
7.852548344
0.1239085665
0.07333522905
2.994351681
0.2189815986
4.650132123
10.04788433
4.143619123
1.948590513
5.237525909
5.348025842
5.597510983
11.27466426
2.301798632
10.95158694
6.177403399
4.732259393
6.21796933
6.092238106
2.418424757
3.737358767
5.754676725
8.874996456
1.939290614
3.931315365
7.584714837
12.4750249
28.29503647
0.1199218747
2.114744935
0.06948419615
6.614327023
1.991015047
16.60524273
16.55695701
8.547692335
2.078385165
3.871207777
8.23450771
10.81861334
15.78348928
9.863137764
1.871394102
21.78909684
4.16560348
7.755598698
0.2581367207
6.189887633
12.74351465
8.222844646
0.1973280074
10.41520593
5.55435728
9.35331601
1.828650958
8.847679914
15.77136951
2.119213569
6.534338074
0.1010165029
0.1000968753
0.04737119365
0.05559682503
0.2704405386
3.087833005
27.98309333
15.47268171
7.963218382
1.966459444
16.29326681
0.05333668005
7.491982556
0.2542442305
6.706084425
5.483584663
4.838138628
0.1478865793
6.522373534
9.833093887
15.37642135
0.06982294557
7.390294144
2.964110006
6.548299119
3.259650372
11.61003748
9.749436484
0.4768253002
5.247715047
11.47202622
12.06104107
1.713114987
12.82528623
10.64574451
2.160184439
3.715613295
6.754175215
11.84863963
8.391987187
0.5634873874
3.741947254
0.001138820725
0.006540699019
6.129815389
2.130146569
0.225540283
4.305844239
6.35137584
0.4168882841
1.866232793
0.06006067546
1.846062504
42.69088123
7.819197214
0.04762451441
0.02792446991
2.911235607
1.921825119
9.299868623
6.939404576
5.739928098
0.04638637177
0.1447435248
20.60906883
1.649243332
2.179591827
11.84745507
4.031511407
0.01078123799
3.453429307
0.04350448481
5.81636787
3.018092344
4.620620718
1.989873841
1.746449705
44.46510527
13.77315802
12.26768281
7.687873385e-15
0.04424588181
1.908375363
0.0567644504
7.864782868
2.495631512
0.03197077929
0.06918150132
6.208511077
1.705425566
8.519189407
0.04782368792
0.6610034992
0.02135841021
0.2143221697
21.61665108
7.418012613
0.01465945604
2.12192897
1.141778968
7.295414019
0.0149222795
0.1590196892
0.06581142458
0.0888319308
3.024179195
2.320472637
0.08065472429
2.153390434
2.131081964
9.273783443
0.1544116313
0.2326635372
2.268017266
1.905063249
6.134365733
2.94262324
4.22015384
2.37588427
17.57524401
32.15845722
0.08944395585
1.031338581
0.04330578349
2.817663298
0.2016152197
0.00554435534
1.701247948
2.719254601
0.02275098447
0.005646428816
0.04814017154
0.07722166965
1.847220763
7.080033665
6.785780676
3.526948071
2.922286689
0.08905922209
0.00497197636
0.0596936507
2.785958956
2.076567387
0.02472575779
10.35506952
5.938460849
3.351146995
1.768372016
1.803876357
3.690797539
0.2185814255
0.1209426936
2.425427269
0.09242223189
0.02295629876
3.688445813
0.1014172333
0.0401336789
0.03275119998
0.03025452275
0.04465218553
0.1081261593
3.790205595
4.099924148
0.07953218989
0.1037723489
0.2395339286
1.543782695
2.087044288
4.663997367
2.152577641
3.373738855
0.08767746269
2.006355013
6.008559236
4.007054978
1.742563448
9.214500307
2.408823813
14.17174908
7.954544009
0.01267752119
1.824222557
12.11680018
12.96291762
8.588123459
0.07422898142
5.284844784
19.85664408
0.0396819376
1.327436897
15.5859562
1.256109579
3.344539061
0.06845457687
3.35263436
5.673791746
3.071128116
5.17738646
0.0105524757
0.08970875877
13.68723972
15.10674922
12.94864272
0.03130139395
1.632743593
5.66876289
8.481837845
3.487107937
0.08102502388
6.533793003
0.1435133394
2.820380936
0.05959156315
2.851173258
1.488068264
2.284022688
22.35998034
7.336931602
6.613127303
4.615437753
0.1936683492
1.68484802
1.601968163
4.682005749
3.556860869
0.06425347886
0.04505276658
0.05071036036
4.675202334
3.260200056
0.04051552656
6.702561586
4.544509818
0.5733412276
3.126343463
17.0499357
8.979543857
1.899588896
3.346116603
5.418965583
2.217469788
8.250200631
0.1897277751
0.03107593331
1.950382125
1.72733111
0.5292790212
0.003352229592
1.61198962
11.93069606
1.816934202
0.03761016158
0.05399474281
0.8923878762
0.01054080593
0.02692028692
0.05393526387
1.294995014
0.1717372527
0.1355559513
0.09849246566
2.547961888
0.01401701782
0.04961509337
0.06232242057
0.0361864604
0.02722064449
0.06455670943
2.600312596
34.01811553
1.749569582
0.02907768339
0.4008908374
0.06183672888
0.4074092686
12.91897077
2.020096277
1.668450484
0.08065019643
0.04716677188
2.702401984
0.09212365355
0.2027039519
0.1687039237
0.1078241118
0.1620200893
2.721144761
0.1239315763
0.02378091762
0.0283754763
0.01139830404
0.07361654694
0.2774207771
0.02319968277
0.003193073283
0.008613715989
0.05719725675
0.2524098149
0.02682435473
2.923963033
0.04471743879
0.06899594788
0.01940322245
0.1013776867
1.913802699
6.576100616
0.01462891321
0.07012240416
3.327007515
0.04092032074
0.06389348882
0.04496168481
0.005373126143
0.01464651565
4.062680048
0.1652093
4.596875353
3.805840711
10.18667919
2.610003301
8.932678721
4.922745013
6.563789655
20.74687749
0.0385452566
0.1009720141
0.04624837806
0.06262977017
0.01392811804
0.07282754495
5.01555983
0.004292357196
0.07015367955
0.003330920313
0.003184825136
0.03377666401
0.06045981266
3.587469129e-07
0.09907308355
0.007299153331
1.830333025
2.271806638e-10
5.157975685
1.792448674
0.4220584294
7.084014605
12.99447493
0.006495319443
0.007301308464
7.315395311e-06
2.413758009e-05
2.803929553
0.05551723827
3.284343384
0.04132805683
8.99992468
1.960529469e-08
13.8260997
1.62338706
2.645872438
4.456226673
4.360208167e-10
0.02514968324
0.03727909241
1.304157189e-08
33.4429799
0.004523388624
0.3760947076
4.417088342
0.004797493989
2.342503212e-09
6.935974076
3.751545736
0.003389854878
0.003455677403
0.04417288077
0.01506054491
3.289983294
0.006043798814
2.420157629
2.08168925
0.01416329126
0.08044786937
5.798137415
2.114725703
0.04942215213
1.642957194
1.654845687
15.00098818
1.929046357
10.42015627
0.007929873091
0.06104349301
0.08485726957
0.04133834631
0.1019919927
3.737796929
0.04336996785
0.1811012086
0.1115562229
17.21811635
0.05910845168
2.336794252
0.01071512442
0.03493913621
4.739856277
8.614105391
55.76613041
3.396236527
9.66615438
0.03993290662
1.566726397
4.707813303
16.68951137
1.881952819
6.528126682
11.05161165
1.888914972
1.699931457
11.68283466
2.908436679
1.266750893
0.03723124363
5.931542417
0.006467562973
0.002537132049
102.0939058
0.0423664124
3.295790413
0.004528444153
0.3073770419
1.708020537
4.229880346
9.508342316
2.205734601
0.05089025008
1.925204738
0.1546786096
1.291851258
2.318687059
0.04460052203
1.818828189
8.049635102
4.229441916
0.01154634546
0.03550017494
0.06371158235
4.273005206
0.02467964696
0.02135210551
0.01137850991
6.184678252
0.03119668253
0.0001540582753
0.001041531093
6.610994339
0.03084846826
0
0.03713674225
0.003099210336
6.867270141
3.567474265e-10
7.671490362
4.261070563
8.495663403
9.680941955
0.8710955091
2.287078059
11.65985832
12.43717211
5.841781676
8.943753738
6.92855128
4.351551189
4.270320802
1.936501333
0.08022129278
0.1390398631
1.761487326
1.719621085
1.726366699
0.5089604115
6.821258907
0.1647473608
0.03728109029
0.06500183952
0.05006568337
0.09443926272
8.898829651
2.085538856
49.25938539
0.05613290874
112.933875
4.815717547
0.02294162346
1.987126979
19.64901275
41.55637226
6.783503846
6.872625782
0.02791693712
7.306952686
0.02471328408
7.762030208
0.04582286285
4.563138586
0.002961862126
0.02101863299
0.01204001054
0.02392265956
0.1351937781
1.600858088
0.006313796331
0.03086292204
38.48323328
8.347010801
12.10536459
3.139891901
4.79804258
0.003663336087
23.10815203
0.0103682368
5.216729775
1.060593093
0.3261854529
0.150649484
18.95803428
0.01540569979
0.6069371612
8.272643573
0
3.829628337
1.410810426e-12
6.869896441
2.957434671
1.153418705
5.834816469
0.02628693832
0.008895821621
0.03979710332
77.86002785
0.02472944877
5.451430018
9.863975858
0.04010755101
0.1944009969
0.001431456414
9.356124492
8.90261488
0.01232907243
1.718171021
1.814548294
10.8846844
0.7260274354
5.700567647
0.02815308475
0.005320518811
0.02425849412
0.004828318891
9.646347937
0.02946275615
3.729614711
1.721498613
0.05202927977
7.250177912
16.80615862
1.276260248
3.665603371
0.01127288442
7.423499926e-07
4.862954863
4.163007014
3.067853315
2.338053794
0.001833586311
0.01834944496
0.1991113959
0.2049997445
2.431663075
5.233535375
0.002697743597
1.77282041
4.371448602
2.312097609
8.045723724
29.3548797
1.836821516
1.958456432
0.01598043099
1.752300678
1.75299923
1.908594579
3.163349545
0.006484170635
0.06849097273
0.000680013029
0.01024555262
0.1551489754
0.002014902812
0.04560593178
0.004150016129
1.877006956
3.399090034
10.77362228
9.542655969
0.02930118412
0.03656258923
0
0.001001208619
0.001269626854
2.976959309
0.2878352262
0.0002280904992
1.066731676e-10
4.344895912e-08
0.01925817277
0.199379366
3.26919022e-08
0.005900712745
7.144734171e-16
0.01612565805
0.003595945762
1.644654036e-07
4.783483267e-10
0.02965744519
0.04025222607
0.1190622208
0.03232985625
1.646408001
2.87305083
7.508351186
0.09021189299
0.00272679408
0.02298086542
0.005296853432
0.04841016647
1.65818908
0.05297519332
0.02141342547
0.01835469323
0.2548755563
1.94292641
28.74868892
0.01173193411
5.441549828e-05
0.003945445825
0.1265545852
1.800398321
0.003243701439
4.149738912e-05
0
0.006779500597
0.0007647525013
0.0007019930886
0.0001217099382
0.009373690722
0.04292915582
0.00431984819
2.77413591
0.007750585292
0.009671245153
0.01552683405
0.009134672195
5.447591728
0.01647058322
0.001725153938
5.345819599
0.0001228491061
0
2.54224073
0.5666973719
0.0009541815887
0.001526406344
0.01098632464
7.334462011
14.15945364
0.009454554769
0.005169379684
0.003665305125
0.01125360636
3.664649568
4.892371321
0.0003527034841
2.485591914
0.02060819847
5.653622203
2.404640401
8.276772301e-06
1.91376017
5.50207243
1.342921264e-06
4.502234619
7.522431311
9.550065438
0.01991326742
1.432690998e-11
0.03732084557
0.01484448313
7.359691162e-05
6.110542551
1.948635514
1.815266934
0.001982762155
0.0008317508703
10.94633195
2.843840795
0.02400754879
0.008801484297
10.16418755
4.681171284
0.0001118350373
2.121336858
0.007066196833
1.667813219
0.0157079613
6.674039493
0.02058607855
4.857059039
7.575679151e-07
4.614724218
0.006944949247
0.01373767506
0.02102845131
0.917663387
0.005256360618
0.01606549616
0.05385478164
148.4873661
0.04033853227
8.789505694
0
0.001713029429
0.01839083888
0.01540005198
0.0001812503335
7.303800622
0.009605659039
0.008037972816
0.1776770136
0.1726644768
0.02009978697
0.06891163739
7.620502048e-10
5.393489396
0
6.613239995
5.478482136
0.002390254364
0.04237803787
3.160944118
3.50695129
3.939136862
3.191512551
2.701644434
0
2.411650999
0.01281614321
7.514739238
10.11741182
0.01875646475
1.51575788
8.352352747
5.366074423
0.01695096988
0.0001684396787
0.0007208160779
5.643868718
2.513960239
2.322618481
0.7949608144
44.39579748
59.09714207
45.17070348
91.47789196
7.656420973
1.714431323
0.004405316569
0.002889429569
4.283203367
0.02511283872
0.007193978698
0.005048986635
0.004173481339
0
0.06657749998
3.62197997
0.05865681102
0.01197177016
0.02410633157
3.069295383
0.01675264809
0.006125321478
0.6893477851
2.737393371
2.360570327
0.01214573276
1.564006066e-12
1.936930863e-08
2.073839486
1.726323373
1.628336652
11.20630329
33.41950143
0.02456772707
0.03851728483
0
1.110719556
2.296151401e-14
2.853116426e-05
16.54279168
0
37.48342347
20.3683477
6.676555868
0
2.812735555
0.03504868312
0.006916757637
1.528171369e-12
0.04745988931
1.385796276
10.73795441
4.034762425e-07
0.0139252177
0.00530957155
0.02642505162
0.01197284276
7.201155756
16.37662049
0.00124220951
1.224959938e-06
0.0005472713613
0.002064293154
0.001670057217
0.001873546319
0.006451932467
0.1016887209
0
0.001010323352
0
0.0002367218633
0.004021353063
0.03456236107
0.004375761539
0.0446867219
0.009581711589
0.01860820085
2.351815069e-05
0
2.120108638e-14
0.0005721565167
0.02931380591
0.9455283497
2.044540388
0.01777944183
7.986197231
1.813390938
5.436323972
0.03449810829
0.05128296616
0.01777062545
0.05433475725
0.04202420635
0.009922370115
0.002154120439
0.8613532733
0.1101802718
0
0.006497640298
4.396843786
0.0217340202
3.516666766
0
0.9458742589
0.02648061588
0
3.261432741
0.04416127618
0.002595861915
2.276155128
2.124534768
1.958014522
0
1.700289568
6.225324272e-06
7.416800621
4.357387086
0.004823813454
26.8086056
0.2344294976
4.23608599
5.168358161e-11
1.69422159
1.568007933
0.0186823789
1.760924941
7.291873223
0.00223936015
1.346699002
1.762300428
0.03073956623
0.002234631985
0
0.05507568964
0.002018394436
6.647890727
0.05054128537
0.004088934107
0.01879762301
0.006308701989
0.004590443311
1.384086129
0.05670582299
0.02736013972
0.1278059764
5.337801707
0.007985275034
0.01199832989
0.02132444709
1.602608612
0.001503440067
0.006486357371
0.1020923315
5.331281667
0.002069031518
0.008585796554
0.005199224003
3.866276335
0.0811648196
0.05380113727
0.02160492479
0.002784506334
3.242949526
0.09343279793
0
3.586777562
0.01408959942
1.505511453
0.01970523961
2.479945655
0.01812845282
2.911002153
4.398830698
0.06180332075
3.367751135
0.004162467895
1.950378276
1.646089697
0.02447535742
0.07339043587
10.75876533
4.027954886
3.360075938
0.007065339586
0.6521338442
0.5973113959
