#################################### 
# Matrix Size= (25,25,400)
# Resol      = (1,1,4000)
# VoxelSize  = (25,25,0.1)
# nbVal      = 4000
#################################### 
2.045687093e-05
2.100343923e-05
2.109854415e-05
2.155604511e-05
2.113399368e-05
2.118222888e-05
2.113276002e-05
2.125300869e-05
2.137682308e-05
2.155979548e-05
2.158239631e-05
2.149574048e-05
2.151860556e-05
2.129614405e-05
2.153704159e-05
2.182046011e-05
2.161053447e-05
2.14330085e-05
2.2047365e-05
2.173237186e-05
2.18747556e-05
2.205303582e-05
2.173906707e-05
2.198340449e-05
2.1656969e-05
2.174397534e-05
2.152482136e-05
2.180676709e-05
2.127545464e-05
2.197709401e-05
2.180081706e-05
2.166320858e-05
2.158719577e-05
2.186081756e-05
2.174000424e-05
2.163876711e-05
2.194726061e-05
2.181169437e-05
2.169042897e-05
2.213751776e-05
2.195082054e-05
2.197947299e-05
2.207232595e-05
2.171879861e-05
2.205663741e-05
2.191591484e-05
2.191206481e-05
2.213383423e-05
2.223777171e-05
2.202954632e-05
2.227826149e-05
2.2074642e-05
2.195088151e-05
2.193634944e-05
2.191499734e-05
2.207924751e-05
2.162521489e-05
2.209717409e-05
2.208680177e-05
2.235815874e-05
2.213856616e-05
2.205407273e-05
2.215960952e-05
2.192307772e-05
2.183105467e-05
2.20181e-05
2.225759188e-05
2.241515385e-05
2.228978002e-05
2.226525015e-05
2.225300174e-05
2.193122408e-05
2.244139624e-05
2.22415988e-05
2.217042495e-05
2.229711215e-05
2.200009941e-05
2.242545505e-05
2.251625084e-05
2.23185087e-05
2.209677842e-05
2.212391773e-05
2.239270752e-05
2.235609801e-05
2.228671344e-05
2.246308518e-05
2.255276026e-05
2.211672066e-05
2.244008723e-05
2.273896803e-05
2.272070938e-05
2.268465298e-05
2.268042234e-05
2.242614125e-05
2.231384632e-05
2.20194715e-05
2.243355681e-05
2.28632243e-05
2.263250577e-05
2.27461147e-05
2.273752602e-05
2.241402334e-05
2.226848584e-05
2.253084889e-05
2.288568666e-05
2.224356256e-05
2.265882173e-05
2.257385892e-05
2.277465918e-05
2.292701907e-05
2.288255842e-05
2.261762812e-05
2.255408043e-05
2.260228384e-05
2.287713138e-05
2.282836158e-05
2.247093272e-05
2.245361884e-05
2.265968819e-05
2.264876205e-05
2.310285194e-05
2.295551786e-05
2.278296346e-05
2.278822623e-05
2.314412335e-05
2.269686596e-05
2.266481061e-05
2.249020336e-05
2.255526791e-05
2.270501685e-05
2.28117433e-05
2.290007862e-05
2.283031737e-05
2.302780606e-05
2.311259226e-05
2.278129287e-05
2.306782402e-05
2.264453968e-05
2.301239084e-05
2.283567066e-05
2.318673204e-05
2.269755771e-05
2.277581743e-05
2.305161573e-05
2.293911561e-05
2.299839561e-05
2.28558415e-05
2.284126421e-05
2.294734987e-05
2.296592323e-05
2.280207994e-05
2.288640242e-05
2.351398622e-05
2.320401086e-05
2.309383881e-05
2.316307922e-05
2.286645213e-05
2.285872326e-05
2.329940046e-05
2.274511846e-05
2.328678052e-05
2.340516264e-05
2.254320176e-05
2.266136448e-05
2.306431052e-05
2.27340356e-05
2.334091687e-05
2.334614586e-05
2.299485431e-05
2.2902949e-05
2.344292626e-05
2.311431754e-05
2.326625915e-05
2.306625766e-05
2.302289156e-05
2.332786697e-05
2.313510812e-05
2.270964028e-05
2.283298024e-05
2.33557446e-05
2.315677651e-05
2.329045983e-05
2.355293382e-05
2.332648997e-05
2.35245687e-05
2.347576866e-05
2.346230483e-05
2.301677271e-05
2.365858595e-05
2.347793502e-05
2.375025217e-05
2.335235676e-05
2.330496314e-05
2.362629059e-05
2.32569037e-05
2.325820929e-05
2.29994455e-05
2.352683488e-05
2.306100498e-05
2.371930742e-05
2.332851874e-05
2.332860989e-05
2.364418989e-05
2.31269326e-05
2.358206717e-05
2.348384168e-05
2.345166838e-05
2.35673569e-05
2.371486775e-05
2.389915707e-05
2.351442401e-05
2.384376728e-05
2.344170359e-05
2.375063099e-05
2.357329917e-05
2.337735351e-05
2.359845011e-05
2.34448871e-05
2.338976221e-05
2.352735923e-05
2.302923479e-05
2.362255548e-05
2.35953671e-05
2.388243393e-05
2.369044447e-05
2.366774012e-05
2.360732647e-05
2.391079662e-05
2.387400333e-05
2.327465382e-05
2.363749336e-05
2.348924633e-05
2.405701634e-05
2.394717532e-05
2.372335564e-05
2.391775822e-05
2.348477842e-05
2.345205165e-05
2.375937624e-05
2.347284651e-05
2.39254618e-05
2.359887918e-05
2.387075151e-05
2.408060462e-05
2.339610437e-05
2.411374247e-05
2.382640547e-05
2.356373091e-05
2.379836826e-05
2.382668995e-05
2.362129223e-05
2.410771688e-05
2.385851172e-05
2.393022884e-05
2.381848401e-05
2.387451253e-05
2.367040123e-05
2.401823166e-05
2.378865062e-05
2.345089083e-05
2.405911291e-05
2.364728178e-05
2.386913761e-05
2.41049751e-05
2.444228894e-05
2.389990539e-05
2.385064858e-05
2.401238053e-05
2.437482726e-05
2.381849324e-05
2.441310448e-05
2.423254094e-05
2.373821107e-05
2.413178021e-05
2.420091557e-05
2.390836105e-05
2.436263112e-05
2.414728127e-05
2.396658852e-05
2.416908202e-05
2.391724464e-05
2.407637873e-05
2.434419155e-05
2.395215075e-05
2.423650192e-05
2.400483037e-05
2.431202095e-05
2.432188172e-05
2.404879338e-05
2.419480082e-05
2.407277655e-05
2.435087427e-05
2.396845562e-05
2.408481935e-05
2.389859751e-05
2.425888031e-05
2.415960277e-05
2.405786818e-05
2.431429217e-05
2.389187158e-05
2.45199308e-05
2.427799615e-05
2.443773762e-05
2.439035051e-05
2.450819619e-05
2.450050886e-05
2.412734268e-05
2.460284451e-05
2.458914658e-05
2.467524523e-05
2.429400514e-05
2.421543475e-05
2.439853022e-05
2.446810264e-05
2.444392104e-05
2.419938131e-05
2.394641637e-05
2.484357527e-05
2.422353073e-05
2.446839587e-05
2.432109611e-05
2.484922039e-05
2.397223065e-05
2.471099098e-05
2.447382672e-05
2.476481499e-05
2.440191314e-05
2.476719576e-05
2.420957357e-05
2.442199688e-05
2.455760259e-05
2.432451067e-05
2.436208064e-05
2.457037709e-05
2.454848125e-05
2.444010517e-05
2.467041139e-05
2.50896709e-05
2.445381357e-05
2.445149875e-05
2.43865504e-05
2.459374863e-05
2.473351304e-05
2.473716409e-05
2.487947168e-05
2.489483601e-05
2.485437505e-05
2.471687198e-05
2.462991286e-05
2.452279834e-05
2.424988875e-05
2.448189139e-05
2.475743849e-05
2.474409529e-05
2.499526868e-05
2.451381341e-05
2.459545129e-05
2.455912205e-05
2.485380889e-05
2.489203653e-05
2.456784934e-05
2.463506275e-05
2.504001212e-05
2.488287957e-05
2.47636832e-05
2.529806101e-05
2.484327144e-05
2.462577002e-05
2.473573318e-05
2.484700861e-05
2.507843634e-05
2.543499066e-05
2.518018491e-05
2.464925246e-05
2.534318809e-05
2.551469083e-05
2.491185236e-05
2.493444564e-05
2.501662388e-05
2.465624914e-05
2.463224964e-05
2.489657301e-05
2.520568614e-05
2.550282959e-05
2.477742668e-05
2.478183498e-05
2.48325511e-05
2.538393799e-05
2.534328334e-05
2.538155986e-05
2.493878774e-05
2.550495269e-05
2.543531889e-05
2.539420918e-05
2.514914271e-05
2.527621669e-05
2.519548438e-05
2.504926629e-05
2.486015754e-05
2.522890987e-05
2.533720646e-05
2.509360067e-05
2.563488058e-05
2.498005576e-05
2.546553483e-05
2.557947506e-05
2.521727419e-05
2.54466001e-05
2.477283763e-05
2.541529575e-05
2.556075013e-05
2.531027732e-05
2.55129813e-05
2.528998745e-05
2.523594928e-05
2.566813816e-05
2.543334242e-05
2.52901674e-05
2.549780749e-05
2.510114362e-05
2.572410256e-05
2.54686901e-05
2.542835051e-05
2.554071019e-05
2.523399829e-05
2.547340133e-05
2.543980404e-05
2.552904202e-05
2.532091942e-05
2.543583969e-05
2.57291044e-05
2.530994974e-05
2.582266914e-05
2.563926535e-05
2.548155583e-05
2.560835092e-05
2.536074798e-05
2.538955305e-05
2.55328297e-05
2.594377215e-05
2.569091485e-05
2.578855416e-05
2.53169706e-05
2.556688002e-05
2.581347941e-05
2.568525321e-05
2.562033257e-05
2.562850044e-05
2.594690328e-05
2.571057418e-05
2.578707386e-05
2.576026124e-05
2.560407928e-05
2.592571361e-05
2.583189531e-05
2.599233847e-05
2.588507089e-05
2.574449652e-05
2.570394262e-05
2.555740767e-05
2.570737989e-05
2.598697603e-05
2.586554665e-05
2.573882588e-05
2.575206108e-05
2.593208114e-05
2.560386819e-05
2.607495151e-05
2.600782769e-05
2.594161687e-05
2.569663005e-05
2.595818642e-05
2.610614211e-05
2.587832747e-05
2.595543371e-05
2.59816542e-05
2.617622997e-05
2.631997528e-05
2.593893868e-05
2.589397743e-05
2.610728308e-05
2.61326282e-05
2.607550988e-05
2.601214042e-05
2.588412655e-05
2.620310556e-05
2.608590319e-05
2.624900519e-05
2.608027463e-05
2.625011098e-05
2.585238741e-05
2.630498958e-05
2.633625213e-05
2.592369531e-05
2.616871189e-05
2.64379932e-05
2.628486499e-05
2.630594804e-05
2.643908273e-05
2.618288131e-05
2.616214851e-05
2.650599867e-05
2.604891818e-05
2.632342061e-05
2.656765111e-05
2.615233782e-05
2.639512433e-05
2.639543182e-05
2.607345317e-05
2.656819055e-05
2.623424271e-05
2.694952417e-05
2.663840402e-05
2.65176464e-05
2.602931549e-05
2.621174703e-05
2.652794621e-05
2.69426796e-05
2.666341512e-05
2.690021577e-05
2.625621651e-05
2.623704254e-05
2.749212837e-05
2.659064717e-05
2.676968834e-05
2.63232772e-05
2.668057825e-05
2.682380437e-05
2.683671033e-05
2.615929762e-05
2.619699252e-05
2.664137467e-05
2.66985163e-05
2.716384328e-05
2.663466834e-05
2.633006486e-05
2.668846499e-05
2.644459266e-05
2.703758588e-05
2.667483353e-05
2.671453639e-05
2.679796212e-05
2.677597374e-05
2.661412067e-05
2.660441365e-05
2.679428366e-05
2.678936875e-05
2.677713531e-05
2.701901542e-05
2.707008521e-05
2.712909165e-05
2.701376009e-05
2.653656888e-05
2.673480491e-05
2.653283324e-05
2.713186838e-05
2.697869272e-05
2.729222173e-05
2.695450301e-05
2.685597652e-05
2.660567295e-05
2.713793428e-05
2.705002118e-05
2.706666341e-05
2.701496517e-05
2.709360919e-05
2.657837653e-05
2.672085742e-05
2.700648019e-05
2.735062593e-05
2.688488833e-05
2.682848539e-05
2.702016906e-05
2.719821807e-05
2.746044062e-05
2.71354688e-05
2.731110094e-05
2.724546928e-05
2.718139625e-05
2.727200187e-05
2.705633395e-05
2.752171674e-05
2.723482122e-05
2.745123224e-05
2.729619939e-05
2.718714588e-05
2.725799029e-05
2.73311359e-05
2.722094666e-05
2.723732393e-05
2.712793467e-05
2.716037821e-05
2.80051517e-05
2.726367559e-05
2.748011201e-05
2.769230804e-05
2.761516403e-05
2.747084892e-05
2.774255232e-05
2.75689239e-05
2.730429601e-05
2.734225666e-05
2.747617492e-05
2.714746142e-05
2.742784877e-05
2.735877902e-05
2.762029105e-05
2.723990361e-05
2.747166813e-05
2.800858167e-05
2.789792134e-05
2.769555411e-05
2.748513231e-05
2.808125528e-05
2.751937784e-05
2.773158434e-05
2.770815466e-05
2.786056732e-05
2.805782146e-05
2.755144249e-05
2.772303862e-05
2.763721038e-05
2.829623185e-05
2.767896348e-05
2.814400826e-05
2.810947755e-05
2.782583025e-05
2.780559061e-05
2.787219259e-05
2.806545341e-05
2.779470859e-05
2.76647951e-05
2.783144842e-05
2.788658208e-05
2.805183882e-05
2.798048757e-05
2.766339344e-05
2.775623873e-05
2.787194228e-05
2.835444282e-05
2.836472086e-05
2.776056878e-05
2.778428976e-05
2.790692281e-05
2.803511758e-05
2.803071163e-05
2.808578591e-05
2.807846599e-05
2.817665118e-05
2.842943381e-05
2.803635963e-05
2.82889639e-05
2.808762623e-05
2.801758027e-05
2.857831633e-05
2.862220823e-05
2.790040658e-05
2.852486668e-05
2.838051344e-05
2.831934684e-05
2.84135719e-05
2.805662538e-05
2.819539179e-05
2.812514382e-05
2.855743309e-05
2.841262476e-05
2.868223708e-05
2.797236419e-05
2.888064232e-05
2.861598765e-05
2.846957384e-05
2.837725383e-05
2.867785161e-05
2.866112698e-05
2.891218691e-05
2.878463295e-05
2.868016033e-05
2.853211421e-05
2.82855026e-05
2.881224225e-05
2.83091343e-05
2.885555809e-05
2.83817984e-05
2.883356649e-05
2.886983451e-05
2.888181583e-05
2.873928492e-05
2.880811905e-05
2.850962635e-05
2.850401945e-05
2.857120897e-05
2.857121488e-05
2.873453524e-05
2.924125664e-05
2.85364714e-05
2.875419339e-05
2.881671173e-05
2.933109768e-05
2.887540486e-05
2.897868123e-05
2.905417274e-05
2.941461376e-05
2.920860277e-05
2.922535561e-05
2.869175683e-05
2.886077199e-05
2.919692115e-05
2.899977784e-05
2.90968164e-05
2.867623293e-05
2.904343214e-05
2.915163294e-05
2.939126995e-05
2.935925026e-05
2.927277457e-05
2.917716832e-05
2.904591777e-05
2.968649891e-05
2.917986548e-05
3.008923191e-05
2.960437373e-05
2.98960782e-05
2.95460336e-05
2.920027905e-05
3.024949581e-05
2.932207112e-05
2.989155171e-05
2.925557105e-05
3.007365211e-05
2.9783709e-05
2.928391524e-05
3.034589981e-05
2.968825578e-05
2.933075761e-05
2.952931608e-05
3.007381404e-05
2.990521246e-05
2.969572191e-05
2.958309768e-05
2.969180334e-05
3.000458012e-05
3.045610987e-05
2.97030257e-05
2.998658299e-05
2.996422526e-05
2.976954462e-05
3.010051522e-05
3.026905304e-05
2.998173628e-05
2.986261281e-05
2.975913456e-05
3.017613095e-05
3.029480031e-05
3.004906171e-05
3.019644039e-05
3.038394927e-05
3.028804486e-05
2.983604074e-05
3.005500986e-05
3.00060055e-05
2.972759486e-05
3.075172251e-05
3.055607696e-05
3.004017529e-05
2.968228262e-05
3.074231026e-05
3.069808924e-05
2.993455087e-05
3.088280066e-05
3.082082593e-05
3.043152118e-05
3.067484304e-05
3.074882958e-05
3.105942741e-05
3.00183568e-05
3.104898573e-05
3.073233271e-05
3.072867884e-05
3.049807958e-05
3.056547653e-05
3.050731764e-05
3.077760132e-05
3.026001398e-05
3.04604869e-05
3.118227223e-05
3.087040687e-05
3.111153496e-05
3.062453739e-05
3.09938188e-05
3.079503137e-05
3.114039516e-05
3.073778926e-05
3.099129281e-05
3.043578876e-05
3.108713117e-05
3.136035181e-05
3.141339026e-05
3.10351474e-05
3.11672073e-05
3.109124097e-05
3.108582101e-05
3.128156549e-05
3.140068289e-05
3.12248329e-05
3.142110228e-05
3.054598308e-05
3.1232789e-05
3.15149541e-05
3.19103256e-05
3.150129721e-05
3.181884607e-05
3.177900257e-05
3.131009601e-05
3.143914711e-05
3.14918241e-05
3.1774497e-05
3.188950339e-05
3.141445339e-05
3.154971687e-05
3.182796147e-05
3.186709384e-05
3.153525074e-05
3.126237557e-05
3.196104203e-05
3.146507886e-05
3.170760196e-05
3.195072325e-05
3.140560561e-05
3.251677888e-05
3.198497423e-05
3.208855504e-05
3.202574243e-05
3.22723631e-05
3.236088201e-05
3.238621995e-05
3.248917908e-05
3.174753776e-05
3.199890111e-05
3.247577549e-05
3.22275093e-05
3.24239577e-05
3.21499051e-05
3.232458614e-05
3.228930358e-05
3.210025819e-05
3.217856417e-05
3.200937723e-05
3.268286529e-05
3.196519503e-05
3.267986366e-05
3.232864563e-05
3.26049817e-05
3.254840278e-05
3.258358844e-05
3.282101206e-05
3.267060559e-05
3.322134303e-05
3.262355505e-05
3.215818702e-05
3.321994023e-05
3.272146762e-05
3.300469259e-05
3.269670706e-05
3.33603509e-05
3.321820553e-05
3.314453695e-05
3.27389161e-05
3.249504455e-05
3.308333554e-05
3.329362006e-05
3.309090547e-05
3.332291178e-05
3.318257148e-05
3.344008738e-05
3.32737324e-05
3.37475181e-05
3.317506783e-05
3.331647332e-05
3.311455832e-05
3.326916999e-05
3.314257986e-05
3.344504597e-05
3.383074112e-05
3.38032118e-05
3.332785085e-05
3.311865605e-05
3.350165723e-05
3.396383082e-05
3.382589324e-05
3.397418561e-05
3.320768073e-05
3.426360237e-05
3.364054356e-05
3.424858205e-05
3.362270498e-05
3.419252635e-05
3.410475392e-05
3.432770644e-05
3.395899006e-05
3.451287029e-05
3.466589035e-05
3.415514183e-05
3.449416565e-05
3.37484095e-05
3.381923985e-05
3.42650545e-05
3.429096444e-05
3.470482412e-05
3.444917162e-05
3.45923204e-05
3.43031681e-05
3.460505625e-05
3.438479868e-05
3.489935283e-05
3.46745593e-05
3.477949211e-05
3.525889574e-05
3.495357845e-05
3.507837538e-05
3.500168046e-05
3.550834572e-05
3.495539308e-05
3.529454504e-05
3.546460441e-05
3.502484058e-05
3.503839532e-05
3.540402418e-05
3.533518262e-05
3.541280048e-05
3.572761042e-05
3.534442895e-05
3.529231142e-05
3.565150131e-05
3.601469579e-05
3.532314342e-05
3.612519195e-05
3.569176731e-05
3.587976954e-05
3.593096728e-05
3.5796203e-05
3.622330206e-05
3.612166429e-05
3.593432711e-05
3.602537106e-05
3.630720443e-05
3.614224062e-05
3.602618517e-05
3.627060468e-05
3.555067827e-05
3.649006849e-05
3.652465932e-05
3.67125428e-05
3.634042207e-05
3.647264363e-05
3.691326068e-05
3.665350825e-05
3.646560528e-05
3.706721325e-05
3.714350343e-05
3.621770814e-05
3.665842071e-05
3.604492331e-05
3.706588839e-05
3.676738849e-05
3.654211747e-05
3.670127688e-05
3.662278372e-05
3.719263648e-05
3.758458318e-05
3.726041724e-05
3.765983231e-05
3.711832371e-05
3.733686778e-05
3.738491894e-05
3.777171191e-05
3.752223075e-05
3.759725966e-05
3.715925281e-05
3.75861681e-05
3.787517388e-05
3.815347449e-05
3.79293367e-05
3.743166481e-05
3.858195584e-05
3.806926029e-05
3.808511045e-05
3.83996792e-05
3.793430356e-05
3.783485419e-05
3.823060063e-05
3.855479386e-05
3.853656715e-05
3.805551785e-05
3.841294893e-05
3.8686561e-05
3.915052871e-05
3.821755865e-05
3.892837359e-05
3.887693567e-05
3.902035701e-05
3.877954032e-05
3.900456332e-05
3.927328665e-05
3.892136868e-05
3.9239168e-05
4.009550454e-05
3.916266312e-05
3.936717038e-05
4.000751609e-05
3.977927286e-05
3.914671153e-05
3.958151972e-05
3.991079076e-05
4.002161054e-05
4.000684811e-05
3.971973063e-05
3.974057343e-05
4.047987312e-05
4.043773146e-05
4.054182995e-05
4.035436174e-05
4.043520238e-05
4.106258592e-05
3.981394817e-05
4.102006894e-05
4.062786021e-05
4.06633159e-05
4.129936598e-05
4.132820882e-05
4.034341669e-05
4.113924634e-05
4.138240056e-05
4.10265358e-05
4.141662541e-05
4.159888583e-05
4.130815394e-05
4.145380125e-05
4.156167835e-05
4.141697846e-05
4.253319831e-05
4.247358381e-05
4.232293337e-05
4.212582924e-05
4.207728038e-05
4.182405676e-05
4.234856879e-05
4.267136272e-05
4.258073293e-05
4.29931486e-05
4.292805035e-05
4.336939819e-05
4.256887448e-05
4.234008008e-05
4.348577267e-05
4.319405466e-05
4.388522191e-05
4.379478415e-05
4.352402974e-05
4.347442318e-05
4.400883789e-05
4.434340112e-05
4.414174252e-05
4.362351883e-05
4.413863664e-05
4.503722584e-05
4.42395979e-05
4.507097048e-05
4.480534055e-05
4.523376749e-05
4.492706076e-05
4.53421824e-05
4.459501068e-05
4.540625407e-05
4.512212551e-05
4.593580757e-05
4.573895001e-05
4.65009885e-05
4.572579158e-05
4.623596356e-05
4.564608273e-05
4.633528545e-05
4.62045689e-05
4.632764533e-05
4.683233451e-05
4.692985552e-05
4.743360407e-05
4.727767665e-05
4.773521023e-05
4.734231609e-05
4.723174969e-05
4.744879632e-05
4.799288725e-05
4.852526779e-05
4.828303974e-05
4.898576048e-05
4.803325926e-05
4.819287825e-05
4.849750601e-05
4.852266939e-05
4.93386862e-05
4.888986717e-05
4.885759123e-05
4.996838781e-05
4.998715211e-05
5.043560543e-05
5.024383885e-05
5.006276106e-05
5.01849163e-05
5.102208934e-05
5.16167383e-05
5.022998117e-05
5.234693504e-05
5.077306732e-05
5.19461093e-05
5.125849459e-05
5.238567822e-05
5.166726482e-05
5.176676306e-05
5.231923054e-05
5.303181187e-05
5.342098163e-05
5.269605944e-05
5.330064743e-05
5.319277521e-05
5.459187051e-05
5.417352602e-05
5.308614466e-05
5.532824489e-05
5.522494626e-05
5.586676617e-05
5.500706594e-05
5.546442809e-05
5.605373809e-05
5.698291992e-05
5.560817939e-05
5.769737132e-05
5.631299437e-05
5.717549076e-05
5.744808665e-05
5.857126471e-05
5.790130021e-05
5.847146605e-05
5.844569433e-05
5.962455745e-05
5.932578154e-05
5.864254339e-05
5.995255893e-05
6.006828539e-05
6.062458643e-05
6.050441485e-05
6.270971275e-05
6.133146867e-05
6.210901555e-05
6.243791651e-05
6.221384529e-05
6.438975434e-05
6.344815886e-05
6.525059994e-05
6.53810053e-05
6.612240335e-05
6.635857472e-05
6.656674494e-05
6.712053316e-05
6.622980522e-05
6.839226536e-05
6.819501188e-05
6.881307578e-05
7.003627516e-05
7.004198539e-05
7.007681651e-05
7.131743297e-05
7.115661226e-05
7.376844279e-05
7.306579308e-05
7.374387056e-05
7.419463349e-05
7.473917113e-05
7.549231061e-05
7.605356112e-05
7.779872101e-05
7.959606807e-05
7.894944991e-05
8.019169348e-05
8.15794958e-05
8.045744021e-05
8.03668193e-05
8.298229193e-05
8.38424811e-05
8.384380519e-05
8.459227885e-05
8.651761338e-05
8.670226968e-05
8.689093798e-05
8.907146144e-05
8.914533104e-05
8.869688052e-05
8.817501733e-05
9.018285586e-05
9.100057854e-05
9.194201119e-05
9.084210169e-05
9.293130225e-05
9.182597821e-05
9.275355351e-05
9.258779103e-05
9.115221547e-05
9.334653829e-05
9.147613174e-05
9.214311478e-05
9.307085637e-05
9.247482016e-05
9.179877101e-05
9.156341429e-05
8.989912245e-05
8.989655328e-05
8.978738128e-05
8.766094576e-05
8.774874172e-05
8.675293709e-05
8.559836469e-05
8.295125187e-05
8.201617086e-05
8.018456623e-05
7.97776095e-05
7.840455803e-05
7.569922842e-05
7.425781857e-05
7.298906225e-05
7.044951269e-05
6.831616867e-05
6.739013564e-05
6.49253922e-05
6.279982184e-05
5.977376165e-05
5.769952157e-05
5.612376582e-05
5.381736194e-05
5.134110973e-05
4.910471338e-05
4.692119699e-05
4.537673954e-05
4.372671584e-05
4.153820689e-05
3.959181331e-05
3.627747935e-05
3.478503748e-05
3.289186336e-05
3.092176839e-05
2.890745477e-05
2.722699092e-05
2.503050129e-05
2.350819967e-05
2.269514961e-05
2.126958961e-05
1.946400596e-05
1.772183167e-05
1.603479703e-05
1.501587545e-05
1.394648432e-05
1.216287942e-05
1.194796415e-05
1.095262738e-05
1.006316298e-05
8.704888348e-06
7.941197636e-06
7.253168692e-06
6.855931353e-06
6.343436053e-06
5.577410593e-06
4.816987449e-06
4.42193695e-06
4.072688948e-06
3.606422982e-06
3.201575041e-06
2.854400666e-06
2.536772287e-06
2.149044483e-06
1.8849653e-06
1.704996497e-06
1.435311022e-06
1.336278849e-06
1.191609308e-06
1.141917558e-06
1.017737568e-06
8.598712481e-07
6.430127719e-07
6.890936702e-07
6.117447005e-07
4.762251213e-07
4.423351578e-07
4.23771628e-07
4.22735762e-07
3.073146806e-07
2.560927484e-07
2.280009237e-07
2.207441995e-07
1.4384667e-07
1.962225033e-07
1.613477427e-07
1.455665275e-07
1.128175149e-07
1.392323367e-07
1.247061112e-07
1.501195783e-07
7.763466958e-08
6.715218811e-08
1.015150692e-07
6.992956498e-08
5.765253304e-08
6.117848238e-08
4.619598795e-08
6.561967368e-08
3.166494475e-08
7.217589781e-08
6.30163274e-08
3.526899762e-08
4.049363379e-08
2.75050637e-08
6.592418626e-08
7.619928488e-08
4.264775731e-08
5.418550724e-08
5.731436795e-08
5.486363525e-08
6.792970313e-08
8.961133543e-08
6.286133135e-08
4.828732909e-08
3.699162814e-08
4.827624236e-08
7.570224844e-08
5.851395067e-08
3.073244172e-08
4.417088922e-08
5.964743302e-08
6.86398901e-08
8.36013752e-08
4.037791933e-08
7.360018834e-08
5.593017178e-08
4.990458528e-08
7.821804826e-08
5.79497502e-08
3.690460833e-08
3.393653378e-08
3.88831536e-08
3.803257673e-08
4.40037237e-08
4.844722429e-08
7.036890769e-08
7.206028859e-08
3.177113424e-08
7.241740521e-08
5.426302857e-08
6.733196495e-08
8.231412899e-08
7.790232984e-08
6.763781164e-08
6.153694014e-08
1.034783537e-07
4.539129047e-08
4.964033018e-08
7.782690651e-08
8.518555653e-08
5.926059255e-08
5.58870656e-08
3.620222534e-08
3.457741631e-08
6.545373652e-08
4.396814886e-08
3.487368517e-08
2.682502786e-08
6.660671394e-08
5.30994039e-08
3.949550193e-08
7.387781095e-08
4.003180591e-08
7.212460763e-08
6.849158267e-08
4.299799474e-08
4.298474856e-08
5.757887958e-08
5.806944987e-08
5.132581205e-08
6.391123184e-08
4.237336887e-08
2.760504651e-08
7.042295245e-08
3.35291545e-08
4.718621219e-08
4.354583374e-08
4.117685792e-08
3.162614827e-08
5.343079551e-08
3.784643331e-08
5.692034531e-08
7.920841799e-08
6.340971892e-08
6.197492076e-08
5.693214721e-08
4.771112408e-08
4.925275388e-08
5.970909948e-08
4.194516899e-08
4.384302609e-08
4.72683615e-08
2.353395966e-08
1.188535042e-08
7.108725461e-08
4.73317181e-08
4.3408618e-08
6.536809836e-08
3.779977844e-08
4.830231251e-08
3.672391374e-08
5.405961249e-08
3.64184788e-08
2.83450431e-08
4.430486643e-08
4.092676955e-08
2.995380363e-08
2.827739827e-08
3.35528248e-08
4.508209621e-08
5.379930155e-08
3.184446637e-08
6.106097208e-08
2.757777494e-08
2.539369925e-08
2.682013392e-08
4.116879402e-08
3.742219797e-08
4.013138025e-08
4.112912402e-08
4.088392293e-08
4.059187267e-08
2.533655904e-08
3.733270017e-08
2.775357555e-08
4.056903401e-08
2.620309867e-08
5.397490712e-08
2.469470749e-08
3.218754995e-08
3.826820123e-08
4.355753665e-08
1.983413034e-08
1.946829915e-08
2.87415695e-08
2.812909647e-08
3.006688683e-08
2.020586274e-08
6.249057861e-08
2.763460814e-08
5.094875768e-08
3.867838055e-08
1.923471251e-08
4.663265376e-08
4.799471365e-08
3.594920777e-08
2.36351919e-08
4.673935146e-08
4.380055038e-08
4.828121636e-08
4.004171883e-08
7.653589325e-08
4.276819163e-08
4.542680708e-08
7.729315033e-08
4.099711196e-08
3.727456102e-08
3.496605087e-08
3.084258223e-08
3.528920983e-08
6.079960584e-08
3.611233181e-08
3.724180785e-08
4.398028031e-08
3.578881305e-08
3.221503465e-08
5.036862825e-08
3.891655128e-08
3.407112681e-08
3.55083013e-08
2.581774532e-08
3.155133663e-08
2.202412369e-08
4.645933371e-08
4.695683297e-08
2.786183506e-08
2.948860927e-08
1.898823734e-08
5.015363329e-08
5.170455703e-08
3.104830757e-08
3.640469618e-08
2.625831373e-08
2.968984969e-08
3.04047301e-08
3.695276818e-08
5.484770132e-08
4.356543478e-08
3.905286975e-08
2.724850271e-08
5.264720262e-08
5.35495661e-08
3.817334625e-08
3.184324189e-08
3.288941325e-08
4.664253598e-08
2.651253299e-08
3.332097372e-08
1.773830659e-08
3.776183592e-08
3.63646093e-08
3.587213132e-08
4.236314609e-08
3.668577138e-08
2.907940685e-08
5.442719808e-08
2.961552441e-08
3.35963299e-08
4.621260779e-08
5.931279642e-08
2.322675783e-08
2.774940887e-08
4.614396458e-08
4.423935446e-08
3.464906718e-08
3.372599029e-08
2.460664287e-08
3.682797265e-08
1.770265084e-08
2.961666771e-08
3.642214826e-08
4.782947508e-08
4.532640099e-08
1.822303023e-08
4.002053425e-08
2.334810736e-08
3.900985837e-08
2.833391856e-08
2.326521954e-08
3.960003312e-08
4.737619852e-08
2.568314212e-08
3.207940933e-08
3.120816981e-08
3.459028009e-08
4.623782625e-08
3.789335182e-08
3.691357542e-08
4.348304674e-08
6.617924925e-08
2.927803546e-08
3.447849464e-08
3.212846332e-08
4.168645671e-08
3.698698645e-08
2.710296717e-08
1.84657956e-08
5.559732725e-08
6.834946258e-08
3.35661635e-08
3.054584523e-08
5.121008412e-08
3.799993793e-08
4.965325537e-08
5.319375453e-09
3.980855495e-08
3.651413554e-08
2.409553584e-08
2.133322031e-08
3.639666514e-08
3.091266247e-08
4.050853495e-08
2.667889453e-08
3.850651638e-08
3.933946141e-08
2.171134962e-08
4.250550265e-08
3.233715769e-08
4.720721105e-08
4.529554849e-08
8.520789382e-08
4.734521383e-08
4.649181354e-08
4.355590641e-08
2.560984656e-08
1.765835461e-08
2.328319221e-08
1.685730223e-08
2.495763379e-08
1.707589523e-08
2.073365388e-08
2.021196993e-08
3.716168511e-08
3.090441371e-08
1.933157163e-08
3.470190796e-08
4.669234714e-08
2.617475493e-08
2.36325902e-08
4.182657878e-08
2.645875789e-08
2.907202529e-08
2.881875512e-08
2.705619524e-08
2.712589838e-08
1.929039807e-08
2.037810417e-08
2.431320548e-08
4.580094492e-08
1.707074047e-08
3.184178923e-08
4.092322136e-08
3.857129763e-08
3.688372532e-08
4.091069942e-08
4.009072992e-08
3.197267932e-08
4.736318598e-08
3.0249997e-08
2.978001327e-08
2.604492005e-08
5.348089898e-08
1.748221691e-08
3.439312588e-08
2.935036457e-08
1.121042172e-08
2.984181623e-08
2.407738314e-08
4.02453348e-08
2.517572346e-08
3.465881277e-08
3.616847727e-08
4.464096675e-08
2.53771399e-08
2.861885081e-08
3.499171097e-08
3.741581e-08
2.514508644e-08
3.117304047e-08
2.516341558e-08
2.13795474e-08
1.722401972e-08
2.765641825e-08
2.761881135e-08
2.967751526e-08
4.219312417e-08
1.01088742e-08
3.513442837e-08
2.184219455e-08
9.701482967e-09
2.03194351e-08
5.025881888e-08
2.629431973e-08
1.9881755e-08
2.591827593e-08
2.372531822e-08
3.529059905e-08
2.279871956e-08
3.133835239e-08
3.265068418e-08
3.957558419e-08
5.591968028e-08
4.743721514e-08
4.494023877e-08
5.49474404e-08
2.026785424e-08
1.92368911e-08
2.133053688e-08
3.877874894e-08
2.259471279e-08
2.706993129e-08
2.984587835e-08
2.467759716e-08
3.511442987e-08
1.24323219e-08
4.634220151e-08
3.461433607e-08
3.071586444e-08
2.72083896e-08
2.863739229e-08
4.075904303e-08
4.637132867e-08
2.474148106e-08
1.738441301e-08
4.178751603e-08
4.793176186e-08
2.191504784e-08
2.35513009e-08
2.569496692e-08
1.686669888e-08
1.832646517e-08
2.636931574e-08
2.556261542e-08
8.06133091e-08
4.53178803e-08
5.17598009e-08
3.667605862e-08
3.864669913e-08
2.541047348e-08
3.953341936e-08
2.510460201e-08
2.021249697e-08
4.251924147e-08
2.293684957e-08
3.144937564e-08
2.726972523e-08
3.593090768e-08
1.747455088e-08
1.826176411e-08
3.339072253e-08
2.287846976e-08
1.118581814e-08
1.680263437e-08
1.402891104e-08
4.852732365e-08
4.596173108e-08
3.457755415e-08
6.009800175e-08
1.687350689e-08
1.29341489e-08
2.695237907e-08
1.841947929e-08
2.040400865e-08
2.647627453e-08
2.780176354e-08
2.130449048e-08
2.599815595e-08
5.307725756e-08
2.343512758e-08
2.875609164e-08
2.066685034e-08
3.547321534e-08
2.480384936e-08
2.200612586e-08
4.41714002e-08
1.307910685e-08
2.666317266e-08
4.652077386e-08
4.445828273e-08
6.692340593e-08
4.30557079e-08
2.619195943e-08
3.808419848e-08
3.768380143e-08
4.461908651e-08
2.182218535e-08
3.100347808e-08
2.202637066e-08
2.410771893e-08
2.330267174e-08
2.730803194e-08
3.346663045e-08
3.786351437e-08
2.671593162e-08
3.998531282e-08
3.15649567e-08
2.173905037e-08
4.114099192e-08
2.23079077e-08
2.500690088e-08
3.635193006e-08
4.915946661e-08
2.133386612e-08
3.040323858e-08
2.554923551e-08
8.773228769e-08
2.532139246e-08
5.445442756e-08
4.162994744e-08
9.466844922e-09
1.928605326e-08
5.005521797e-08
4.581526674e-08
3.056106507e-08
2.51467183e-08
1.597681357e-08
3.317502842e-08
3.896949559e-08
2.886942671e-08
1.06223847e-08
5.207831881e-08
1.310168826e-08
1.50481498e-08
1.681756891e-08
4.645438036e-08
1.242179859e-08
8.558993795e-09
1.312047664e-08
1.613729871e-08
1.704516426e-08
1.624195826e-08
2.134761125e-08
2.393778165e-08
1.924084196e-08
1.803025267e-08
1.363571858e-08
1.61617461e-08
2.313037091e-08
1.742459449e-08
1.100521098e-08
8.277903752e-09
2.419420209e-08
3.086200978e-08
3.208825788e-08
1.459089567e-08
1.889759106e-08
1.985344334e-08
2.399097686e-08
2.55942483e-08
1.961834493e-08
2.268881965e-08
2.116739844e-08
2.226928984e-08
1.63598643e-08
3.130536085e-08
9.674842487e-09
1.953744409e-08
2.676639894e-08
1.058199227e-08
2.413370595e-08
3.123365382e-08
1.099009453e-08
7.798565906e-09
5.883985076e-08
1.441868147e-08
3.226685226e-08
2.548455657e-08
1.528955984e-08
9.252336578e-09
1.548097212e-08
2.325960701e-08
1.490072615e-08
3.057274321e-08
2.278066495e-08
1.663290984e-08
3.430803324e-08
2.294763384e-08
2.837816926e-08
2.510959091e-08
2.67257565e-08
2.677986826e-08
2.506682155e-08
1.885510461e-08
6.072069662e-08
2.450042694e-08
3.749649703e-08
3.747009886e-08
2.649162476e-08
2.581345112e-08
2.492495518e-08
1.41644283e-08
2.651985735e-08
2.563776123e-08
1.60764272e-08
3.245586298e-08
2.028017182e-08
2.783351601e-08
3.270882401e-08
2.192574561e-08
3.031279261e-08
2.401267104e-08
4.602299162e-08
1.936512961e-08
1.884492374e-08
1.209472265e-08
1.343258077e-08
1.238992346e-08
2.24863693e-08
6.032542782e-09
2.421529164e-08
6.471919658e-09
2.438580911e-08
1.659390538e-08
4.862470376e-08
1.080848403e-08
2.630505336e-08
1.142438233e-08
2.500911058e-08
1.322934532e-08
1.099157974e-08
1.172975089e-08
6.73836492e-09
2.081525559e-08
1.173361815e-08
2.161655805e-08
4.062439373e-09
1.826730356e-08
1.838562777e-08
1.559825432e-08
1.166547002e-08
2.491372928e-08
1.238527009e-08
1.758621095e-08
8.508400695e-09
2.125790085e-08
1.545004558e-08
1.979546217e-08
1.421745846e-08
2.184719776e-08
1.483965878e-08
1.666668581e-08
1.459977632e-08
1.018353825e-08
1.221969229e-08
4.679260367e-09
1.838334512e-08
4.249824347e-08
2.948597251e-08
4.296837853e-08
4.00346623e-08
2.549731859e-08
1.96455276e-08
1.73455978e-08
3.013533911e-08
6.126943744e-08
1.811123311e-08
2.895436148e-08
3.248585902e-08
5.910681961e-08
1.045629439e-08
2.027830866e-08
1.569535599e-08
2.066069514e-08
1.383114977e-08
2.095518105e-08
8.137162072e-09
2.339563176e-08
5.398845965e-08
6.025815709e-08
1.341966281e-08
1.738960856e-08
1.767675227e-08
2.574835556e-08
3.961447366e-08
2.009614342e-08
1.694841579e-08
2.387295235e-08
6.847787569e-09
1.60521596e-08
2.313276502e-08
1.703337959e-08
2.717639309e-09
1.215862534e-08
1.352768024e-08
2.465064164e-08
2.550344862e-08
1.835109222e-08
2.175639426e-08
2.75398368e-08
3.176933361e-08
5.912358165e-08
1.415142458e-08
2.16114021e-08
1.243936577e-08
1.068098263e-08
1.747448017e-08
1.161784786e-08
2.123187867e-08
1.185230445e-08
1.51762437e-08
1.845112988e-08
2.334099202e-08
2.151256463e-08
2.501874124e-08
1.744530833e-08
3.128754269e-08
2.75554858e-08
1.678996176e-08
1.31522738e-08
3.590875813e-08
4.099007684e-08
1.473436061e-08
2.682950191e-08
2.311387908e-08
2.299464544e-08
3.424047949e-08
2.578536493e-08
1.671153989e-08
1.434076447e-08
1.209004352e-08
1.797676882e-08
1.716779712e-09
6.039028922e-09
5.410617142e-09
8.055811947e-09
1.222433064e-08
3.69153166e-09
1.552124321e-08
5.874631746e-09
1.106294215e-08
9.918098872e-09
6.907786347e-09
1.226968482e-08
2.681632991e-09
4.307157293e-08
2.301112391e-08
3.026770207e-09
2.84108108e-08
3.570903501e-08
7.331703873e-09
1.244005817e-08
2.292900825e-08
2.27615267e-08
2.12106519e-08
1.118227119e-08
1.757920177e-08
6.960109286e-09
1.524424169e-08
9.699955094e-09
1.923806404e-08
8.98311784e-09
1.258561989e-08
1.079804154e-08
1.665559264e-08
1.97553368e-08
9.67948666e-09
4.350935533e-09
2.418002167e-08
7.92483845e-09
1.115669457e-08
1.480721524e-08
2.21241409e-08
2.578393176e-08
1.095955244e-08
1.068073279e-08
1.176788102e-08
1.952305193e-08
1.939172847e-08
2.885832534e-08
2.029800927e-08
2.4083242e-09
2.025625619e-08
2.126524687e-08
3.592297107e-08
3.216469295e-08
1.704124144e-08
2.298969583e-08
3.040378444e-08
1.851732885e-08
1.801762504e-08
3.067952807e-08
4.039726069e-08
3.785781242e-08
2.427181512e-08
2.03492781e-08
1.457715196e-08
2.325655271e-08
3.394634476e-08
2.957063779e-08
4.276322586e-08
4.07607156e-08
1.319746391e-08
2.391020365e-08
1.421173052e-08
7.369220546e-09
3.313537339e-08
1.941938343e-08
2.373062863e-08
3.074455552e-08
8.673966039e-09
1.248662617e-08
8.264730402e-09
1.177087739e-08
3.079267582e-08
3.044515777e-08
2.010203312e-08
1.457322136e-08
6.734067715e-09
1.049394403e-08
1.979998764e-08
1.106641964e-08
2.010332605e-08
2.803741529e-08
2.041028226e-08
1.818257361e-08
1.130740894e-08
8.275152745e-09
1.835666726e-08
8.089608037e-09
1.389064067e-08
4.8632103e-09
3.756072188e-09
8.028638335e-09
1.753440576e-08
4.168892684e-09
1.255774269e-08
2.590007985e-08
1.069802263e-08
7.533989565e-09
8.549262194e-09
1.553661055e-08
1.050222308e-08
5.2951113e-09
1.634878982e-08
4.96908234e-08
1.593186762e-08
2.063869491e-08
1.559391164e-08
1.413187335e-08
1.542082601e-08
6.336816226e-09
8.415676446e-09
1.237159991e-08
2.506397905e-08
2.920053072e-08
8.087374337e-09
2.948183743e-09
2.57536958e-08
1.115557057e-08
9.673223657e-09
8.360055593e-09
2.14516112e-09
3.623984604e-08
2.042866739e-08
1.948587939e-08
1.452309209e-08
9.989171382e-09
2.358853859e-08
4.262576316e-08
5.846594042e-08
1.419683783e-08
2.701667844e-08
2.34433208e-08
9.84471731e-09
1.823146971e-08
1.877810638e-08
1.572189302e-08
1.95455986e-08
2.824704775e-08
1.752574187e-08
4.627797332e-08
2.934948999e-08
9.258828989e-09
1.25723444e-08
3.285414385e-08
6.809292222e-08
1.25605094e-08
8.460764504e-09
1.96049308e-08
1.518234853e-08
1.610561001e-08
2.294149748e-08
2.270441104e-09
1.288943582e-08
1.921073241e-08
1.711455142e-08
5.801439144e-09
9.348185977e-09
1.805277642e-08
2.453693029e-08
7.336853339e-09
1.038851506e-08
1.72127626e-08
1.975856687e-08
1.669666008e-08
1.222985786e-08
2.007270723e-08
2.091735466e-08
1.369400242e-08
1.779149963e-08
2.401128044e-08
7.459155531e-09
6.488737999e-09
2.509623832e-08
3.051019334e-08
2.761755954e-08
2.560439661e-08
1.311088798e-08
2.081205208e-08
1.204011638e-08
1.343759602e-08
2.647915613e-08
2.042135519e-08
3.06803824e-08
5.029398283e-08
1.817453165e-08
1.40290926e-08
3.45039272e-09
1.583409937e-08
3.049163771e-08
4.756332724e-08
1.831149106e-08
3.177103184e-08
1.05633706e-08
3.057842629e-08
1.509971503e-08
2.277161947e-08
2.322408642e-08
7.976176365e-09
1.318417878e-08
3.228135457e-08
2.221295425e-08
1.886002449e-08
1.710309268e-08
4.311884459e-09
4.81359684e-09
8.557980856e-09
8.131687279e-09
1.54457891e-08
1.341748025e-08
3.320291136e-08
4.006160505e-08
7.929805863e-09
1.091844762e-08
1.212541806e-08
2.189844974e-08
5.1430052e-09
1.677138349e-08
1.335866228e-08
6.206877125e-09
1.704100313e-08
2.334677464e-09
7.746496121e-09
1.572209889e-08
1.184264412e-08
2.750494974e-09
1.14360911e-08
1.411220018e-08
3.075122728e-08
1.442329664e-08
2.587386977e-08
1.802239728e-08
8.26619928e-09
9.011979274e-09
9.115875178e-09
2.426787908e-09
2.855572957e-09
4.068657748e-09
7.614471695e-09
1.942527902e-08
1.84349919e-08
1.036943287e-09
2.642349705e-08
9.50871752e-09
2.420345451e-09
1.044354905e-08
1.10609532e-08
5.03875341e-09
1.313257506e-08
1.096911976e-08
6.231750379e-09
6.998741399e-09
7.10088686e-09
2.298063316e-08
1.748307983e-08
2.034616456e-08
1.354591101e-08
8.657305346e-09
1.661398875e-08
5.950010328e-09
3.219059953e-08
2.349564665e-08
2.270668223e-09
2.76295355e-08
1.091352686e-08
1.186367546e-08
1.371776343e-08
6.891349607e-09
1.101090945e-08
8.613866199e-09
6.309977315e-09
1.699804684e-08
8.274141103e-09
1.630529203e-08
9.839693147e-09
1.737460485e-08
1.882483225e-08
1.849452863e-08
1.316431349e-08
1.556833769e-08
1.017826677e-08
1.466072136e-08
2.829104068e-08
1.36686192e-08
7.926332044e-09
1.088558018e-08
1.277223134e-08
1.668475677e-08
1.737839492e-08
8.382474088e-09
1.615001713e-08
2.441823098e-09
8.047171407e-09
8.708596708e-09
4.88024689e-08
2.304331802e-08
1.255468189e-08
4.599177952e-08
8.906253849e-09
4.682061997e-09
9.876292553e-09
3.788543787e-09
1.666752135e-08
1.338364605e-08
3.038045812e-08
2.414574463e-09
1.112201258e-08
9.746429891e-09
6.877999822e-09
4.915920427e-09
2.282836341e-08
2.017448263e-08
1.855092484e-08
2.314409501e-09
7.414926342e-09
5.936788363e-09
2.035259956e-08
2.265231267e-08
1.199743827e-08
1.024936026e-08
1.99479587e-09
1.974164903e-09
1.518708385e-08
2.590311203e-09
6.741880737e-09
1.1382311e-08
7.669629717e-09
2.579268216e-09
7.791541372e-09
2.091398577e-08
3.162658525e-08
6.562059799e-09
2.089558015e-08
2.16502102e-09
5.321269726e-09
1.206362952e-08
1.503988362e-08
1.554445705e-08
1.381750258e-08
1.616358227e-08
7.653569214e-09
9.694017654e-09
1.578816621e-08
8.345494487e-09
1.077338535e-08
3.221607368e-09
1.414492079e-08
1.421417135e-08
2.53418047e-08
1.858438914e-08
2.027626703e-08
1.277449038e-08
1.742444557e-08
1.297040248e-08
2.322557614e-08
1.88716938e-08
9.049772562e-09
1.283200984e-08
1.92672275e-08
1.027715893e-08
1.078816218e-08
1.30143739e-08
5.661837996e-09
1.086471005e-08
1.177785098e-08
2.205953571e-08
2.513422852e-08
1.406271336e-08
2.214602204e-08
1.493366475e-08
2.452772664e-09
1.134671007e-08
5.543514791e-09
1.096318727e-08
8.211275407e-09
5.671846608e-09
8.744688081e-09
1.8371736e-08
8.79575576e-09
1.13002631e-08
9.952304694e-09
1.250591306e-08
1.981431946e-08
1.710700011e-08
2.204983174e-08
1.194930621e-08
1.260752875e-08
1.377099655e-08
5.118176043e-09
6.551936043e-09
6.167849926e-09
1.905976454e-08
1.997984024e-09
6.087777438e-09
1.776254799e-08
5.2973289e-09
1.429053777e-08
2.07518316e-09
1.194934403e-08
1.905986054e-09
1.109476178e-08
9.58555915e-09
2.561091738e-09
3.381756257e-09
6.876170241e-09
5.018699044e-09
6.476006016e-09
9.268520478e-10
9.71279195e-09
3.427566627e-09
2.965474689e-09
4.789271467e-09
2.33486399e-09
2.131189045e-09
8.719715848e-09
1.1617201e-08
2.372954414e-09
7.676865168e-09
2.620607293e-09
1.588474678e-09
8.223380649e-09
2.187397531e-09
3.363972992e-09
2.954526243e-08
5.115657707e-09
2.657559449e-08
1.493850542e-09
6.315454333e-09
7.485065462e-10
8.896342592e-09
2.985820627e-09
1.15605441e-08
1.324066412e-08
2.379741601e-08
1.283807473e-08
1.453037469e-09
2.778479922e-09
1.546317971e-08
2.264705774e-09
9.776466246e-09
2.366784079e-09
7.342649994e-09
6.523233683e-09
8.80513553e-09
1.5725031e-09
6.281061684e-09
1.086090191e-08
1.344065357e-08
4.135964379e-09
5.951682151e-09
2.201256348e-08
3.817406217e-09
1.960548696e-09
3.386497279e-08
3.431923903e-08
1.51300769e-09
2.88078917e-09
4.756525913e-09
7.932694228e-09
1.09620831e-09
3.934572244e-09
7.219369159e-09
2.504056604e-09
1.442895891e-08
1.052430321e-08
1.237712282e-09
9.041524456e-09
1.691999111e-09
8.365121467e-09
1.202454309e-09
6.267384997e-09
7.325627139e-09
6.827913236e-09
3.071321964e-09
5.968471483e-09
2.589612885e-09
2.227604586e-09
1.647890798e-08
3.090635712e-09
1.920892366e-09
7.85281119e-09
6.929812822e-09
5.143094655e-09
5.142253639e-09
1.372908082e-08
1.071333018e-08
1.551308509e-08
1.763953925e-08
1.016898652e-08
9.588099889e-09
8.405435733e-09
4.884034983e-09
8.809908921e-09
9.762421569e-09
2.953443877e-08
1.268174641e-08
7.682943274e-09
9.790125333e-09
4.994117933e-09
5.451682414e-09
7.20011471e-09
2.71724238e-08
1.007001345e-08
8.638812563e-09
3.988124372e-09
1.126743959e-08
2.715719006e-09
5.455348677e-09
5.156552257e-09
4.591128955e-09
7.820199709e-09
1.839343851e-09
7.283244803e-09
2.533196063e-09
1.476708159e-09
7.987954169e-09
9.658598429e-10
1.768573947e-09
4.366413358e-10
1.599183712e-09
4.519818725e-09
2.088479709e-09
8.022492786e-09
1.740952986e-08
2.286433195e-09
3.198362272e-09
6.755586441e-09
9.824529536e-09
7.102712357e-09
1.792066204e-09
1.673442871e-08
1.589735013e-08
1.945285076e-08
2.375324771e-08
5.052690199e-09
1.880481582e-09
1.802687617e-09
1.074926608e-09
1.309940784e-08
1.091253121e-09
5.134174565e-09
6.476125431e-09
6.389092927e-09
9.204222498e-10
1.353224837e-08
7.945251939e-09
1.779293888e-08
1.291697995e-08
5.86283428e-09
9.891872751e-09
1.862187621e-08
1.431112477e-08
6.5508013e-09
2.085052746e-09
2.332859079e-09
1.228877322e-08
1.023290785e-08
5.052192079e-09
1.045737201e-09
1.465385199e-08
7.763465897e-09
1.061918428e-08
1.900076954e-08
8.708267164e-09
2.763815879e-09
6.985839511e-09
2.145355921e-09
2.828912097e-09
7.134305773e-09
1.610888789e-09
9.924354376e-09
2.396887041e-09
7.720573288e-09
9.687571244e-09
1.171344849e-08
3.15639695e-09
4.962457537e-09
2.597521858e-09
6.763021589e-09
1.139192653e-09
1.61676228e-09
8.5506786e-09
6.070797509e-09
1.720131754e-09
2.957891436e-09
2.228984387e-08
1.824197561e-08
1.587950253e-08
7.827365529e-09
1.1371255e-08
2.297913974e-08
4.350154529e-09
1.418980204e-09
1.538110718e-08
1.350379748e-08
1.104400433e-08
5.752502867e-09
2.803246067e-08
9.51645898e-09
2.357315356e-08
1.217840263e-08
7.386553754e-09
1.447328191e-08
3.45744222e-09
9.012770123e-09
4.305084271e-09
2.667527092e-09
1.489145611e-08
1.230041439e-08
1.603873622e-08
9.945109654e-10
1.488302854e-08
1.085576551e-08
5.336896224e-09
1.66055387e-08
5.128449778e-09
1.034801489e-08
1.805418954e-08
2.377548227e-09
2.629359451e-09
5.24890691e-09
3.7453612e-09
1.265447652e-08
2.334719351e-08
1.254353005e-08
1.58759991e-08
3.012567144e-09
2.818461283e-09
4.531424299e-09
1.701548659e-08
2.780567137e-09
2.127736585e-09
2.438361651e-09
1.554320808e-09
1.1656119e-08
1.059403652e-08
5.749502311e-09
4.288930467e-09
8.69054528e-09
3.352357662e-09
1.197462554e-09
1.908302222e-08
1.990254196e-09
8.785797448e-09
7.83237095e-10
1.050816931e-08
2.151294574e-09
2.7632411e-09
6.576428841e-09
8.146743363e-09
1.304532685e-08
1.790989134e-09
1.748285814e-09
4.112766788e-09
5.655860116e-09
1.791277465e-09
4.937137492e-09
9.195433304e-09
4.974708353e-09
7.203522254e-09
3.216291945e-09
1.358005561e-09
5.75863456e-09
8.868628036e-09
1.776590118e-08
1.030687597e-08
9.428801674e-09
2.247176404e-09
9.481252606e-09
1.741411852e-08
8.017797646e-09
2.955527053e-08
3.898538265e-09
4.007484389e-09
2.2066316e-09
6.116977203e-10
4.563895187e-09
2.811525883e-09
2.371974118e-09
1.249698979e-09
1.297706903e-09
5.768846067e-09
8.921509825e-09
7.026845624e-09
1.639735288e-09
3.683042614e-09
1.848896606e-09
2.82869675e-09
3.049969112e-09
1.063114012e-08
3.688494995e-09
1.366607159e-08
3.203546417e-09
1.198555955e-08
5.801977263e-09
1.186802149e-08
3.545623797e-09
1.892933119e-09
1.430752537e-09
8.623883941e-09
3.149186804e-09
6.894849145e-09
3.72923897e-09
2.061885835e-08
8.387603695e-09
1.80100258e-08
2.242420117e-09
1.087327013e-09
1.401045276e-09
5.012923131e-09
6.966967343e-09
6.483859947e-09
1.014387298e-08
7.110219128e-09
2.28366209e-09
8.928267561e-09
1.232011315e-09
7.072845174e-09
1.006311515e-08
5.13998007e-09
1.796667115e-09
1.297113309e-08
4.932754593e-09
1.048522691e-08
1.282834592e-09
9.356448777e-09
7.537701974e-09
1.440928497e-08
5.606506989e-09
8.743201888e-10
1.183843148e-08
1.078616784e-09
7.007829909e-09
3.662624646e-09
7.293918213e-09
1.124477589e-08
1.069317975e-09
1.286602305e-09
9.661847352e-09
9.39127813e-09
1.452651714e-08
1.585082063e-08
1.758968222e-08
2.29289448e-09
2.149061666e-08
1.034922995e-08
1.931580488e-08
2.300684388e-08
1.882091909e-08
1.852019522e-08
2.17093267e-08
2.882760605e-08
4.821678977e-09
6.512111522e-09
6.831524149e-09
7.143640644e-09
3.079286055e-08
5.979838371e-09
1.74803697e-08
1.058065727e-08
1.128060858e-08
1.604953697e-08
9.754418643e-09
1.143187991e-08
3.789313583e-09
1.161426677e-08
2.473196305e-09
1.051845421e-08
2.149551124e-08
1.632529021e-08
2.894298966e-08
2.760525686e-08
9.782287118e-09
9.140465304e-09
1.725640809e-08
1.50422678e-08
1.122642737e-08
1.034047139e-08
1.267594202e-08
1.086071741e-08
5.715354775e-09
1.076594718e-08
1.320896714e-08
5.315894578e-09
8.884606469e-09
1.040120375e-08
1.544596943e-08
7.710112242e-09
5.461938396e-09
1.505353219e-08
4.010513752e-08
1.625920125e-09
5.314243201e-09
1.473054777e-08
1.254294325e-08
1.641129843e-08
1.338329597e-08
9.247536752e-09
1.072162325e-08
9.751430619e-09
6.466394003e-09
1.139863337e-08
1.781437617e-08
5.489466659e-10
1.957462794e-09
7.42639437e-09
5.708965067e-09
3.945687223e-09
2.023255328e-08
8.971663906e-09
1.07270607e-08
1.136937473e-08
7.640197361e-09
1.229997056e-08
1.240921947e-08
4.165440888e-09
1.942539759e-09
5.352919182e-09
6.920247324e-09
2.146995866e-08
4.864464719e-09
4.3242545e-09
7.282625388e-09
1.812340375e-09
2.064739317e-09
2.474975583e-09
7.72525838e-09
8.267536715e-09
1.775012995e-08
1.446971709e-09
9.220270835e-09
9.489947419e-10
4.471284448e-09
1.607097017e-08
8.468301857e-09
1.350222468e-08
8.170085032e-10
4.850014398e-09
4.335945896e-09
1.152935294e-08
2.405915453e-08
2.511687957e-08
1.043533929e-08
9.209815187e-10
8.091637095e-09
4.990000424e-09
1.205806721e-09
9.879468425e-09
4.540304417e-09
8.608101887e-10
1.170286704e-09
3.70464504e-09
3.382462105e-09
4.143090794e-09
6.573271732e-09
3.945098639e-09
1.979636966e-09
1.457091114e-09
3.868992849e-10
2.010186505e-09
1.277683682e-09
7.527538514e-10
1.139871599e-09
7.5860951e-09
1.264742409e-09
1.166884034e-08
5.535398422e-09
4.436904984e-09
7.365775517e-10
1.081443012e-09
1.249167425e-09
2.678840601e-08
1.172312564e-09
1.104512446e-08
1.000809537e-08
9.856364463e-09
5.281385292e-09
5.986855975e-09
1.86298186e-09
8.78349504e-09
4.497429536e-09
1.267893646e-09
8.31216946e-10
7.854083549e-09
2.281133557e-09
5.146575597e-09
4.534955801e-09
9.422553089e-09
5.799550511e-09
1.721175021e-09
1.268527985e-09
1.124607187e-08
3.190968711e-09
9.343654579e-10
1.11998474e-08
5.603262592e-09
8.564231578e-09
2.024626474e-09
6.531512751e-09
9.78888911e-09
4.818681397e-09
9.816988247e-09
1.090293173e-08
1.690662088e-09
9.482381542e-09
3.745306802e-09
1.321235887e-08
8.210330034e-09
6.976303392e-09
6.824241314e-10
1.312036149e-08
1.52292365e-09
4.80038752e-09
7.689758729e-09
3.574518877e-09
1.396857515e-08
3.605511585e-09
8.901019515e-09
1.586137427e-08
1.546837438e-08
9.854034876e-09
9.531862336e-10
1.377550117e-08
4.955295361e-09
1.128651463e-08
1.387724946e-09
6.19263331e-09
8.143436627e-10
2.305727629e-08
1.649291865e-09
1.227409308e-09
2.087310008e-09
4.807488947e-09
1.158550552e-08
9.160133402e-09
8.766642586e-09
1.499862286e-08
1.387061163e-08
1.833957986e-09
6.955110109e-10
8.72548942e-09
2.665376135e-08
2.12420148e-08
2.116549496e-08
1.40026955e-08
2.788379804e-08
2.0549368e-09
6.018992831e-09
6.872395598e-10
5.819225224e-09
7.782638704e-09
2.055281746e-09
1.809443104e-09
1.05018963e-08
2.334950318e-09
1.159554932e-08
6.543649977e-09
1.206217073e-08
5.909665147e-09
1.448087437e-08
4.984169249e-09
9.277637777e-09
1.157194514e-08
7.109952405e-09
1.165612691e-08
5.71881379e-09
8.955450088e-09
2.665633412e-09
6.784168081e-10
6.505238178e-10
9.887941422e-09
4.075503898e-09
7.097653387e-09
9.484218262e-09
2.36313078e-10
5.526020809e-09
1.05946454e-08
1.657738972e-08
3.328177683e-09
2.354838543e-09
6.746866654e-09
5.442630874e-09
5.776109571e-09
4.156478556e-09
3.609371318e-10
8.214253398e-09
1.80078737e-09
1.415019295e-08
1.38064059e-09
1.143932843e-08
1.24864054e-08
1.858013606e-09
1.576103818e-09
5.797423947e-09
3.514877157e-09
6.929704707e-09
1.618106843e-08
8.779534308e-09
4.054677751e-09
1.098040896e-08
7.655817606e-09
9.735657975e-09
1.866501009e-08
6.638606039e-09
1.306989663e-08
1.486282631e-08
1.069212719e-08
1.040885235e-08
1.021056707e-08
4.935733542e-09
9.210535086e-09
1.100710665e-08
1.460296632e-08
6.469986341e-09
8.033614734e-09
8.907410352e-09
1.824197222e-08
2.675451117e-08
2.151302467e-09
5.01171652e-09
1.494956274e-09
1.289455657e-08
5.443559922e-09
1.761500162e-08
1.899595598e-08
1.174122789e-08
6.032187766e-09
6.761720234e-09
1.011437132e-08
1.270084634e-08
1.907322796e-08
1.274086828e-08
4.925918134e-09
1.308191697e-08
5.912557864e-09
1.134382223e-08
2.240402243e-09
1.128273709e-08
1.009511749e-08
1.309732263e-08
3.039359018e-09
1.324790645e-08
6.357631197e-09
1.220571573e-08
5.094977797e-09
1.307638612e-08
1.876182781e-08
4.99713272e-09
1.106188676e-08
2.151823473e-09
1.515519432e-09
1.177249879e-09
1.28907502e-09
3.23382135e-09
6.835783918e-09
1.871982921e-08
1.08482487e-08
1.011636323e-08
5.143161967e-09
1.949766745e-08
1.194864663e-09
1.290914232e-08
2.837610916e-09
1.158707245e-08
7.751888238e-09
8.169835002e-09
1.893977024e-09
8.742908713e-09
1.205074629e-08
1.908737386e-08
1.445528381e-09
1.250577069e-08
5.413847446e-09
7.432186537e-09
5.372124781e-09
1.615935158e-08
1.537569558e-08
2.868911981e-09
9.506435868e-09
1.662526745e-08
1.909485314e-08
4.762913248e-09
1.548182408e-08
1.58011928e-08
4.517761784e-09
8.458737706e-09
1.234578215e-08
1.331038141e-08
1.018439319e-08
2.367118046e-09
5.959266613e-09
1.239799849e-10
3.091725642e-10
9.421947207e-09
4.548350736e-09
2.280105684e-09
6.348854053e-09
9.687117593e-09
2.682332438e-09
5.250518368e-09
8.866058801e-10
3.625723321e-09
2.34941794e-08
8.449249064e-09
5.768292002e-10
4.285123925e-10
4.723553063e-09
4.359019825e-09
1.482077038e-08
8.557337732e-09
1.100399954e-08
1.280700233e-09
2.30129344e-09
1.489106993e-08
4.343445237e-09
5.765199799e-09
1.421226364e-08
6.462725897e-09
4.533824682e-10
5.278148883e-09
8.908958731e-10
6.296336021e-09
5.151919859e-09
1.076183448e-08
3.616673772e-09
3.771283951e-09
1.79234937e-08
1.438858957e-08
1.574017551e-08
2.247674651e-16
8.4324137e-10
4.838230861e-09
1.243235535e-09
9.103522237e-09
5.844467774e-09
7.735303172e-10
1.278493774e-09
1.021867992e-08
4.247366381e-09
9.770893191e-09
1.062257099e-09
2.877417565e-09
8.069729704e-10
3.212557918e-09
1.308914417e-08
1.087116556e-08
4.483124967e-10
8.084600627e-09
4.476963863e-09
1.315524417e-08
5.77132931e-10
2.184055271e-09
1.073692018e-09
1.405385817e-09
4.49318082e-09
4.259611749e-09
1.550922305e-09
5.670982725e-09
5.179623078e-09
1.184130956e-08
1.770466999e-09
2.163821714e-09
4.987954805e-09
4.23669629e-09
1.067765088e-08
8.433550689e-09
7.910157781e-09
5.766336985e-09
1.099355741e-08
1.606929441e-08
1.254146136e-09
2.982054615e-09
5.356083905e-10
5.593941473e-09
2.442702772e-09
2.039623987e-10
5.592029369e-09
4.229250833e-09
5.020690324e-10
3.244392711e-10
9.364915046e-10
1.494215601e-09
4.366773401e-09
7.988845053e-09
7.186965703e-09
7.448763146e-09
4.578205614e-09
1.797544781e-09
2.963266306e-10
1.014978223e-09
5.204856111e-09
4.48235202e-09
6.804336134e-10
8.853582208e-09
1.188277914e-08
7.706330506e-09
4.246354849e-09
4.274147484e-09
5.964735952e-09
2.800528114e-09
1.508011905e-09
4.213238844e-09
1.217846901e-09
4.247313274e-10
6.476216511e-09
1.568385314e-09
7.408179044e-10
6.655581231e-10
6.995383339e-10
8.55037314e-10
1.890762665e-09
5.978335523e-09
9.683938261e-09
1.459056803e-09
1.404516877e-09
2.503763034e-09
3.901959916e-09
5.484348719e-09
8.628840229e-09
5.027924763e-09
5.560235596e-09
1.562912586e-09
4.784970303e-09
9.58332045e-09
8.640489538e-09
3.957908426e-09
1.408633872e-08
6.519398786e-09
1.683704005e-08
1.320991802e-08
4.682863244e-10
5.621182767e-09
1.938290686e-08
1.966248092e-08
9.708529599e-09
1.42269934e-09
7.481693517e-09
1.679936757e-08
8.228569133e-10
4.840825275e-09
1.115904852e-08
5.169921948e-09
5.41997888e-09
1.084316376e-09
5.920492357e-09
7.667032244e-09
5.801463338e-09
1.025556901e-08
4.497622299e-10
1.899084615e-09
1.874942606e-08
2.062461768e-08
1.303975838e-08
7.659161644e-10
3.763059458e-09
8.455337683e-09
1.071253729e-08
5.761353911e-09
1.19693731e-09
7.786397166e-09
1.725312185e-09
5.043303034e-09
1.261163172e-09
5.564043917e-09
3.441355786e-09
6.402720546e-09
1.51657324e-08
1.102253567e-08
1.067402891e-08
8.442943095e-09
1.743814486e-09
4.366767766e-09
3.874891201e-09
1.053167363e-08
6.005699023e-09
1.227577653e-09
8.950457836e-10
1.28741088e-09
9.107770178e-09
6.361285648e-09
7.836833058e-10
1.094367028e-08
8.163884013e-09
3.357644151e-09
5.375573937e-09
1.205489491e-08
1.076845533e-08
4.49392343e-09
7.297423945e-09
1.061015915e-08
7.002518735e-09
1.150534455e-08
2.017604031e-09
7.488120543e-10
4.957039219e-09
3.679026626e-09
2.347553601e-09
1.53340601e-10
4.800811577e-09
9.360990712e-09
4.214867137e-09
4.9741844e-10
9.596069075e-10
2.669739448e-09
3.660656615e-10
6.248995507e-10
1.157386717e-09
4.344768675e-09
1.750287932e-09
1.806464103e-09
9.308614921e-10
4.933375318e-09
4.934430499e-10
1.312780206e-09
1.258176931e-09
9.306971015e-10
6.709410308e-10
1.028793758e-09
5.608762726e-09
1.601025445e-08
5.068971888e-09
6.217708406e-10
3.627031036e-09
1.540912195e-09
2.866380693e-09
9.562925388e-09
4.401207492e-09
4.652456371e-09
1.150948848e-09
1.001986287e-09
5.320876349e-09
1.15137967e-09
2.415036838e-09
1.863400214e-09
1.958763355e-09
2.499924049e-09
5.446195163e-09
1.702136701e-09
6.798332319e-10
8.402165737e-10
4.579341447e-10
1.285560096e-09
1.921043492e-09
6.513436125e-10
1.933297258e-10
2.380550142e-10
1.017902603e-09
2.476239203e-09
8.939381583e-10
6.339798334e-09
8.986276952e-10
1.588629716e-09
6.838647768e-10
1.499777616e-09
5.026549032e-09
8.380048078e-09
3.815183092e-10
1.454850677e-09
5.574835754e-09
6.874408134e-10
1.066141771e-09
1.117959005e-09
3.406318345e-10
4.892426792e-10
7.534641745e-09
1.272807519e-09
6.101047052e-09
6.648156067e-09
1.154354506e-08
4.484837673e-09
1.058879731e-08
6.465157777e-09
7.481449388e-09
1.250854337e-08
9.365627956e-10
1.678308109e-09
1.059549919e-09
1.211969554e-09
4.268296581e-10
1.351458026e-09
6.254438415e-09
1.685542079e-10
1.308744791e-09
1.818552098e-10
1.505353789e-10
6.618771927e-10
8.765782219e-10
2.165501714e-12
1.648357295e-09
3.011708462e-10
3.468130209e-09
3.863812282e-14
5.821970435e-09
3.609855697e-09
1.700820434e-09
8.226108095e-09
9.657664599e-09
3.956512411e-10
2.588906392e-10
6.933447579e-12
1.262231297e-11
4.29330854e-09
8.134527325e-10
6.36573128e-09
7.308986549e-10
1.052952455e-08
3.921022178e-13
1.378609139e-08
3.347029453e-09
6.376714249e-09
5.886280825e-09
5.352836134e-14
5.622231749e-10
5.846042232e-10
2.960028336e-13
1.497224807e-08
2.339361714e-10
2.204211935e-09
5.783409096e-09
2.468988493e-10
1.240710433e-13
6.9904948e-09
5.439155227e-09
1.908445056e-10
1.797164206e-10
8.50696029e-10
4.224891951e-10
4.857287202e-09
3.549455705e-10
4.251908794e-09
3.872097549e-09
4.043335675e-10
1.201581223e-09
6.335573235e-09
4.443066711e-09
9.270727116e-10
3.756843948e-09
3.728856315e-09
1.480972248e-08
5.054727667e-09
1.266919053e-08
2.98234131e-10
1.070739265e-09
1.27086954e-09
8.086247973e-10
1.849392726e-09
5.7219044e-09
8.509600516e-10
1.632267028e-09
1.569380422e-09
1.528665626e-08
1.068834037e-09
4.231601407e-09
2.720894189e-10
8.464439012e-10
5.896530423e-09
1.232916758e-08
2.044780473e-08
5.579807676e-09
1.102062648e-08
7.244393165e-10
3.449232742e-09
7.803607788e-09
1.713531717e-08
3.70867074e-09
7.002454058e-09
1.151299542e-08
3.955468041e-09
3.935183093e-09
1.313453707e-08
5.456632814e-09
3.018272456e-09
8.14111923e-10
9.66694956e-09
2.061609806e-10
1.29122484e-10
2.796561911e-08
5.412929674e-10
6.325158328e-09
2.442554824e-10
2.94265437e-09
3.40398958e-09
7.782995971e-09
8.77194268e-09
4.500817089e-09
1.009061037e-09
3.962460519e-09
1.423933486e-09
3.407711552e-09
5.659438767e-09
7.414133029e-10
4.687552274e-09
8.378960336e-09
7.441403287e-09
3.415163767e-10
8.75236061e-10
1.229459375e-09
6.407013512e-09
5.675168645e-10
3.745859264e-10
5.122523538e-10
7.026219291e-09
7.050888477e-10
4.193012185e-11
8.273065376e-11
7.249016541e-09
4.580215261e-10
0
6.762340164e-10
1.492086049e-10
7.038312322e-09
4.841843646e-14
1.07237134e-08
5.853647242e-09
1.32364729e-08
1.39634645e-08
2.562267874e-09
4.38333133e-09
1.129003217e-08
1.469551957e-08
1.152863645e-08
1.143421864e-08
1.020513785e-08
8.805998818e-09
7.886847373e-09
4.250294759e-09
1.211902296e-09
1.774403859e-09
4.697550329e-09
3.521011291e-09
3.947738317e-09
3.225814922e-09
7.612752273e-09
1.376113762e-09
6.251753813e-10
1.244904991e-09
1.140872178e-09
1.216147723e-09
7.965985798e-09
5.516554342e-09
2.851680401e-08
1.078854606e-09
3.11666419e-08
9.491807711e-09
4.013221207e-10
4.265560473e-09
1.80076066e-08
2.066854381e-08
7.317013395e-09
9.877731101e-09
6.570520989e-10
7.159240152e-09
5.194765689e-10
1.046173408e-08
9.403674343e-10
5.898340946e-09
1.712358258e-10
5.721786956e-10
2.812831844e-10
5.444775998e-10
9.42597728e-10
3.334934451e-09
2.437161243e-10
6.594581382e-10
1.612675861e-08
8.608978146e-09
9.576282175e-09
5.341088571e-09
6.385293683e-09
2.195466772e-10
1.259518051e-08
3.258723756e-10
7.31815956e-09
3.624372061e-09
3.32722176e-09
1.264007727e-09
1.164808586e-08
4.155837753e-10
2.127709787e-09
1.233028197e-08
0
5.296721149e-09
3.044841335e-15
9.992723074e-09
4.408475606e-09
2.931090403e-09
8.768582403e-09
5.697675357e-10
2.42366613e-10
6.461020973e-10
3.093964776e-08
5.48231434e-10
5.985294954e-09
8.900585848e-09
5.133852759e-10
1.136907052e-09
1.424829219e-10
1.086396765e-08
1.229435394e-08
3.331494178e-10
3.822570194e-09
3.84596218e-09
1.207781946e-08
2.443018154e-09
6.208287908e-09
6.314608692e-10
3.105764338e-10
8.665049271e-10
1.781264077e-10
1.261151252e-08
1.018866228e-09
5.848268629e-09
3.930430341e-09
7.645556902e-10
7.056781378e-09
1.285393738e-08
2.937058656e-09
4.98557439e-09
3.532541361e-10
2.208689623e-12
5.909774038e-09
5.232085824e-09
4.787158527e-09
4.010786134e-09
1.098423142e-10
5.055055928e-10
1.425635751e-09
1.363322219e-09
4.879683238e-09
8.828008523e-09
2.335857159e-10
3.619183009e-09
7.575431879e-09
4.073066129e-09
7.614563097e-09
1.426828172e-08
4.541130837e-09
4.944470296e-09
3.818778411e-10
4.773971707e-09
4.21197713e-09
4.512150747e-09
4.634776185e-09
2.568791315e-10
1.186750373e-09
9.163665801e-11
4.361843132e-10
1.131019557e-09
1.429963434e-10
8.704595948e-10
1.93650611e-10
4.894583242e-09
8.283645625e-09
1.135149005e-08
8.414629162e-09
6.528476215e-10
6.960863878e-10
0
8.112969634e-11
1.286909548e-10
5.956055208e-09
1.466576539e-09
3.871541638e-11
2.67096698e-14
5.681156048e-13
4.751472628e-10
1.331212836e-09
4.635007402e-13
2.780627499e-10
8.671974498e-17
5.169775631e-10
2.015932139e-10
1.039603216e-12
5.606637353e-14
5.85726429e-10
6.621137566e-10
1.305875438e-09
7.37945961e-10
3.429751324e-09
6.221280535e-09
8.242917058e-09
1.027052488e-09
1.338617529e-10
5.701386116e-10
1.987841236e-10
7.844890722e-10
3.465729584e-09
9.777316316e-10
6.22498686e-10
5.078953527e-10
2.395873368e-09
4.064113605e-09
1.42292982e-08
4.682089573e-10
1.891514961e-11
2.172901425e-10
1.272218012e-09
4.118948297e-09
2.085660298e-10
1.670324393e-11
0
3.421258242e-10
7.101030059e-11
9.53372039e-11
2.828155064e-11
2.544007493e-10
5.311369443e-10
1.870057636e-10
4.522970784e-09
2.797221129e-10
2.864252908e-10
3.194619862e-10
3.202604462e-10
6.725881731e-09
3.394631721e-10
1.064741701e-10
6.738885723e-09
2.841295065e-11
0
4.354912276e-09
2.850638085e-09
7.918553454e-11
1.389399738e-10
3.850311993e-10
7.094882562e-09
1.685469046e-08
3.623017314e-10
2.387044718e-10
1.553172914e-10
3.646511205e-10
4.99465935e-09
5.68701191e-09
5.012372065e-11
4.105401945e-09
3.680021875e-10
7.274009268e-09
5.107597335e-09
7.374979889e-12
3.551107861e-09
8.40446763e-09
2.970678218e-12
7.604803447e-09
7.087527961e-09
1.42339866e-08
3.617442191e-10
9.703012761e-15
6.903685203e-10
3.123464022e-10
2.799486252e-11
9.725515461e-09
3.578455684e-09
3.919109896e-09
1.191370415e-10
7.393106605e-11
1.183627983e-08
5.082391574e-09
7.272423292e-10
3.118151036e-10
8.646485057e-09
5.92270487e-09
2.924746208e-11
3.819733229e-09
2.155946698e-10
4.126016429e-09
3.21284873e-10
6.867928931e-09
3.67804594e-10
5.697262293e-09
2.231213469e-12
5.519070142e-09
2.136312958e-10
4.251409742e-10
5.108365269e-10
2.483164096e-09
2.225255369e-10
4.52492668e-10
1.025581866e-09
3.139548387e-08
7.63084729e-10
1.042184304e-08
0
1.389618961e-10
4.272571544e-10
3.852619384e-10
3.451196948e-11
8.742561633e-09
2.519541056e-10
2.343341043e-10
1.09899061e-09
1.077620634e-09
3.713975026e-10
1.148636371e-09
7.076558946e-14
6.276657004e-09
0
9.648523582e-09
6.000161128e-09
1.751610919e-10
6.060879986e-10
4.557626646e-09
4.800721095e-09
5.356352732e-09
4.588033779e-09
4.241312895e-09
0
3.995475527e-09
4.070741777e-10
1.04960591e-08
1.356182445e-08
5.149060398e-10
3.306358415e-09
7.772319924e-09
9.740741951e-09
5.156736743e-10
4.253817438e-11
9.35644336e-11
7.553011853e-09
4.690347068e-09
4.809058522e-09
2.2856321e-09
2.255711684e-08
3.133606136e-08
2.077277953e-08
3.008117598e-08
7.331553787e-09
3.782099607e-09
1.79664077e-10
1.920896485e-10
6.163902082e-09
5.533947094e-10
2.205418625e-10
1.821513721e-10
2.284563357e-10
0
7.678136516e-10
5.333147806e-09
9.803623419e-10
4.247360377e-10
7.386664926e-10
4.98587961e-09
6.880255449e-10
2.51532782e-10
2.923112332e-09
5.082940625e-09
5.715345996e-09
2.82515446e-10
3.205896911e-15
3.567692342e-13
3.802159563e-09
3.368332346e-09
3.418881521e-09
1.142006811e-08
1.891216657e-08
4.018026771e-10
5.031044621e-10
0
2.701678833e-09
3.884459492e-16
1.369273123e-11
1.246561203e-08
0
1.569458951e-08
1.156933074e-08
6.623790383e-09
0
4.445433583e-09
6.293278012e-10
2.998176753e-10
3.788438041e-15
7.086458077e-10
3.017728437e-09
8.651285948e-09
1.662871146e-12
3.899863886e-10
1.867978492e-10
5.854530837e-10
3.473978463e-10
7.746017644e-09
1.183935043e-08
9.034991774e-11
2.852832325e-12
5.996967533e-11
1.68334786e-10
1.097160956e-10
1.127766915e-10
3.660573716e-10
1.010899456e-09
0
1.038224838e-10
0
4.006445456e-11
2.16044976e-10
4.765758632e-10
1.696461704e-10
9.276378209e-10
2.763877686e-10
3.496905216e-10
1.484826937e-11
0
3.735096547e-16
6.197905931e-11
4.389008688e-10
2.492686239e-09
4.121024604e-09
3.749362787e-10
9.713300006e-09
3.554375522e-09
6.02705608e-09
4.761326649e-10
1.110304392e-09
3.435636468e-10
7.826101007e-10
7.258055131e-10
3.610217368e-10
1.189776337e-10
2.605551401e-09
1.156517292e-09
0
2.066370387e-10
5.849297972e-09
5.112832339e-10
5.314915955e-09
0
2.493743023e-09
4.240626045e-10
0
5.727310869e-09
6.392839524e-10
1.307053487e-10
4.096624505e-09
4.158316684e-09
3.874584209e-09
0
3.342656746e-09
6.396042277e-12
7.409598846e-09
8.565940663e-09
1.780432809e-10
1.756320087e-08
1.594751463e-09
7.79012791e-09
1.842920655e-14
3.336727367e-09
3.210016421e-09
4.269690828e-10
3.82602545e-09
8.694566131e-09
1.213088008e-10
2.974853653e-09
3.403065514e-09
4.494477431e-10
1.211806679e-10
0
6.902729047e-10
1.154270366e-10
6.996272767e-09
5.763794503e-10
1.639213113e-10
4.630640052e-10
2.036105809e-10
1.736831355e-10
3.270146673e-09
8.222413617e-10
5.99477062e-10
1.772630009e-09
6.109991652e-09
3.074760549e-10
3.857220379e-10
5.320063854e-10
3.452514494e-09
1.405571222e-10
2.901129174e-10
1.960974798e-09
6.909757576e-09
1.166041184e-10
3.14288816e-10
2.540833693e-10
5.043252281e-09
8.199487315e-10
9.695930339e-10
6.348825753e-10
1.611950585e-10
4.738953873e-09
9.468981631e-10
0
7.27080447e-09
4.773719491e-10
3.341964913e-09
5.085884222e-10
4.169769498e-09
3.451871613e-10
4.72915395e-09
6.025847838e-09
8.532437851e-10
7.35555019e-09
1.653886815e-10
4.392428781e-09
3.930389455e-09
5.558963082e-10
1.41426331e-09
1.2695786e-08
5.29579062e-09
5.284475364e-09
3.723781903e-10
2.489211803e-09
2.121353128e-09
