#################################### 
# Matrix Size= (25,25,400)
# Resol      = (1,1,4000)
# VoxelSize  = (25,25,0.1)
# nbVal      = 4000
#################################### 
1.583273505e-05
1.636062683e-05
1.636456113e-05
1.715128926e-05
1.674356685e-05
1.674165443e-05
1.649753081e-05
1.715817222e-05
1.693621934e-05
1.692447406e-05
1.679540244e-05
1.699506907e-05
1.678854962e-05
1.70950298e-05
1.690671273e-05
1.675828317e-05
1.701553768e-05
1.722016337e-05
1.69281482e-05
1.708402139e-05
1.70311482e-05
1.706421632e-05
1.714942953e-05
1.694691147e-05
1.726290677e-05
1.701996517e-05
1.698666701e-05
1.696300787e-05
1.710727647e-05
1.705446667e-05
1.719351027e-05
1.706248426e-05
1.717801977e-05
1.706273201e-05
1.707455527e-05
1.687245323e-05
1.732283875e-05
1.726729078e-05
1.708823773e-05
1.737786811e-05
1.726700013e-05
1.744591102e-05
1.738567595e-05
1.708826273e-05
1.704372233e-05
1.728200027e-05
1.717532373e-05
1.737964415e-05
1.725954897e-05
1.762578558e-05
1.702564168e-05
1.714302176e-05
1.727771544e-05
1.749414216e-05
1.711958204e-05
1.739374174e-05
1.718486852e-05
1.749906651e-05
1.744553131e-05
1.741749701e-05
1.742279174e-05
1.761632583e-05
1.720957858e-05
1.739726524e-05
1.727895489e-05
1.710819218e-05
1.718661031e-05
1.756273728e-05
1.755822559e-05
1.751052667e-05
1.748650865e-05
1.743127576e-05
1.77320126e-05
1.728137436e-05
1.738409613e-05
1.700666012e-05
1.749421627e-05
1.771463416e-05
1.760995093e-05
1.751357906e-05
1.740242539e-05
1.778157602e-05
1.750875078e-05
1.758238983e-05
1.747739224e-05
1.752244549e-05
1.761426685e-05
1.754410741e-05
1.771618994e-05
1.780119437e-05
1.771290469e-05
1.773457362e-05
1.795036017e-05
1.762810859e-05
1.780239034e-05
1.715945928e-05
1.742028912e-05
1.798989003e-05
1.776789943e-05
1.763494097e-05
1.726144924e-05
1.764479609e-05
1.757312199e-05
1.761574381e-05
1.801297527e-05
1.793362635e-05
1.7597848e-05
1.769716839e-05
1.768892207e-05
1.786729454e-05
1.772495082e-05
1.780795576e-05
1.774644589e-05
1.779357569e-05
1.772929975e-05
1.774174195e-05
1.787147618e-05
1.774418951e-05
1.752932556e-05
1.778269909e-05
1.792387156e-05
1.82298065e-05
1.818922072e-05
1.790645272e-05
1.790024436e-05
1.775851371e-05
1.777976085e-05
1.776947944e-05
1.766296221e-05
1.791616702e-05
1.79201492e-05
1.800380253e-05
1.819818975e-05
1.814006541e-05
1.808034881e-05
1.773896553e-05
1.805379869e-05
1.820593174e-05
1.821372362e-05
1.817120615e-05
1.796404231e-05
1.78273801e-05
1.788294739e-05
1.789366271e-05
1.800433596e-05
1.790972e-05
1.754574563e-05
1.802297454e-05
1.78150635e-05
1.794075532e-05
1.822339747e-05
1.83316111e-05
1.807014167e-05
1.807059455e-05
1.816034244e-05
1.802549683e-05
1.800991974e-05
1.791119105e-05
1.832787121e-05
1.814334431e-05
1.781982551e-05
1.794620146e-05
1.794500405e-05
1.810157577e-05
1.810806856e-05
1.80830106e-05
1.797841512e-05
1.794897324e-05
1.811848717e-05
1.821716297e-05
1.779939218e-05
1.846773252e-05
1.836533223e-05
1.858507005e-05
1.820549343e-05
1.823307943e-05
1.782908504e-05
1.805672453e-05
1.803179023e-05
1.834504674e-05
1.826257831e-05
1.847093461e-05
1.830482346e-05
1.818330677e-05
1.818668568e-05
1.87180453e-05
1.85450799e-05
1.820083157e-05
1.814323786e-05
1.826211117e-05
1.847492866e-05
1.819552956e-05
1.836972845e-05
1.847212762e-05
1.851484001e-05
1.834587394e-05
1.827112934e-05
1.833913291e-05
1.85102526e-05
1.822163813e-05
1.855156109e-05
1.821420423e-05
1.844381476e-05
1.822560964e-05
1.823767866e-05
1.862620649e-05
1.844737808e-05
1.813982969e-05
1.878332475e-05
1.857044602e-05
1.849067331e-05
1.866445684e-05
1.866030877e-05
1.816279166e-05
1.87154411e-05
1.846680708e-05
1.85265461e-05
1.860774546e-05
1.824704314e-05
1.852616028e-05
1.824180899e-05
1.867761824e-05
1.846248051e-05
1.856863974e-05
1.843540113e-05
1.863464888e-05
1.843953532e-05
1.867106031e-05
1.880625062e-05
1.863714722e-05
1.85716702e-05
1.869944526e-05
1.847425501e-05
1.897970916e-05
1.908311987e-05
1.862806671e-05
1.853222725e-05
1.862866849e-05
1.866920452e-05
1.852029779e-05
1.868826293e-05
1.888150272e-05
1.88318235e-05
1.877992122e-05
1.872453204e-05
1.8618309e-05
1.869507521e-05
1.862164813e-05
1.868504399e-05
1.894135262e-05
1.854562084e-05
1.881447326e-05
1.851509679e-05
1.897047763e-05
1.868566563e-05
1.876279106e-05
1.860760254e-05
1.868048703e-05
1.889680921e-05
1.857261556e-05
1.891984602e-05
1.856412356e-05
1.894735502e-05
1.908308055e-05
1.862335414e-05
1.903994174e-05
1.889737675e-05
1.891610107e-05
1.88647912e-05
1.85390312e-05
1.868291843e-05
1.848723987e-05
1.895753727e-05
1.915397655e-05
1.873513614e-05
1.893599811e-05
1.896743368e-05
1.910867222e-05
1.887196985e-05
1.90129315e-05
1.89215093e-05
1.913201628e-05
1.919963061e-05
1.892297718e-05
1.905978722e-05
1.867579074e-05
1.917543425e-05
1.884823611e-05
1.878993628e-05
1.896265106e-05
1.911548512e-05
1.88042279e-05
1.907505872e-05
1.856576812e-05
1.909665856e-05
1.915488544e-05
1.928168745e-05
1.898599897e-05
1.865351945e-05
1.904530492e-05
1.899395257e-05
1.917648728e-05
1.892936048e-05
1.911999268e-05
1.916711544e-05
1.890381255e-05
1.916319513e-05
1.904000927e-05
1.984417611e-05
1.937075231e-05
1.923189982e-05
1.907126162e-05
1.896757433e-05
1.919196256e-05
1.897668516e-05
1.932604961e-05
1.928348726e-05
1.882726978e-05
1.911376766e-05
1.90895325e-05
1.916853284e-05
1.923967822e-05
1.912390791e-05
1.912087226e-05
1.924091657e-05
1.917032973e-05
1.919612948e-05
1.952590631e-05
1.90577485e-05
1.930435239e-05
1.916379763e-05
1.92227514e-05
1.930263068e-05
1.916521039e-05
1.929328476e-05
1.921184247e-05
1.915362699e-05
1.953795618e-05
1.929772035e-05
1.958289931e-05
1.943813492e-05
1.879144703e-05
1.930808953e-05
1.931538502e-05
1.954432731e-05
1.95379932e-05
1.917566512e-05
1.970473779e-05
1.946275946e-05
1.925078072e-05
1.949150325e-05
1.907168007e-05
1.91774002e-05
1.94865169e-05
1.932404978e-05
1.940492791e-05
1.924909329e-05
1.924806519e-05
1.911035732e-05
1.966179539e-05
1.936870129e-05
1.96786253e-05
1.92958119e-05
1.925589312e-05
1.945783962e-05
1.979409023e-05
1.942320027e-05
1.966082979e-05
1.958392633e-05
1.96138992e-05
1.982710973e-05
1.983903242e-05
1.940242161e-05
1.925795412e-05
1.945975163e-05
1.992350435e-05
1.95560598e-05
1.930749823e-05
1.966286534e-05
1.971661939e-05
1.985074493e-05
1.963243916e-05
1.965735175e-05
1.992466305e-05
1.955928759e-05
1.965321788e-05
1.991944148e-05
1.963234237e-05
1.980531355e-05
1.977643242e-05
1.928764639e-05
1.952315932e-05
1.98564902e-05
2.027756972e-05
1.980751282e-05
1.990546127e-05
2.008952142e-05
1.984294248e-05
1.944429096e-05
1.954536109e-05
1.979892203e-05
2.011338009e-05
1.963200089e-05
1.992611983e-05
1.963832948e-05
1.983772004e-05
1.971162363e-05
1.951384951e-05
1.96935543e-05
1.999711626e-05
1.97243171e-05
1.997690457e-05
2.005273526e-05
1.996467429e-05
2.018268267e-05
2.002863365e-05
1.986970373e-05
1.997970947e-05
1.996097241e-05
2.00020369e-05
2.000762443e-05
2.009088639e-05
1.992356423e-05
1.989616559e-05
2.012251339e-05
1.976872846e-05
1.997817969e-05
2.001700682e-05
2.01787924e-05
1.985147726e-05
1.976675704e-05
2.001068e-05
2.020247751e-05
2.002086492e-05
1.99668717e-05
2.029150082e-05
2.010002336e-05
2.031768694e-05
2.025019613e-05
1.968381004e-05
2.008366758e-05
2.010345796e-05
2.029148681e-05
2.005870813e-05
2.014199242e-05
1.972979546e-05
2.039203691e-05
2.043924152e-05
2.041650656e-05
2.020429001e-05
2.062490563e-05
1.988225761e-05
2.009192332e-05
2.028784989e-05
2.015263274e-05
2.007339171e-05
2.007385979e-05
2.03087017e-05
2.0320935e-05
1.982587256e-05
2.032543344e-05
2.034695776e-05
2.025547768e-05
2.05807143e-05
2.017938481e-05
2.040166291e-05
2.052292358e-05
2.042040787e-05
2.017078613e-05
2.012161391e-05
2.032470594e-05
2.068551074e-05
2.010176349e-05
2.02660068e-05
2.030488521e-05
2.029735563e-05
2.045418304e-05
2.068698644e-05
1.998433917e-05
2.058590169e-05
2.027362562e-05
2.110149094e-05
2.047017745e-05
2.010048095e-05
2.083968258e-05
2.053235449e-05
2.048611333e-05
2.032782792e-05
2.076844173e-05
2.08834188e-05
2.025190798e-05
2.059790702e-05
2.048131793e-05
2.052148441e-05
2.05258952e-05
2.060377418e-05
2.070691758e-05
2.038340551e-05
2.082432416e-05
2.059640776e-05
2.083212133e-05
2.071567295e-05
2.04739937e-05
2.038080643e-05
2.043405591e-05
2.101939572e-05
2.052505079e-05
2.093216811e-05
2.085629852e-05
2.079161813e-05
2.087786955e-05
2.117089758e-05
2.091310955e-05
2.065939717e-05
2.070321393e-05
2.058742538e-05
2.072034188e-05
2.073405111e-05
2.074364432e-05
2.059347526e-05
2.079713425e-05
2.126755692e-05
2.063329696e-05
2.115800596e-05
2.066091066e-05
2.081160289e-05
2.083819411e-05
2.050158414e-05
2.079090264e-05
2.091134497e-05
2.063428531e-05
2.118480561e-05
2.087734146e-05
2.088473698e-05
2.084647527e-05
2.094251328e-05
2.111515628e-05
2.092413923e-05
2.099353424e-05
2.111637672e-05
2.098808443e-05
2.114696457e-05
2.061273734e-05
2.090117749e-05
2.130833834e-05
2.079674125e-05
2.08509885e-05
2.092897627e-05
2.140365715e-05
2.13057758e-05
2.108361146e-05
2.12554438e-05
2.121089021e-05
2.056962957e-05
2.111773108e-05
2.135564995e-05
2.123237927e-05
2.126243044e-05
2.092635299e-05
2.113893388e-05
2.138866165e-05
2.095254904e-05
2.104633161e-05
2.144802996e-05
2.099703199e-05
2.0960496e-05
2.088078114e-05
2.0990526e-05
2.140220514e-05
2.13952094e-05
2.127470554e-05
2.130635999e-05
2.107992025e-05
2.108689686e-05
2.113777331e-05
2.163482269e-05
2.150648049e-05
2.142136513e-05
2.124211108e-05
2.145562238e-05
2.130629867e-05
2.150380556e-05
2.142189474e-05
2.138408018e-05
2.170206733e-05
2.143608148e-05
2.137078271e-05
2.128657461e-05
2.155582297e-05
2.121328087e-05
2.160402251e-05
2.146275718e-05
2.139013132e-05
2.12792232e-05
2.152351024e-05
2.142525574e-05
2.176025239e-05
2.150560283e-05
2.166639509e-05
2.14617708e-05
2.123988502e-05
2.111157206e-05
2.166500594e-05
2.161639932e-05
2.172197799e-05
2.153338975e-05
2.206294868e-05
2.130579702e-05
2.16480644e-05
2.162319453e-05
2.178913055e-05
2.163701341e-05
2.166480117e-05
2.185959267e-05
2.193072767e-05
2.168124648e-05
2.188800123e-05
2.174699929e-05
2.18922811e-05
2.149744048e-05
2.211374896e-05
2.176340789e-05
2.199869365e-05
2.197484538e-05
2.216609668e-05
2.17802426e-05
2.171963088e-05
2.201017572e-05
2.220160778e-05
2.182628522e-05
2.18027218e-05
2.166890016e-05
2.20937453e-05
2.21496062e-05
2.167828238e-05
2.201788038e-05
2.175662038e-05
2.216584068e-05
2.14281924e-05
2.206539736e-05
2.194861082e-05
2.167649971e-05
2.249591121e-05
2.189237132e-05
2.226620933e-05
2.237358434e-05
2.19810236e-05
2.194335454e-05
2.192064953e-05
2.200343353e-05
2.242778055e-05
2.226094943e-05
2.215059043e-05
2.268369751e-05
2.207307959e-05
2.20351907e-05
2.217999824e-05
2.231549623e-05
2.197454044e-05
2.250157149e-05
2.250461166e-05
2.19977367e-05
2.220225147e-05
2.237930034e-05
2.20345833e-05
2.235540621e-05
2.236696686e-05
2.209686404e-05
2.250846369e-05
2.247938809e-05
2.237124008e-05
2.213333293e-05
2.273400453e-05
2.251893046e-05
2.285126868e-05
2.256388841e-05
2.255844047e-05
2.249860844e-05
2.221701093e-05
2.211802819e-05
2.222153531e-05
2.264820379e-05
2.230233681e-05
2.254695058e-05
2.22467835e-05
2.254955364e-05
2.235444843e-05
2.273347855e-05
2.288139915e-05
2.282535533e-05
2.239210123e-05
2.298168488e-05
2.232091767e-05
2.283783914e-05
2.263058726e-05
2.227028789e-05
2.260407295e-05
2.229494637e-05
2.295378506e-05
2.253339896e-05
2.26979076e-05
2.302698869e-05
2.283695805e-05
2.287483659e-05
2.280555773e-05
2.284569141e-05
2.285938846e-05
2.296975634e-05
2.339994888e-05
2.285432007e-05
2.324456374e-05
2.300327595e-05
2.258869799e-05
2.309566593e-05
2.268088759e-05
2.26758355e-05
2.28344385e-05
2.295606615e-05
2.336187318e-05
2.287262694e-05
2.343498273e-05
2.318944928e-05
2.358548607e-05
2.304241631e-05
2.333435432e-05
2.345215923e-05
2.353322406e-05
2.339422565e-05
2.319155584e-05
2.283495888e-05
2.338406224e-05
2.371324591e-05
2.35141579e-05
2.319126074e-05
2.333778428e-05
2.299918657e-05
2.347685988e-05
2.332224916e-05
2.309248554e-05
2.311361186e-05
2.346162892e-05
2.38839888e-05
2.31806565e-05
2.327615172e-05
2.381628367e-05
2.382157242e-05
2.347748437e-05
2.377367232e-05
2.37036252e-05
2.356624395e-05
2.383694074e-05
2.359881458e-05
2.370519625e-05
2.308707029e-05
2.3943257e-05
2.380410933e-05
2.352683129e-05
2.344984232e-05
2.386605538e-05
2.374259816e-05
2.38796398e-05
2.394321252e-05
2.363644244e-05
2.363269498e-05
2.380786718e-05
2.398076571e-05
2.403816787e-05
2.35367434e-05
2.394189639e-05
2.428048335e-05
2.375814661e-05
2.397602991e-05
2.396851974e-05
2.411400895e-05
2.424162276e-05
2.406071414e-05
2.41573954e-05
2.385129164e-05
2.404688341e-05
2.428637497e-05
2.414455716e-05
2.391668604e-05
2.374474971e-05
2.437468989e-05
2.430090818e-05
2.425970918e-05
2.428145253e-05
2.436501875e-05
2.391770467e-05
2.437870933e-05
2.385083796e-05
2.396383722e-05
2.434760368e-05
2.450183916e-05
2.444484217e-05
2.41132944e-05
2.431304791e-05
2.430631908e-05
2.450806482e-05
2.447214085e-05
2.397751466e-05
2.474837021e-05
2.48474688e-05
2.453820016e-05
2.482089238e-05
2.451026387e-05
2.469103429e-05
2.458046361e-05
2.468692095e-05
2.452126169e-05
2.512536428e-05
2.42158476e-05
2.500976585e-05
2.496900921e-05
2.444880417e-05
2.498281774e-05
2.484614944e-05
2.519413579e-05
2.532670723e-05
2.450435387e-05
2.464745115e-05
2.456901902e-05
2.467873882e-05
2.499942214e-05
2.503420757e-05
2.448220061e-05
2.555360894e-05
2.542287564e-05
2.566993804e-05
2.506328034e-05
2.503830573e-05
2.496436522e-05
2.55054036e-05
2.530446567e-05
2.487090085e-05
2.502900183e-05
2.53131316e-05
2.509689264e-05
2.494743147e-05
2.545232439e-05
2.531404346e-05
2.519677168e-05
2.554191428e-05
2.607178092e-05
2.533712922e-05
2.545483044e-05
2.548975474e-05
2.510549765e-05
2.526105559e-05
2.535883129e-05
2.527669906e-05
2.572032266e-05
2.509695577e-05
2.615815103e-05
2.598009919e-05
2.577730758e-05
2.561553515e-05
2.531402774e-05
2.561238969e-05
2.590497846e-05
2.550493478e-05
2.597336368e-05
2.593518992e-05
2.621872944e-05
2.559620267e-05
2.588334902e-05
2.591629299e-05
2.641421845e-05
2.546069609e-05
2.592588789e-05
2.578505923e-05
2.595637384e-05
2.595865018e-05
2.597611585e-05
2.652937879e-05
2.653351205e-05
2.656736248e-05
2.586449545e-05
2.595033017e-05
2.557303923e-05
2.622451878e-05
2.592133797e-05
2.634980645e-05
2.653099072e-05
2.645350112e-05
2.629887692e-05
2.636908725e-05
2.647042553e-05
2.674349435e-05
2.653424444e-05
2.676036894e-05
2.648765477e-05
2.673905685e-05
2.659855663e-05
2.702675391e-05
2.635761069e-05
2.699532115e-05
2.63560151e-05
2.700120047e-05
2.64870706e-05
2.67202774e-05
2.717217446e-05
2.681205851e-05
2.690312593e-05
2.69481977e-05
2.673506731e-05
2.707611334e-05
2.734825242e-05
2.732482574e-05
2.73450032e-05
2.724142186e-05
2.710836214e-05
2.696659134e-05
2.693719866e-05
2.753688605e-05
2.710387715e-05
2.71552457e-05
2.749902468e-05
2.769563481e-05
2.737570408e-05
2.754032525e-05
2.715811344e-05
2.726545223e-05
2.765335686e-05
2.771663063e-05
2.827542565e-05
2.722345481e-05
2.771503736e-05
2.746003357e-05
2.789712049e-05
2.767034354e-05
2.793617987e-05
2.818113562e-05
2.77987416e-05
2.813269257e-05
2.768192961e-05
2.835049657e-05
2.780872097e-05
2.850384639e-05
2.814928613e-05
2.827300989e-05
2.877156945e-05
2.787021506e-05
2.843975622e-05
2.818682633e-05
2.851031827e-05
2.87902592e-05
2.864780795e-05
2.84396883e-05
2.824865845e-05
2.902801842e-05
2.806056391e-05
2.789767912e-05
2.885280616e-05
2.875855298e-05
2.906024657e-05
2.902372631e-05
2.868367874e-05
2.874771624e-05
2.819294197e-05
2.908902789e-05
2.922642531e-05
2.946815972e-05
2.881337697e-05
2.883277634e-05
2.868114924e-05
2.878101517e-05
2.874406856e-05
2.917455502e-05
2.956555845e-05
2.947257024e-05
2.914213102e-05
2.960329777e-05
2.952006752e-05
2.964198705e-05
2.938110949e-05
2.939152394e-05
2.937236795e-05
2.960867735e-05
2.973770926e-05
3.012782891e-05
2.97059336e-05
2.976361513e-05
2.959050456e-05
2.945440228e-05
3.075270943e-05
2.957223892e-05
2.977388744e-05
2.952877283e-05
2.994570426e-05
2.94840385e-05
3.052494077e-05
3.035730847e-05
3.0140559e-05
3.130572278e-05
3.064850264e-05
2.98655906e-05
3.040031157e-05
3.042178576e-05
3.075518412e-05
3.07235572e-05
3.06475268e-05
3.070137611e-05
3.105941295e-05
3.090569054e-05
3.118217623e-05
3.031392924e-05
3.104372077e-05
3.122545862e-05
3.160078387e-05
3.083651802e-05
3.148114009e-05
3.132244782e-05
3.063524649e-05
3.093805534e-05
3.127020296e-05
3.124745288e-05
3.183596601e-05
3.214883224e-05
3.170818089e-05
3.150694968e-05
3.190788663e-05
3.143432732e-05
3.174518332e-05
3.243295885e-05
3.184401598e-05
3.253834947e-05
3.187377616e-05
3.218580615e-05
3.2052527e-05
3.2153331e-05
3.261397362e-05
3.207882577e-05
3.268856466e-05
3.293687615e-05
3.178207357e-05
3.258778084e-05
3.282998664e-05
3.312301945e-05
3.275033301e-05
3.303108446e-05
3.280771289e-05
3.329788614e-05
3.335034678e-05
3.278653354e-05
3.352499075e-05
3.297048876e-05
3.368164241e-05
3.377309755e-05
3.359891397e-05
3.348002387e-05
3.405652562e-05
3.431413934e-05
3.39843529e-05
3.374250759e-05
3.394410625e-05
3.439867803e-05
3.415385487e-05
3.420839637e-05
3.514929861e-05
3.471682683e-05
3.429324197e-05
3.394637518e-05
3.525931551e-05
3.501274893e-05
3.568780625e-05
3.537473473e-05
3.465254096e-05
3.558998927e-05
3.496629533e-05
3.579027399e-05
3.549990458e-05
3.594467126e-05
3.607132001e-05
3.556181898e-05
3.593829161e-05
3.580285607e-05
3.682037727e-05
3.610491125e-05
3.636258173e-05
3.650357271e-05
3.649226303e-05
3.642440831e-05
3.635460598e-05
3.668897488e-05
3.706273847e-05
3.715688253e-05
3.679822606e-05
3.748887648e-05
3.746963304e-05
3.745891969e-05
3.762449862e-05
3.780465743e-05
3.798282276e-05
3.865205562e-05
3.822447888e-05
3.79327063e-05
3.810131765e-05
3.824268348e-05
3.804530258e-05
3.835971805e-05
3.801356475e-05
3.893031504e-05
3.903198841e-05
3.96382583e-05
3.974183886e-05
3.942742558e-05
3.970581495e-05
3.944860438e-05
3.947708056e-05
4.087002733e-05
3.961540022e-05
4.092297424e-05
4.049641728e-05
4.061461517e-05
4.053275045e-05
4.180009513e-05
4.063559788e-05
4.089915562e-05
4.221289417e-05
4.112429438e-05
4.072722739e-05
4.186351893e-05
4.18025261e-05
4.230065992e-05
4.225310266e-05
4.33519812e-05
4.247079101e-05
4.333951005e-05
4.277337341e-05
4.315883591e-05
4.348774564e-05
4.386101255e-05
4.425438281e-05
4.35651701e-05
4.494611835e-05
4.437294659e-05
4.434143045e-05
4.591809362e-05
4.606863385e-05
4.591857735e-05
4.576990987e-05
4.751564566e-05
4.588605193e-05
4.676990855e-05
4.64803283e-05
4.742276332e-05
4.749676889e-05
4.751630135e-05
4.801287149e-05
4.830128261e-05
4.841329649e-05
4.858460615e-05
4.930479089e-05
4.929686337e-05
5.015121672e-05
5.021574742e-05
5.038909083e-05
5.14107501e-05
5.114258017e-05
5.181544142e-05
5.166345105e-05
5.367411768e-05
5.256167732e-05
5.275345402e-05
5.308329428e-05
5.479280845e-05
5.433921975e-05
5.512947844e-05
5.458546125e-05
5.575780723e-05
5.717937029e-05
5.717798039e-05
5.654884135e-05
5.788834175e-05
5.961012989e-05
5.854269471e-05
6.002231739e-05
5.990377282e-05
6.086378336e-05
6.094648165e-05
6.14131553e-05
6.266132097e-05
6.370387073e-05
6.421164325e-05
6.408473314e-05
6.469651631e-05
6.582517994e-05
6.536536244e-05
6.681749477e-05
6.824624171e-05
6.726062119e-05
6.803845051e-05
6.919480274e-05
7.031789205e-05
6.986974837e-05
6.985086528e-05
7.123947216e-05
7.094634864e-05
7.048058019e-05
7.170626496e-05
7.126735188e-05
7.174517576e-05
7.215881397e-05
7.230965523e-05
7.287944417e-05
7.249772399e-05
7.205466051e-05
7.395809516e-05
7.245928119e-05
7.18245695e-05
7.230189665e-05
7.060434684e-05
7.140998345e-05
7.083574551e-05
6.992883601e-05
6.943149313e-05
6.840342743e-05
6.745972135e-05
6.787953943e-05
6.544886777e-05
6.399700423e-05
6.314405349e-05
6.238588446e-05
6.137970626e-05
5.892591508e-05
5.884466796e-05
5.70045725e-05
5.551409533e-05
5.400183533e-05
5.182947951e-05
5.12775329e-05
4.95571586e-05
4.717419074e-05
4.54956805e-05
4.335543567e-05
4.212899318e-05
4.0606752e-05
3.856249365e-05
3.681913646e-05
3.566187392e-05
3.435934121e-05
3.219739875e-05
3.084321089e-05
2.902188206e-05
2.734961252e-05
2.532743405e-05
2.429800318e-05
2.253053098e-05
2.107155351e-05
1.992887757e-05
1.876646922e-05
1.702671816e-05
1.67122403e-05
1.485062625e-05
1.384281431e-05
1.287073691e-05
1.148676746e-05
1.075256443e-05
9.802137141e-06
9.176496478e-06
8.704964447e-06
7.508770001e-06
7.089978715e-06
6.23423175e-06
5.846222189e-06
5.118645717e-06
4.664520548e-06
4.184448375e-06
3.68958479e-06
3.435268348e-06
3.173244774e-06
2.865630781e-06
2.428165885e-06
2.335092428e-06
1.838092133e-06
1.605759129e-06
1.51666187e-06
1.219098055e-06
1.059578729e-06
1.041463082e-06
1.010224831e-06
7.419981697e-07
7.483129711e-07
6.265734574e-07
5.438926668e-07
4.460216383e-07
4.255196215e-07
4.212925007e-07
4.064431723e-07
3.141474473e-07
3.487195957e-07
2.830265623e-07
1.998645353e-07
1.653478354e-07
1.482957135e-07
1.661003887e-07
1.31421777e-07
1.410293952e-07
9.631149048e-08
1.124248478e-07
1.173022767e-07
7.349015311e-08
1.084639272e-07
7.021496657e-08
4.549787992e-08
5.444595866e-08
3.91095774e-08
2.559779613e-08
3.732839863e-08
4.059369009e-08
4.073016392e-08
3.827097416e-08
3.634402652e-08
4.996378139e-08
3.689557817e-08
3.62329536e-08
2.890932913e-08
6.216539987e-08
4.445638921e-08
3.071322715e-08
5.534414244e-08
3.623166997e-08
3.744180972e-08
4.303801012e-08
7.956125213e-08
3.323984249e-08
5.68781541e-08
2.067086009e-08
4.698185724e-08
5.455063537e-08
4.218271166e-08
4.21646157e-08
1.867562874e-08
4.991163085e-08
5.167561558e-08
4.352657708e-08
3.269210348e-08
8.090284982e-08
4.717573387e-08
5.571202205e-08
6.511687569e-08
3.799477682e-08
3.449330782e-08
2.627376591e-08
1.825158788e-08
3.732675791e-08
3.975401074e-08
5.437316192e-08
5.048215655e-08
5.690238005e-08
3.899744426e-08
5.753453669e-08
5.232734807e-08
4.435400473e-08
5.810851861e-08
6.53081081e-08
6.096905376e-08
5.535176206e-08
8.383832333e-08
2.677557986e-08
4.378591288e-08
5.894608706e-08
2.996013399e-08
1.819543354e-08
4.980832534e-08
2.385689425e-08
3.73911405e-08
7.100748654e-08
2.564237088e-08
2.333738354e-08
4.572122296e-08
2.312509142e-08
2.601223819e-08
4.809928691e-08
3.724451532e-08
3.961420238e-08
6.341690476e-08
4.802934776e-08
4.53736273e-08
4.040048057e-08
5.201358257e-08
4.346748197e-08
4.851404963e-08
5.430881965e-08
3.813689582e-08
1.374539033e-08
4.744772317e-08
3.004614975e-08
3.408723646e-08
4.236174022e-08
3.214904414e-08
2.703285206e-08
3.442358177e-08
3.074811798e-08
5.838402697e-08
4.915775409e-08
5.051696462e-08
5.1730082e-08
5.692170156e-08
4.540450916e-08
5.264944915e-08
5.282043507e-08
2.623500508e-08
4.153321987e-08
2.514275493e-08
2.298469252e-08
2.944669362e-08
3.13447507e-08
4.642818699e-08
2.679733498e-08
3.175102579e-08
2.909331038e-08
4.70359183e-08
4.105429004e-08
2.984321298e-08
3.836322138e-08
2.434867368e-08
3.130765551e-08
3.425559391e-08
2.821388294e-08
9.280657667e-09
2.597373847e-08
3.839289275e-08
3.008997618e-08
2.432398137e-08
5.369345879e-08
2.208220653e-08
2.530146014e-08
3.638055786e-08
2.888300797e-08
4.235502256e-08
2.912590323e-08
3.908424917e-08
2.688083377e-08
2.549112784e-08
2.5698731e-08
1.582249501e-08
4.01951656e-08
2.01317518e-08
4.320638364e-08
3.537468357e-08
2.345731735e-08
4.006112233e-08
1.223007557e-08
2.436571685e-08
1.725950181e-08
2.287863089e-08
1.578809038e-08
1.996915323e-08
3.161369789e-08
8.935543798e-09
6.063145892e-08
3.314995149e-08
4.655539454e-08
3.175536061e-08
1.970398396e-08
4.441105642e-08
3.867136874e-08
3.875051612e-08
2.242061606e-08
2.114909205e-08
2.7468802e-08
2.078773384e-08
4.160153568e-08
2.937989466e-08
2.165443415e-08
3.735904193e-08
4.174138612e-08
3.937774323e-08
3.689919892e-08
2.476028377e-08
2.305604129e-08
4.419473643e-08
5.181448757e-08
3.268591033e-08
3.442705042e-08
2.820438333e-08
3.736042097e-08
1.610675615e-08
4.69594003e-08
4.101295978e-08
2.788767823e-08
2.17485158e-08
2.927800591e-08
1.846530668e-08
3.449546293e-08
3.323070708e-08
2.595048675e-08
3.220021058e-08
2.50768463e-08
1.255591988e-08
3.496719287e-08
2.793265022e-08
1.415282695e-08
2.406547329e-08
1.975946934e-08
3.465016744e-08
3.656745174e-08
2.695243677e-08
3.261825295e-08
3.295425008e-08
4.316287331e-08
2.969838768e-08
4.437918409e-08
4.521473587e-08
2.975638518e-08
2.915585477e-08
1.587071776e-08
2.775950593e-08
2.481563366e-08
2.485847647e-08
1.66033916e-08
1.471678985e-08
1.989295533e-08
1.672859138e-08
2.917735764e-08
2.432321217e-08
2.015668157e-08
2.259355048e-08
1.676391863e-08
2.833201553e-08
2.921351654e-08
1.836106218e-08
1.296385208e-08
1.958182565e-08
4.079054185e-08
2.57319186e-08
2.961019691e-08
2.305579221e-08
1.946823339e-08
2.640242052e-08
1.569801133e-08
1.802623084e-08
3.370946448e-08
2.175408897e-08
3.651797848e-08
1.358476782e-08
9.118094202e-09
1.624154397e-08
9.191043203e-09
2.843580075e-08
3.532191068e-08
2.429180859e-08
4.009289362e-08
2.251245624e-08
2.85130073e-08
2.428268886e-08
2.756674747e-08
4.679928799e-08
2.298627514e-08
5.220603079e-08
2.844628829e-08
4.772367022e-08
1.490489639e-08
2.847686347e-08
2.524514564e-08
2.131067692e-08
9.353883253e-09
1.721730485e-08
1.86793131e-08
4.296778731e-08
7.179308367e-08
3.297935218e-08
2.092745064e-08
3.265845041e-08
5.537286917e-08
1.137562827e-08
2.102186689e-08
1.522209572e-08
3.88709278e-08
1.822536316e-08
3.091875686e-08
4.171920852e-08
1.301720409e-08
3.074289668e-08
1.709474124e-08
2.191411301e-08
4.248632018e-08
9.468813401e-09
3.068715803e-08
3.083216567e-08
2.09260059e-08
4.12188677e-08
4.574021886e-08
3.44007575e-08
4.939923757e-08
3.276958934e-08
3.457871444e-08
1.542794024e-08
1.514905703e-08
9.744433066e-09
6.724973911e-09
2.412432081e-08
2.482008359e-08
2.022795879e-08
2.528423971e-08
3.490341555e-08
1.74755678e-08
1.459570559e-08
3.914294907e-08
2.952071987e-08
2.538882343e-08
2.877878682e-08
1.791040869e-08
3.851050118e-08
2.632753931e-08
1.876779084e-08
1.300798954e-08
7.874257165e-09
1.306275963e-08
2.952859763e-08
2.077877325e-08
2.74838173e-08
1.413635869e-08
2.500594649e-08
2.224134896e-08
1.434841795e-08
3.296984197e-08
3.174029205e-08
2.751231244e-08
3.456347534e-08
3.357992082e-08
1.849613981e-08
2.621643388e-08
4.056543522e-08
2.553982983e-08
1.470432783e-08
1.525866927e-08
1.844562775e-08
1.74612063e-08
2.35542889e-08
1.996098364e-08
3.699645465e-08
1.890286767e-08
2.45546718e-08
3.69084886e-08
2.095384066e-08
1.63931305e-08
3.140397836e-08
2.907402411e-08
2.594518658e-08
3.202004401e-08
1.478928658e-08
7.513061379e-09
5.234249402e-09
1.998432158e-08
1.291894281e-08
1.132251865e-08
1.650289719e-08
1.287771681e-08
3.919529692e-08
2.908729785e-08
9.03174088e-09
2.351377211e-08
3.624773372e-08
1.238280789e-08
5.730533324e-09
1.69943814e-08
1.257974091e-08
2.959194024e-08
2.587575041e-08
3.197647135e-08
1.94382601e-08
2.818316334e-08
4.124019078e-08
4.367151402e-08
3.301759192e-08
4.333555206e-08
1.163082863e-08
2.210280516e-08
1.01219734e-08
3.019055682e-08
2.441899196e-08
3.170528778e-08
1.467828118e-08
1.736935466e-08
2.661495844e-08
1.46205265e-08
3.732733016e-08
3.719743635e-08
3.081933567e-08
2.504478439e-08
3.577478817e-08
3.08017669e-08
3.345219688e-08
2.527432898e-08
2.057725967e-08
2.911441858e-08
2.932795686e-08
8.893252257e-09
1.522557251e-08
3.632096992e-08
2.262328829e-08
1.372304723e-08
1.697970936e-08
1.493405746e-08
7.10191304e-08
1.421774606e-08
1.070131313e-08
3.957818458e-08
4.323854342e-08
2.104778648e-08
2.06399048e-08
1.170003268e-08
1.273576598e-08
2.589546691e-08
1.69411109e-08
2.10282077e-08
2.081730322e-08
2.317148203e-08
7.382819248e-09
1.17790264e-08
1.871557289e-08
3.122294316e-08
1.325334009e-08
1.594427673e-08
1.507798736e-08
4.544846581e-08
2.709023825e-08
1.979655694e-08
4.153239664e-08
1.903185818e-08
1.585836875e-08
1.839358483e-08
1.535505217e-08
1.589426714e-08
2.88021979e-08
2.107996523e-08
1.651955724e-08
2.337790415e-08
1.503773525e-08
1.643969061e-08
1.752607979e-08
1.00598787e-08
2.370064032e-08
1.889361861e-08
1.840056919e-08
3.688490248e-08
1.544446072e-08
1.596795281e-08
3.856666502e-08
2.820742447e-08
8.107519945e-08
4.009795195e-08
3.922654991e-08
1.9105181e-08
2.557585506e-08
3.314450383e-08
2.255070685e-08
2.232062613e-08
2.256813442e-08
1.936515619e-08
3.358757397e-08
2.968690017e-08
1.485671119e-08
2.208121102e-08
2.221886726e-08
3.290348246e-08
3.006228934e-08
1.781124114e-08
3.852872298e-08
1.051411783e-08
1.944328449e-08
3.17477632e-08
4.903749971e-08
2.482563e-08
2.446369379e-08
2.181884601e-08
8.6308867e-08
1.818384556e-08
4.986661502e-08
1.340752623e-08
3.612862725e-08
2.761909345e-08
3.317797381e-08
3.045548717e-08
2.883399313e-08
2.816000406e-08
1.4361028e-08
1.779646986e-08
3.058391324e-08
2.26753699e-08
1.645143482e-08
2.864238211e-08
1.332655598e-08
1.220336959e-08
8.010111256e-09
3.054221072e-08
8.85448352e-09
1.056760591e-08
1.354513858e-08
7.258187444e-09
1.721765887e-08
1.124331113e-08
2.643916624e-08
1.301391914e-08
2.327287188e-08
1.767028779e-08
1.249506103e-08
2.00289926e-08
1.694184141e-08
9.019507223e-09
9.600534866e-09
7.283276441e-09
2.623772708e-08
2.446327763e-08
2.497732448e-08
1.37350941e-08
1.288545594e-08
1.854538143e-08
2.023610422e-08
3.070057307e-08
2.323354708e-08
2.212783925e-08
1.957128925e-08
2.177546632e-08
2.202823996e-08
1.258842497e-08
1.577827985e-08
9.888017278e-09
2.82862395e-08
1.591984341e-08
2.996326643e-08
2.166588042e-08
5.025243481e-09
8.197586171e-09
4.963230121e-08
1.294029835e-08
1.223448989e-08
1.448093995e-08
1.587305172e-08
1.041105497e-08
1.539533384e-08
2.370247984e-08
8.083643314e-09
2.09478737e-08
2.923336802e-08
1.1681535e-08
2.744645667e-08
2.800951337e-08
1.265274004e-08
2.613653492e-08
2.330891419e-08
1.497631959e-08
2.207687051e-08
6.698748783e-09
1.076121039e-08
1.449859008e-08
4.20802858e-08
2.179832337e-08
2.427666666e-08
2.292945655e-08
1.378238761e-08
1.161174141e-08
3.597577316e-08
1.800067409e-08
2.725906309e-08
1.87222913e-08
2.083518532e-08
3.68083461e-08
2.243527608e-08
2.961476867e-08
1.501045673e-08
1.69294197e-08
2.761550704e-08
1.164262873e-08
9.557327984e-09
3.780811793e-09
1.558211192e-08
1.704765999e-08
2.909011129e-08
3.417304555e-09
1.831443731e-08
1.447472309e-08
8.921869504e-09
1.015084228e-08
2.75130391e-08
9.144565789e-09
6.762403633e-10
1.659828049e-08
8.335101393e-09
5.722955632e-09
1.474517687e-08
1.442301368e-08
9.517341374e-09
1.313461569e-08
8.984985931e-09
2.607532371e-08
2.776261522e-09
7.920978079e-09
7.41576211e-09
1.499458054e-08
7.148475739e-09
4.156185379e-09
4.206115959e-09
6.107620461e-09
1.159142272e-08
1.448409883e-08
9.602401864e-09
1.200466484e-08
8.261870782e-09
7.365492175e-09
1.468077182e-08
1.92516887e-08
8.490636824e-09
3.048275124e-09
1.461892589e-08
1.511218999e-08
2.163555834e-09
3.709376221e-08
8.52672138e-09
4.898411294e-08
2.529826868e-08
1.736772246e-08
3.225491335e-08
1.277084162e-08
2.104600662e-08
3.88653671e-08
2.211605098e-08
2.375675068e-08
2.112227234e-08
6.070042145e-08
1.075928313e-08
1.090392496e-08
1.489340611e-08
1.305628759e-08
1.872582545e-08
1.29601443e-08
2.232488527e-08
2.401776787e-08
1.134157692e-08
4.358741629e-08
2.30727003e-09
3.053019432e-09
8.340816862e-09
2.038510584e-08
3.787456082e-08
2.629925491e-08
1.19727352e-08
1.822216262e-08
6.015999077e-09
1.840874111e-08
2.562441577e-08
6.889694402e-09
1.468691714e-08
1.077433161e-08
6.395773018e-09
2.086719055e-08
1.956542951e-08
1.815117313e-08
2.862301237e-08
2.221813798e-08
3.777323037e-08
5.85188833e-08
8.376555074e-09
1.559207751e-08
2.021708628e-08
1.266513142e-08
9.426997748e-09
1.02425449e-08
2.060373973e-08
7.038565204e-09
1.820247773e-08
1.97447379e-08
1.003714465e-08
3.69345442e-08
1.392804815e-08
2.499020811e-08
1.787852396e-08
2.053698577e-08
1.025470115e-08
1.607037873e-08
1.468098557e-08
2.592335809e-08
1.69929054e-08
1.079730035e-08
2.360896969e-08
2.776411268e-08
2.981673811e-08
2.399317473e-08
2.553062628e-08
1.632429147e-08
1.127992408e-08
5.065628408e-09
3.883622176e-09
5.359079269e-09
1.674416727e-08
6.439651131e-09
2.105464e-09
6.452193205e-09
1.199602691e-08
1.077886088e-08
7.626944618e-09
7.353719629e-09
7.088766838e-09
8.674718871e-09
7.883234447e-09
3.314539391e-08
1.596845351e-08
1.047624632e-08
1.172376586e-08
2.712363743e-08
6.635894029e-09
1.302289339e-08
1.985496023e-08
2.470796122e-08
1.45268345e-08
1.021764971e-08
1.963834483e-08
1.434391483e-08
8.752299165e-09
4.373890372e-09
1.432881955e-08
1.109398368e-08
1.524537178e-08
9.555737119e-09
1.045151654e-08
3.240622529e-09
2.586254916e-09
7.836888619e-09
2.038679401e-08
1.375692519e-08
1.834137289e-08
7.529846087e-09
1.78076576e-08
8.737619745e-09
1.034723588e-08
1.333525488e-08
1.691895485e-08
1.631731179e-08
1.845457483e-08
3.755039735e-08
6.313696104e-09
1.614545036e-08
2.193562425e-08
2.972353037e-08
2.481223663e-08
1.978699595e-08
1.581987005e-08
2.469948461e-08
1.734560114e-08
1.962480721e-08
1.882479325e-08
1.470917684e-08
1.800099795e-08
2.653504007e-08
3.158217788e-08
2.913286385e-08
1.849780465e-08
1.705017602e-08
2.617123774e-08
3.49457693e-08
2.273193475e-08
2.098216447e-08
1.685524038e-08
2.623136859e-08
2.396601163e-08
1.32740639e-08
1.810354038e-08
1.902971551e-08
2.286946652e-08
1.014543541e-08
5.598301287e-09
6.262295292e-09
2.002006197e-08
5.681668647e-09
1.76951321e-08
2.969531482e-08
1.878313482e-08
6.51827256e-09
1.925379305e-08
9.206494711e-09
5.890224624e-09
8.272088427e-09
2.284630484e-08
3.620356478e-08
8.351236841e-09
9.259462546e-09
1.249891994e-08
1.154229057e-08
4.548624008e-09
1.560490486e-08
1.373881343e-08
1.96980872e-09
3.989210945e-09
3.174934847e-09
8.082221571e-09
2.403300697e-09
1.117406016e-08
2.013193999e-08
2.540663093e-09
9.949592081e-09
6.174577773e-09
1.24772339e-08
8.416992823e-09
1.157481315e-08
1.438775801e-08
4.938589773e-08
5.035312568e-09
1.759722124e-08
1.057434913e-09
1.010587809e-08
1.841006848e-08
1.109929079e-08
5.628818131e-09
1.528788108e-08
3.258411188e-08
1.371192032e-08
1.698141958e-09
8.272261318e-09
6.229692986e-09
1.116936137e-08
1.626952221e-08
1.048629338e-08
1.395662902e-09
4.015545115e-08
3.24912467e-09
7.593538515e-09
7.635529715e-09
1.355051941e-08
2.547982216e-08
3.065231648e-08
6.083751384e-08
1.96745292e-08
1.866080889e-08
1.657675179e-08
5.706981162e-09
1.091769355e-08
2.145895608e-08
1.447621062e-08
2.466448869e-08
2.177342775e-08
4.463275135e-09
5.985580468e-08
2.070268059e-08
1.027353611e-08
4.070303217e-08
2.368039386e-08
4.424062805e-08
1.279553646e-08
7.425989972e-09
1.624309315e-08
1.282702179e-08
2.168068984e-08
3.687415121e-09
1.997907125e-09
1.38524952e-08
1.363627815e-08
1.190224201e-08
2.068175344e-08
1.355514573e-08
1.406581804e-08
1.217691185e-08
1.563161267e-08
6.205513504e-09
8.746434522e-09
1.901392418e-08
1.513185243e-08
1.709655614e-08
1.349207532e-08
1.37370178e-08
2.318525642e-08
6.722620231e-09
2.409594758e-09
1.530142744e-08
1.449551592e-08
3.19960854e-08
1.620221258e-08
2.143087895e-08
1.118701714e-08
2.036793748e-08
1.079523698e-08
2.100718641e-08
2.2541995e-08
9.381716038e-09
1.709849162e-08
2.525198003e-08
4.870809267e-08
1.294233287e-08
1.639756226e-08
1.167225645e-08
6.797987059e-09
2.899586148e-08
1.913838664e-08
3.368357886e-08
1.616326379e-08
1.29272599e-08
9.009771976e-09
2.833643029e-08
2.217122578e-08
1.730056554e-08
2.987321181e-09
2.332640177e-08
1.581883026e-08
3.302843593e-08
9.907607842e-09
1.681689517e-08
7.314476618e-09
5.019091434e-09
8.252583587e-09
6.337369036e-09
6.671593004e-09
2.138213173e-08
7.61380514e-09
4.045087885e-08
1.016261071e-08
5.023215871e-09
1.03526334e-08
1.810649802e-08
1.404237749e-09
1.745361547e-08
6.19567814e-09
5.232647305e-09
1.387845632e-09
1.946104035e-09
8.656805929e-09
1.083261825e-08
1.093505728e-08
1.677925487e-09
4.890967145e-09
5.902169022e-09
1.348206905e-08
8.383706074e-09
1.722598588e-08
1.060183472e-08
1.198792876e-08
6.965504647e-10
1.834831043e-08
8.121614699e-10
8.587471355e-09
8.683369274e-09
3.630133292e-09
1.44322333e-08
4.459258481e-09
7.20199237e-09
6.376426214e-09
1.749341352e-09
8.935802042e-09
1.160077686e-09
6.865826761e-09
7.260479771e-09
7.570889842e-09
3.332161292e-09
8.468286623e-09
1.854300082e-09
1.07878624e-08
3.233773048e-09
2.094201161e-08
1.49993841e-08
2.768215731e-09
3.877411525e-09
1.120597057e-08
1.038444418e-08
1.484161095e-08
1.564091358e-08
2.06014344e-09
1.901029675e-08
5.034376484e-09
9.533324773e-09
1.71549402e-08
5.981114374e-09
9.758693698e-09
8.119311367e-09
2.475647369e-09
5.842900933e-09
2.104739988e-08
6.529287603e-09
5.755687387e-09
2.060230637e-08
1.168032938e-08
1.986728289e-08
8.896924618e-09
1.701039426e-08
1.118244472e-08
2.339636966e-08
1.894560367e-08
7.319058865e-09
1.659444254e-08
5.112715337e-09
8.760317758e-09
1.477322517e-08
9.525057601e-09
2.239156111e-08
1.079081702e-08
7.001009264e-09
3.588695558e-09
1.118979315e-08
3.472055265e-08
2.740590471e-08
1.548713849e-08
3.948368513e-08
5.135373084e-09
1.831308468e-09
1.603723914e-08
6.372513674e-09
4.305168748e-09
9.951196659e-09
1.352510462e-08
1.659085002e-08
3.257047532e-09
3.718555007e-09
7.857983538e-09
7.393134868e-09
2.138783675e-08
8.764201384e-09
4.108918711e-09
7.063984843e-09
5.638013706e-09
7.456741602e-09
1.743102421e-08
1.993370764e-08
1.420610913e-08
7.60398499e-09
4.683122149e-09
5.821682768e-09
1.31119268e-08
1.799593739e-09
3.063064588e-09
6.125191585e-09
2.476594492e-09
3.485257068e-09
3.714957477e-09
2.713184137e-08
1.504437071e-08
1.16200227e-08
1.757534624e-08
1.785779848e-09
3.760030424e-09
4.257643639e-09
4.130090067e-09
6.759797974e-09
7.03256162e-09
1.651985929e-08
1.152033267e-08
8.69754472e-09
1.571030239e-08
2.694893209e-09
1.078341018e-08
7.49753832e-09
1.447038402e-08
1.383928725e-08
2.973284143e-08
8.490692734e-09
1.832379789e-08
1.243080491e-08
9.314529704e-09
1.835728638e-08
2.107363384e-08
8.281976989e-09
9.270197216e-09
2.87101228e-08
1.482045804e-08
1.402830553e-08
1.297152243e-09
5.786639996e-09
9.229708221e-09
9.574131266e-09
5.570697126e-09
2.14619409e-08
1.594719381e-08
4.994213891e-09
1.67493229e-08
9.399611876e-09
1.323447884e-08
1.216804781e-08
5.483801824e-09
1.073241197e-08
8.122569536e-09
1.020855306e-08
3.271142335e-09
1.447606977e-08
3.781717358e-09
1.346314681e-08
8.252909022e-09
9.937312178e-09
5.394825688e-09
2.32064257e-08
1.367102608e-08
2.187044327e-08
4.062389466e-09
7.672833777e-09
7.983832539e-09
1.281710566e-09
4.398386986e-09
7.588056301e-09
1.125140178e-08
5.305882795e-09
1.172084575e-08
4.585800803e-09
9.584871615e-09
7.633311512e-09
1.119239961e-08
2.000557705e-09
2.35254064e-09
1.688369166e-09
1.16850404e-08
2.968634416e-09
5.219667323e-09
1.151549572e-09
7.152813171e-10
9.660565028e-09
3.025357141e-09
2.812366916e-09
9.982630459e-10
4.229227164e-09
2.228218602e-09
1.242000372e-09
1.812158466e-09
3.485762258e-09
1.526946001e-09
1.5543742e-09
2.976600103e-09
2.050374011e-09
1.826171914e-09
1.17747147e-09
2.870335469e-09
5.784932711e-10
1.836430199e-09
2.681937657e-08
1.442203777e-09
2.922294761e-09
1.90594157e-10
8.455683405e-10
2.7806727e-09
4.100387004e-09
7.595474147e-09
2.528538996e-08
1.148112603e-08
1.879874968e-09
7.413102218e-09
9.053201111e-09
1.276945308e-09
9.604178045e-09
5.475880077e-09
5.372533569e-09
2.03065894e-09
4.241308997e-09
5.749103179e-09
1.013957537e-08
8.307112689e-09
9.355437449e-09
4.605899862e-09
5.472900979e-09
2.167423542e-08
3.199610109e-09
7.532439032e-09
1.97733198e-08
1.585657511e-08
1.579197809e-09
2.952666768e-09
4.324497276e-09
7.539385482e-09
1.493298284e-09
2.72187331e-09
7.206199388e-09
8.684476842e-10
2.277284376e-08
6.161036481e-09
1.209229171e-09
7.755312088e-09
2.47738345e-09
2.64438247e-09
6.383286403e-09
4.456732562e-09
2.859550305e-09
6.574796824e-09
2.00001341e-09
6.160128982e-09
7.726103725e-09
6.859259655e-09
4.478926105e-09
7.084625379e-09
2.184232696e-09
7.320521541e-09
2.029905322e-09
9.992981753e-09
4.716323454e-09
6.024540479e-09
1.082720053e-08
4.646944481e-09
1.336594339e-08
1.363145522e-08
4.284279172e-09
1.168330729e-08
1.094122532e-08
1.057414958e-09
1.270672945e-08
3.958430632e-09
1.469816202e-08
3.641906636e-09
9.800213776e-09
6.995284832e-09
1.465098914e-09
1.044121577e-09
2.983475186e-08
8.198649576e-10
7.96877155e-09
3.738576485e-09
2.590777322e-09
3.262175036e-09
1.374212934e-09
3.964110798e-09
8.5817844e-10
1.991543154e-09
2.350018259e-09
7.92985775e-09
2.578037613e-09
6.742701377e-09
9.971266204e-10
1.834312329e-09
2.350736062e-09
1.094475499e-09
9.070144112e-10
1.20553865e-09
1.725508048e-09
1.605216825e-09
1.20219965e-08
5.853731372e-09
8.599021555e-09
9.869912793e-09
2.762591596e-09
1.483062299e-09
1.602863066e-08
1.393799436e-08
1.167587842e-08
1.503160741e-08
8.739424657e-09
5.98605665e-09
1.5524896e-09
1.503728151e-09
4.672476292e-09
4.490459478e-09
7.152407205e-09
6.371126649e-09
4.346686872e-09
7.865147568e-09
1.314884594e-09
4.697366745e-10
8.092030574e-09
1.460076227e-08
9.297960824e-09
1.729841787e-08
1.050392086e-08
4.454763788e-09
6.626254942e-09
6.353841729e-09
1.000772011e-09
1.62655176e-09
4.479277462e-09
7.293632257e-09
4.884645712e-09
1.446156835e-09
4.620851642e-09
5.012371404e-09
4.415797669e-09
1.060537143e-08
6.957810053e-09
1.983668477e-09
2.143169112e-09
1.853669761e-09
8.735197036e-09
1.740696381e-09
1.087186468e-09
8.024346236e-09
1.449213774e-09
2.784425946e-09
7.872039742e-09
1.795555951e-09
5.179433548e-09
4.176786218e-09
8.885769508e-09
5.332266346e-09
2.308391022e-09
9.035924135e-10
9.04013411e-10
1.689050582e-09
9.541367688e-09
4.212374045e-09
1.075358672e-08
1.764254163e-08
6.594193278e-09
9.125451512e-09
7.364247355e-09
2.805150147e-08
9.333364254e-09
5.175899354e-09
2.235360025e-08
9.426785543e-09
7.469418732e-09
6.252826544e-09
2.096936758e-08
1.294204111e-08
1.40953349e-08
1.919734785e-08
6.346766578e-09
8.880032113e-09
2.612449667e-09
9.689870961e-09
1.262339506e-09
8.668396514e-09
1.128736458e-08
7.222182905e-09
1.214577631e-08
1.719120274e-08
9.814187234e-09
4.775400744e-09
1.073188539e-08
1.134627215e-08
4.175402497e-09
9.820448241e-09
1.016909038e-08
8.276725093e-09
1.883419492e-09
4.713359522e-09
5.062940669e-09
1.648272037e-09
3.734472725e-08
3.357585095e-09
1.696941503e-08
2.461551286e-09
5.297963754e-09
4.346919885e-09
7.743169734e-09
1.699916699e-09
2.177586496e-09
4.814255894e-09
6.394066795e-10
6.68307775e-09
4.087868732e-09
2.28507275e-09
9.337985348e-09
3.796004106e-09
7.003751465e-10
8.072110058e-09
1.531070233e-08
2.026347833e-09
9.617174272e-09
1.940998323e-09
5.81532246e-09
2.48569551e-09
1.458591199e-09
2.334215049e-09
9.676799815e-09
3.834080918e-09
1.728652278e-09
1.036644524e-08
3.903915463e-09
5.532385604e-09
3.522329076e-09
1.043266331e-08
5.71269019e-09
1.372151508e-09
4.561816826e-09
2.636144435e-09
3.781800391e-10
2.006676037e-09
5.452957414e-09
1.408449207e-08
8.097369854e-09
1.400617797e-09
6.554649511e-09
3.728375372e-09
5.31583224e-09
6.6298215e-10
1.278644237e-08
5.339823798e-09
4.228077161e-09
1.028604433e-09
7.040891894e-10
4.956159701e-09
5.569059631e-09
6.220738618e-10
7.268279147e-09
9.071443086e-10
5.611128789e-09
4.157686405e-09
1.715479721e-09
8.547048684e-09
9.070584292e-10
4.735896455e-09
9.626291745e-10
4.754225716e-09
1.473815433e-08
7.239688973e-09
2.019092799e-09
2.709213388e-09
8.124911523e-09
8.706314332e-09
6.315226617e-09
1.132927443e-09
2.345623405e-09
7.152785349e-10
7.264128617e-09
6.782016285e-09
8.390660574e-09
1.281133795e-08
1.165351356e-08
1.073844988e-08
8.486569453e-09
1.533598444e-08
4.585083543e-10
2.059630034e-09
4.832359897e-09
5.507439192e-09
6.39091892e-09
8.915054983e-10
1.397728952e-09
1.702984043e-09
6.590819464e-09
8.080868111e-09
1.685570853e-09
1.128510062e-08
4.52915215e-10
5.846171866e-09
7.886395002e-09
5.49159571e-09
1.35452412e-08
4.083027504e-09
2.39409021e-09
1.258530293e-08
5.158010585e-09
6.68175668e-09
1.059533349e-08
3.550304757e-09
6.660982327e-10
1.082537252e-09
1.414326954e-09
9.399524494e-10
2.167976634e-09
1.190043373e-09
9.919165584e-09
5.527156596e-09
2.019304244e-09
5.385231356e-09
2.327833439e-09
4.884563265e-09
1.995342865e-08
3.98164188e-09
1.307625574e-08
2.679473327e-08
9.643584513e-09
8.906466954e-09
1.824157379e-08
1.329432313e-08
1.991264721e-08
4.313031697e-09
6.660875974e-09
1.640146735e-09
5.816596713e-09
2.854005651e-08
1.049755629e-08
5.317804173e-09
8.377805106e-09
6.261672856e-09
8.70567563e-09
6.570595844e-09
3.688662857e-09
3.202016268e-09
3.610762576e-09
3.049853651e-09
1.682695857e-09
1.413550774e-08
1.99619868e-08
1.606053946e-08
1.941874832e-08
2.612408598e-09
8.562792119e-10
6.131775409e-09
2.269729619e-09
3.764672706e-09
6.343213272e-09
1.548521497e-09
1.01842759e-08
9.037994709e-09
5.985708927e-09
2.504918804e-09
4.654839464e-09
5.560963619e-09
1.331704112e-08
1.041629462e-08
5.269896783e-09
8.407165038e-09
2.397929768e-08
2.636418137e-08
1.002694041e-08
5.11201967e-09
1.460692117e-09
9.652348732e-09
7.359660586e-09
1.343280764e-09
5.743580943e-09
4.050698564e-09
1.939846862e-09
4.445140622e-09
1.606464458e-08
1.215069151e-08
2.225864323e-09
1.31035557e-09
4.370701675e-09
9.992486154e-09
2.03931651e-10
4.756835158e-09
1.061679746e-08
1.430394523e-08
2.07499216e-09
2.836795991e-09
3.347222807e-09
4.097721968e-10
3.257513339e-10
2.696038322e-10
7.951643912e-09
1.379922656e-09
4.60297814e-09
2.239863757e-09
8.536386716e-09
4.229600834e-10
1.098014938e-09
1.877341516e-09
1.455768415e-10
3.005219312e-09
7.621388335e-09
1.928489013e-08
5.082855754e-09
1.06227608e-09
1.66058551e-09
4.42425723e-09
1.076042524e-08
9.389488144e-09
1.738379632e-09
3.830456869e-09
4.758407618e-09
4.258654445e-09
1.05818187e-08
1.220229428e-08
3.198949986e-08
7.882450974e-09
1.122921808e-09
1.210548587e-10
1.22991148e-09
1.357647216e-09
9.794822502e-09
5.293379798e-10
1.392591368e-10
3.552676425e-09
3.687948112e-09
3.37142685e-10
3.501661731e-09
3.156178417e-09
2.81618135e-09
3.359371079e-10
1.581131663e-09
6.078308486e-10
4.200611032e-09
5.0099279e-10
1.132589688e-09
1.390999705e-09
1.169389037e-09
3.401336513e-09
4.113633788e-09
2.931386651e-09
1.061931678e-09
1.563051412e-09
8.884218044e-10
1.078804624e-09
2.233501721e-09
1.088548977e-10
1.036704523e-08
1.919719011e-09
1.464381576e-08
1.14090683e-09
2.622198955e-09
9.97124428e-10
2.350445636e-09
1.580862397e-09
5.977825673e-10
2.478222728e-09
6.079507351e-09
5.041509453e-09
7.853327892e-10
1.12297588e-09
8.729156279e-10
1.758605254e-09
1.667025368e-09
1.461879612e-09
9.825012694e-10
1.276647989e-08
4.807444556e-09
4.658307228e-09
5.188640964e-09
1.209352342e-08
2.047934955e-09
3.645241613e-09
9.652116441e-09
4.478708279e-09
4.357126967e-09
7.131465341e-09
6.561339372e-09
3.839670603e-09
8.824986638e-09
7.007342643e-09
1.818475954e-09
1.980482713e-09
4.40563469e-09
2.759322468e-09
7.080183026e-09
2.587117634e-09
5.932468905e-09
1.375259965e-10
9.753539345e-10
1.112153469e-08
5.81238051e-09
7.804680071e-09
1.485906672e-08
7.767803896e-09
6.507093683e-09
4.731000907e-09
1.659844838e-09
9.087822998e-09
1.006694012e-09
1.213288365e-10
1.473665853e-09
5.579913224e-09
1.015585939e-09
4.273420788e-09
8.452120976e-09
1.365943268e-08
1.026460744e-09
1.048081394e-08
1.020356947e-08
7.526972019e-09
2.755535065e-09
8.913477246e-10
1.236385879e-08
9.742856979e-09
1.672237882e-08
3.061990668e-08
4.737663722e-09
1.260069501e-08
2.295739621e-09
1.203327947e-09
1.141167945e-08
8.964414951e-09
2.250607787e-09
1.54091066e-09
1.297315995e-08
1.605484813e-09
5.239815673e-09
3.544003904e-09
9.748482261e-09
2.71834237e-09
1.266011843e-08
5.034355134e-09
1.476098926e-08
7.578587263e-09
1.456770943e-08
1.065976665e-08
1.066874003e-08
9.140195034e-09
4.452077723e-09
3.927890529e-09
6.310811043e-09
2.128514581e-10
1.001628402e-09
4.08994886e-09
4.170369631e-09
4.449717858e-09
1.408951232e-08
5.630264284e-10
5.676331084e-09
4.71799484e-09
5.189135109e-09
5.281129064e-10
8.725244211e-09
7.583970583e-09
3.306531869e-09
7.299020808e-09
3.497783249e-09
3.360951177e-10
1.546388533e-09
1.040981201e-08
9.202037086e-09
2.745968525e-09
5.163400642e-10
5.834516052e-09
7.279384366e-10
1.186041465e-08
1.616972809e-08
7.702979148e-09
1.142454003e-08
7.387977547e-09
6.691653204e-09
7.856907405e-10
1.608362184e-09
1.509920395e-08
8.532878036e-09
9.280122213e-09
1.160890213e-08
1.771220466e-08
1.071765529e-08
9.232498281e-09
1.679982436e-08
4.443684449e-09
8.216345183e-09
7.642656578e-10
2.567629704e-09
1.144195354e-08
1.105295993e-08
9.708712421e-09
9.328643044e-09
1.199027922e-08
1.85757263e-08
4.983661796e-09
8.090160542e-09
1.542444684e-09
5.15058295e-09
8.540574185e-09
1.319810605e-08
1.175555452e-08
1.300717159e-08
5.479929014e-09
5.503767894e-09
1.172321833e-08
7.581666599e-09
5.535357164e-09
8.209890727e-09
1.558079403e-08
4.834778623e-09
6.247581428e-09
2.345868448e-09
2.311513618e-09
6.735386966e-09
1.302767493e-08
7.512467842e-09
5.363490739e-09
4.753900367e-09
1.359331253e-09
4.339010353e-09
2.131998934e-08
5.629262083e-09
3.262301458e-09
1.547105893e-09
1.119037091e-09
4.741304326e-09
1.85309215e-09
6.620391423e-09
2.202068732e-09
6.904778303e-09
8.893853058e-09
1.448424902e-09
7.833694367e-09
1.378567982e-08
8.274818592e-09
1.033816804e-08
9.623694351e-09
2.920070601e-09
8.085505769e-09
1.067315203e-08
6.503773328e-09
1.688512338e-09
6.309720885e-09
8.345375897e-09
2.040331704e-09
1.23367304e-09
1.207136803e-08
6.261590551e-09
1.90679892e-09
5.010361307e-09
9.488901758e-10
6.382671038e-09
5.857019189e-09
2.179696991e-09
1.602591795e-08
1.177881768e-08
1.243962926e-08
1.230065911e-08
4.299635379e-09
1.859982619e-08
4.087078354e-09
7.226152199e-09
5.295588525e-09
1.569274596e-08
1.39497529e-08
2.678678072e-09
6.946890345e-10
4.508958431e-09
7.401922748e-10
5.06589389e-09
4.309122229e-09
2.244537852e-09
6.939739536e-10
9.712232156e-09
1.154924183e-09
3.930031115e-09
7.018469598e-10
1.330514799e-08
2.064651985e-08
8.173067916e-09
1.044097646e-10
4.36564772e-10
4.366534319e-09
4.414397635e-09
5.184197164e-09
1.2215598e-08
1.271204351e-08
4.401415034e-09
4.490902045e-09
1.17442367e-08
4.881243135e-09
5.334987037e-09
1.376261377e-08
7.043506596e-09
0
6.543871909e-09
5.99036361e-09
4.247459091e-10
4.977550924e-09
2.360403331e-09
8.13913616e-09
4.190396648e-09
3.380250359e-09
7.32505271e-09
1.012582297e-08
7.583251251e-09
4.083193919e-11
6.889104064e-10
6.892068825e-10
1.379275526e-09
5.626517011e-09
3.110737777e-10
4.914781813e-09
8.004010583e-09
1.582488715e-09
1.286436653e-08
7.927502834e-10
9.094961066e-09
7.587639897e-10
7.368511014e-10
1.403937424e-09
1.728304982e-09
1.384990587e-09
8.876672801e-09
9.138883184e-10
5.288608926e-09
9.751562346e-10
1.086761863e-09
1.029533975e-09
7.970429696e-10
9.553327767e-10
1.965473147e-10
1.02397925e-08
2.24586295e-09
1.597263156e-09
1.670864387e-09
9.770351137e-09
1.902341373e-09
5.915229637e-10
1.218893928e-08
3.127386565e-09
7.779053762e-09
4.081475888e-09
6.102481029e-09
1.076322694e-08
1.50404959e-08
9.187702789e-10
4.861057408e-09
2.997102335e-10
5.376412593e-09
1.37734266e-09
1.584196765e-09
5.291630536e-09
1.016780328e-09
3.336967741e-10
5.232331109e-10
5.274754434e-10
1.145392123e-09
4.835410917e-09
5.045520467e-10
9.162831716e-10
1.536354274e-09
7.810498272e-10
5.558874554e-10
2.992693388e-10
3.680341731e-10
4.443457272e-10
2.993777736e-10
4.086411346e-10
4.457252132e-10
7.992289172e-09
6.04594942e-09
4.107112329e-09
4.567144416e-09
1.044490546e-08
1.898991651e-09
1.349065014e-09
4.023699551e-10
1.079336629e-09
7.569543651e-10
8.602654071e-10
1.710342491e-10
5.723033969e-10
4.906312705e-09
9.317676519e-10
6.419178549e-10
8.650376548e-10
6.621448496e-10
1.035894973e-08
9.203968887e-10
1.14768999e-09
2.55613472e-09
7.510305668e-10
8.607689738e-09
5.033824349e-09
4.392225886e-09
4.507602329e-10
1.381276068e-09
1.441138783e-09
6.114863681e-09
5.263889404e-09
4.025577872e-09
3.098635163e-10
3.884394581e-09
1.007988574e-08
3.886924052e-09
4.637015309e-09
5.555873191e-09
1.35536006e-08
8.803538007e-09
9.397613928e-09
2.286200168e-09
5.67827564e-10
1.254008591e-09
1.211263703e-09
7.08900132e-09
1.095442981e-08
4.953183111e-09
9.354429861e-10
7.296934286e-09
1.064960809e-09
9.925948921e-10
7.187165206e-10
8.555864627e-09
4.523816782e-10
9.900974174e-10
8.479682642e-09
7.321519302e-09
1.243835453e-08
3.604306903e-10
1.189847494e-09
7.186844254e-09
5.738356568e-09
2.856209745e-10
2.29764408e-09
1.654534456e-09
5.883226479e-09
2.916406682e-10
3.870201248e-10
1.213299761e-09
1.098626002e-10
1.129800525e-08
1.285878885e-08
5.549663272e-09
7.589962577e-09
4.820970373e-09
4.547548113e-09
1.425393067e-09
3.691335605e-09
1.318319098e-08
5.905337797e-09
6.734412888e-10
1.860100891e-09
5.357644513e-09
3.772720842e-09
5.063665957e-09
4.620381304e-09
5.581305081e-09
8.277274553e-09
3.824254458e-09
5.957211049e-10
1.600343174e-08
7.64034522e-09
8.154597378e-09
8.374105099e-09
8.345214801e-09
6.142494988e-09
1.045319178e-08
1.587848387e-09
5.69513536e-10
8.765309381e-10
3.517391629e-09
5.493507576e-09
3.648269395e-09
3.561623727e-09
6.136014926e-09
5.63789063e-10
0
1.422643888e-10
2.616969836e-10
3.922987882e-10
5.378865621e-10
4.278047207e-09
2.572386786e-09
7.490741471e-10
1.886299225e-09
3.142243798e-10
2.655068349e-11
4.34202931e-09
7.555821712e-10
2.660765481e-10
1.141940569e-09
4.360349017e-10
5.122614528e-10
9.150169465e-10
1.535029163e-08
3.852434091e-09
9.946364177e-10
2.533320005e-09
5.14594105e-09
2.077139259e-09
1.004398006e-08
4.026473008e-09
4.078361543e-09
1.054861184e-09
4.354861564e-09
1.822076615e-09
1.610518783e-09
6.193494673e-10
2.358187423e-09
1.891569168e-09
9.014268991e-10
1.654929358e-09
1.464921521e-09
8.631603502e-10
8.676445808e-10
4.822359748e-09
7.971209281e-10
2.224144161e-10
4.920149971e-13
5.404061209e-10
2.195348314e-10
8.74252854e-10
2.201241424e-09
6.173731603e-10
5.138794475e-09
1.233343962e-09
9.519432198e-10
5.245806412e-09
1.146388848e-09
5.174995253e-09
7.700911031e-09
1.229439783e-09
5.177406854e-10
4.880636948e-10
1.497882283e-09
8.96336435e-10
8.341945617e-10
2.261206755e-10
8.417737854e-10
3.036823248e-09
6.922544114e-09
1.956190793e-10
5.79790426e-09
1.165885036e-08
4.888323772e-09
1.479702137e-08
4.062612505e-10
7.573020915e-09
1.236875363e-08
1.238788461e-09
1.080065121e-09
2.268416259e-10
6.20163738e-09
7.368350709e-10
4.473805888e-10
9.280919366e-10
6.150111937e-09
1.020341035e-10
5.198838294e-10
7.05145104e-12
1.012646511e-11
8.161723209e-11
1.018151146e-12
7.389804905e-10
4.689309067e-10
5.939767748e-09
0
6.266224182e-11
3.9778144e-10
3.569250002e-11
1.614831963e-10
7.935966521e-11
4.084688433e-10
7.41862714e-09
6.934147438e-12
1.271053938e-11
7.73908283e-13
2.488106657e-11
2.369968232e-09
0
3.186479843e-10
6.487039697e-09
0
8.186610434e-11
2.720370305e-09
8.40470909e-10
0
4.247541886e-10
5.779520411e-10
0
5.680055983e-14
3.135162046e-10
6.240659356e-09
1.079521683e-10
0
6.999763293e-09
7.354376737e-11
7.284479272e-10
0
3.417681076e-10
0
8.043300904e-10
2.35161052e-10
2.096479397e-10
6.195395694e-09
4.080419699e-10
2.143822501e-10
1.123676239e-09
3.284721923e-10
8.12498206e-10
7.658243169e-10
6.312481332e-11
1.253973622e-10
1.32989849e-09
2.937323812e-10
5.505866127e-09
6.462838544e-10
7.11598442e-09
1.226166542e-09
5.602583761e-09
7.769553513e-10
7.173215419e-10
5.929036906e-09
1.586745451e-09
6.008044687e-10
1.061151651e-08
1.409693327e-09
2.765002796e-11
4.580666623e-09
2.390382345e-10
5.57154128e-09
4.235239787e-09
2.039925956e-08
3.826212923e-09
4.613568036e-13
8.014560007e-09
7.767868182e-09
1.445151339e-08
8.717339654e-09
1.102329852e-08
6.784112723e-09
1.693061197e-08
3.313030293e-09
3.867870182e-09
4.156615407e-09
4.68774616e-09
3.330716995e-09
3.359486663e-10
4.217753764e-09
2.085608119e-10
6.04842323e-09
2.724514334e-08
5.526419771e-09
6.688404831e-10
6.967823969e-10
2.768606873e-09
5.301279404e-10
1.094884235e-08
4.491232698e-09
8.937792348e-09
3.257275762e-10
3.678065834e-09
8.001999641e-10
6.789148149e-09
3.108191917e-09
3.980982128e-09
3.449132195e-09
3.954120289e-09
7.024935286e-09
7.24892214e-10
3.792271647e-10
5.48061931e-10
1.282725551e-09
5.597458231e-09
6.737073204e-09
4.789572446e-10
9.894931561e-11
5.507274919e-10
8.117481325e-10
6.574067998e-09
1.732346078e-11
5.358696407e-10
3.42395776e-10
3.92963061e-10
6.716986771e-09
1.023887583e-09
4.841843646e-14
9.160332061e-09
6.046909184e-09
5.792898229e-09
2.181133035e-08
6.645082056e-09
4.427287895e-10
1.046880875e-08
5.0072843e-09
7.532758911e-09
8.000554079e-09
1.364581718e-08
7.70931453e-09
8.207053249e-09
7.973049722e-10
4.307136271e-09
3.023883807e-10
3.595611588e-09
3.625518347e-09
4.091044891e-10
8.653465673e-09
3.483578498e-09
1.469153187e-09
7.512022121e-10
9.007746215e-10
5.894654971e-10
1.083137324e-09
9.420435115e-10
3.10351502e-10
1.904896785e-08
6.263652122e-10
2.829720334e-08
1.151799033e-09
8.006707038e-14
8.307166565e-10
1.392392258e-08
1.431055795e-08
6.854494198e-10
4.07611059e-10
6.876732686e-11
9.375440342e-11
2.586235686e-10
0
1.021091885e-09
3.826527262e-10
0
2.870589223e-10
0
8.26906611e-10
7.237458468e-10
3.609039572e-09
7.321072041e-16
6.075256169e-10
1.600824054e-08
7.753818144e-09
9.974267771e-09
5.360261072e-09
5.854033315e-09
1.169199122e-11
1.253832397e-08
1.034885324e-09
2.608725257e-09
6.952292457e-09
7.617038895e-09
3.051711668e-10
2.642393432e-10
5.683730311e-09
7.330405301e-09
3.981341198e-10
5.008292263e-09
0
5.354328601e-09
8.768997731e-09
5.499739225e-09
7.040457462e-09
1.314941271e-11
7.509935287e-13
2.126842953e-10
4.461922021e-09
4.520435283e-09
3.44017013e-13
6.181214496e-09
4.93387123e-09
4.766908901e-09
1.489218943e-09
1.424829219e-10
1.697901399e-08
7.570240741e-09
3.553902492e-09
0
6.768376771e-09
1.0305051e-08
1.457858931e-09
4.863076547e-10
4.637218171e-10
2.037464592e-10
9.470718553e-10
2.865535725e-10
1.625666786e-09
1.06640867e-13
5.114112816e-10
9.236653919e-09
5.205106464e-09
6.900729576e-09
1.610500578e-08
2.895714198e-09
6.27476559e-10
5.160602614e-09
1.698096929e-12
9.971117463e-09
0
5.515666041e-13
0
9.219897707e-11
4.704269325e-09
1.326077631e-09
1.477543279e-09
4.644882406e-09
8.537045285e-09
7.704689019e-09
8.011860408e-11
3.693473983e-09
3.794971884e-09
3.956303193e-09
1.819574309e-08
4.18682369e-09
4.334702385e-09
1.075147163e-09
4.417076225e-09
3.875307899e-09
3.678629845e-09
4.770586832e-09
5.393868279e-10
5.513444263e-10
4.637821708e-10
3.541767862e-10
3.027292022e-10
5.644821498e-10
2.981698153e-10
7.376123851e-10
9.462789356e-10
1.052715922e-08
1.509187502e-08
4.992363555e-09
2.620404452e-10
9.867462784e-10
0
8.111340218e-11
1.119413815e-10
2.001370945e-09
5.421261036e-09
3.871541638e-11
2.893199375e-15
4.617976484e-10
4.071573145e-13
1.126210216e-09
4.622961574e-10
1.466726596e-10
1.313899614e-10
2.598125238e-10
6.010673629e-11
0
1.848019972e-10
1.805280572e-10
8.091726456e-11
6.420567984e-10
1.535118351e-10
3.540997249e-09
9.68591689e-09
4.43425983e-09
9.425984856e-10
1.338626741e-10
6.495624945e-10
1.670324393e-11
6.693513082e-10
2.364259703e-10
3.599619251e-10
3.259693517e-10
3.491463e-14
1.639388963e-09
2.6008779e-10
3.020787135e-10
3.028625165e-10
3.504954764e-10
7.661615693e-10
8.827362831e-10
3.596273805e-09
1.935666804e-10
0
3.336158202e-10
3.421258242e-10
7.422520033e-11
3.564023282e-10
1.64904721e-11
3.120743741e-11
0
1.705645075e-10
4.479464392e-09
0
3.67712309e-11
6.203689189e-09
4.134354501e-10
4.063498131e-10
1.57780551e-10
4.0801747e-11
8.770856651e-10
2.73083412e-10
5.834078482e-11
1.021669074e-08
2.828436656e-09
7.918553454e-11
1.389386913e-10
1.824576495e-10
1.085431609e-08
1.055848397e-09
7.173427287e-10
6.595641991e-09
5.511390814e-09
4.771919152e-10
4.99465935e-09
1.381684242e-10
4.813712536e-11
9.711077703e-09
4.205162434e-17
1.307616216e-09
6.252731053e-09
1.004986088e-08
3.642984014e-09
4.514052655e-09
9.431904204e-09
3.223712767e-09
3.518234799e-09
7.531762067e-09
3.617539221e-10
0
5.269935481e-09
0
7.223153975e-12
3.922661807e-09
8.699304547e-09
3.918647216e-09
4.814096669e-09
0
6.989483969e-09
4.722458228e-09
4.955788783e-09
5.951803418e-10
4.217695401e-09
3.134501158e-10
1.699555864e-14
1.075199379e-11
3.872384998e-09
3.815301692e-09
3.212848506e-10
3.216962799e-09
7.70285476e-09
1.778652922e-09
2.231213469e-12
3.209567993e-10
0
1.599620877e-10
0
2.763812958e-11
4.132329048e-11
0
2.662546493e-10
3.139548343e-08
7.488800363e-10
3.340898806e-09
6.821347608e-09
1.389509818e-10
4.008073039e-10
6.674396227e-09
2.857544362e-10
2.11254087e-09
5.262450721e-12
3.462420207e-10
7.871418922e-10
5.90911373e-10
6.675648681e-09
4.078431791e-10
4.335759894e-09
3.110214395e-10
0
0
6.329686288e-09
0
5.040145972e-09
0
9.634257262e-09
0
8.430268567e-12
8.793025104e-09
2.789130026e-11
5.211796436e-09
4.158335439e-09
3.974194619e-09
2.306034457e-09
1.345474239e-08
3.303102196e-09
6.990448277e-09
5.752480001e-09
2.217045912e-10
4.611338324e-09
9.161830408e-11
4.435129568e-09
9.199960343e-11
4.645236717e-09
1.646897929e-14
1.798145227e-08
2.965589418e-08
1.754292768e-08
3.651232212e-08
2.519228362e-10
7.485231242e-09
6.905462785e-13
4.317458663e-10
5.27189635e-09
5.495204031e-10
2.174050914e-10
3.518516068e-10
1.400122861e-10
1.57887395e-17
3.416987331e-10
6.348368967e-10
5.927228735e-09
5.437089856e-10
3.049801607e-10
4.336104223e-10
5.179272073e-09
1.914086987e-10
2.541876453e-09
5.055545931e-09
7.100972243e-10
3.78553798e-16
3.871008164e-09
1.122429342e-10
3.691374651e-09
3.368149897e-09
3.417610809e-09
1.475217583e-08
1.533511516e-08
5.093132223e-10
6.303192187e-10
0
2.701671527e-09
0
1.369632557e-11
0
3.091331794e-15
1.569458951e-08
1.156933074e-08
6.623790383e-09
5.388618455e-17
4.749444786e-09
3.356691915e-10
2.998176753e-10
0
7.086458077e-10
3.018181516e-09
2.544381018e-10
2.097932898e-12
1.508357795e-10
1.433240994e-10
1.299512124e-10
5.525512341e-10
7.658180963e-09
1.171729512e-08
0
2.837167339e-12
0
5.9874987e-11
1.046383512e-10
0
2.598408768e-10
0
0
2.691397059e-11
0
3.943614268e-11
1.209198404e-16
0
1.697480195e-10
2.695114355e-10
0
4.913910139e-12
1.213118309e-11
0
3.862958974e-10
6.131436614e-11
4.389008688e-10
2.492686239e-09
6.578509499e-10
3.803200291e-09
6.406561817e-09
6.808463917e-09
6.135571489e-09
4.756367266e-10
1.052737892e-09
3.417257612e-10
0
2.360331613e-10
3.610217368e-10
1.189776337e-10
0
6.108097534e-09
0
4.120101396e-10
2.373248568e-11
1.319696881e-10
1.731993057e-10
3.264548084e-10
7.284488118e-09
6.968771871e-12
4.565659571e-09
1.408589802e-09
3.929464022e-10
3.86028019e-09
3.669526858e-10
3.709412615e-09
3.639418569e-09
0
0
7.015529806e-09
3.749740605e-09
7.344307741e-09
0
1.300123681e-08
4.030944842e-09
7.432508922e-09
1.842920655e-14
3.336686794e-09
0
3.297732593e-09
7.605207025e-09
4.600702649e-09
0
0
1.211806679e-10
4.494477431e-10
7.439624113e-12
0
6.828738536e-10
6.821844955e-15
0
8.652307009e-10
6.996272767e-09
1.639213113e-10
1.412055323e-10
1.506215138e-10
6.757858125e-10
2.209050993e-10
3.664958771e-10
8.167103715e-10
6.453841744e-10
3.074760549e-10
1.082867766e-10
8.307363771e-10
1.615180542e-10
2.362406828e-10
3.273908708e-10
6.650454951e-09
9.542274741e-10
5.894740178e-09
2.045583953e-10
0
5.136859435e-09
5.260664183e-10
1.958573422e-11
3.201190722e-10
2.7202229e-10
2.564125453e-10
5.03188542e-09
6.09395781e-10
6.556384788e-09
4.773719491e-10
1.399962362e-10
2.453291179e-10
1.350988667e-10
5.037042077e-10
8.953483127e-09
1.4448825e-10
4.411248361e-09
1.528214865e-10
4.35300666e-10
3.700331765e-09
0
3.822558458e-09
8.699062308e-09
7.688924589e-10
9.139162877e-09
3.439553683e-10
4.800863843e-09
3.684542333e-10
2.420895276e-09
