#################################### 
# Matrix Size= (25,25,400)
# Resol      = (1,1,4000)
# VoxelSize  = (25,25,0.1)
# nbVal      = 4000
#################################### 
3.849915475e-14
3.121833935e-14
3.697541266e-14
3.498342876e-14
3.129032299e-14
3.205694219e-14
3.354431757e-14
3.835429758e-14
3.795770188e-14
4.013942063e-14
3.676673232e-14
3.781121878e-14
3.860133582e-14
4.229127511e-14
3.438813176e-14
3.666193511e-14
3.882434833e-14
3.622151989e-14
5.059628426e-14
3.744718311e-14
4.029070283e-14
4.911763799e-14
4.789503914e-14
4.182507269e-14
4.276624551e-14
3.593710415e-14
3.592566107e-14
4.517284248e-14
3.524499831e-14
4.155224311e-14
4.084482127e-14
3.359283011e-14
3.144240294e-14
3.36845437e-14
4.021592705e-14
3.432745304e-14
4.294607866e-14
4.190012717e-14
3.668273957e-14
4.845004329e-14
3.858132155e-14
3.89953946e-14
3.874780613e-14
3.712459651e-14
4.167238327e-14
3.821825159e-14
3.708123738e-14
4.346852559e-14
4.136222147e-14
4.383716372e-14
3.909203612e-14
3.533178989e-14
3.357918221e-14
4.044955936e-14
3.661537271e-14
3.676479591e-14
3.427984961e-14
4.277084773e-14
4.270241668e-14
4.943930031e-14
4.602539436e-14
3.808665828e-14
3.81011766e-14
3.682401652e-14
4.26188106e-14
4.014959872e-14
4.037337981e-14
3.998592493e-14
4.175534198e-14
5.077606902e-14
4.353339043e-14
3.963684944e-14
4.24178088e-14
3.835640991e-14
4.007570215e-14
3.765775044e-14
3.506311912e-14
4.283539093e-14
3.733553233e-14
4.038788047e-14
4.140612865e-14
4.07215846e-14
4.513398766e-14
4.339120417e-14
4.030255134e-14
4.224539937e-14
4.42711419e-14
3.733525191e-14
4.195290727e-14
4.094576993e-14
3.954511035e-14
4.788174599e-14
4.52685937e-14
4.41649366e-14
3.546547644e-14
3.594374211e-14
4.13366808e-14
5.439494669e-14
4.384811239e-14
3.924496879e-14
4.073524571e-14
3.802421465e-14
4.368176425e-14
4.002941791e-14
5.329148105e-14
3.988194767e-14
4.525514536e-14
4.378243164e-14
3.911500215e-14
4.292754802e-14
3.889119411e-14
3.733901667e-14
3.911095447e-14
4.376579229e-14
4.807874419e-14
4.108209068e-14
4.042321963e-14
4.166211914e-14
4.234455006e-14
3.902747186e-14
4.617711257e-14
4.929088859e-14
4.27505352e-14
3.949168162e-14
4.3107153e-14
3.927401912e-14
4.412100904e-14
3.860463656e-14
4.276502376e-14
4.49116941e-14
4.361909968e-14
4.21706502e-14
4.255798771e-14
4.234653656e-14
5.100369345e-14
4.545107371e-14
4.157213816e-14
4.454836408e-14
4.677189688e-14
4.169450421e-14
4.49381355e-14
4.18126638e-14
4.234592107e-14
4.413905111e-14
4.32778604e-14
4.270932225e-14
3.866788551e-14
3.89961217e-14
4.053380059e-14
4.190212605e-14
4.658736071e-14
4.798246757e-14
4.714429728e-14
5.504948547e-14
4.125768617e-14
5.34958429e-14
4.187512652e-14
4.010412151e-14
4.468757589e-14
4.096359118e-14
3.999095073e-14
4.49711676e-14
4.112338334e-14
3.83725451e-14
4.872521268e-14
3.904261044e-14
4.371136635e-14
4.68126706e-14
4.130288362e-14
4.219016212e-14
4.593238459e-14
4.383999992e-14
4.251242097e-14
4.967103335e-14
4.546207348e-14
4.949966083e-14
4.426097913e-14
4.171347174e-14
4.15885553e-14
4.457312426e-14
4.174123829e-14
4.277729628e-14
4.735048108e-14
5.46671105e-14
4.725915003e-14
5.047565865e-14
5.241585483e-14
4.039146361e-14
4.556454805e-14
4.872545395e-14
5.022696495e-14
4.499881926e-14
4.383431853e-14
4.430632164e-14
4.214883079e-14
4.148377246e-14
4.13133227e-14
4.535659847e-14
4.602166476e-14
5.012806305e-14
4.483251017e-14
4.079793448e-14
4.311448516e-14
4.016791242e-14
4.690745821e-14
5.274805394e-14
4.703543629e-14
4.725745109e-14
5.694310957e-14
5.469833614e-14
4.891210941e-14
4.581662944e-14
4.411604584e-14
4.679428322e-14
4.209104826e-14
5.193076661e-14
4.223614452e-14
5.086061042e-14
4.361817561e-14
4.334460398e-14
4.07932182e-14
4.847045688e-14
4.469540255e-14
5.410948346e-14
4.563586238e-14
5.000202888e-14
4.474878352e-14
4.572976902e-14
5.12703206e-14
4.163604803e-14
4.264618656e-14
4.586582707e-14
4.698144403e-14
5.87467975e-14
5.74305572e-14
5.0604611e-14
4.285365827e-14
4.81247377e-14
4.372467982e-14
4.348282999e-14
4.852386139e-14
4.998571882e-14
5.001535141e-14
4.658724416e-14
4.733599577e-14
5.155428065e-14
4.70914581e-14
4.550141592e-14
4.381919479e-14
4.522712735e-14
4.404143491e-14
4.49747033e-14
4.663931493e-14
5.161738732e-14
4.360325503e-14
4.690038948e-14
4.460780155e-14
4.472026253e-14
4.712313063e-14
4.127918648e-14
4.59988005e-14
4.367226554e-14
5.323157844e-14
4.706205381e-14
5.59878484e-14
5.891636907e-14
4.221030001e-14
5.626738239e-14
5.211515984e-14
4.294243406e-14
4.691133184e-14
4.723418071e-14
4.691329063e-14
4.571228163e-14
4.761568949e-14
4.978677948e-14
4.929326808e-14
5.535735925e-14
5.445387831e-14
4.687469725e-14
4.602464806e-14
5.059856465e-14
5.297331465e-14
4.693602432e-14
4.755123897e-14
4.884254867e-14
5.437693081e-14
4.557634556e-14
4.711741638e-14
4.955187333e-14
4.867891271e-14
4.474161475e-14
4.568575571e-14
4.799960915e-14
4.609447175e-14
5.055321024e-14
4.743752128e-14
4.276234462e-14
4.629229397e-14
5.220193015e-14
4.947077027e-14
4.665244726e-14
4.625709612e-14
4.688371674e-14
4.896796841e-14
5.142291969e-14
5.02620605e-14
4.884892987e-14
5.986703233e-14
4.876750548e-14
4.562322249e-14
4.968945202e-14
5.092789675e-14
5.152500832e-14
5.10479897e-14
4.510676985e-14
4.565522073e-14
4.608278896e-14
4.508083044e-14
5.1609582e-14
4.43334146e-14
4.797290113e-14
4.580023501e-14
5.158917513e-14
5.242387557e-14
5.450831258e-14
4.543948724e-14
5.452196677e-14
4.862592283e-14
4.570608313e-14
5.321092778e-14
4.897624295e-14
4.678480239e-14
4.902378734e-14
5.22366866e-14
5.244409102e-14
4.929491817e-14
5.240022397e-14
5.092276036e-14
5.526060388e-14
5.110802867e-14
4.815988451e-14
5.035200952e-14
5.190435257e-14
4.969068468e-14
4.933691899e-14
5.197504266e-14
5.850028957e-14
4.775543694e-14
4.501718814e-14
4.398955273e-14
4.73854797e-14
4.640172734e-14
5.551069717e-14
4.929332731e-14
4.630825167e-14
4.72161973e-14
4.643606679e-14
4.911364647e-14
5.418799044e-14
4.847454997e-14
4.857629584e-14
5.01614668e-14
5.28556188e-14
5.156688421e-14
6.309717019e-14
5.218541929e-14
5.297883702e-14
4.921858923e-14
5.183534462e-14
5.089551845e-14
5.909864099e-14
5.196851334e-14
4.617567367e-14
5.209398263e-14
6.147269433e-14
5.027395722e-14
4.784818955e-14
5.292212066e-14
5.718267447e-14
4.884258945e-14
4.912569228e-14
5.085557755e-14
5.568291021e-14
4.510591839e-14
5.142311235e-14
5.161516008e-14
5.250799249e-14
5.229407831e-14
5.215174318e-14
4.69696241e-14
5.573156023e-14
5.717982998e-14
5.489790756e-14
5.32021882e-14
5.279945814e-14
5.097284716e-14
4.686438027e-14
4.924721312e-14
5.327260418e-14
4.951105572e-14
5.423021731e-14
5.941279383e-14
5.010071378e-14
5.43658786e-14
5.430450172e-14
5.475049981e-14
5.500855354e-14
4.947844426e-14
5.959217281e-14
5.054344883e-14
4.879537989e-14
5.076359227e-14
5.353954112e-14
5.123657764e-14
5.680639238e-14
5.572081217e-14
5.414949166e-14
5.617071633e-14
5.561923083e-14
5.734173859e-14
5.624113333e-14
5.577406032e-14
5.436511101e-14
5.38948127e-14
7.403589577e-14
4.918405258e-14
5.80502302e-14
5.800307112e-14
5.184242668e-14
4.942974932e-14
5.648745218e-14
5.858191611e-14
5.30568435e-14
5.023758719e-14
5.584027399e-14
5.291286135e-14
5.629129798e-14
5.849973746e-14
5.600648972e-14
5.279684658e-14
5.530655334e-14
4.996376384e-14
5.076578425e-14
5.359486472e-14
5.431749212e-14
5.225018245e-14
5.321559643e-14
6.087028101e-14
4.965509791e-14
5.892044326e-14
5.759772496e-14
5.59440143e-14
5.786186757e-14
5.183426635e-14
6.193399048e-14
5.554871685e-14
5.608270804e-14
5.095719354e-14
4.813760158e-14
5.461809056e-14
5.463360972e-14
5.119621861e-14
5.848994752e-14
5.537992855e-14
5.240984333e-14
5.777348548e-14
5.305320075e-14
5.280762818e-14
5.157954457e-14
5.504609643e-14
6.187058071e-14
5.636631284e-14
5.520219422e-14
5.123311865e-14
5.286762262e-14
5.993806316e-14
6.047432415e-14
5.737038029e-14
5.806858102e-14
5.661713036e-14
6.578232482e-14
5.496321874e-14
5.564386919e-14
5.661147371e-14
5.558458677e-14
5.607571321e-14
6.018936864e-14
6.438181378e-14
5.713483433e-14
5.250894354e-14
6.113309266e-14
5.511263848e-14
5.358705709e-14
5.536943025e-14
5.73784584e-14
5.770153821e-14
5.371855152e-14
6.027615487e-14
5.75652323e-14
5.760877351e-14
5.942726733e-14
5.937555448e-14
5.813555937e-14
5.477709657e-14
5.72740613e-14
5.546975745e-14
5.65069042e-14
5.116919886e-14
6.188219196e-14
6.114639136e-14
6.178909873e-14
5.516072365e-14
6.073127022e-14
5.698246487e-14
5.821113668e-14
5.800227353e-14
5.857012287e-14
6.122891616e-14
5.753247997e-14
5.379351429e-14
6.224643475e-14
6.608983481e-14
6.545077365e-14
6.07075486e-14
5.352801793e-14
6.012870522e-14
6.182208598e-14
5.838384463e-14
5.382902488e-14
5.697149095e-14
5.487109655e-14
5.828033063e-14
6.191894155e-14
5.708875616e-14
5.328468716e-14
5.795212391e-14
5.472678923e-14
6.159862732e-14
5.987546797e-14
7.11103988e-14
5.703544404e-14
5.72931841e-14
5.833813957e-14
6.485799035e-14
5.459290795e-14
6.158451245e-14
5.4271077e-14
6.149521404e-14
5.861417556e-14
5.681696728e-14
5.819349777e-14
5.533999194e-14
5.591589943e-14
5.325197545e-14
5.77182829e-14
6.138925662e-14
6.034941491e-14
6.049850206e-14
6.202600011e-14
6.520461326e-14
6.231340946e-14
5.748873465e-14
5.811392653e-14
5.670119285e-14
6.155019332e-14
5.621141793e-14
5.582418503e-14
5.930578252e-14
6.266784114e-14
5.698842769e-14
5.420738507e-14
5.881433396e-14
5.702689295e-14
6.337235057e-14
7.116099717e-14
6.171160634e-14
6.228028953e-14
5.786514026e-14
5.956694132e-14
5.589762468e-14
6.234044407e-14
6.179349666e-14
6.320126716e-14
6.237258208e-14
5.929627634e-14
6.017436323e-14
6.091857264e-14
5.830914769e-14
5.664353234e-14
6.049145045e-14
5.868372789e-14
5.877447589e-14
5.695316416e-14
6.26067658e-14
6.327343603e-14
7.376229373e-14
6.400157225e-14
6.269185148e-14
6.877192478e-14
6.130041538e-14
5.804314573e-14
5.771174279e-14
5.956285848e-14
6.402766697e-14
6.059863493e-14
6.147147099e-14
5.571241708e-14
6.075012566e-14
6.136406492e-14
6.302527039e-14
5.985484455e-14
5.839285849e-14
6.054138651e-14
6.128301975e-14
6.73270039e-14
6.218113638e-14
6.324032935e-14
6.892305331e-14
5.856415209e-14
6.106125857e-14
6.915220801e-14
6.714500141e-14
6.321685971e-14
6.554954625e-14
6.332686718e-14
6.440443136e-14
6.10599037e-14
7.041719905e-14
6.186269632e-14
5.962544876e-14
6.129843919e-14
6.9628554e-14
6.250289279e-14
6.392416305e-14
6.218343556e-14
6.017739843e-14
5.927987235e-14
5.901817666e-14
6.370317297e-14
6.150203712e-14
6.180772227e-14
6.70013206e-14
6.382018199e-14
6.648640382e-14
6.628569345e-14
6.135716621e-14
6.323018681e-14
6.141620081e-14
6.542696866e-14
6.291087605e-14
7.492779039e-14
6.904645564e-14
7.104799043e-14
6.550401906e-14
6.176769108e-14
6.772674757e-14
8.144605481e-14
6.425293515e-14
6.476688501e-14
7.119532613e-14
6.269856534e-14
6.369247498e-14
6.275378496e-14
6.155991151e-14
6.284312549e-14
6.370125624e-14
6.34985242e-14
7.038622764e-14
7.044521354e-14
6.445590715e-14
6.327290535e-14
6.826931471e-14
6.353744614e-14
7.409897588e-14
6.664712923e-14
7.328546367e-14
6.336857528e-14
6.360814636e-14
7.335764887e-14
6.406543864e-14
7.194998151e-14
6.370347644e-14
6.53907666e-14
6.942485648e-14
6.484622147e-14
6.30958147e-14
6.734446575e-14
7.228939639e-14
6.537673157e-14
6.743376884e-14
6.592819176e-14
6.311398799e-14
6.706021744e-14
6.734878964e-14
6.410559082e-14
6.784631773e-14
6.54623856e-14
6.999113901e-14
7.237324999e-14
6.951035016e-14
7.308873993e-14
7.388615008e-14
6.986215678e-14
7.023911821e-14
6.643893553e-14
6.7402663e-14
6.847985377e-14
7.397015441e-14
6.588067174e-14
6.703040506e-14
6.962084918e-14
7.33816273e-14
6.987140647e-14
7.152526918e-14
6.586560423e-14
6.563699883e-14
6.837685461e-14
6.896590264e-14
7.202983022e-14
7.328856188e-14
7.41159468e-14
7.139603952e-14
7.611147006e-14
7.447930993e-14
7.448137295e-14
7.380581146e-14
6.717042098e-14
7.773746109e-14
7.051173048e-14
6.982979155e-14
8.024424694e-14
7.153007512e-14
7.121113963e-14
6.89821609e-14
6.819483763e-14
7.228330227e-14
7.533172754e-14
6.917680202e-14
7.300667989e-14
7.681884478e-14
7.723468825e-14
7.249625619e-14
7.518617089e-14
7.813207282e-14
7.137955027e-14
7.36753465e-14
7.615826723e-14
7.534820315e-14
7.25405681e-14
6.991863844e-14
7.217421584e-14
7.149104724e-14
7.360097189e-14
7.481636775e-14
7.343234108e-14
7.468853244e-14
7.025989886e-14
7.203627321e-14
7.101786912e-14
7.215000651e-14
7.502960815e-14
7.76432366e-14
7.462787795e-14
7.508374721e-14
7.748867919e-14
8.567153421e-14
7.411386837e-14
7.70443594e-14
7.963049839e-14
7.39247787e-14
7.513181928e-14
7.619386333e-14
7.824319198e-14
7.181797871e-14
7.436655676e-14
8.147718469e-14
8.015435838e-14
8.061545919e-14
7.532340822e-14
7.585470197e-14
7.640512334e-14
7.528400117e-14
7.621222527e-14
7.740122486e-14
7.714661507e-14
7.574572189e-14
7.635680643e-14
7.443167514e-14
7.265602304e-14
7.70459882e-14
7.619474851e-14
7.576836742e-14
7.419735433e-14
8.084217675e-14
9.611818929e-14
7.782098712e-14
8.211279221e-14
8.075113731e-14
8.434234205e-14
7.725656335e-14
8.020262003e-14
8.658000559e-14
7.640571641e-14
7.836874899e-14
7.319890877e-14
7.978685356e-14
8.210536769e-14
8.297116074e-14
7.925471065e-14
8.511455807e-14
9.053221731e-14
7.745238482e-14
8.024233011e-14
8.319457793e-14
7.896094487e-14
7.86985006e-14
7.920326315e-14
7.85803289e-14
8.308656392e-14
8.161469472e-14
8.442446568e-14
8.013063616e-14
8.201557778e-14
8.103925209e-14
8.309680744e-14
8.359444989e-14
8.081419572e-14
8.450615513e-14
8.183724408e-14
8.78837251e-14
8.180055097e-14
8.482900113e-14
8.652373724e-14
8.517111566e-14
8.403737618e-14
8.166447255e-14
8.29444138e-14
8.355380124e-14
8.185642767e-14
8.65878429e-14
8.260037959e-14
8.415174085e-14
8.826239825e-14
8.317241537e-14
8.188268713e-14
8.289813848e-14
8.268541536e-14
8.044590142e-14
8.505047421e-14
8.349687056e-14
8.96252261e-14
8.332585557e-14
8.357674146e-14
8.81971769e-14
8.508720782e-14
8.694933168e-14
8.576283721e-14
8.27714909e-14
8.636976335e-14
8.800129434e-14
9.249884983e-14
9.257409064e-14
8.578831391e-14
9.364079585e-14
9.096572746e-14
8.817435352e-14
8.543166353e-14
9.030558711e-14
9.156370508e-14
8.84481653e-14
8.872901614e-14
9.584984982e-14
9.345589833e-14
9.198700469e-14
9.367650349e-14
9.175463005e-14
8.918555596e-14
8.535427873e-14
8.821333609e-14
9.294101227e-14
9.003802242e-14
9.189110491e-14
9.43609733e-14
1.007207743e-13
8.796815673e-14
9.656158712e-14
9.683424252e-14
9.080613199e-14
9.323941335e-14
8.910967105e-14
9.520364739e-14
9.625067527e-14
9.528789828e-14
9.229363918e-14
9.48918795e-14
9.408860664e-14
9.661580666e-14
9.409477255e-14
9.822334788e-14
9.71660719e-14
9.41804194e-14
1.060371778e-13
9.308747572e-14
9.463879609e-14
9.689394954e-14
1.0203032e-13
1.166277755e-13
9.668749386e-14
9.81037859e-14
9.498964098e-14
9.989862428e-14
9.862450516e-14
1.037149888e-13
9.797421265e-14
9.947119024e-14
1.033355527e-13
1.017572703e-13
9.990710081e-14
9.956539182e-14
1.004214397e-13
1.003198556e-13
1.009589112e-13
1.013237245e-13
1.124094853e-13
1.057174803e-13
1.059464196e-13
1.072297043e-13
1.03024546e-13
1.190546074e-13
1.032676353e-13
1.024125681e-13
1.091427005e-13
1.054880805e-13
1.003434316e-13
1.080355128e-13
1.040889611e-13
1.077469514e-13
1.062309393e-13
1.083418879e-13
1.094388571e-13
1.137363769e-13
1.073121128e-13
1.095432071e-13
1.077979245e-13
1.113901404e-13
1.094751648e-13
1.0405991e-13
1.105345933e-13
1.113306013e-13
1.132225052e-13
1.157586007e-13
1.114781709e-13
1.102083254e-13
1.098737148e-13
1.165596709e-13
1.149524046e-13
1.098224163e-13
1.165777589e-13
1.077272096e-13
1.096101686e-13
1.056743332e-13
1.186137436e-13
1.098384734e-13
1.131362421e-13
1.181195592e-13
1.074444421e-13
1.116557865e-13
1.210545024e-13
1.165587464e-13
1.241413482e-13
1.134768357e-13
1.152112281e-13
1.135563541e-13
1.182040835e-13
1.191434734e-13
1.1676592e-13
1.138995011e-13
1.170956067e-13
1.18764029e-13
1.226464262e-13
1.181265435e-13
1.255332962e-13
1.230436262e-13
1.194275841e-13
1.20344288e-13
1.222480431e-13
1.217803676e-13
1.178145066e-13
1.202907969e-13
1.226703032e-13
1.229471603e-13
1.234177559e-13
1.21777382e-13
1.307446857e-13
1.242172119e-13
1.238125962e-13
1.261544252e-13
1.238289833e-13
1.317195901e-13
1.275951736e-13
1.242072548e-13
1.301887793e-13
1.319187001e-13
1.31209745e-13
1.335979719e-13
1.290894383e-13
1.299036738e-13
1.335238565e-13
1.340592998e-13
1.299461451e-13
1.308769677e-13
1.357857812e-13
1.355287211e-13
1.325544358e-13
1.307503591e-13
1.353308218e-13
1.397443733e-13
1.452330478e-13
1.393125126e-13
1.37836524e-13
1.48061974e-13
1.459273218e-13
1.355057146e-13
1.412380349e-13
1.427011869e-13
1.443161758e-13
1.426543776e-13
1.465893083e-13
1.383928408e-13
1.405677822e-13
1.43633609e-13
1.441041392e-13
1.478346927e-13
1.471121646e-13
1.478443512e-13
1.466455136e-13
1.495860852e-13
1.488080566e-13
1.532066905e-13
1.530265173e-13
1.604595846e-13
1.525447508e-13
1.58504872e-13
1.532319217e-13
1.583693468e-13
1.585171434e-13
1.576375555e-13
1.599485233e-13
1.563628005e-13
1.585965956e-13
1.617018183e-13
1.630586391e-13
1.640686467e-13
1.709137317e-13
1.651031697e-13
1.721494115e-13
1.641474458e-13
1.66172443e-13
1.709214908e-13
1.730220859e-13
1.73115491e-13
1.714091468e-13
1.724004859e-13
1.782249967e-13
1.732606803e-13
1.817002318e-13
1.806256238e-13
1.849845864e-13
1.792134791e-13
1.8344646e-13
1.786903325e-13
1.866662075e-13
1.840558783e-13
1.879030103e-13
1.822077044e-13
1.890021334e-13
1.882245613e-13
1.899324237e-13
1.884845037e-13
1.935705654e-13
1.879051718e-13
1.88183712e-13
1.946238813e-13
1.941479637e-13
2.024159042e-13
2.000243821e-13
2.02997559e-13
2.026625068e-13
1.974058516e-13
2.006669071e-13
2.051973486e-13
2.072852648e-13
2.099353613e-13
2.100396205e-13
2.152863835e-13
2.069386607e-13
2.087043997e-13
2.119921739e-13
2.163356052e-13
2.119329076e-13
2.111968604e-13
2.243149489e-13
2.215660733e-13
2.24233809e-13
2.274979902e-13
2.268083884e-13
2.29168191e-13
2.335536358e-13
2.354533062e-13
2.297360099e-13
2.391748196e-13
2.306527172e-13
2.44592177e-13
2.441625029e-13
2.443448829e-13
2.390401899e-13
2.43639146e-13
2.442649607e-13
2.505479668e-13
2.518549775e-13
2.477871907e-13
2.527821714e-13
2.589345172e-13
2.595539117e-13
2.598048635e-13
2.556662853e-13
2.708921798e-13
2.727112437e-13
2.753053717e-13
2.722112564e-13
2.750758192e-13
2.834543544e-13
2.844630801e-13
2.764800368e-13
2.94017197e-13
2.871975497e-13
2.891780221e-13
2.951673966e-13
3.015781461e-13
3.000786016e-13
3.056759843e-13
3.02018994e-13
3.136683102e-13
3.093546111e-13
3.057043633e-13
3.136437377e-13
3.180519737e-13
3.208383201e-13
3.229073063e-13
3.384324187e-13
3.298680149e-13
3.358339314e-13
3.414957036e-13
3.411385843e-13
3.530577576e-13
3.521692885e-13
3.658311111e-13
3.639638238e-13
3.65534486e-13
3.721622758e-13
3.711714119e-13
3.760177614e-13
3.714599194e-13
3.839693221e-13
3.845112596e-13
3.893496204e-13
3.983303907e-13
3.97386144e-13
3.996261234e-13
4.085000602e-13
4.040163748e-13
4.187245217e-13
4.161267091e-13
4.190230033e-13
4.234120054e-13
4.272959922e-13
4.314062833e-13
4.335272268e-13
4.422378079e-13
4.534987507e-13
4.487312897e-13
4.534982171e-13
4.585219668e-13
4.506164132e-13
4.489665474e-13
4.630890176e-13
4.634622521e-13
4.63486024e-13
4.688972002e-13
4.758445399e-13
4.750724231e-13
4.745294174e-13
4.844691842e-13
4.846736106e-13
4.812129286e-13
4.711655683e-13
4.812216174e-13
4.825487813e-13
4.836442775e-13
4.74822498e-13
4.835305945e-13
4.756169097e-13
4.788658141e-13
4.767375759e-13
4.639089239e-13
4.726971591e-13
4.617622817e-13
4.651936161e-13
4.6530999e-13
4.615951767e-13
4.599711219e-13
4.541306813e-13
4.403174293e-13
4.43194329e-13
4.374305852e-13
4.251274095e-13
4.249208419e-13
4.200564766e-13
4.105006098e-13
3.964491706e-13
3.904754382e-13
3.802209032e-13
3.775266711e-13
3.703121011e-13
3.561018146e-13
3.470497298e-13
3.41729787e-13
3.28029375e-13
3.167359844e-13
3.115763748e-13
3.013197619e-13
2.90484417e-13
2.7539674e-13
2.672165345e-13
2.578725326e-13
2.450578463e-13
2.333805124e-13
2.228387028e-13
2.138999049e-13
2.060462816e-13
1.986268062e-13
1.883811276e-13
1.80214385e-13
1.636183662e-13
1.574049109e-13
1.483746855e-13
1.391491836e-13
1.298747553e-13
1.222009722e-13
1.125342877e-13
1.053622881e-13
1.030706573e-13
9.606307095e-14
8.816773361e-14
7.917400889e-14
7.195639231e-14
6.690769757e-14
6.326832077e-14
5.363235422e-14
5.406392729e-14
4.911119699e-14
4.536144522e-14
3.860219393e-14
3.494191727e-14
3.237525508e-14
3.057074788e-14
2.903563452e-14
2.482688983e-14
2.113170463e-14
1.997972027e-14
1.875163035e-14
1.961605715e-14
1.483956097e-14
1.278861458e-14
1.190307455e-14
9.581752149e-15
8.420399258e-15
7.489781306e-15
6.37500648e-15
5.95271029e-15
5.440289376e-15
5.205532841e-15
4.29690917e-15
4.125848022e-15
2.704768158e-15
2.939284462e-15
2.834424144e-15
2.223472532e-15
2.059356512e-15
1.795734461e-15
2.061129522e-15
1.371675662e-15
1.100914279e-15
1.015090502e-15
9.216664978e-16
6.565443187e-16
7.623191235e-16
7.858105617e-16
6.138570083e-16
4.708705659e-16
5.635993929e-16
5.396645223e-16
1.080657791e-15
2.416441484e-16
2.096745261e-16
5.560885961e-16
2.975766089e-16
2.387835825e-16
2.128941324e-16
1.85551198e-16
2.854069796e-16
1.297629127e-16
3.994653745e-16
2.927866188e-16
1.782088912e-16
2.197369628e-16
6.908734489e-17
6.239377762e-16
8.147432739e-16
1.190874629e-16
1.765099841e-16
2.123465986e-16
2.557457018e-16
2.917904555e-16
6.234448052e-16
2.756659515e-16
1.941595126e-16
1.008019792e-16
1.441117964e-16
3.115123048e-16
2.317506805e-16
8.78383127e-17
1.49735577e-16
3.22141304e-16
4.036171292e-16
5.097415122e-16
1.625273832e-16
3.815493948e-16
2.138009051e-16
2.05921081e-16
4.131324077e-16
2.450078695e-16
1.232946573e-16
7.66030867e-17
1.233771578e-16
9.580130909e-17
1.621011821e-16
1.565443636e-16
3.409020291e-16
4.70815684e-16
7.619008765e-17
3.527379214e-16
2.362772267e-16
3.206268998e-16
3.70955082e-16
3.840617837e-16
3.193532819e-16
2.312904321e-16
1.133127458e-15
1.435951032e-16
1.646631391e-16
3.779724449e-16
9.387570987e-16
2.538370488e-16
2.534148597e-16
1.207030837e-16
8.827680703e-17
3.600176519e-16
1.569981511e-16
1.567237039e-16
4.950270909e-17
2.93922992e-16
2.411146412e-16
1.55625332e-16
3.369623573e-16
1.558740764e-16
4.055628137e-16
3.728176724e-16
1.704587729e-16
2.01228238e-16
4.775027936e-16
2.337006137e-16
1.776443863e-16
2.935463215e-16
1.440085173e-16
5.932297916e-17
2.417238643e-16
8.429453207e-17
1.487781432e-16
1.316623504e-16
1.358288955e-16
1.171425923e-16
1.769793377e-16
1.194500836e-16
2.096540872e-16
4.073233519e-16
2.32295812e-16
3.44973906e-16
2.504241281e-16
1.552932508e-16
2.465958675e-16
3.246997976e-16
1.679902588e-16
1.379240012e-16
1.708020989e-16
5.968180411e-17
7.098828836e-18
1.283771233e-15
1.883061975e-16
1.663742105e-16
4.597237176e-16
1.664162391e-16
3.08893307e-16
1.471716679e-16
2.158253891e-16
1.030764002e-16
7.075225168e-17
1.446577766e-16
1.381859943e-16
1.120383747e-16
6.61270392e-17
1.09542668e-16
1.225353233e-16
2.035676742e-16
1.60496257e-16
8.282213919e-16
6.284476452e-17
4.59243259e-17
8.835284752e-17
2.188598185e-16
1.631440245e-16
1.387189252e-16
1.276553628e-16
1.209585863e-16
1.740134994e-16
6.194378148e-17
1.005168898e-16
5.53486144e-17
1.78752722e-16
7.709454606e-17
2.433946834e-16
8.361192724e-17
6.336159392e-17
2.725479627e-16
2.21276601e-16
6.014408522e-17
2.453084835e-17
6.751298295e-17
8.943388904e-17
8.936198048e-17
3.383471142e-17
5.002120478e-16
8.008266535e-17
2.691363161e-16
1.40763259e-16
3.646511955e-17
2.904717629e-16
2.027067175e-16
1.180721841e-16
5.089782402e-17
1.609110758e-16
1.932590711e-16
3.838282122e-16
1.672049972e-16
1.182775696e-15
2.635127316e-16
2.060882856e-16
7.998196017e-16
1.824648543e-16
1.469813639e-16
1.304843147e-16
9.458211885e-17
1.552580378e-16
4.994840027e-16
1.58286419e-16
1.427390378e-16
1.675143214e-16
1.476362358e-16
1.270791644e-16
2.8740079e-16
2.378563285e-16
1.186114936e-16
1.44912025e-16
8.5925784e-17
7.15046827e-17
7.178430629e-17
3.011048646e-16
2.211143572e-16
9.190212664e-17
6.962189867e-17
4.902193751e-17
2.173549072e-16
2.280987628e-16
8.077797256e-17
1.404598453e-16
1.284708362e-16
8.3033276e-17
1.356812871e-16
1.809823759e-16
3.11064418e-16
4.905847141e-16
3.697240856e-16
7.636301524e-17
4.628170955e-16
3.492729454e-16
1.51698369e-16
8.494423501e-17
9.976272973e-17
1.632088607e-16
5.923486352e-17
9.699776238e-17
4.850066773e-17
1.534084942e-16
1.271075126e-16
1.101252008e-16
1.798561425e-16
1.202813168e-16
1.058910646e-16
1.930491321e-16
9.904775172e-17
1.665397508e-16
1.883674571e-16
5.933626925e-16
6.130068101e-17
6.584510962e-17
4.870326021e-16
1.931801703e-16
1.088991057e-16
1.159303707e-16
8.752940404e-17
1.264779096e-16
6.389674491e-17
8.032321789e-17
1.815580117e-16
5.06990787e-16
2.682478555e-16
4.171477751e-17
2.071295434e-16
6.407060551e-17
1.424743005e-16
1.313422716e-16
5.250177773e-17
1.18795053e-16
2.096214953e-16
5.880017845e-17
1.564964178e-16
1.098961876e-16
1.220219775e-16
1.828813014e-16
1.540329007e-16
1.500544523e-16
2.517141655e-16
6.814145471e-16
1.000254379e-16
1.445544457e-16
2.542278181e-16
1.744405101e-16
1.488162711e-16
6.973425176e-17
3.662096893e-17
3.312633442e-16
8.519459199e-16
1.082517379e-16
9.764889831e-17
2.194701319e-16
1.659709532e-16
2.311408504e-16
1.693424832e-18
1.278183543e-16
1.797643674e-16
1.031273875e-16
3.789179352e-17
1.183465183e-16
1.077262035e-16
1.794437718e-16
9.588750695e-17
1.839607341e-16
1.594087321e-16
6.468215998e-17
1.921018503e-16
1.088579756e-16
1.778523441e-16
2.366750796e-16
5.583347112e-16
2.407071482e-16
2.846415264e-16
1.806249768e-16
9.94827271e-17
5.658069956e-17
9.52167047e-17
3.587652254e-17
5.664919073e-17
5.243306862e-17
4.654287691e-17
6.3105995e-17
1.574506222e-16
1.011983179e-16
6.480541087e-17
1.345439597e-16
3.232205936e-16
1.160523442e-16
1.294208661e-16
2.056811859e-16
2.211670761e-16
1.277326946e-16
1.67582455e-16
9.823157921e-17
1.263353528e-16
6.989832494e-17
5.390195108e-17
2.476438091e-16
1.793620244e-16
4.231078091e-17
1.058286345e-16
1.405889409e-16
1.556482219e-16
1.699442973e-16
1.398385523e-16
1.570401486e-16
8.865165445e-17
2.984735251e-16
1.163397575e-16
1.05875939e-16
9.530148411e-17
4.524616212e-16
3.873955968e-17
1.251996852e-16
9.94310774e-17
1.235977645e-17
1.09302143e-16
8.147774851e-17
2.980818629e-16
6.75741688e-17
1.174187458e-16
1.812729443e-16
3.362707179e-16
6.487038418e-17
7.855538543e-17
1.084966169e-16
1.368031468e-16
9.641622249e-17
1.235032885e-16
9.018627261e-17
7.170204362e-17
5.07598937e-17
1.164847888e-16
1.061132506e-16
8.557645444e-17
2.103116489e-16
1.586204805e-17
2.43709953e-16
5.358015787e-17
2.085698142e-17
6.912942096e-17
2.628352083e-16
9.090534465e-17
3.919702762e-17
8.751819613e-17
6.753766098e-17
1.337417162e-16
8.410965918e-17
1.292621647e-16
1.600696894e-16
2.280069072e-16
2.487526148e-16
2.597566618e-16
2.491406417e-16
9.91628864e-16
4.317226864e-17
6.455422367e-17
5.062716218e-17
1.428844927e-16
1.115963057e-16
9.044745934e-17
9.632700092e-17
8.149691296e-17
1.874965576e-16
2.616370199e-17
2.11559107e-16
1.191643831e-16
1.30135827e-16
1.128252245e-16
9.805708714e-17
1.97309047e-16
3.043937036e-16
9.555341893e-17
3.641407649e-17
1.714087633e-16
2.240730063e-16
7.752438115e-17
8.560236685e-17
1.086451686e-16
4.362135691e-17
7.318387042e-17
1.037903151e-16
1.03377674e-16
6.746618999e-16
2.776103295e-16
3.048731518e-16
1.971912993e-16
2.112860095e-16
1.177023922e-16
2.004951099e-16
8.674690966e-17
7.08766214e-17
1.730994319e-16
7.313568975e-17
1.381676145e-16
7.808145917e-17
1.537847855e-16
5.296796965e-17
5.459403151e-17
1.183771064e-16
8.594594784e-17
1.313389132e-17
4.694678649e-17
2.004184163e-17
3.482870422e-16
2.297203636e-16
1.597777422e-16
8.000509747e-16
5.066488577e-17
3.355168148e-17
9.500628416e-17
1.116808169e-16
5.889503298e-17
1.013023302e-16
1.091691337e-16
7.272638115e-17
8.273212791e-17
3.228732901e-16
9.650437643e-17
1.077088566e-16
5.668721627e-17
1.183351076e-16
9.520983321e-17
1.054463895e-16
2.702394877e-16
3.018457629e-17
1.095329781e-16
2.498828245e-16
2.063629244e-16
9.060386119e-16
2.211664827e-16
9.095309768e-17
1.831984081e-16
1.944891666e-16
2.158935652e-16
6.323891587e-17
1.233705499e-16
7.858194977e-17
8.770532849e-17
6.529893376e-17
1.135629788e-16
1.387914337e-16
1.803551642e-16
7.973012196e-17
2.064315399e-16
1.261362132e-16
6.931532387e-17
2.436802956e-16
8.22639885e-17
9.019735098e-17
3.188723007e-16
2.263098874e-16
1.262837583e-16
9.885243361e-17
9.092552857e-17
3.230030098e-15
1.272361557e-16
1.032261702e-15
1.821900125e-16
1.512062447e-17
4.924088499e-17
3.063717084e-16
2.265208293e-16
1.411776662e-16
1.198948561e-16
5.403245885e-17
1.427001302e-16
2.39305984e-16
1.442683661e-16
2.58254094e-17
6.606424831e-16
2.971819199e-17
3.634442603e-17
3.977423356e-17
5.891424856e-16
3.57702159e-17
2.036024269e-17
3.542596121e-17
3.495289008e-17
5.460016618e-17
3.846317786e-17
8.863540799e-17
9.34163757e-17
5.719284905e-17
6.053863822e-17
3.96109659e-17
7.105681641e-17
6.978361264e-17
6.497494439e-17
2.356821961e-17
1.445964087e-17
1.06051561e-16
1.066160482e-16
1.279445674e-16
2.941141502e-17
9.32815921e-17
7.981455082e-17
1.550627646e-16
8.540388185e-17
7.471470099e-17
8.126114095e-17
6.664314973e-17
1.064315953e-16
4.212621309e-17
1.479062484e-16
2.519059019e-17
9.614804824e-17
1.097604604e-16
1.552172081e-17
9.869887412e-17
1.421793398e-16
1.815709889e-17
3.021738224e-17
8.786806038e-16
4.977685227e-17
1.249313538e-16
1.092691059e-16
5.060236061e-17
9.456087889e-18
4.588876421e-17
6.67317614e-17
4.157715097e-17
1.496725739e-16
7.92528716e-17
4.42926741e-17
2.983999343e-16
9.470233611e-17
9.760616451e-17
1.036866779e-16
1.276004173e-16
8.161925583e-17
9.31861333e-17
1.70108103e-16
1.669515344e-15
1.080181716e-16
2.478665371e-16
2.697635109e-16
1.230141807e-16
7.800704983e-17
1.046119745e-16
3.725337681e-17
1.005819328e-16
8.358907335e-17
4.250947807e-17
1.385446151e-16
8.92005477e-17
1.115143312e-16
1.579255884e-16
6.670673981e-17
1.508781103e-16
1.134034998e-16
2.776963558e-16
6.911110395e-17
8.245410528e-17
5.244806745e-17
5.35525963e-17
2.481288003e-17
1.192302816e-16
3.072863895e-18
1.20526499e-16
1.275166301e-17
1.058908472e-16
5.978021864e-17
3.994775823e-16
2.623963931e-17
1.961205802e-16
4.380768685e-17
1.107399176e-16
5.034992512e-17
2.913154432e-17
4.116644645e-17
2.798417323e-18
8.447582782e-17
1.370810325e-17
9.000001247e-17
1.50377523e-18
9.649262559e-17
7.071471891e-17
3.947936965e-17
2.120056379e-17
9.386146833e-17
6.642372198e-17
5.554259436e-17
1.645698412e-17
8.749719977e-17
5.213809449e-17
7.659789811e-17
3.036269507e-17
7.977493809e-17
5.633591403e-17
6.350500045e-17
4.447853299e-17
3.450384635e-17
2.877818489e-17
1.6117008e-18
6.092873587e-17
4.47551648e-16
2.14473068e-16
3.302550389e-16
2.998063139e-16
1.337367104e-16
8.190786537e-17
7.563340567e-17
2.553229983e-16
7.407450058e-16
9.224227832e-17
2.31918195e-16
4.325051997e-16
2.269133001e-15
2.457073598e-17
5.955236556e-17
5.12946378e-17
7.157871201e-17
5.844948319e-17
1.571423825e-16
1.687660369e-17
1.418163345e-16
1.812664251e-15
7.880732447e-16
4.017898358e-17
6.655848213e-17
5.046653928e-17
1.006843491e-16
6.122945985e-16
1.586478908e-16
7.935716582e-17
9.205159598e-17
1.304846299e-17
6.590982372e-17
1.514182805e-16
7.153133345e-17
1.006288884e-18
7.77473815e-17
5.151498911e-17
6.845922466e-17
1.107204464e-16
5.332617739e-17
8.662154925e-17
1.507788584e-16
2.880211975e-16
1.930023845e-15
4.147820477e-17
7.769564173e-17
4.052961898e-17
2.972429278e-17
7.761109222e-17
4.083377932e-17
1.031335092e-16
4.515847444e-17
4.318086941e-17
7.070055408e-17
6.910928207e-17
6.745840274e-17
7.589872429e-17
4.785664249e-17
2.323149754e-16
1.506116058e-16
5.835113215e-17
4.3443306e-17
1.289461235e-16
3.148238298e-16
5.264500282e-17
9.114413383e-17
1.04176206e-16
7.442937857e-17
2.633118612e-16
1.461017881e-16
8.037283209e-17
5.930523401e-17
4.176598975e-17
8.521324386e-17
6.103456132e-19
1.120740103e-17
1.310682519e-17
2.376170742e-17
4.500453259e-17
1.672816541e-18
5.558946821e-17
9.664182623e-18
3.76220418e-17
3.285783056e-17
1.999959424e-17
2.486787966e-17
8.746898986e-19
8.326513803e-16
9.472024159e-17
1.192541037e-18
1.204387072e-16
2.896054156e-16
1.422263571e-17
3.897095497e-17
1.628148485e-16
2.071335688e-16
7.946099503e-17
2.841925726e-17
8.752917981e-17
1.758916441e-17
1.079440614e-16
2.811644494e-17
8.640639465e-17
2.852556532e-17
4.543637109e-17
3.189182039e-17
6.513092046e-17
8.029298508e-17
3.141040878e-17
4.123104404e-18
1.766826589e-16
2.036938561e-17
3.674425605e-17
5.8227451e-17
8.265607306e-17
1.230575045e-16
3.836441472e-17
3.369018167e-17
4.270660131e-17
5.933838983e-17
6.853226057e-17
1.15436053e-16
5.822213345e-17
5.722055215e-19
8.002703123e-17
9.512694362e-17
2.049989152e-16
1.36906509e-16
4.190989585e-17
1.028029049e-16
1.368550989e-16
7.387712479e-17
6.324696697e-17
2.103950138e-16
2.589143955e-16
1.836606915e-16
1.058962936e-16
1.729468552e-16
5.753087565e-17
8.985888713e-17
1.991230247e-16
1.810293916e-16
2.255369014e-16
1.958071454e-16
4.353937854e-17
1.10852686e-16
4.378845448e-17
1.547965538e-17
1.583780826e-16
8.230196119e-17
1.281900641e-16
1.445506424e-16
4.021627569e-17
3.759422483e-17
9.644669352e-18
3.341023676e-17
1.50657711e-16
3.996416486e-16
7.127394302e-17
6.975779629e-17
1.256843492e-17
2.777094967e-17
6.746135056e-17
2.573603993e-17
7.291776591e-17
1.241436244e-16
8.538243859e-17
5.55610341e-17
3.608656122e-17
1.405451344e-17
9.957675846e-17
2.344888654e-17
5.334211337e-17
3.305232699e-18
1.708203566e-18
1.545584654e-17
6.977847586e-17
1.397778014e-18
8.429734107e-17
2.098263953e-16
2.53135986e-17
1.245995522e-17
1.852086904e-17
5.09447412e-17
2.946610408e-17
5.718805767e-18
1.972276458e-16
9.585411351e-16
6.395726783e-17
8.374651008e-17
4.795927489e-17
4.520139291e-17
6.652929381e-17
1.308515618e-17
2.065099299e-17
6.5639604e-17
1.591986975e-16
1.874607003e-16
3.853315829e-17
9.197939336e-19
1.18544537e-16
3.850736616e-17
5.990225716e-17
2.291450457e-17
5.933214426e-19
8.225529576e-16
1.035907301e-16
7.847465484e-17
4.644409445e-17
3.18379084e-17
9.400169346e-17
3.746330912e-16
1.941044276e-15
4.063086275e-17
1.346641223e-16
1.136387543e-16
2.591054598e-17
6.452478498e-17
7.386531626e-17
7.992176803e-17
9.91093991e-17
1.842067808e-16
8.429468273e-17
7.936318056e-16
3.736740478e-16
2.790501545e-17
5.18309627e-17
3.231439836e-16
1.252486229e-15
2.927873901e-17
2.767388155e-17
1.39585939e-16
8.847604297e-17
6.590124478e-17
1.045854665e-16
6.746252376e-19
4.135517795e-17
9.481009018e-17
7.154946052e-17
5.801599149e-18
1.771531355e-17
9.522307575e-17
1.316560554e-16
2.034734361e-17
6.085559005e-17
6.883618047e-17
1.378827029e-16
1.037228298e-16
4.831268882e-17
8.083206122e-17
6.737181581e-17
3.847396705e-17
9.895053001e-17
9.732971979e-17
2.126646935e-17
1.293761638e-17
1.564160198e-16
1.499004239e-16
9.895188516e-17
1.158084458e-16
3.046191355e-17
7.251004867e-17
3.390002109e-17
3.366881825e-17
9.783016009e-17
6.348723227e-17
1.480086408e-16
5.005201495e-16
8.501412591e-17
5.268221359e-17
1.1708632e-18
5.767290013e-17
2.210498333e-16
2.78768326e-16
6.402820325e-17
1.451055642e-16
2.595825318e-17
1.509045412e-16
6.499025966e-17
1.053115637e-16
9.064096908e-17
3.060974914e-17
6.309839526e-17
2.555966586e-16
1.088523134e-16
8.020870758e-17
8.43120877e-17
2.723665051e-18
3.967032288e-18
1.593067711e-17
2.622393984e-17
6.270217244e-17
4.189739049e-17
2.634505302e-16
6.199197168e-16
2.435397049e-17
4.925986621e-17
4.071922782e-17
1.046688051e-16
1.965878618e-17
2.36748283e-16
6.97370038e-17
9.923123738e-18
7.198404947e-17
7.953210044e-19
1.612176313e-17
1.061291617e-16
4.742537304e-17
1.190392777e-18
4.028614442e-17
5.01839357e-17
1.527092388e-16
5.378856659e-17
1.798985882e-16
9.632309614e-17
2.527251984e-17
4.051481176e-17
3.729141773e-17
8.27998125e-19
2.391604907e-18
3.305380381e-18
1.559627184e-17
6.545673715e-17
7.499449644e-17
2.873730684e-19
1.477234528e-16
2.505918555e-17
1.937950839e-18
3.593730087e-17
3.884168465e-17
1.229042646e-17
4.801332461e-17
2.547390278e-17
1.291008449e-17
2.114451143e-17
2.942932092e-17
1.204997117e-16
8.265915724e-17
1.072945289e-16
5.035174092e-17
1.929150115e-17
6.928327214e-17
1.384020944e-17
2.968739302e-16
1.264123925e-16
9.047685446e-19
2.994098648e-16
3.846622077e-17
3.968641788e-17
6.585787833e-17
1.303990661e-17
3.319416925e-17
3.625403277e-17
1.229374596e-17
6.608752783e-17
1.536447041e-17
6.257337616e-17
1.928155721e-17
8.580262236e-17
7.532962194e-17
7.156079931e-17
3.219029289e-17
6.498069297e-17
2.427495821e-17
3.356878466e-17
1.719641667e-16
3.611512019e-17
1.874360835e-17
4.501062453e-17
4.851997843e-17
8.716946997e-17
6.84319276e-17
4.365740203e-17
6.479626958e-17
6.426307893e-19
2.597879976e-17
2.25222399e-17
9.735934612e-16
9.977322334e-17
5.47048606e-17
6.118418883e-16
2.140160527e-17
3.571904466e-18
2.758425655e-17
1.530428076e-18
5.820244813e-17
6.283920934e-17
1.463712228e-16
1.890856958e-18
2.968444007e-17
3.077696152e-17
1.336109588e-17
6.454971219e-18
1.365345378e-16
1.048502001e-16
6.509824405e-17
1.306821626e-18
1.632581615e-17
1.326817968e-17
9.139574611e-17
2.115937416e-16
7.154673761e-17
4.447860721e-17
6.304643006e-19
7.916850919e-19
7.748411239e-17
9.135667392e-19
1.715146313e-17
4.095940659e-17
1.551050522e-17
1.183827365e-18
1.266865785e-17
1.11958812e-16
2.434008952e-16
7.897751046e-18
2.744784038e-16
5.990094289e-19
1.354812882e-17
3.844237994e-17
9.840366634e-17
8.082137365e-17
4.419654526e-17
6.154537793e-17
1.494326711e-17
3.047963196e-17
6.683575567e-17
3.467092433e-17
9.167890735e-17
1.64786436e-18
7.044508676e-17
4.641486523e-17
9.686430469e-17
5.900602512e-17
1.633162551e-16
3.750467357e-17
5.64256924e-17
3.636422578e-17
1.271554547e-16
1.00686302e-16
2.136566911e-17
3.412964673e-17
6.440780537e-17
5.135086336e-17
4.909486625e-17
6.230785891e-17
1.760412579e-17
2.910017973e-17
5.86214049e-17
1.345903085e-16
1.580168931e-16
4.677725685e-17
1.199464903e-16
5.239256626e-17
8.056752471e-19
3.443734441e-17
1.92391866e-17
7.240351338e-17
2.578288386e-17
1.55073883e-17
3.448306926e-17
1.027968422e-16
2.471288065e-17
3.810875348e-17
2.429988761e-17
4.561221521e-17
8.668659573e-17
5.970416653e-17
1.17066124e-16
6.077940446e-17
6.368709412e-17
5.757627287e-17
4.200616852e-18
1.44364553e-17
1.312628774e-17
7.918116961e-17
7.328920311e-19
1.275444732e-17
9.200397233e-17
1.29795457e-17
8.239843262e-17
6.662504715e-19
9.366052635e-17
5.252285825e-19
4.083835299e-17
2.736268181e-17
2.064295164e-18
1.938060461e-18
9.820817129e-18
2.09213256e-17
2.386193217e-17
1.405056644e-19
5.129453916e-17
3.012914729e-18
9.931874789e-19
9.808356268e-18
6.612730876e-19
7.571538873e-19
4.180273351e-17
7.408041729e-17
6.827055468e-19
3.008472045e-17
8.297199638e-19
7.214583489e-19
2.549007743e-17
1.143773549e-18
1.838671308e-18
5.506848784e-16
1.612691109e-17
6.461131822e-16
7.113715002e-19
1.741533614e-17
1.707784734e-19
4.866770097e-17
3.284277086e-18
5.696796876e-17
4.057630936e-17
1.595359217e-16
1.015275093e-16
4.05882079e-19
1.051824278e-18
8.588958539e-17
6.462924101e-19
3.251031742e-17
9.321325925e-19
1.995990415e-17
1.838714374e-17
2.368008098e-17
4.744825778e-19
1.419872267e-17
5.079550398e-17
7.753216521e-17
9.040610734e-18
1.609911306e-17
3.754849557e-16
6.060403194e-18
7.866034252e-19
5.272640273e-16
7.217356057e-16
6.635437933e-19
1.706017449e-18
4.86446829e-18
3.146596978e-17
3.621140031e-19
2.387908562e-18
2.712848588e-17
9.040826369e-19
6.172975878e-17
4.663207266e-17
2.880540011e-19
2.778317898e-17
7.023337323e-19
3.322786012e-17
3.404931287e-19
6.618942186e-18
2.593731507e-17
1.709149236e-17
1.037355817e-18
2.403144766e-17
1.205209502e-18
1.974485733e-18
6.478489564e-17
1.936649361e-18
7.703993822e-19
2.219447382e-17
2.408581407e-17
1.393014478e-17
1.156151162e-17
3.983490024e-17
3.397559821e-17
5.53230938e-17
9.824694719e-17
3.174386513e-17
2.961064112e-17
3.849610578e-17
1.930326125e-17
2.896762146e-17
2.858387066e-17
1.771119756e-16
6.124152754e-17
2.566205362e-17
5.343574434e-17
1.190826693e-17
1.239236797e-17
2.214916629e-17
3.922880068e-16
3.087592004e-17
3.926751805e-17
1.066507652e-17
5.125846204e-17
2.876166097e-18
2.03809556e-17
6.637668866e-18
6.959911104e-18
2.027261701e-17
6.758366572e-19
2.616494531e-17
7.178507662e-19
3.534873039e-19
3.625867652e-17
2.622861749e-19
1.235084804e-18
8.07366357e-20
5.052538143e-19
4.502083548e-18
1.220823557e-18
2.862779738e-17
1.429405673e-16
1.064845591e-18
1.39017939e-18
1.790405461e-17
6.327426104e-17
1.634264325e-17
5.257259619e-19
8.852494822e-17
6.579020998e-17
8.801269913e-17
1.186702449e-16
1.999142974e-17
7.902126604e-19
6.34752458e-19
3.455925724e-19
4.567463689e-17
2.99331246e-19
1.461499132e-17
1.725898094e-17
2.435979802e-17
3.687627251e-19
8.405921524e-17
2.609734644e-17
6.674008581e-17
4.616804998e-17
1.614927125e-17
4.832813372e-17
8.372557849e-17
6.985127819e-17
2.229913778e-17
6.692618495e-19
7.636265785e-19
1.042767898e-16
6.717521609e-17
1.468772313e-17
3.376088448e-19
6.054280671e-17
2.210297444e-17
2.551954093e-17
1.317763243e-16
1.794371411e-17
1.405105596e-18
3.709207992e-17
7.26945822e-19
2.017655733e-18
3.107461554e-17
6.041859347e-19
4.251640162e-17
7.339866177e-19
2.630508934e-17
4.941391184e-17
5.539615448e-17
1.236078062e-18
4.541175129e-18
1.681602655e-18
1.249310294e-17
2.806040803e-19
8.46372024e-19
3.690394618e-17
1.063660042e-17
3.637305686e-19
1.046363017e-18
1.238269539e-16
1.88520407e-16
9.454321939e-17
2.167218183e-17
3.443071081e-17
1.013318855e-16
1.483311334e-17
4.168098268e-19
1.562169362e-16
4.252172867e-17
3.111833284e-17
1.274521832e-17
1.422466957e-16
2.593264295e-17
1.29262784e-16
5.428836706e-17
1.414199036e-17
6.991255744e-17
2.178916161e-18
1.551283328e-17
7.881199171e-18
1.270295061e-18
6.963906338e-17
4.217224912e-17
6.856935338e-17
2.34885346e-19
7.768938338e-17
3.590941735e-17
1.235221881e-17
6.818741758e-17
1.153756711e-17
3.117299426e-17
8.292238213e-17
6.108077316e-19
7.508977154e-19
1.311275758e-17
5.467268469e-18
7.694826278e-17
3.248004926e-16
3.265042477e-17
1.022045267e-16
2.213922406e-18
2.290159655e-18
1.117590322e-17
7.549992146e-17
1.267840912e-18
6.918478122e-19
3.954227305e-18
5.391668239e-19
3.766146359e-17
3.750411143e-17
1.700625411e-17
6.937573999e-18
2.031139765e-17
1.665011647e-18
7.350785713e-19
1.323776029e-16
1.54636012e-18
2.565670266e-17
1.089888585e-19
3.820296374e-17
8.978578293e-19
9.92658134e-19
1.841211742e-17
1.475179032e-17
4.080353777e-17
7.154824243e-19
5.943023076e-19
1.022971405e-17
1.162964339e-17
4.743167192e-19
1.097238395e-17
6.79888378e-17
5.193486316e-18
2.33770465e-17
1.767786979e-18
4.12435936e-19
1.602198349e-17
2.719274198e-17
1.410588337e-16
4.325306373e-17
5.970926365e-17
7.129361532e-19
4.988238497e-17
9.484726094e-17
4.421218055e-17
3.953557335e-16
1.289857634e-17
4.327396269e-18
1.10955714e-18
1.391183742e-19
5.716429526e-18
1.571686828e-18
7.724099069e-19
3.531288041e-19
4.677430634e-19
2.327057291e-17
3.167892218e-17
1.756567903e-17
6.009894351e-19
9.755049749e-18
7.059016111e-19
5.245969871e-18
4.028487981e-18
5.677968151e-17
3.996097837e-18
4.594752484e-17
1.657419192e-18
4.869054732e-17
8.414220815e-18
5.15875213e-17
1.900828113e-18
7.124849428e-19
4.612542049e-19
2.623132308e-17
1.29564027e-18
2.546389911e-17
8.238012555e-18
2.260209479e-16
2.733539211e-17
8.884842117e-17
1.468311493e-18
4.359819459e-19
4.221347158e-19
1.193682995e-17
1.936016667e-17
1.746152121e-17
4.603588778e-17
2.709730485e-17
9.397797815e-19
3.72494314e-17
3.150423049e-19
2.379795337e-17
3.532829526e-17
2.302086768e-17
6.051689709e-19
6.25387795e-17
1.85967714e-17
4.552083789e-17
4.402522546e-19
2.20226863e-17
4.525183359e-17
8.726273817e-17
1.244777033e-17
2.197929183e-19
5.17446553e-17
3.044760442e-19
2.831702891e-17
8.137818067e-18
4.134417785e-17
4.274181154e-17
3.686552617e-19
4.526050104e-19
2.73119483e-17
2.265924692e-17
6.955608679e-17
6.262408774e-17
7.867409467e-17
1.064635154e-18
1.253566056e-16
2.452930387e-17
8.628454295e-17
9.533364455e-17
1.056154749e-16
9.26943633e-17
1.933305152e-16
1.769050258e-16
1.167583639e-17
1.274756344e-17
2.752432599e-17
2.735335668e-17
3.957295256e-16
1.695526987e-17
8.511123982e-17
3.839294386e-17
2.961402015e-17
7.20888304e-17
4.739001731e-17
3.233364773e-17
2.854705896e-18
3.723394507e-17
1.10197866e-18
3.252437653e-17
7.457977529e-17
8.649130231e-17
2.148818644e-16
1.604122355e-16
2.550132489e-17
2.656127722e-17
7.091648159e-17
6.843655127e-17
5.234831794e-17
3.819938975e-17
3.215287916e-17
4.373785045e-17
1.317221139e-17
4.004368985e-17
5.690575609e-17
6.627305868e-18
2.298298646e-17
2.249901391e-17
5.066472083e-17
3.711061906e-17
1.36752598e-17
1.321992263e-16
5.388789966e-16
5.809343323e-19
1.209244326e-17
6.27968447e-17
4.893729494e-17
1.094717758e-16
5.296352614e-17
3.875163033e-17
3.609960729e-17
3.195249479e-17
1.556090849e-17
3.180575875e-17
6.64634795e-17
6.333709556e-20
6.368254966e-19
1.845875663e-17
1.384569376e-17
8.299891333e-18
8.759198049e-17
2.854105111e-17
4.612576494e-17
3.967556741e-17
1.821782233e-17
3.44465295e-17
6.192379436e-17
1.325805558e-17
5.671839937e-19
1.275128175e-17
2.906012712e-17
1.763221788e-16
6.482869963e-18
8.700604114e-18
2.367825543e-17
5.987739898e-19
1.442811538e-18
2.125009591e-18
2.919684332e-17
4.765247336e-17
1.254464517e-16
3.36086339e-19
3.006832658e-17
3.094318032e-19
1.084839812e-17
1.353318206e-16
2.921465139e-17
4.866291698e-17
2.614546446e-19
1.188777232e-17
1.242090553e-17
5.543244821e-17
1.867971412e-16
2.873583412e-16
5.271979179e-17
2.902118982e-19
2.953733577e-17
1.092792657e-17
3.194561553e-19
2.66093587e-17
1.535114028e-17
2.143671983e-19
2.576240678e-19
1.187467232e-17
5.737009306e-18
1.108620257e-17
3.013815667e-17
4.056146903e-18
2.691572776e-18
7.560434356e-19
1.489631418e-19
1.179136334e-18
2.748524468e-19
2.170814752e-19
2.31697876e-19
3.424199209e-17
4.03217909e-19
4.907609203e-17
1.126363651e-17
9.500525201e-18
2.088623613e-19
3.336614388e-19
6.339784019e-19
3.946376185e-16
3.774001402e-19
1.045438229e-16
4.439549287e-17
3.30188582e-17
1.487153244e-17
1.123335338e-17
7.796050253e-19
3.266239644e-17
8.432256454e-18
3.433293095e-19
2.110278078e-19
2.187249572e-17
2.552922281e-18
1.430932669e-17
1.340515989e-17
4.027052874e-17
1.601931783e-17
7.757581076e-19
4.119395425e-19
4.878517199e-17
1.859362431e-18
2.691196142e-19
4.237211834e-17
1.652581004e-17
3.259910973e-17
1.081248e-18
1.782951603e-17
3.750421806e-17
1.139558729e-17
2.268766945e-17
3.93549355e-17
6.007935932e-19
2.990626873e-17
6.6030854e-18
7.263327734e-17
2.281519912e-17
1.919844526e-17
3.204574662e-19
5.850376299e-17
6.506484321e-19
6.39397259e-18
2.009560135e-17
1.162839995e-17
6.367935206e-17
1.131123571e-17
3.778877015e-17
8.505410897e-17
9.328488354e-17
5.131171614e-17
2.536214013e-19
8.941416278e-17
1.165932896e-17
5.214294302e-17
3.547103958e-19
2.483025086e-17
3.626634485e-19
1.335112406e-16
5.418360522e-19
4.72967947e-19
2.873842361e-18
1.1949156e-17
5.942053601e-17
2.977239599e-17
5.19716842e-17
8.933622639e-17
7.15524961e-17
5.466866367e-19
1.613145096e-19
3.631981465e-17
2.71402192e-16
3.910093529e-16
1.350894954e-16
1.200806274e-16
1.983481775e-16
5.627839601e-19
2.341030355e-17
1.11584518e-19
2.167596089e-17
3.428788384e-17
7.424197551e-19
6.634638214e-19
4.616587573e-17
2.960833327e-18
4.305050597e-17
1.817064024e-17
4.046299748e-17
1.397116646e-17
4.683973756e-17
1.416125517e-17
4.651980598e-17
4.580354032e-17
3.33036063e-17
6.956508097e-17
1.347890791e-17
2.600123046e-17
3.466323355e-18
2.154612714e-19
2.533625319e-19
4.362632122e-17
1.006420261e-17
3.982957325e-17
3.190469968e-17
4.325148583e-20
1.272179003e-17
4.553309519e-17
8.326184667e-17
1.075882609e-18
1.637886839e-18
1.684723391e-17
1.418807561e-17
2.112556025e-17
7.261635889e-18
5.819976363e-20
4.404352786e-17
6.319461614e-19
6.284329625e-17
4.478105834e-19
5.697778337e-17
5.160256528e-17
8.142579468e-19
4.819181976e-19
1.967720812e-17
1.439024854e-18
3.055807312e-17
6.602908819e-17
2.722955236e-17
1.280504936e-17
3.441809726e-17
3.514424114e-17
3.678371825e-17
7.409080119e-17
1.5126136e-17
7.196771741e-17
4.059444758e-17
3.10977677e-17
4.086102424e-17
4.003478881e-17
1.58925378e-17
2.455983603e-17
3.78165238e-17
5.832152365e-17
1.274393561e-17
2.583441055e-17
4.984251295e-17
8.197890145e-17
1.859391884e-16
7.880596332e-19
1.389692349e-17
4.566113586e-19
4.346566579e-17
1.308383972e-17
1.09120388e-16
1.088030812e-16
5.617066363e-17
1.365798738e-17
2.543941702e-17
5.411258906e-17
7.109388908e-17
1.037202829e-16
6.481503685e-17
1.229775763e-17
1.431857841e-16
2.737402128e-17
5.096546631e-17
1.696330465e-18
4.0676487e-17
8.374326626e-17
5.403594591e-17
1.296729538e-18
6.844292076e-17
3.65001362e-17
6.146477281e-17
1.201687354e-17
5.814201458e-17
1.036406386e-16
1.392628886e-17
4.294002306e-17
6.638240809e-19
6.577808011e-19
3.112970472e-19
3.65351306e-19
1.777184289e-18
2.029151521e-17
1.838892722e-16
1.01677829e-16
5.2329827e-17
1.2922474e-17
1.070702563e-16
3.504988945e-19
4.923312815e-17
1.670751191e-18
4.406864423e-17
3.603505806e-17
3.179354694e-17
9.718280648e-19
4.286139879e-17
6.461760526e-17
1.010452597e-16
4.588374307e-19
4.856488865e-17
1.947847671e-17
4.303176726e-17
2.142060306e-17
7.629468687e-17
6.406785549e-17
3.133429761e-18
3.448505458e-17
7.53877539e-17
7.925843076e-17
1.125763562e-17
8.428062343e-17
6.995789163e-17
1.419552655e-17
2.441693693e-17
4.438467006e-17
7.786264703e-17
5.514745629e-17
3.702924632e-18
2.4589989e-17
7.483694238e-21
4.298182364e-20
4.028172574e-17
1.399813444e-17
1.482124868e-18
2.829560528e-17
4.173769737e-17
2.739557141e-18
1.226384039e-17
3.946852397e-19
1.213129251e-17
2.80540646e-16
5.138340026e-17
3.129617299e-19
1.835040318e-19
1.913101567e-17
1.262916213e-17
6.111354641e-17
4.560189405e-17
3.771960405e-17
3.048253474e-19
9.511736652e-19
1.354312986e-16
1.083790675e-17
1.432306108e-17
7.785486277e-17
2.649284301e-17
7.084827914e-20
2.269401008e-17
2.858871947e-19
3.822192357e-17
1.983321851e-17
3.036414063e-17
1.307634035e-17
1.147669278e-17
2.921998563e-16
9.050950783e-17
8.061636494e-17
5.052041335e-32
2.90759242e-19
1.254077784e-17
3.730242883e-19
5.168296374e-17
1.639989751e-17
2.100941188e-19
4.546222171e-19
4.079886988e-17
1.120710503e-17
5.59833583e-17
3.14270587e-19
4.343746096e-18
1.403555519e-19
1.408405688e-18
1.420525668e-16
4.874703896e-17
9.63337638e-20
1.394413296e-17
7.503134158e-18
4.794138943e-17
9.80608929e-20
1.04498865e-18
4.324759535e-19
5.837538729e-19
1.98732179e-17
1.524885113e-17
5.300178353e-19
1.415088014e-17
1.400428133e-17
6.094212917e-17
1.014707065e-18
1.528934919e-18
1.490414371e-17
1.251901247e-17
4.031162806e-17
1.933727768e-17
2.77324958e-17
1.561298546e-17
1.154946951e-16
2.113274335e-16
5.877757599e-19
6.777381574e-18
2.845814405e-19
1.851611068e-17
1.324902704e-18
3.643440904e-20
1.117965207e-17
1.786942365e-17
1.495067728e-19
3.710517896e-20
3.163503407e-19
5.074577162e-19
1.213890394e-17
4.652602994e-17
4.459236351e-17
2.317713436e-17
1.920363722e-17
5.852475044e-19
3.267305382e-20
3.922733579e-19
1.830776744e-17
1.364604196e-17
1.624838809e-19
6.804773778e-17
3.902425049e-17
2.20218678e-17
1.162075398e-17
1.185406869e-17
2.425386162e-17
1.43639514e-18
7.947678849e-19
1.59385544e-17
6.073473279e-19
1.508559838e-19
2.42384074e-17
6.66457457e-19
2.637361395e-19
2.152226081e-19
1.988158387e-19
2.934292433e-19
7.105447748e-19
2.490711589e-17
2.694241337e-17
5.226411657e-19
6.819339624e-19
1.574083297e-18
1.01448783e-17
1.37148903e-17
3.064918776e-17
1.414553892e-17
2.21703289e-17
5.761673528e-19
1.318464541e-17
3.948489797e-17
2.633212902e-17
1.145115447e-17
6.055255349e-17
1.582944575e-17
9.312882583e-17
5.227282386e-17
8.330959402e-20
1.198777256e-17
7.962484853e-17
8.51850601e-17
5.643635441e-17
4.877914394e-19
3.472905049e-17
1.304867831e-16
2.607675477e-19
8.723174456e-18
1.024222058e-16
8.254451128e-18
2.197844415e-17
4.498452753e-19
2.203164194e-17
3.728499286e-17
2.018174001e-17
3.402289436e-17
6.934498104e-20
5.89515897e-19
8.994490071e-17
9.927312495e-17
8.509125342e-17
2.05695292e-19
1.072947967e-17
3.725194603e-17
5.573790468e-17
2.291532724e-17
5.324512375e-19
4.293644116e-17
9.43089573e-19
1.853396948e-17
3.916024955e-19
1.873631944e-17
9.778754153e-18
1.500932241e-17
1.469373119e-16
4.821421981e-17
4.345778191e-17
3.033008108e-17
1.272680306e-18
1.107188089e-17
1.052724073e-17
3.076752879e-17
2.337370458e-17
4.222380038e-19
2.960616384e-19
3.332401872e-19
3.072282055e-17
2.142421528e-17
2.662454292e-19
4.40454941e-17
2.986398227e-17
3.767678571e-18
2.054458445e-17
1.12042662e-16
5.900855082e-17
1.248303808e-17
2.198881087e-17
3.561041753e-17
1.45719739e-17
5.421571418e-17
1.246785053e-18
2.042136905e-19
1.281682283e-17
1.135105604e-17
3.478126341e-18
2.202898203e-20
1.059309615e-17
7.840187605e-17
1.193987756e-17
2.47152992e-19
3.548233157e-19
5.864275089e-18
6.926829382e-20
1.769051016e-19
3.544324534e-19
8.509984505e-18
1.12856138e-18
8.907980595e-19
6.472375165e-19
1.674378353e-17
9.211201837e-20
3.260427039e-19
4.095481664e-19
2.377972224e-19
1.78878884e-19
4.242306658e-19
1.708780317e-17
2.2354807e-16
1.149719487e-17
1.910823072e-19
2.63443085e-18
4.063564716e-19
2.677266342e-18
8.489626591e-17
1.327494533e-17
1.096412543e-17
5.299880808e-19
3.099537014e-19
1.775867765e-17
6.053852377e-19
1.332057245e-18
1.108628035e-18
7.085598869e-19
1.064705605e-18
1.788184472e-17
8.144091546e-19
1.562749187e-19
1.864677941e-19
7.490329288e-20
4.837668617e-19
1.823054521e-18
1.524553676e-19
2.098309559e-20
5.660453424e-20
3.7586845e-19
1.658696436e-18
1.762746888e-19
1.921465322e-17
2.938580513e-19
4.534028634e-19
1.275071492e-19
6.661975787e-19
1.257644326e-17
4.321446318e-17
9.613305334e-20
4.608053054e-19
2.186323661e-17
2.689055106e-19
4.198723501e-19
2.954630999e-19
3.530918632e-20
9.624872675e-20
2.669766593e-17
1.085663318e-18
3.020809934e-17
2.500986115e-17
6.694117056e-17
1.715148507e-17
5.87005793e-17
3.234953288e-17
4.313356242e-17
1.363369002e-16
2.532979146e-19
6.635317253e-19
3.039185298e-19
4.115678964e-19
9.152781857e-20
4.78581981e-19
3.295946006e-17
2.820697597e-20
4.610108298e-19
2.188894934e-20
2.092889337e-20
2.219613854e-19
3.973081467e-19
2.357484498e-24
6.510530133e-19
4.796596209e-20
1.202792715e-17
1.492904535e-27
3.389533758e-17
1.177897233e-17
2.773532451e-18
4.655219046e-17
8.539243713e-17
4.268361439e-20
4.798012443e-20
4.807269533e-23
1.586187054e-22
1.842586017e-17
3.648283062e-19
2.158287175e-17
2.715849247e-19
5.914248221e-17
1.288350551e-25
9.085741099e-17
1.066799376e-17
1.738719702e-17
2.928383471e-17
2.865285468e-27
1.652696824e-19
2.449773902e-19
8.570193204e-26
2.197685997e-16
2.972518557e-20
2.471484523e-18
2.902663944e-17
3.152645306e-20
1.539362378e-26
4.557935072e-17
2.465306487e-17
2.227623441e-20
2.270878331e-20
2.902795199e-19
9.896949595e-20
2.16199341e-17
3.971647281e-20
1.590392527e-17
1.367969998e-17
9.307324575e-20
5.286585002e-19
3.81021232e-17
1.389679711e-17
3.247748017e-19
1.079659776e-17
1.08747223e-17
9.857812242e-17
1.267661608e-17
6.847545157e-17
5.211070036e-20
4.011437682e-19
5.576346175e-19
2.716525414e-19
6.702344549e-19
2.456271538e-17
2.850032243e-19
1.190096072e-18
7.330852384e-19
1.131478514e-16
3.884277565e-19
1.535610768e-17
7.041381766e-20
2.29600504e-19
3.114769018e-17
5.660709317e-17
3.664638864e-16
2.231817104e-17
6.352057199e-17
2.624167761e-19
1.02956515e-17
3.093712164e-17
1.096741544e-16
1.236714363e-17
4.289920526e-17
7.262502395e-17
1.241289501e-17
1.117100082e-17
7.677306927e-17
1.911262268e-17
8.324379908e-18
2.446629547e-19
3.897878642e-17
4.250121437e-20
1.667261588e-20
6.709041711e-16
2.78408418e-19
2.165809524e-17
2.975840769e-20
2.019910375e-18
1.122415774e-17
2.779641298e-17
6.248351918e-17
1.449485679e-17
3.344223221e-19
1.26513711e-17
1.016461497e-18
8.489325496e-18
1.523711731e-17
2.930897396e-19
1.195232378e-17
5.289770946e-17
2.779353186e-17
7.587613842e-20
2.332873374e-19
4.186769623e-19
2.807980549e-17
1.621808663e-19
1.40314121e-19
7.477321686e-20
4.064225386e-17
2.05007187e-19
1.012385007e-21
6.844361071e-21
4.344376526e-17
2.027189171e-19
0
2.440419443e-19
2.036628069e-20
4.51278668e-17
2.344344989e-27
5.041275327e-17
2.800137767e-17
5.582875853e-17
6.361774768e-17
5.724353535e-18
1.50294006e-17
7.66220816e-17
8.173015405e-17
3.838892893e-17
5.877335813e-17
4.553057225e-17
2.859596585e-17
2.806216508e-17
1.272560601e-17
5.271695653e-19
9.136923832e-19
1.157551163e-17
1.130039006e-17
1.134471847e-17
3.344603778e-18
4.482550665e-17
1.082627711e-18
2.449905191e-19
4.271558123e-19
3.290037298e-19
6.206021288e-19
5.847814211e-17
1.370499744e-17
3.237051896e-16
3.688741489e-19
7.421383989e-16
3.164620811e-17
1.507595459e-19
1.305828951e-17
1.291223458e-16
2.730852862e-16
4.457740146e-17
4.516306108e-17
1.834545305e-19
4.801721511e-17
1.624019107e-19
5.10077306e-17
3.011222813e-19
2.998640014e-17
1.94637049e-20
1.381227257e-19
7.912022983e-20
1.572063676e-19
8.88418059e-19
1.051994593e-17
4.149074581e-20
2.028138993e-19
2.52890332e-16
5.485189659e-17
7.954970018e-17
2.063361723e-17
3.153005809e-17
2.407340029e-20
1.518538787e-16
6.81342658e-20
3.428143667e-17
6.969625901e-18
2.143508755e-18
9.899843323e-19
1.24581621e-16
1.012376612e-19
3.988452297e-18
5.436319667e-17
0
2.516618014e-17
9.271058756e-30
4.514512538e-17
1.943461014e-17
7.579624014e-18
3.834315747e-17
1.727430882e-19
5.845837501e-20
2.615243526e-19
5.1165265e-16
1.625081361e-19
3.582375568e-17
6.482054434e-17
2.635644415e-19
1.277494858e-18
9.406732672e-21
6.148322859e-17
5.850301651e-17
8.101978325e-20
1.129086106e-17
1.19241987e-17
7.152807124e-17
4.771047116e-18
3.746094914e-17
1.85006361e-19
3.496348029e-20
1.594132849e-19
3.172901711e-20
6.33904151e-17
1.936127905e-19
2.450894641e-17
1.131272813e-17
3.419073895e-19
4.764412297e-17
1.104406951e-16
8.386870081e-18
2.408829961e-17
7.407910511e-20
4.878309852e-24
3.195662539e-17
2.735695875e-17
2.016021984e-17
1.536438468e-17
1.204930593e-20
1.205823116e-19
1.308448972e-18
1.347143912e-18
1.597953264e-17
3.439187369e-17
1.772806533e-20
1.164998634e-17
2.872672054e-17
1.519381513e-17
5.287200606e-17
1.929038867e-16
1.207056589e-17
1.286988268e-17
1.050144739e-19
1.151514211e-17
1.15197326e-17
1.254221841e-17
2.078776777e-17
4.261035065e-20
4.500844486e-19
4.468666117e-21
6.732805388e-20
1.019552479e-18
1.324081678e-20
2.996967314e-19
2.727158991e-20
1.233464217e-17
2.23369227e-17
7.079823293e-17
6.270900935e-17
1.925510293e-19
2.402689312e-19
0
6.579384279e-21
8.343279115e-21
1.956291517e-17
1.891492468e-18
1.498883465e-21
7.00996524e-28
2.855223109e-25
1.265539636e-19
1.310209921e-18
2.148329362e-25
3.877619102e-20
4.695120555e-33
1.059688251e-19
2.363054868e-20
1.080774846e-24
3.143438241e-27
1.948921782e-19
2.645151653e-19
7.824104677e-19
2.124537723e-19
1.081927453e-17
1.888008663e-17
4.934069365e-17
5.928222142e-19
1.791896889e-20
1.510174221e-19
3.480796462e-20
3.181245967e-19
1.089669321e-17
3.481234055e-19
1.407170815e-19
1.206168003e-19
1.674899912e-18
1.276782803e-17
1.889203392e-16
7.709572349e-20
3.575882859e-22
2.592726804e-20
8.316461046e-19
1.183121298e-17
2.131579558e-20
2.726976819e-22
0
4.455109434e-20
5.025526636e-21
4.613106802e-21
7.998097887e-22
6.159866405e-20
2.821064536e-19
2.838763143e-20
1.823007298e-17
5.0932521e-20
6.355402571e-20
1.02033688e-19
6.002796768e-20
3.579853258e-17
1.082354808e-19
1.133674889e-20
3.512974295e-17
8.072957644e-22
0
1.670618728e-17
3.724018859e-18
6.27034888e-21
1.003069062e-20
7.219599416e-20
4.819799103e-17
9.304802704e-17
6.213005744e-20
3.39702783e-20
2.408633971e-20
7.395242049e-20
2.408203175e-17
3.214993393e-17
2.317770457e-21
1.633392287e-17
1.354255791e-19
3.715244988e-17
1.580195471e-17
5.439032837e-23
1.257616378e-17
3.615654935e-17
8.824929074e-24
2.958617325e-17
4.943322037e-17
6.275770025e-17
1.3085888e-19
9.414845664e-29
2.452517686e-19
9.754965854e-20
4.836378293e-22
4.01550754e-17
1.280534508e-17
1.192892121e-17
1.302960632e-20
5.465802527e-21
7.193318455e-17
1.868813458e-17
1.577642122e-19
5.783844277e-20
6.6793368e-17
3.076204515e-17
7.349174509e-22
1.394024193e-17
4.6435102e-20
1.095993768e-17
1.032239552e-19
4.385806282e-17
1.352802193e-19
3.191788132e-17
4.978313546e-24
3.032539212e-17
4.563833053e-20
9.027633365e-20
1.381872462e-19
6.030371639e-18
3.454186845e-20
1.055734748e-19
3.53903569e-19
9.757761004e-16
2.650823215e-19
5.775972608e-17
0
1.125707338e-20
1.208543294e-19
1.01200547e-19
1.191076037e-21
4.79965015e-17
6.312303037e-20
5.282107142e-20
1.167594173e-18
1.134654579e-18
1.320845825e-19
4.528488219e-19
5.007768652e-27
3.544300225e-17
0
4.345852245e-17
3.60015271e-17
1.57074177e-20
2.784848141e-19
2.077196065e-17
2.304572668e-17
2.588580906e-17
2.097283933e-17
1.775369946e-17
0
1.584802444e-17
8.422054062e-20
4.938267236e-17
6.648598403e-17
1.232570185e-19
9.960714853e-18
5.488700087e-17
3.526284634e-17
1.113923139e-19
1.106891563e-21
4.736800983e-21
3.708835542e-17
1.652034367e-17
1.526295242e-17
5.224038811e-18
2.917444041e-16
3.883534361e-16
2.968366539e-16
6.011416529e-16
5.031372565e-17
1.126628585e-17
2.894928192e-20
1.898771856e-20
2.814682211e-17
1.650275608e-19
4.727481311e-20
3.317912237e-20
2.742579018e-20
0
4.375101735e-19
2.380163097e-17
3.854598262e-19
7.867179218e-20
1.584133575e-19
2.016969631e-17
1.100890537e-19
4.025219426e-20
4.530008924e-18
1.798862152e-17
1.551235078e-17
7.981497725e-20
1.027777501e-29
1.272842865e-25
1.362811571e-17
1.134443376e-17
1.070051971e-17
7.36415711e-17
2.196143122e-16
1.614453913e-19
2.531140997e-19
0
7.299029041e-18
1.508902554e-31
1.874908885e-22
1.087099946e-16
0
2.463201398e-16
1.338494137e-16
4.387459904e-17
0
1.84837283e-17
2.303203851e-19
4.545307101e-20
1.004228938e-29
3.118799056e-19
9.106679723e-18
7.05638436e-17
2.651420689e-24
9.150875915e-20
3.4891541e-20
1.736506916e-19
7.867884064e-20
4.732197672e-17
1.076180102e-16
8.163107635e-21
8.049753075e-24
3.596361959e-21
1.356538255e-20
1.097468399e-20
1.23119008e-20
4.239849941e-20
6.682415223e-19
0
6.639281218e-21
0
1.555603973e-21
2.642608805e-20
2.27124548e-19
2.875506276e-20
2.93656197e-19
6.296566109e-20
1.222827109e-19
1.545481611e-22
0
1.393217076e-31
3.759893312e-21
1.926339726e-19
6.213484623e-18
1.343557839e-17
1.168365691e-19
5.248083117e-17
1.191659321e-17
3.572448718e-17
2.267023146e-19
3.37003033e-19
1.167786328e-19
3.570577009e-19
2.761596308e-19
6.52042788e-20
1.415567733e-20
5.660332998e-18
7.240432553e-19
0
4.269886576e-20
2.889360352e-17
1.428238512e-19
2.310957136e-17
0
6.215757745e-18
1.74015829e-19
0
2.14323158e-17
2.90203261e-19
1.705855577e-20
1.49576212e-17
1.396125681e-17
1.286697869e-17
0
1.117335412e-17
4.090935682e-23
4.873907443e-17
2.863431611e-17
3.169940989e-20
1.761711944e-16
1.540539825e-18
2.7837193e-17
3.396356542e-28
1.113347876e-17
1.030407304e-17
1.227701676e-19
1.157181595e-17
4.791812129e-17
1.471582514e-20
8.84975426e-18
1.158085489e-17
2.020032738e-19
1.468475428e-20
0
3.61926695e-19
1.326376179e-20
4.368622772e-17
3.321291208e-19
2.687019295e-20
1.235274876e-19
4.145726864e-20
3.016583155e-20
9.095441592e-18
3.726390217e-19
1.797955688e-19
8.398695494e-19
3.507705384e-17
5.247477101e-20
7.884632784e-20
1.401323653e-19
1.05314494e-17
9.879769061e-21
4.262472066e-20
6.708938254e-19
3.503420777e-17
1.359652043e-20
5.642106329e-20
3.416639851e-20
2.540701034e-17
5.33369897e-19
3.535510482e-19
1.419755082e-19
1.829822162e-20
2.131085442e-17
6.139882039e-19
0
2.357030039e-17
9.258898407e-20
9.893381055e-18
1.294918374e-19
1.629681881e-17
1.191300746e-19
1.912948154e-17
2.890666039e-17
4.06136932e-19
2.213098095e-17
2.735341597e-20
1.281679754e-17
1.081718282e-17
1.608383895e-19
4.82280986e-19
7.07006014e-17
2.646947154e-17
2.208054384e-17
4.642946865e-20
4.285459674e-18
3.92519714e-18
