#################################### 
# Matrix Size= (25,25,400)
# Resol      = (1,1,4000)
# VoxelSize  = (25,25,0.1)
# nbVal      = 4000
#################################### 
6176.260535
6382.188137
6383.722884
6690.621085
6531.570876
6530.824854
6435.593606
6693.306089
6606.723526
6602.141759
6551.791646
6629.680472
6549.118402
6668.674589
6595.213162
6537.311629
6637.66516
6717.488487
6603.575019
6664.380271
6643.754736
6656.654425
6689.895618
6610.894466
6734.162448
6639.392299
6626.402877
6617.173581
6673.451946
6652.851141
6707.091262
6655.978759
6701.048508
6656.075402
6660.687588
6581.848726
6757.541574
6735.872622
6666.025041
6779.008218
6735.759244
6805.55137
6782.054012
6666.034791
6648.659833
6741.610712
6699.996795
6779.701039
6732.852589
6875.71942
6641.606674
6687.395983
6739.939226
6824.366067
6678.25228
6785.20043
6703.720167
6826.287026
6805.403247
6794.467226
6796.53267
6872.029227
6713.359419
6786.574927
6740.422729
6673.809159
6704.399627
6851.124637
6849.364652
6830.75757
6821.388279
6799.84224
6917.157983
6741.36655
6781.43773
6634.202077
6824.394977
6910.378751
6869.542414
6831.94829
6788.587872
6936.492393
6830.064808
6858.790983
6817.832016
6835.407036
6871.226028
6843.857229
6910.985653
6944.145398
6909.704094
6918.157022
7002.334137
6876.625614
6944.611941
6693.808165
6795.556414
7017.754509
6931.157232
6879.290885
6733.593873
6883.135313
6855.175652
6871.802181
7026.759931
6995.806366
6864.821128
6903.565451
6900.348608
6969.930702
6914.403221
6946.782979
6922.788325
6941.173394
6916.099713
6920.953344
6971.561936
6921.908125
6838.090911
6936.930496
6992.001079
7111.344571
7095.512289
6985.206087
6982.784242
6927.495915
6935.784303
6931.773585
6890.221814
6988.99558
6990.549008
7023.1817
7099.011054
7076.337077
7053.04197
6919.870279
7042.684919
7102.031164
7105.07073
7088.484906
7007.67146
6954.360305
6976.03679
6980.216776
7023.389786
6986.480635
6844.496287
7030.660591
6949.55567
6998.58734
7108.844444
7151.05797
7049.060223
7049.23689
7084.247033
7031.644522
7025.567988
6987.054482
7149.59906
7077.61616
6951.413301
7000.711846
7000.244742
7061.322488
7063.855286
7054.080317
7013.278214
7001.793104
7067.919531
7106.412401
6943.442375
7204.158168
7164.212393
7249.930877
7101.86018
7112.621323
6955.025394
7043.826272
7034.099544
7156.299137
7124.128669
7205.407283
7140.608263
7093.20529
7094.523382
7301.803771
7234.330945
7100.041613
7077.574634
7123.946442
7206.96534
7097.973332
7165.927335
7205.872671
7222.534532
7156.621824
7127.464376
7153.992186
7220.745009
7108.158136
7236.859221
7105.258212
7194.827983
7109.707398
7114.415458
7265.977969
7196.218016
7076.245127
7327.268916
7244.226124
7213.107241
7280.899212
7279.281076
7085.202462
7300.787887
7203.797158
7227.101015
7258.776425
7118.068485
7226.950508
7116.026676
7286.033404
7202.10939
7243.521506
7191.545877
7269.271299
7193.158598
7283.475191
7336.212166
7270.245884
7244.70367
7294.547998
7206.702552
7403.877365
7444.217298
7266.703628
7229.317196
7266.938379
7282.751257
7224.663582
7290.185837
7365.567587
7346.188001
7325.941215
7304.33421
7262.897203
7292.843267
7264.199777
7288.930145
7388.914694
7234.541963
7339.419773
7222.634701
7400.276197
7289.172643
7319.258836
7258.720673
7287.1525
7371.53856
7245.07245
7380.525092
7241.759769
7391.256198
7444.201959
7264.865285
7427.373754
7371.759955
7379.064206
7359.048517
7231.971379
7288.100976
7211.767876
7395.228237
7471.858088
7308.470811
7386.825929
7399.088769
7454.185126
7361.848866
7416.837211
7381.173928
7463.291509
7489.667481
7381.74654
7435.115365
7285.320503
7480.228615
7352.590468
7329.848035
7397.223096
7456.8428
7335.423117
7441.072688
7242.4013
7449.498666
7472.212641
7521.677389
7406.330981
7276.6326
7429.4659
7409.433639
7480.639396
7384.236627
7458.601174
7476.983496
7374.270525
7475.454206
7427.400096
7741.101039
7556.421088
7502.255517
7439.591462
7399.143636
7486.676215
7402.697717
7538.982817
7522.379487
7344.411623
7456.172826
7446.71883
7477.536417
7505.289828
7460.128481
7458.944291
7505.7729
7478.237372
7488.301708
7616.945787
7434.32007
7530.518854
7475.689237
7498.686771
7529.847227
7476.240348
7526.201434
7494.431255
7471.721726
7621.646373
7527.931735
7639.178433
7582.706663
7330.437369
7531.976693
7534.82262
7624.131715
7621.660815
7480.318677
7686.706939
7592.312559
7509.62085
7603.52535
7439.754696
7480.995524
7601.580202
7538.202696
7569.752798
7508.962592
7508.561535
7454.842473
7669.955351
7555.620998
7676.520602
7527.18726
7511.615165
7590.393355
7721.562821
7576.88074
7669.578674
7639.579068
7651.271318
7734.443541
7739.094515
7568.775105
7512.419151
7591.139221
7772.046538
7628.708496
7531.74603
7670.372731
7691.341884
7743.663501
7658.50365
7668.22191
7772.49854
7629.967637
7666.609312
7770.461637
7658.465894
7725.940974
7714.67461
7524.001938
7615.874201
7745.904697
7910.165439
7726.798896
7765.008032
7836.808861
7740.619807
7585.108102
7624.534989
7723.447679
7846.115991
7658.332686
7773.066823
7660.80143
7738.582562
7689.393066
7612.242497
7682.344322
7800.76213
7694.344718
7792.877664
7822.458787
7788.106697
7873.150537
7813.056884
7751.059219
7793.971839
7786.662616
7802.681643
7804.861305
7837.341327
7772.069895
7761.381844
7849.67884
7711.669336
7793.375079
7808.521322
7871.632963
7743.949178
7710.900297
7806.053267
7880.872391
7810.026345
7788.963896
7915.599882
7840.905606
7925.814941
7899.487155
7678.543141
7834.525308
7842.245425
7915.594417
7824.788768
7857.277502
7696.481793
7954.818443
7973.232695
7964.363916
7881.579437
8045.659217
7755.956417
7837.745825
7914.175677
7861.42823
7830.51675
7830.699346
7922.309851
7927.081991
7733.960927
7928.836805
7937.23332
7901.547461
8028.420429
7871.864061
7958.573494
8005.876596
7965.885793
7868.509765
7849.327958
7928.553011
8069.300929
7841.584424
7905.654808
7920.821059
7917.883813
7979.0613
8069.876591
7795.777856
8030.443999
7908.626868
8231.572456
7985.300625
7841.084112
8129.442491
8009.555539
7991.517124
7929.770879
8101.651838
8146.503745
7900.154939
8035.127212
7989.646466
8005.315181
8007.035807
8037.415956
8077.651613
7951.451385
8123.451257
8034.542357
8126.49289
8081.067037
7986.789325
7950.437498
7971.209817
8199.547571
8006.706405
8165.520576
8135.924275
8110.692823
8144.339012
8258.647591
8158.08594
8059.114172
8076.206842
8031.038382
8082.888359
8088.236253
8091.97851
8033.398408
8112.844627
8296.353857
8048.932626
8253.618645
8059.704575
8118.488763
8128.861848
7997.552199
8110.413714
8157.397587
8049.318176
8264.073035
8144.133008
8147.017961
8132.092283
8169.556167
8236.903225
8162.388554
8189.459154
8237.379315
8187.333213
8249.31146
8040.912436
8153.431309
8312.262455
8112.691322
8133.852866
8164.275457
8349.445787
8311.262825
8224.597769
8291.628597
8274.248493
8024.096338
8237.907642
8330.718449
8282.631254
8294.354046
8163.252129
8246.178736
8343.596127
8173.471059
8210.055109
8366.75537
8190.823606
8176.571124
8145.474808
8188.285659
8348.879365
8346.150366
8299.142492
8311.490712
8223.157849
8225.879387
8245.726002
8439.622157
8389.556591
8356.35357
8286.427578
8369.71713
8311.466792
8388.513116
8356.560168
8341.808921
8465.853914
8362.094334
8336.621654
8303.772548
8408.804813
8275.181076
8427.607182
8372.500373
8344.169435
8300.904806
8396.1998
8357.871273
8488.551577
8389.214221
8451.938372
8372.115593
8285.559202
8235.505044
8451.396476
8432.435304
8473.62095
8400.053743
8606.631688
8311.271104
8444.787673
8435.08608
8499.816782
8440.476745
8451.316592
8527.303657
8555.05302
8457.731816
8538.385678
8483.381617
8540.055231
8386.030135
8626.448591
8489.78252
8581.566166
8572.263091
8646.869142
8496.349643
8472.705352
8586.045256
8660.721823
8514.31061
8505.118654
8452.915586
8618.645277
8640.436297
8456.57554
8589.0508
8487.134751
8646.769276
8359.016848
8607.586904
8562.029135
8455.880127
8775.527928
8540.090425
8685.922522
8727.808905
8574.673178
8559.978689
8551.121595
8583.415167
8748.950541
8683.870664
8640.82024
8848.782304
8610.583701
8595.803458
8652.292063
8705.149062
8572.144135
8777.73597
8778.921924
8581.192863
8660.972922
8730.038687
8595.566513
8720.71772
8725.227466
8619.86188
8780.424577
8769.082353
8726.894424
8634.088188
8868.406788
8784.507609
8914.150871
8802.04545
8799.920237
8776.580101
8666.730501
8628.117895
8668.495437
8834.936402
8700.015649
8795.438097
8678.344613
8796.453536
8720.344098
8868.201605
8925.904597
8904.042218
8735.032239
8965.025491
8707.263934
8908.912082
8828.064295
8687.513543
8817.721213
8697.132678
8954.141929
8790.151689
8854.325578
8982.698253
8908.568376
8923.344578
8896.319285
8911.975208
8917.318349
8960.372237
9128.187916
8915.341198
9067.573051
8973.448048
8811.723525
9009.488859
8847.686167
8845.715379
8907.585513
8955.03177
9113.334802
8922.482605
9141.854423
9046.073212
9200.564929
8988.716482
9102.59985
9148.554881
9180.177812
9125.955319
9046.894969
8907.78851
9121.99063
9250.403321
9172.740209
9046.779851
9103.937858
8971.852804
9158.190464
9097.877695
9008.248205
9016.489465
9152.248953
9317.009155
9042.643197
9079.895346
9290.597769
9292.66088
9158.434074
9273.97532
9246.650333
9193.058685
9298.655975
9205.764305
9247.263193
9006.135746
9340.129347
9285.848626
9177.684031
9147.651066
9310.013431
9261.853468
9315.312637
9340.111996
9220.442718
9218.980855
9287.314542
9354.761282
9377.153542
9181.550687
9339.598579
9471.67944
9267.918828
9352.913875
9349.984197
9406.738718
9456.520144
9385.948715
9423.663528
9304.254179
9380.553426
9473.97773
9418.655401
9329.764164
9262.692772
9508.428882
9479.647053
9463.575554
9472.057514
9504.656225
9330.161526
9509.996843
9304.077201
9348.157575
9497.862705
9558.029092
9535.79489
9406.459975
9484.382692
9481.757813
9560.457686
9546.443952
9353.493065
9654.199463
9692.857265
9572.213314
9682.489953
9561.315525
9631.833044
9588.700048
9630.228456
9565.605712
9801.262722
9446.465401
9756.168428
9740.269493
9537.340444
9745.656121
9692.34259
9828.090097
9879.805471
9559.010067
9614.831507
9584.235579
9627.036652
9752.133402
9765.703004
9550.368207
9968.318543
9917.320222
10013.69787
9777.044125
9767.301673
9738.457899
9949.513914
9871.129162
9701.997972
9763.672272
9874.509692
9790.156096
9731.852138
9928.808012
9874.865403
9829.118344
9963.756523
10170.45451
9883.871029
9929.78561
9943.409383
9793.51286
9854.195134
9892.336883
9860.297564
10033.35263
9790.180721
10204.147
10134.68998
10055.58212
9992.475611
9874.85927
9991.248584
10105.38581
9949.331031
10132.0625
10117.17113
10227.77829
9984.934118
10096.94829
10109.79954
10304.03746
9932.073768
10113.54246
10058.60599
10125.43486
10126.32284
10133.1361
10348.96085
10350.57321
10363.77808
10089.59362
10123.07726
9975.898192
10230.03669
10111.76756
10278.9107
10349.58966
10319.3614
10259.04338
10286.43203
10325.96352
10432.48613
10350.85892
10439.06881
10332.68455
10430.75508
10375.94674
10542.98408
10281.95509
10530.72234
10281.33266
10533.01583
10332.45667
10423.42932
10599.71181
10459.23262
10494.7575
10512.33974
10429.19878
10562.23891
10668.39883
10659.26022
10667.13133
10626.72483
10574.81899
10519.515
10508.04908
10741.98375
10573.06942
10593.108
10727.21424
10803.91074
10679.10757
10743.32536
10594.22669
10636.09895
10787.41835
10812.10109
11030.08387
10619.71599
10811.47957
10712.00403
10882.50917
10794.04476
10897.74601
10993.30187
10844.13212
10974.4045
10798.56442
11059.36862
10848.02501
11119.18952
10980.87756
11029.1415
11223.62677
10872.01351
11094.1883
10995.52178
11121.71416
11230.91753
11175.3481
11094.16181
11019.64214
11323.66606
10946.26752
10882.72709
11255.31675
11218.54912
11336.23808
11321.99173
11189.3411
11214.32177
10997.90745
11347.46551
11401.06347
11495.3627
11239.93564
11247.50323
11188.35436
11227.31149
11212.89883
11380.82916
11533.35739
11497.08322
11368.18074
11548.07929
11515.61164
11563.17176
11461.40489
11465.46751
11457.99487
11550.17783
11600.51245
11752.69593
11588.11695
11610.61819
11543.08873
11489.996
11996.45829
11535.96341
11614.62536
11519.00753
11681.65013
11501.55692
11907.60702
11842.2146
11757.66186
12212.18567
11955.80781
11650.39824
11858.98987
11867.36683
11997.42365
11985.08616
11955.42714
11976.43345
12116.1016
12056.13535
12163.99086
11825.29261
12109.98017
12180.87508
12327.28734
12029.15154
12280.61497
12218.71001
11950.63666
12068.76068
12198.32959
12189.45491
12419.03056
12541.07791
12369.18231
12290.68315
12447.08639
12262.35358
12383.61675
12651.9141
12422.17081
12693.02638
12433.78009
12555.50122
12503.50978
12542.83285
12722.52694
12513.76878
12751.62448
12848.48939
12398.00742
12712.30928
12806.79239
12921.10284
12775.71996
12885.23952
12798.10353
12989.31735
13009.78195
12789.84159
13077.90957
12861.60148
13139.0185
13174.69464
13106.74661
13060.36825
13285.25832
13385.75198
13257.10415
13162.76166
13241.40416
13418.73005
13323.22592
13344.50225
13711.5429
13542.8381
13377.60004
13242.28926
13754.45987
13658.27564
13921.61169
13799.48425
13517.76054
13883.45383
13640.15435
13961.58377
13848.31231
14021.81328
14071.21824
13872.46476
14019.32461
13966.49197
14363.42125
14084.32199
14184.83779
14239.83758
14235.42573
14208.95599
14181.7265
14312.16192
14457.96498
14494.69005
14354.78019
14624.19901
14616.69226
14612.51304
14677.10445
14747.38338
14816.88467
15077.94863
14911.15336
14797.33452
14863.10885
14918.25487
14841.25769
14963.90939
14828.87694
15186.49606
15226.15826
15462.66072
15503.06692
15380.41607
15489.01419
15388.6778
15399.7862
15943.16687
15453.74392
15963.82116
15797.4237
15843.53203
15811.59706
16305.98106
15851.71726
15954.52965
16467.01164
16042.35501
15887.46142
16330.72233
16306.92937
16501.24856
16482.69674
16911.36306
16567.61574
16906.49813
16685.65142
16836.01817
16964.324
17109.93331
17263.38483
16994.52684
17533.22695
17309.63589
17297.34162
17912.38902
17971.11391
17912.57772
17854.58337
18535.58505
17899.88974
18244.67721
18131.71359
18499.35217
18528.22133
18535.84083
18729.55004
18842.05759
18885.75357
18952.5805
19233.5205
19230.42802
19563.70644
19588.8795
19656.49978
20055.04329
19950.43172
20212.91109
20153.62051
20937.97021
20504.01351
20578.82451
20707.49333
21374.36516
21197.42277
21505.69822
21293.48018
21750.80573
22305.34945
22304.80726
22059.38368
22581.91522
23253.57505
22837.17461
23414.36707
23368.1235
23742.61819
23774.87832
23956.92508
24443.82746
24850.52023
25048.59943
24999.09251
25237.74567
25678.03098
25498.65876
26065.12739
26622.4735
26237.9885
26541.41533
26992.5018
27430.6126
27255.79428
27248.4281
27790.1158
27675.76997
27494.07632
27972.20903
27800.99152
27987.38791
28148.74585
28207.58817
28429.85962
28280.95273
28108.11617
28850.63528
28265.95641
28018.35896
28204.56159
27542.357
27856.63129
27632.62431
27278.84404
27084.83339
26683.79076
26315.65635
26479.42501
25531.23372
24964.86996
24632.13869
24336.38123
23943.8768
22986.66672
22954.97267
22237.16182
21655.7351
21065.81101
20218.38727
20003.07602
19331.96772
18402.38541
17747.60805
16912.71063
16434.28234
15840.46465
15043.01101
14362.93721
13911.49563
13403.38498
12560.02343
12031.7624
11321.27231
10668.9294
9880.088997
9478.51383
8789.032903
8219.894033
7774.142601
7320.693668
6642.026605
6519.350564
5793.14544
5400.003692
5020.801788
4480.923118
4194.514663
3823.758345
3579.699456
3395.757473
2929.128775
2765.760659
2431.938601
2280.578262
1996.754789
1819.603125
1632.329681
1439.286191
1340.078784
1237.864867
1117.866385
947.2137999
910.9063699
717.0293612
626.3975685
591.6412307
475.5632669
413.3356787
406.2688671
394.0830018
289.4492959
291.9126643
244.4227674
212.1694579
173.9905224
165.9928014
164.3438254
158.5511863
122.5471452
136.0335451
110.4070637
77.96602656
64.50125687
57.8493204
64.79482366
51.26689304
55.01477067
37.57056856
43.85629827
45.75895572
28.66809373
42.3111655
27.39046195
17.74846603
21.23906101
15.25642529
9.98555572
14.56159751
15.83536927
15.88860694
14.9292909
14.17759951
19.49058897
14.39275669
14.13427059
11.27736604
24.25037144
17.34218638
11.98105647
21.58943743
14.13376985
14.60583853
16.78888471
31.03639517
12.96667485
22.18784672
8.063585793
18.3273572
21.27989481
16.45523761
16.44817848
7.285257309
19.47024534
20.15836582
16.97947192
12.75300496
31.55974485
18.40298738
21.73294519
25.40172549
14.82154788
13.4556446
10.24924771
7.119841364
14.56095747
15.5078151
21.21066342
19.69280419
22.19729713
15.21268279
22.44389786
20.41260299
17.30224677
22.66780497
25.47632417
23.78368358
21.59240981
32.70485649
10.4450025
17.08063735
22.99453569
11.68727908
7.097935874
19.42994644
9.306439725
14.58607276
27.69961952
10.00294407
9.10378153
17.83559089
9.020967574
10.14722723
18.7632602
14.5288751
15.45327665
24.73857643
18.73597734
17.69999578
15.75999933
20.29020484
16.95641925
18.9250568
21.18556386
14.8769877
5.361999146
18.50908887
11.72083335
13.29723845
16.52507564
12.54116057
10.54536293
13.42844486
11.99466719
22.77527922
19.17616227
19.70638263
20.17961287
22.20483434
17.71204262
20.5382528
20.60495344
10.23412733
16.20187453
9.808046714
8.966198756
11.48698889
12.22741024
18.11137356
10.45348905
12.38589586
11.34913609
18.34844612
16.01504671
11.64166886
14.96527602
9.498280104
12.21293962
13.36291374
11.00607641
3.620332147
10.1322087
14.97685066
11.73792979
9.488647775
20.94551506
8.614144068
9.869956721
14.19185018
11.2670983
16.52245512
11.36185037
15.24654489
10.48606146
9.943945022
10.02492984
6.172265953
15.67990712
7.853282694
16.85456627
13.7994643
9.150567033
15.62761759
4.770883415
9.504928549
6.732834193
8.924824713
6.158844901
7.789853907
12.33232502
3.485705176
23.65198974
12.93160888
18.16099651
12.38758685
7.686412872
17.32450232
15.08548257
15.11635751
8.746155715
8.250141377
10.71542454
8.109177583
16.22852414
11.460931
8.447272478
14.57355129
16.28307901
15.36103527
14.39416913
9.658846874
8.994031509
17.24011711
20.212539
12.75058904
13.42979796
11.00237067
14.57408924
6.283154618
18.31859688
15.99892401
10.87882579
8.483973199
11.42118477
7.203211861
13.45648529
12.96311117
10.12313834
12.56112031
9.782336133
4.897993441
13.64050448
10.89636911
5.520937873
9.387805232
7.708057407
13.51683465
14.26475643
10.51399338
12.72419628
12.85526686
16.83759314
11.58517332
17.3120691
17.63801313
11.60779782
11.3735343
6.191077376
10.82882651
9.680438554
9.697151294
6.476889302
5.740936612
7.760129538
6.525729029
11.38192245
9.488347712
7.863007654
8.813616455
6.539509991
11.05215926
11.39602783
7.162546671
5.057125489
7.638759606
15.91216003
10.03787614
11.55077061
8.993934345
7.594447906
10.29943515
6.123705574
7.031930854
13.14987173
8.486147261
14.24545719
5.299341215
3.556917058
6.335734586
3.585374051
11.0926453
13.77887789
9.476097354
15.64001139
8.781982049
11.12276313
9.472539798
10.75363252
18.25613797
8.966816127
20.3652778
11.09673643
18.61673426
5.814315911
11.10866363
9.847988754
8.313174723
3.648897035
6.716373396
7.286694556
16.76149119
28.00607652
12.86505905
8.163680316
12.73987708
21.60064357
4.43756835
8.200511561
5.93805358
15.16332943
7.109611248
12.06123245
16.27442765
5.077937807
11.99263039
6.668562025
8.548571736
16.57367358
3.693730637
11.97088705
12.02745372
8.16311673
16.07924752
17.84300108
13.41954124
19.27036361
12.78323175
13.48896123
6.018352365
5.909561601
3.801248312
2.623374346
9.410761316
9.682174449
7.890812495
9.863239129
13.61562531
6.817120315
5.693702328
15.26944339
11.51586612
9.904036647
11.22644222
6.986749289
15.02272904
10.27022441
7.321209226
5.074343264
3.071703254
5.095708767
11.51893918
8.105682104
10.72128192
5.514513696
9.754678518
8.676224632
5.597236815
12.86134917
12.38170869
10.73239772
13.48301655
13.09933748
7.215239692
10.22688281
15.8243472
9.962943391
5.736075251
5.952320717
7.195535224
6.811517973
9.188395088
7.786666997
14.43210804
7.373901933
9.578638806
14.39779298
8.173974916
6.394867636
12.25051462
11.34161262
10.12107077
12.49083835
5.769217178
2.930802817
2.041851134
7.795770995
5.039606637
4.416850585
6.437687002
5.023524608
15.28986399
11.34679063
3.523231114
9.172589718
14.14003623
4.83046343
2.235448689
6.629412217
4.907285892
11.54364878
10.09398411
12.4738409
7.582755494
10.99409287
16.08756554
17.036011
12.87997616
16.90495414
4.537120567
8.622179479
3.948524662
11.77716573
9.525710866
12.36805372
5.725914598
6.775687167
10.38234499
5.703384826
14.5611807
14.51050987
12.02244881
9.769828962
13.95554284
12.01559533
13.0495131
9.859373011
8.027072798
11.35737028
11.44067035
3.469207485
5.939409858
14.16860526
8.825217007
5.353283229
6.623688735
5.825691482
27.70416172
5.546262449
4.17452182
15.4392263
16.86711162
8.210622649
8.051510307
4.564116679
4.968150388
10.10167541
6.608631695
8.202985075
8.120712431
9.039064289
2.879996098
4.594931684
7.300839297
12.17989381
5.170053128
6.219772314
5.881837723
17.72918986
10.56774896
7.722525072
16.20155339
7.424220404
6.186260095
7.175233573
5.989919142
6.200263857
11.23557475
8.223175396
6.444185992
9.119588392
5.866135602
6.41303047
6.836824755
3.924301873
9.24548595
7.370293925
7.177958132
14.38859217
6.02479691
6.229008219
15.04463824
11.003557
31.62697747
15.64198462
15.30205561
7.45282322
9.976996629
12.92948377
8.796903396
8.707150209
8.803701794
7.554238075
13.10232293
11.58069211
5.79551914
8.613755725
8.667454647
12.8354627
11.72712931
6.948064588
15.02983726
4.101497991
7.584715482
12.38462314
19.12925172
9.68433807
9.543148801
8.511408616
33.66860163
7.09341547
19.45268492
5.230200269
14.09357347
10.77405239
12.94254023
11.88051356
11.24797789
10.98505856
5.602155927
6.942302395
11.93061184
8.84553375
6.417611822
11.17323151
5.198614232
4.760465565
3.124699167
11.91434393
3.454084019
4.122363389
5.283882072
2.831377935
6.716511495
4.385952181
10.31376945
5.076656365
9.078615896
6.893079481
4.874252746
7.81319691
6.608916664
3.518458834
3.745114436
2.84116501
10.23518917
9.542986457
9.743513231
5.357982645
5.026543597
7.234448569
7.893989983
11.97612019
9.063275516
8.631945135
7.634649418
8.494486444
8.593092012
4.910673495
6.155017868
3.857259702
11.03430229
6.210241012
11.68850103
8.451737603
1.960319104
3.197832073
19.36128043
5.047937312
4.772605416
5.648932899
6.191987838
4.061293752
6.005632791
9.246203537
3.153383608
8.171647236
11.40377178
4.556900837
10.70670775
10.926353
4.93576244
10.19571468
9.0926758
5.842177699
8.612062515
2.613144072
4.197887405
5.655818115
16.41528186
8.503402849
9.470190573
8.944651516
5.376431576
4.529674753
14.03394595
7.021961313
10.63360658
7.303460111
8.127688135
14.35872795
8.751874505
11.55255402
5.855494405
6.604071023
10.77265335
4.541723721
3.728259676
1.47487333
6.078493867
6.650195892
11.34788814
1.333071209
7.14435857
5.646507739
3.480370911
3.95978625
10.73268119
3.567243475
0.263797547
6.474895489
3.251475985
2.232492674
5.752010231
5.62633619
3.712661125
5.123739409
3.504992273
10.17183653
1.083003942
3.089928819
2.892846922
5.849301193
2.788580018
1.621304446
1.640782083
2.382548252
4.521748545
5.650165159
3.745842742
4.682951965
3.222909137
2.873236904
5.726886185
7.509975046
3.312149478
1.189114912
5.702760435
5.895179977
0.8439909131
14.47006717
3.326225859
19.10842584
9.868711752
6.775050453
12.58245955
4.981833197
8.209928335
15.16116023
8.627346596
9.267374286
8.23967916
23.67889163
4.197135592
4.253559553
5.809833618
5.093184058
7.304838764
5.055679105
8.708811674
9.369195615
4.424285111
17.00320495
0.9000530093
1.19096564
3.253705557
7.952114671
14.7746523
10.25919083
4.670496391
7.108362735
2.346807267
7.181145952
9.995939891
2.68763088
5.729283437
4.203005917
2.494954937
8.140173197
7.632363563
7.080670136
11.16567549
8.66717016
14.73512386
22.82788592
3.267646831
6.082381386
7.88657119
4.940596245
3.677418587
3.995558927
8.037402519
2.745704539
7.10068377
7.702310755
3.915433449
14.40795712
5.433252932
9.748539062
6.974311234
8.011362177
4.00030101
6.268963994
5.726969565
10.1125556
6.628836437
4.211965895
9.209725756
10.83062357
11.63134116
9.359601972
9.959353139
6.368013917
4.400234684
1.976073036
1.51497908
2.09054656
6.531805098
2.512071541
0.8213296169
2.516964133
4.679582357
4.204772761
2.975228026
2.8686445
2.765287913
3.383958845
3.075205241
12.92983099
6.22920354
4.08672453
4.573374858
10.58077779
2.588624787
5.080157172
7.745307863
9.638436143
5.666836104
3.985847454
7.660807418
5.595480175
3.41422248
1.706229935
5.589591591
4.327700384
5.947133438
3.727639088
4.077077582
1.264148549
1.008883438
3.057125995
7.952773217
5.366498829
7.154865991
2.937350437
6.946666671
3.408496121
4.036398284
5.202007623
6.599988746
6.365291185
7.199025429
14.64819796
2.462937197
6.298249012
8.55696315
11.59498135
9.679113395
7.718795383
6.17124197
9.635129468
6.766421054
7.655526471
7.343445543
5.737966823
7.022087649
10.35116929
12.32002924
11.36456567
7.215889136
6.651177382
10.20925205
13.63214727
8.867599377
8.185023873
6.575134089
10.23270876
9.349005798
5.178137367
7.062088869
7.423384559
8.921249743
3.957677062
2.183865718
2.44288603
7.809713118
2.216386855
6.902771106
11.58397462
7.327194824
2.542741317
7.510795943
3.591401597
2.297743364
3.226894983
8.912214504
14.12280618
3.257770332
3.612064051
4.875758087
4.502582373
1.774392539
6.087385265
5.359433536
0.7684112581
1.556168662
1.238524155
3.152828994
0.9375140304
4.358937768
7.853356102
0.9910983255
3.881279685
2.408667921
4.867298486
3.283421369
4.515269247
5.612583151
19.26515982
1.964246998
6.864576632
0.4124993882
3.942245976
7.181663753
4.329770661
2.195770167
5.963716079
12.71087804
5.348942685
0.6624355882
3.226962426
2.430168054
4.357104798
6.346648741
4.09064383
0.5444402169
15.66441473
1.267465186
2.962196494
2.978577024
5.285981101
9.939534737
11.95729556
23.7323706
7.674922737
7.279476168
6.466497262
2.226261124
4.258930602
8.371017587
5.647088017
9.621477757
8.493691211
1.741098426
23.3494114
8.075998788
4.007648422
15.878023
9.237587921
17.25801917
4.991466518
2.896836753
6.336338912
5.003748766
8.457514675
1.438439816
0.7793722871
5.403780152
5.319435102
4.642997397
8.067835227
5.287785803
5.486996187
4.750144551
6.097803829
2.420735775
3.411934715
7.417224451
5.902850183
6.669270005
5.26318239
5.358733071
9.044437603
2.622456189
0.9399693078
5.969000438
5.654618905
12.48149223
6.320391633
8.360064858
4.363992212
7.945417391
4.211160985
8.194784791
8.793504955
3.659754447
6.670025026
9.850654809
19.00075189
5.048730966
6.396596441
4.553281328
2.651856363
11.31112182
7.465776552
13.1397739
6.305197928
5.042851084
3.514661169
11.05388144
8.648869974
6.748852919
1.165337123
9.099497606
6.170836355
12.88420634
3.86490187
6.560175839
2.853336023
1.957919225
3.219286255
2.472171873
2.602550756
8.34104884
2.97010239
15.77965941
3.96437705
1.959528145
4.038503829
7.06324263
0.5477852161
6.808556833
2.416899055
2.041226165
0.5413907439
0.7591641945
3.376971108
4.225743206
4.265704093
0.6545492571
1.907938664
2.302402805
5.259279002
3.270436396
6.719759816
4.135715855
4.676423314
0.2717204028
7.157572285
0.3168196031
3.349924082
3.387333318
1.416094498
5.62993271
1.739531552
2.809456554
2.487407858
0.6824081828
3.485805916
0.4525397543
2.678320248
2.832272158
2.953361374
1.299857303
3.303430791
0.7233519907
4.208284204
1.261476605
8.169360467
5.851175034
1.079865325
1.51255634
4.371385837
4.050913033
5.789628622
6.101432063
0.8036503223
7.41580941
1.963881837
3.718896159
6.692045296
2.333198942
3.806811304
3.167297514
0.9657360585
2.279282659
8.210471837
2.547038223
2.245261147
8.036843373
4.556430532
7.750114866
3.470640052
6.635658742
4.362208539
9.126791682
7.390573006
2.855123532
6.473398326
1.994441381
3.417350488
5.762951715
3.715671182
8.734821543
4.209436781
2.731054179
1.399929872
4.36507512
13.54429152
10.69088866
6.041445267
15.4023626
2.00328004
0.7143830918
6.256036427
2.485881598
1.679422017
3.881905622
5.276066935
6.471996902
1.270555849
1.450587309
3.065355004
2.884020162
8.343274339
3.418865468
1.602865986
2.755620596
2.199357309
2.90883279
6.799744111
7.776026785
5.541722948
2.966271605
1.826859505
2.271005572
5.114888602
0.7020113552
1.194884198
2.389402648
0.9661055258
1.359579101
1.449183933
10.5839781
5.868724056
4.532905236
6.856043318
0.6966226342
1.466766635
1.66088274
1.611124812
2.636959017
2.743362575
6.444303819
4.494016718
3.39286308
6.128500247
1.051262623
4.206547415
2.92474736
5.644815093
5.398627803
11.59861354
3.312171288
7.148010081
4.8491868
3.633545438
7.161073751
8.220705556
3.230752455
3.616251585
11.19965677
5.781376991
5.47236277
0.5060117651
2.257335585
3.600457056
3.734814541
2.173097491
8.37218195
6.220910252
1.948214636
6.533816278
3.666735513
5.162695459
4.746686739
2.139200124
4.186653304
3.168568507
3.982298901
1.276054153
5.647033069
1.475226586
5.251897545
3.219413205
3.876489364
2.104491036
9.052695618
5.332990073
8.531536417
1.58471519
2.993129128
3.114447988
0.4999880537
1.715785925
2.960057913
4.389108296
2.069794916
4.572235738
1.788894997
3.739004291
2.977711715
4.366091883
0.7804062634
0.9177128188
0.6586232773
4.558268276
1.158047522
2.036162747
0.449212985
0.2790272026
3.768531864
1.180174736
1.097088452
0.389416777
1.649797634
0.8692154939
0.4844973314
0.7069127842
1.359776173
0.5956530122
0.6063525978
1.161154891
0.7998393229
0.7123793511
0.4593249714
1.119701658
0.2256669583
0.71638105
10.46208735
0.5625955493
1.139970684
0.07434970436
0.3298514347
1.084724718
1.599537815
2.962951573
9.863687836
4.478722431
0.7333286094
2.891809313
3.53160263
0.4981291537
3.74653562
2.136109895
2.095795006
0.7921485852
1.654510689
2.242692684
3.955391093
3.240557749
3.649503318
1.796735526
2.134947766
8.454996843
1.248149835
2.93836193
7.713460392
6.185560409
0.6160361474
1.151818632
1.686961967
2.941071701
0.582527228
1.061787408
2.811097688
0.3387765375
8.88355775
2.40338554
0.4717134712
3.025303451
0.9664132941
1.031558669
2.490083979
1.738546205
1.115494426
2.564791113
0.780193937
2.403031529
3.013909433
2.675758457
1.747203781
2.763672353
0.8520568401
2.855694114
0.791854603
3.898205751
1.839811146
2.35013922
4.223629785
1.8127468
5.21397904
5.317553703
1.671273111
4.557592197
4.26811021
0.412491604
4.956823404
1.544161436
5.733670001
1.420687213
3.823008052
2.72882111
0.5715268128
0.4073059308
11.63836822
0.3198246901
3.108572782
1.458397575
1.010647603
1.27255606
0.5360727053
1.546377237
0.3347705633
0.776889738
0.9167288522
3.093392728
1.005677915
2.630289731
0.3889734638
0.715554881
0.9170088631
0.4269487117
0.3538211999
0.4702738196
0.6731109454
0.6261860185
4.689712946
2.283507552
3.354429749
3.850197245
1.077671381
0.578534228
6.252678304
5.43713289
4.554694238
5.863745168
3.409200207
2.335126895
0.6056174261
0.5865958602
1.822706616
1.751702884
2.790113661
2.485340528
1.695618003
3.068149651
0.5129290549
0.1832416241
3.156655431
5.69567491
3.627082011
6.748015127
4.097520211
1.737778197
2.584864634
2.478597778
0.3903955103
0.6345086562
1.747340843
2.845204756
1.905472709
0.5641376148
1.802568131
1.95529778
1.722577734
4.137095504
2.714202411
0.7738178711
0.836038168
0.7231061061
3.407551036
0.6790358284
0.4241053019
3.130252153
0.5653301095
1.086188838
3.07083825
0.7004362367
2.020467779
1.629340717
3.466288507
2.08008699
0.9004903019
0.3524862979
0.3526505266
0.658889094
3.722033654
1.643223327
4.194913453
6.882255862
2.57235756
3.559787103
2.872751307
10.94273232
3.64089269
2.019089109
8.720013224
3.677335807
2.913778067
2.439192325
8.180031877
5.048617153
5.498510548
7.488776987
2.475837802
3.464050381
1.019101863
3.779963943
0.4924315129
3.381492529
4.403137181
2.817332767
4.73799875
6.70619111
3.828459019
1.862856863
4.186447886
4.426116693
1.628800935
3.830901402
3.966904731
3.22870372
0.7347113081
1.838654933
1.975024564
0.6429816139
14.56796721
1.309774985
6.619672976
0.9602372561
2.066705743
1.6957089
3.020566787
0.6631279046
0.8494641951
1.878014038
0.2494289349
2.60703089
1.594654508
0.891393976
3.642695352
1.480799765
0.2732123896
3.14888455
5.972618518
0.7904668468
3.751605375
0.7571724849
2.268524452
0.9696557815
0.5689881901
0.9105641091
3.774864962
1.495653315
0.6743374918
4.043891749
1.522895377
2.158152382
1.374040682
4.069723043
2.228488183
0.5352685545
1.779538983
1.028345058
0.1475258976
0.7827929902
2.127167894
5.494280819
3.158738254
0.5463730932
2.55693176
1.454418178
2.073676138
0.2586255928
4.987918964
2.083035109
1.649349024
0.4012527808
0.2746612167
1.933369912
2.172458713
0.2426675006
2.835314651
0.3538718721
2.188869654
1.621889988
0.6691989518
3.334155426
0.353838371
1.847446463
0.375516205
1.854596604
5.749270776
2.824161786
0.7876366989
1.056848843
3.169482103
3.396284056
2.463534241
0.4419485979
0.9150144443
0.2790261173
2.833695552
2.645626254
3.273149308
4.997630588
4.54596983
4.189008656
3.310562819
5.982480929
0.1788615198
0.8034500454
1.885076307
2.148420928
2.493061381
0.3477712605
0.545246171
0.6643244582
2.571041454
3.152301017
0.6575316712
4.402254024
0.1766796677
2.280558631
3.076438155
2.142240475
5.283922102
1.592765972
0.9339210714
4.909455604
2.012110802
2.606515549
4.133179764
1.384953837
0.2598411591
0.422291669
0.5517209578
0.3666701426
0.8457154423
0.4642291995
3.86941048
2.156112576
0.7877191824
2.100748341
0.9080746793
1.905440546
7.783719839
1.553216013
5.100973521
10.45247414
3.761907861
3.474362464
7.115934923
5.186040379
7.767811227
1.682489309
2.598370103
0.6398119794
2.269021531
11.13331488
4.095037427
2.074445378
3.268134462
2.442643221
3.396034902
2.563152334
1.43892655
1.249088464
1.408538091
1.189730687
0.6564101514
5.514181745
7.787058325
6.265125747
7.575144062
1.019085842
0.3340296851
2.391970961
0.885408707
1.468577563
2.474451677
0.6040694912
3.972828518
3.525670698
2.334991251
0.9771546799
1.815826589
2.169300505
5.19490254
4.063337708
2.055756976
3.279587606
9.354188612
10.28451827
3.911452832
1.994170005
0.5698077462
3.765326733
2.870962034
0.5240062406
2.240538492
1.580154635
0.7567233063
1.734024255
6.266727132
4.739916142
0.8682971026
0.5111623083
1.704986042
3.89801242
0.07955258546
1.855614533
4.141552736
5.579888259
0.809442724
1.106618097
1.305732715
0.15984982
0.1270737558
0.1051709325
3.101891387
0.5383000358
1.795595779
0.8737582031
3.329996252
0.16499434
0.4283294267
0.7323403238
0.05678870378
1.172319083
2.973060551
7.522926738
1.982793327
0.4143879002
0.6477850299
1.725877761
4.197581121
3.662786302
0.6781320775
1.494239594
1.856227941
1.66127705
4.127907717
4.76004609
12.47892325
3.074899612
0.4380454559
0.04722281678
0.4797815229
0.5296105121
3.820904946
0.2064917567
0.05432420288
1.385879011
1.438647732
0.1315174575
1.365978467
1.231207377
1.098576441
0.1310471688
0.6167905329
0.2371113816
1.638634642
0.1954344583
0.4418168415
0.5426211298
0.4561720598
1.326842166
1.604705311
1.143517379
0.4142535509
0.6097375291
0.3465683289
0.4208355917
0.8712764085
0.0424636809
4.0441258
0.7488715454
5.712469834
0.4450613118
1.022905005
0.3889726086
0.9168955695
0.6166854938
0.2331916038
0.9667406915
2.371581486
1.966664368
0.3063538862
0.4380665494
0.340519457
0.6860219785
0.6502971822
0.5702709812
0.383268197
4.980131714
1.875356973
1.817179344
2.02405954
4.717615193
0.7988878612
1.421988168
3.765236118
1.747118808
1.699690625
2.781944358
2.559541437
1.49783382
3.442577452
2.733524794
0.7093772007
0.7725751226
1.718613214
1.076396113
2.761939416
1.009219979
2.314222619
0.05364811461
0.380480062
4.338447878
2.267376814
3.044561622
5.796438016
3.030176435
2.5383805
1.845536738
0.647496098
3.545108432
0.3927056493
0.04732969396
0.5748687275
2.176692639
0.3961743396
1.667037317
3.297124663
5.328467552
0.4004165396
4.088506332
3.98035483
2.936229279
1.074918668
0.3477097139
4.823071495
3.800633489
6.523305545
11.94465268
1.848135864
4.915459965
0.8955550618
0.4694114367
4.45163171
3.49696765
0.8779493882
0.6011005468
5.060756435
0.6262905592
2.044022505
1.38249591
3.80282788
1.060410008
4.938640705
1.963873509
5.758178555
2.956364095
5.682781184
4.158314774
4.161815239
3.565538468
1.736730378
1.532247914
2.46181175
0.08303215181
0.3907295834
1.595465954
1.626837643
1.735809809
5.496239191
0.2196334303
2.214304701
1.840463144
2.024252303
0.2060138625
3.403668495
2.958464097
1.28985941
2.847306799
1.364465493
0.1311088075
0.6032374341
4.060808881
3.589662703
1.071186815
0.2014213432
2.276011764
0.2839646734
4.626680778
6.307719615
3.004888666
4.456648551
2.882008321
2.610376127
0.306493521
0.6274130053
5.890114193
3.328627536
3.62012327
4.528567165
6.909431016
4.180896805
3.601545443
6.553516614
1.73345621
3.205149858
0.2981357173
1.001617848
4.463441461
4.311697251
3.78731389
3.639050972
4.677340214
7.246285933
1.944098324
3.155925942
0.601698961
2.009213323
3.33162976
5.14850664
4.585775434
5.074024185
2.137689363
2.146988776
4.573161267
2.957565326
2.159311571
3.202632011
6.077979767
1.886019839
2.437146235
0.9151100342
0.9017084092
2.62743642
5.082022424
2.930571282
2.092267449
1.854469688
0.5302674457
1.692623436
8.316807445
2.19594335
1.272605376
0.6035172723
0.43653005
1.849556043
0.7228807831
2.582577308
0.8590145772
2.693515024
3.469441854
0.565022375
3.055879935
5.377715851
3.227960004
4.032860972
3.754148821
1.139103052
3.154110141
4.163536335
2.537085248
0.6586791279
2.461386486
3.255484011
0.795921876
0.4812488865
4.708972501
2.442611115
0.7438314907
1.954513652
0.3701566992
2.489843929
2.284790111
0.8502874873
6.251620094
4.594850263
4.852629128
4.798417657
1.677263481
7.255687162
1.594346186
2.818881166
2.065779179
6.121651581
5.44171983
1.044937189
0.2709942694
1.758919222
0.2887448265
1.976176599
1.680964248
0.8755815409
0.2707153204
3.788686918
0.4505294017
1.533082945
0.2737865357
5.190263094
8.054090803
3.18826764
0.04072965957
0.1703014523
1.70336038
1.722031589
2.022326038
4.765235796
4.958896388
1.71696715
1.751875528
4.581360416
1.904145382
2.081148316
5.368717914
2.747632148
0
2.552727478
2.336807016
0.1656909806
1.941714507
0.9207800101
3.175031054
1.634650069
1.318616577
2.857461697
3.950026359
2.95818349
0.0159283089
0.2687400592
0.2688557129
0.5380475938
2.194872513
0.121348124
1.917228631
3.122319329
0.6173199114
5.018316737
0.3092474088
3.547892952
0.2959895476
0.2874414536
0.5476680611
0.6742020137
0.540277007
3.462739933
0.3565026722
2.063056477
0.3804029404
0.4239396657
0.40161539
0.3109219615
0.3726699214
0.07667199754
3.99448523
0.8760984543
0.6230833372
0.651794762
3.811358805
0.7420926271
0.2307497678
4.754836382
1.219975838
3.034564944
1.592160696
2.380543388
4.198674047
5.867212517
0.3584070975
1.896271044
0.1169152696
2.097308192
0.5372935937
0.6179862119
2.06423519
0.3966402642
0.1301732272
0.2041102818
0.2057651918
0.4468109991
1.886266493
0.1968229042
0.3574368909
0.5993231266
0.3046831269
0.2168485572
0.1167432791
0.1435680526
0.1733367589
0.1167855789
0.159408599
0.1738748886
3.117746873
2.358490727
1.602161327
1.781617246
4.074498636
0.7407859194
0.5262626436
0.1569622473
0.421043124
0.2952836233
0.3355846773
0.06671949474
0.2232523233
1.91392488
0.3634772993
0.2504085303
0.3374463042
0.2582989667
4.040967791
0.3590416287
0.4477073842
0.9971337195
0.292972783
3.357811159
1.963666452
1.713382515
0.1758390214
0.5388279941
0.5621801009
2.385373791
2.053413531
1.570355195
0.1208760079
1.515280391
3.932106505
1.516267123
1.808873487
2.167314758
5.287183056
3.434210463
3.665956125
0.8918337754
0.2215063262
0.4891816698
0.4725071304
2.765379383
4.27326121
1.932208761
0.3649110264
2.846492859
0.4154351975
0.3872056622
0.2803672561
3.337594476
0.176471538
0.3862314114
3.307876314
2.856083335
4.852131861
0.1406019769
0.4641527884
2.803547359
2.238500492
0.1114191292
0.8962979805
0.6454245481
2.295013427
0.1137673778
0.1509743652
0.4733013852
0.04285677993
4.407288047
5.016140916
2.164892303
2.96080154
1.880633318
1.773972839
0.5560377862
1.439969174
5.142688356
2.303638927
0.2627056438
0.7256148537
2.08998687
1.471717096
1.975307495
1.802384655
2.177235594
3.228918061
1.491820068
0.2323874389
6.242848351
2.980455525
3.181062388
3.26669111
3.255421168
2.396152608
4.077731083
0.619410689
0.2221640143
0.3419297691
1.372114612
2.142986283
1.423169289
1.389369303
2.393624772
0.2199309297
0
0.05549653471
0.1020865155
0.1530335419
0.2098265104
1.668842057
1.003473559
0.2922095947
0.7358346754
0.1225771561
0.0103572717
1.693801114
0.2947483382
0.1037949589
0.4454645673
0.1700947529
0.1998303
0.3569429437
5.98806208
1.502812784
0.3880020498
0.9882338283
2.007402544
0.8102802952
3.918099903
1.570704383
1.590945807
0.4114953911
1.698806904
0.7107817981
0.6282542828
0.2416047297
0.9199155969
0.7378904507
0.3516415429
0.6455785972
0.571457613
0.3367139783
0.3384632513
1.881175306
0.3109523727
0.08676260774
0.0001919322719
0.2108093761
0.085639298
0.3410411014
0.8586918491
0.2408337835
2.004614706
0.4811205148
0.3713476744
2.046359458
0.4471998159
2.018736425
3.004081906
0.4795975167
0.2019677177
0.1903908912
0.5843154201
0.3496557816
0.3254145878
0.08820839859
0.3283712001
1.1846476
2.700445367
0.07630989818
2.261729711
4.548051687
1.906907499
5.772234477
0.1584802196
2.954192694
4.824980942
0.4832443832
0.4213273043
0.08848963728
2.419223721
0.2874352002
0.1745206413
0.3620434235
2.399123937
0.0398029276
0.202803746
0.002750731231
0.003950276854
0.03183842134
0.0003971750124
0.2882721163
0.1829272986
2.317069856
0
0.02444418668
0.1551722934
0.0139234427
0.06299368298
0.03095775725
0.1593413891
2.893964554
0.002704971758
0.004958309634
0.0003018972509
0.009705963563
0.9245112241
0
0.1243027792
2.530557553
0
0.031935505
1.061201094
0.3278629554
0
0.1656942103
0.2254558275
0
2.215757763e-05
0.122300901
2.434445973
0.04211153125
0
2.730568133
0.02868900834
0.2841634228
0
0.1333218088
0
0.3137646262
0.09173499843
0.08178247737
2.416788874
0.1591748682
0.08362930513
0.4383397556
0.1281351473
0.3169509619
0.2987437414
0.02462463321
0.04891680289
0.518785891
0.1145833432
2.147807284
0.252111682
2.775905338
0.4783206437
2.185536287
0.303085895
0.2798230827
2.312883815
0.6189804399
0.2343704304
4.139492665
0.5499134062
0.01078611977
1.786892183
0.09324746542
2.173426791
1.652143124
7.957635959
1.492584054
0.0001799726838
3.1264346
3.030201512
5.637453766
3.400584972
4.300126503
2.646444063
6.604536121
1.292394408
1.508834316
1.621472198
1.828663305
1.299293891
0.1310516776
1.645321926
0.08135839498
2.359455746
10.62817656
2.155825145
0.2609108955
0.2718108783
1.080017907
0.2067999159
4.271081573
1.752004513
3.486582323
0.1270644881
1.434792711
0.3121534872
2.648408354
1.212488115
1.552958647
1.345486992
1.542479996
2.740387585
0.2827763592
0.1479343754
0.2137958644
0.5003839937
2.183536847
2.628094212
0.1868385164
0.03859956925
0.2148356846
0.3166583625
2.564506802
0.006757784223
0.2090397207
0.1335666587
0.153292671
2.620258608
0.3994127643
1.888775864e-05
3.573393808
2.358865126
2.259776886
8.5084768
2.592208985
0.1727060007
4.083823177
1.953313329
2.938486713
3.120970967
5.323156225
3.007360063
3.201525127
0.3110241672
1.680189537
0.1179599997
1.402627776
1.414294234
0.159589351
3.375668092
1.3589243
0.573108362
0.2930397409
0.3513870931
0.2299471617
0.4225257537
0.3674858541
0.1210663684
7.430894786
0.2443415322
11.03857923
0.4493102987
3.123371201e-05
0.3240578766
5.43164357
5.582467842
0.2673899479
0.1590067723
0.02682574588
0.03657306334
0.1008875936
0
0.3983221782
0.1492706676
0
0.1119800646
0
0.3225715994
0.2823291678
1.407865956
2.855908861e-07
0.2369923124
6.244724235
3.024720672
3.890905532
2.091007574
2.283625338
0.00456097975
4.891129376
0.403702921
1.017648991
2.712050028
2.971363859
0.1190455488
0.1030782756
2.217191098
2.859549713
0.1553098719
1.95370653
0
2.088693351
3.420736496
2.145417214
2.746442698
0.005129511641
0.0002929583346
0.08296694255
1.740570584
1.763396277
0.0001341990941
2.411256869
1.924675305
1.859544243
0.5809359
0.05558178322
6.623417475
2.953108163
1.386357293
0
2.640305557
4.019942201
0.5687025363
0.1897058699
0.1808952622
0.07948034316
0.3694473826
0.1117829305
0.634163433
4.16e-05
0.199498653
3.603166534
2.030482638
2.691935639
6.282471807
1.129601756
0.2447750623
2.013121937
0.0006624180229
3.889676615
0
0.0002151630175
0
0.0359663003
1.835108898
0.5172953956
0.5763812893
1.811942397
3.330253156
3.005555677
0.03125381502
1.440803344
1.480397101
1.543331534
7.098056628
1.633256278
1.690942922
0.4194088367
1.723076492
1.511735727
1.435012729
1.860978983
0.2104117556
0.2150763472
0.1809188058
0.1381623642
0.1180929523
0.220201299
0.1163143612
0.2877384261
0.3691380691
4.106585366
5.887255219
1.947492831
0.1022204979
0.384924151
0
0.03164188014
0.0436677008
0.7807235038
2.114803316
0.0151026653
1.128620738e-06
0.1801446549
0.0001588297691
0.4393282453
0.1803391204
0.05721617623
0.05125448197
0.1013513984
0.0234472984
0
0.07209021553
0.07042297568
0.03156536796
0.2504627313
0.05988409998
1.38132303
3.778421482
1.729779719
0.3677023463
0.05221907324
0.253390661
0.006515841133
0.2611101655
0.09222843589
0.1404191143
0.1271588033
1.362e-05
0.6395163767
0.1014587782
0.1178392003
0.1181449574
0.1367263061
0.2988753016
0.3443504392
1.402886103
0.07550926893
0
0.1301416475
0.133461352
0.0289548315
0.1390305356
0.006432840044
0.0121738451
0
0.06653625119
1.747413764
0
0.01434424952
2.42002412
0.1612788344
0.1585147674
0.06154930194
0.01591653109
0.342146165
0.1065282969
0.0227584107
3.985473365
1.103357167
0.03088982986
0.05419919889
0.07117569874
4.234207412
0.4118804971
0.2798313476
2.572922695
2.149962434
0.1861498714
1.948388407
0.05389872202
0.01877802077
3.788236573
1.640410119e-08
0.5100937017
2.439155074
3.920393976
1.421107492
1.76090645
3.679332567
1.257552146
1.372443527
2.93809785
0.1411181622
0
2.055772071
0
0.002817711576
1.530208219
3.393549578
1.52864215
1.877951925
0
2.726558226
1.842204287
1.933225218
0.2321764903
1.645299158
0.1222751201
6.62987145e-06
0.004194292062
1.51059552
1.488327645
0.1253314059
1.254919021
3.004840143
0.6938424608
0.0008703837746
0.1252034349
0
0.0624003071
0
0.01078147827
0.01611998226
0
0.1038644352
12.2472008
0.2921338732
1.303265758
2.660969181
0.05420399333
0.1563526659
2.603644278
0.1114711919
0.8240902639
0.002052852309
0.135067057
0.3070596071
0.2305111897
2.604132853
0.159097321
1.69135545
0.1213277072
0
0
2.469174877
0
1.966132482
0
3.758269353
0
0.003288600162
3.430109439
0.01088023873
2.033092358
1.622143172
1.550310878
0.8995710193
5.248619027
1.288521514
2.726934397
2.244009964
0.08648570905
1.79885704
0.03573978305
1.730118999
0.03588852577
1.812080611
6.424455819e-06
7.01446299
11.56859685
6.843397022
14.24325067
0.09827367579
2.919946438
0.0002693782037
0.1684216243
2.056536995
0.2143648061
0.08480849846
0.1372553249
0.05461800215
6.15909812e-09
0.1332947462
0.2476462885
2.312178458
0.2120978049
0.1189710384
0.1691489771
2.020404788
0.07466745245
0.9915716502
1.972139919
0.2770049173
1.476716989e-07
1.510058425
0.04378533478
1.439984406
1.313896255
1.333190677
5.754740485
5.982141825
0.1986802119
0.2458839678
0
1.053906806
0
0.005342859262
0
1.205911076e-06
6.122370739
4.513130588
2.583903224
2.102069629e-08
1.852731591
0.1309426561
0.116957182
0
0.2764387278
1.177375566
0.09925486669
0.0008183917765
0.05884018582
0.05590992181
0.05069323413
0.2155471161
2.987413148
4.570850658
0
0.001106762957
0
0.02335689431
0.04081882989
0
0.1013624587
0
0
0.01049898794
0
0.01538381656
4.71701469e-08
0
0.06621774381
0.105134889
0
0.001916888596
0.004732306018
0
0.1506918481
0.02391838798
0.1712127504
0.9723828255
0.2566239406
1.483606957
2.499163587
2.655943326
2.39345179
0.1855432011
0.4106671068
0.1333052897
0
0.09207520332
0.1408325408
0.04641250305
0
2.382734355
0
0.1607228288
0.009257908647
0.0514806301
0.0675640711
0.1273481773
2.841637679
0.002718478554
1.781038016
0.5494829272
0.1532861725
1.505873503
0.1431461705
1.447020914
1.419716632
0
0
2.73671856
1.462752635
2.864972976
0
5.07170906
1.57244882
2.899379759
7.189129406e-06
1.301622676
0
1.286426862
2.966748313
1.794708123
0
0
0.04727189424
0.1753270265
0.002902155355
0
0.2663852341
2.661163194e-06
0
0.3375216104
2.729206498
0.06394477785
0.05508348077
0.05875660198
0.2636202293
0.08617383177
0.142967972
0.3185941039
0.2517607219
0.1199446727
0.04224206004
0.3240655695
0.06300728084
0.09215615631
0.1277133299
2.594304921
0.3722387491
2.299504856
0.07979707484
0
2.003859857
0.205215539
0.007640284318
0.1248766423
0.1061143592
0.1000250859
1.962910087
0.2377218529
2.557608682
0.1862201016
0.05461174117
0.09570150352
0.05270130499
0.196492167
3.492703207
0.05636405037
1.720803075
0.05961479891
0.1698083316
1.443478525
0
1.491158468
3.393455082
0.2999406062
3.565135829
0.1341750468
1.872789874
0.1437319157
0.9443775763
