#################################### 
# Matrix Size= (25,25,400)
# Resol      = (1,1,4000)
# VoxelSize  = (25,25,0.1)
# nbVal      = 4000
#################################### 
0.01106614601
0.009583566113
0.01040858579
0.00959157754
0.009465474195
0.009557151644
0.01002108779
0.01049317487
0.01028029388
0.01052252668
0.00990455725
0.01016674905
0.009902194239
0.01116362419
0.01003653529
0.009825343113
0.01047415629
0.009898044162
0.01166987755
0.009863089462
0.01022632264
0.0102796436
0.01075872648
0.01020559867
0.0109170512
0.009891656269
0.009799035302
0.01073362379
0.009798927991
0.01067221239
0.01065456719
0.00952044007
0.009386545043
0.009355327835
0.01047773022
0.009803779675
0.01062610286
0.01064490835
0.0100755029
0.01159678828
0.01009940633
0.01038511389
0.01007880307
0.01006774733
0.01035959723
0.01006938778
0.009995646601
0.01031468806
0.01053764931
0.01085320126
0.01001911707
0.009675331752
0.009387970724
0.01039015683
0.009996804637
0.009780238057
0.009679591815
0.01090366915
0.01061538582
0.01160100892
0.01121324758
0.009909490559
0.00953139558
0.009772546829
0.010584649
0.01031156017
0.01026940945
0.009886793194
0.01030327326
0.01020587987
0.01073874629
0.01033817506
0.01040075522
0.009812773623
0.01020865405
0.01011948831
0.009456171042
0.01053222073
0.009745123774
0.01031795677
0.009989262244
0.01037934482
0.01006357104
0.01013793005
0.01073514299
0.01008661749
0.01071571021
0.009872250125
0.01013662521
0.01019946375
0.009761882847
0.01109994058
0.01057005623
0.009591210346
0.009398223122
0.009713632042
0.01011220916
0.01215882766
0.01065346808
0.0100163361
0.009940746724
0.009853997322
0.01045367655
0.009671862105
0.01074527715
0.009951294601
0.01010862125
0.010189781
0.009814150532
0.01037039994
0.009701587672
0.009726366068
0.009795715461
0.01033181472
0.01037762108
0.01000529452
0.01007734575
0.0100320557
0.01035414636
0.009784849929
0.01063137848
0.01062835312
0.01011962481
0.009794942008
0.009912306407
0.009719729192
0.01047874685
0.009735689806
0.01084346397
0.01046145223
0.009919513794
0.01026199393
0.01002622648
0.009966734636
0.01072535212
0.01060702152
0.01005725289
0.0100971975
0.01064234248
0.009930771539
0.01036012719
0.00974580203
0.01017281009
0.01008100515
0.01032465096
0.01006322181
0.009564997135
0.009640329
0.009869418747
0.009617042542
0.01013592908
0.01066256711
0.01049178974
0.01055916663
0.01008253079
0.01156463977
0.01014410008
0.009990376999
0.01024258144
0.01013323028
0.009798360403
0.00997665393
0.009840446914
0.009681361431
0.0108557698
0.009826008803
0.009945082501
0.01040977243
0.009617759449
0.009959823336
0.01029060253
0.01011479449
0.01016882429
0.01105808396
0.01064491737
0.01096629685
0.01027614039
0.01023362095
0.009992019494
0.01029956327
0.009806007804
0.0100445504
0.009748116871
0.01168851088
0.01007789764
0.01069131569
0.01105353751
0.01001025672
0.01048057371
0.01107236013
0.01053016782
0.01053785143
0.01020412526
0.01016457401
0.00984344898
0.009803165433
0.00960004668
0.01017837172
0.01061210445
0.01011127342
0.01012738717
0.009750362655
0.009870078803
0.009695422416
0.01043248195
0.01107709253
0.0102779202
0.01017058109
0.01161245346
0.0108062037
0.009862763993
0.01048151186
0.01013056416
0.0102922497
0.009910746
0.01062809102
0.009771710264
0.01112094075
0.009967486802
0.01015228109
0.009920444556
0.0105946449
0.01021743477
0.01119234968
0.01027712094
0.0106855056
0.01007703648
0.01026221682
0.01043697694
0.009886658104
0.009969644166
0.01020346799
0.01027939288
0.01153582656
0.01146421113
0.01080108678
0.009930634189
0.01027153796
0.009857321891
0.00992664688
0.01024109761
0.01061656915
0.01008895588
0.01016365033
0.01073262192
0.01082989445
0.01072568811
0.01035330399
0.01010850284
0.01001426922
0.009869602936
0.009854768267
0.01035625177
0.01089430635
0.009904382457
0.01037141433
0.01001680691
0.01008020777
0.0102238097
0.009565659212
0.009881730687
0.01003462841
0.01095148816
0.009989426962
0.01048930765
0.01113162055
0.009645380067
0.01123485688
0.01033899394
0.009859658957
0.01005216251
0.01027726232
0.01029045701
0.009903470063
0.01026643668
0.01023292878
0.01056895859
0.0110604581
0.01113149152
0.009868775392
0.009961422672
0.01076644112
0.01108281074
0.01016437792
0.01017491658
0.01081679747
0.0110045312
0.0100185354
0.009961558934
0.0104140205
0.01040841754
0.009823693713
0.0100512488
0.01020151071
0.01008459134
0.01065923648
0.009941467546
0.009541779178
0.01007185944
0.01034460309
0.0104216977
0.009985904408
0.01005369062
0.01000256479
0.01019221578
0.01057475941
0.0103195047
0.01016943839
0.01114527619
0.01028112499
0.009935922807
0.01037013491
0.01028352927
0.01086585858
0.01032140004
0.00988767756
0.009969629091
0.009861703769
0.009943129059
0.01058639332
0.009674965479
0.009866918106
0.009631022495
0.01054841504
0.01067455489
0.01019887121
0.01001022632
0.01082341591
0.009746208201
0.009869395526
0.01069265741
0.01037161673
0.009910946914
0.01017055034
0.01010144065
0.01061699968
0.01018772342
0.01069440316
0.01033573303
0.01104821524
0.01045927587
0.01032985151
0.010371019
0.01045608991
0.009946283833
0.009957572182
0.0104875102
0.01107630878
0.01008878956
0.009664442425
0.0096697933
0.009878339346
0.009833218586
0.01089172118
0.01028091751
0.009865652731
0.00998683481
0.009985514219
0.01009730718
0.01015781955
0.01009164868
0.01005801638
0.01032471613
0.01050245133
0.01023882975
0.01116380304
0.01037211266
0.0106099515
0.009723956991
0.01022312013
0.01022863748
0.0110617619
0.009969437342
0.009847149702
0.01020446935
0.01098386028
0.01005906662
0.009921514772
0.009839178433
0.01055624717
0.009893622847
0.01016284613
0.01012650793
0.01059869515
0.009706894735
0.009984319129
0.01051430018
0.009953437281
0.01029300168
0.01012757149
0.009780786484
0.0106203826
0.01075651626
0.01051360154
0.01049828944
0.0103374439
0.00997541306
0.009622462377
0.01007155447
0.0108061209
0.01000299023
0.01036735905
0.01095674722
0.01002424568
0.01041724116
0.01029540975
0.01051024013
0.01049640413
0.01012809793
0.01089441798
0.01009344141
0.01001402457
0.009918449872
0.009996932818
0.009785417244
0.01041222278
0.01070179786
0.01052515892
0.0103760872
0.0104097714
0.01087006396
0.01050516925
0.01070200237
0.009867091104
0.01029998076
0.01269272019
0.009774382649
0.009957320921
0.01045439468
0.01018002211
0.009892868024
0.01024344012
0.01020045406
0.01020966104
0.01001654968
0.01025295986
0.01003889258
0.01068526557
0.01069817805
0.01019473667
0.01027232418
0.01044631351
0.009953558005
0.009931158114
0.01038834465
0.01034498206
0.01021860953
0.01010023435
0.0107158577
0.009832613851
0.01065974926
0.01059908623
0.01042048268
0.01039626297
0.009963577671
0.009884480082
0.01036541073
0.01033201124
0.009851708465
0.009764542966
0.01026015662
0.0102496176
0.009790877772
0.0107395119
0.0105740479
0.00994867338
0.0107262289
0.009958759502
0.01006704171
0.009916658409
0.01047028778
0.0110487054
0.01039547936
0.01035780372
0.00990897978
0.00987399816
0.01070497689
0.01039134865
0.01064957381
0.01064349277
0.01038124794
0.01104789979
0.01027422663
0.009729982
0.01044063558
0.0103122732
0.01024279933
0.0107088439
0.01095848579
0.01020681126
0.009931407607
0.01079221947
0.01023879232
0.009959736641
0.01003877539
0.01016530078
0.01026855546
0.01002299208
0.01067144913
0.01013203752
0.01040570952
0.01050576217
0.01051187637
0.01037171075
0.01015558121
0.01046008721
0.01011587689
0.009939492673
0.009675054072
0.01042405315
0.01059295714
0.01035959294
0.01006112041
0.0105971056
0.010387291
0.009971325747
0.01017122899
0.01032138266
0.01047151846
0.0100287888
0.009741507434
0.01044245013
0.01061143003
0.01077477748
0.01047753154
0.009995032559
0.01059444759
0.01048748967
0.01029932323
0.009949351736
0.0101235698
0.009875722587
0.01036756319
0.01048143666
0.01015771164
0.009845009281
0.01028964846
0.01000959662
0.01028975431
0.01011806192
0.0115856754
0.01002137654
0.01042053566
0.01019476706
0.010532556
0.00978701159
0.01062379233
0.009794018892
0.01058674429
0.01018728012
0.009862750491
0.01001780607
0.009817412188
0.01018441683
0.009813084163
0.009748142089
0.01020512961
0.009923246954
0.01030038531
0.01043834502
0.01069542334
0.01064996633
0.009983630668
0.01011364319
0.009935684563
0.01031688481
0.01012551374
0.009970814594
0.010131264
0.01033930696
0.01015978968
0.009795181775
0.01022685614
0.01008559393
0.01046267803
0.01079551459
0.01032459953
0.01025944815
0.009783254964
0.009828873605
0.009877389959
0.0103056724
0.01008908193
0.01061066621
0.01021828606
0.0102332823
0.01016144937
0.01000538888
0.009879985774
0.009923828145
0.01015185862
0.009888890203
0.009897193707
0.009831333214
0.01044374178
0.01036375896
0.01090659487
0.01010616473
0.0100243887
0.01075002463
0.01015025541
0.00984333898
0.009792998042
0.01000307913
0.010264576
0.01019800248
0.01008817546
0.009854474572
0.009985345394
0.01004738405
0.01012931223
0.01004561938
0.009909610219
0.009925375901
0.01014622573
0.01072879416
0.01014993674
0.01014505604
0.01030866989
0.009838919537
0.01002099624
0.01063471206
0.01038351698
0.01024873555
0.01041892746
0.01018958918
0.00989919237
0.009957153713
0.01034843124
0.009968979021
0.009955877597
0.01018584879
0.01033258867
0.01009229375
0.01025296758
0.01008231268
0.009959119672
0.009799799522
0.009835949547
0.01009772578
0.009906699602
0.01017259386
0.01050024327
0.01019466882
0.01046498012
0.01033429286
0.01009177234
0.0101257539
0.009894188055
0.01014923716
0.009915943918
0.01112574902
0.01032967238
0.01061417301
0.01028577431
0.009859016646
0.01055384962
0.01137885428
0.01025009834
0.01016399112
0.01085561646
0.01005129536
0.01010109519
0.009843177979
0.009892767031
0.01003136185
0.01002254301
0.01019139459
0.0104172076
0.009952926181
0.009882051689
0.0100100283
0.01017942569
0.01008473855
0.01085329351
0.009982429514
0.01078497045
0.009911381761
0.0100016385
0.01064408914
0.01008302597
0.01071903532
0.01003490614
0.01004982179
0.01027988432
0.01000410167
0.009917002013
0.01019605277
0.01032892572
0.009815932911
0.01038150164
0.01008894786
0.01005834134
0.01018484536
0.01022312517
0.009994016632
0.009932339743
0.009890149228
0.01021533876
0.01048888685
0.01022622766
0.01039139423
0.01069364745
0.01018451642
0.01051523293
0.01013871054
0.01002115982
0.01019942059
0.01050487237
0.01012277494
0.009949997048
0.009874309828
0.01057504022
0.01014033629
0.01035884522
0.009852245507
0.009977789272
0.01008547642
0.01017226304
0.01005496102
0.010286699
0.01048248339
0.01011188518
0.01088066719
0.01026224961
0.01042360046
0.01014416326
0.009877100665
0.01069827248
0.01016751441
0.01015383927
0.0107855261
0.01008309393
0.01013866829
0.01005894216
0.009926878908
0.01008907099
0.0104842751
0.01006645759
0.01026666074
0.01043962394
0.0104757211
0.01028079745
0.0104815302
0.01044159894
0.01004718466
0.01005282765
0.01020626553
0.01045353717
0.01013301631
0.009967080083
0.01009678236
0.009922840181
0.01011883598
0.01034130286
0.01009654661
0.01012920186
0.009923674593
0.009953673026
0.009932436866
0.01009432356
0.01013188694
0.0104386028
0.01025358502
0.0100957443
0.01027453733
0.01104510602
0.01028760969
0.01026674742
0.01047206857
0.01002475676
0.01005877538
0.0100864487
0.01022127746
0.0100327515
0.009908219003
0.0104109641
0.01051248751
0.01065342131
0.01000609613
0.01001797589
0.01023098796
0.01023226531
0.01008937563
0.01014756736
0.01019805777
0.009964862078
0.0101479928
0.009914257402
0.009851941115
0.01012920624
0.01016640488
0.01001142026
0.01008875533
0.0100820244
0.01119104071
0.01012267783
0.0102019317
0.01038591257
0.01033093685
0.01021284546
0.01021578992
0.01064787984
0.00991605125
0.009957011647
0.00991389458
0.01011212277
0.01050088153
0.01028787726
0.01003529186
0.0103183611
0.01100814366
0.009874649249
0.01008290268
0.01014513115
0.01001058233
0.009975750076
0.01008713872
0.009931166161
0.01032171361
0.01019580643
0.01037111796
0.01016969312
0.01022651935
0.01020658498
0.01032772152
0.01012385949
0.01003905
0.01013894597
0.0100516968
0.01053296741
0.01009750723
0.01013444355
0.01023699927
0.01038226826
0.01002922647
0.01008882578
0.0101663497
0.01018626357
0.01008465397
0.01033533353
0.01016045882
0.01010335378
0.01013705619
0.009954633315
0.009917300324
0.01020513261
0.01002626503
0.00998149296
0.0101505132
0.01011595273
0.01018335997
0.01006208662
0.009846341436
0.01015327058
0.01005612702
0.01013047574
0.01016994869
0.009987341494
0.009993020905
0.01017523764
0.01051846331
0.01032698495
0.009982631791
0.01057832301
0.01037464251
0.01010925366
0.009990096266
0.01026260842
0.01036417742
0.01023826578
0.01022333425
0.01017416376
0.01051907252
0.01022399972
0.01036043751
0.01014367027
0.01019690448
0.009887843478
0.01016084326
0.01033949878
0.01024743541
0.01013594402
0.01032145167
0.01080457991
0.009986552451
0.01054982562
0.01023049439
0.01001172909
0.01024110107
0.01004819303
0.01027739978
0.01021766921
0.01013225574
0.01008639493
0.01016182031
0.01006600306
0.0103724416
0.01007067863
0.01028217135
0.01022116792
0.01001891147
0.01048701976
0.01014675109
0.01017401231
0.01032943267
0.01054701051
0.01114406199
0.01005009512
0.01029045065
0.01010230333
0.01012099773
0.01032870243
0.01043379054
0.01011793235
0.0102375507
0.01027293582
0.01028781578
0.01011242169
0.01027412717
0.01007237059
0.01024236567
0.01018964405
0.01003343171
0.0105757761
0.0103483216
0.01055962347
0.0102850558
0.01032230922
0.01106893083
0.01030667155
0.01021252258
0.0103370522
0.01026928418
0.01008200196
0.01023795271
0.01013989648
0.01045090437
0.01016772169
0.01038870574
0.01035830951
0.01060762929
0.01036041033
0.01036536975
0.01021357382
0.01044354648
0.01020444215
0.01000367117
0.01027037819
0.01029346759
0.01041797263
0.010463766
0.01040670923
0.01022838427
0.010103525
0.01059703691
0.0103574978
0.01012955411
0.01047619009
0.01023833393
0.01013072912
0.009995871688
0.01032884271
0.01019233207
0.01017518972
0.01065338323
0.01007427313
0.01025974876
0.01059984299
0.01022399723
0.0106647613
0.01025974011
0.01024149889
0.0101867022
0.01020460298
0.01046249083
0.01031733912
0.0101340554
0.01008627264
0.0102489084
0.01037050094
0.01021267834
0.01057606428
0.01046497308
0.01030446778
0.01005244056
0.01045787824
0.01040880403
0.01024778486
0.01019862585
0.01031399682
0.01020350216
0.01030390425
0.01024365535
0.01041626222
0.01016215075
0.0103505398
0.01031060426
0.01022596756
0.01049606214
0.01035205814
0.01021601129
0.01037034746
0.01043298461
0.01047989172
0.01037252207
0.01041694926
0.01028665814
0.01024551656
0.01042006163
0.01029471713
0.01028090308
0.01045518598
0.01045519661
0.01037619461
0.01028596148
0.01037269197
0.01046056295
0.01065410027
0.01044118469
0.01036390484
0.01068454701
0.01069101261
0.01036489353
0.01026440464
0.01062069685
0.01045353388
0.01029589869
0.01048854664
0.01029318375
0.01026598501
0.01023812184
0.01045473159
0.01039798308
0.01043080456
0.01060340248
0.01035256934
0.01038812737
0.0104041393
0.01045773146
0.01045548452
0.01053049154
0.0103315931
0.01059642509
0.01055494311
0.01059454686
0.01060300165
0.01048339687
0.01050072477
0.01041684146
0.01041842511
0.01061265355
0.01058856215
0.01055509509
0.01070384415
0.01056557479
0.01059225743
0.01046727207
0.01057518342
0.01052920719
0.01060585441
0.01066411707
0.01080825986
0.01049965426
0.01062859761
0.01050144178
0.01066984608
0.01069928397
0.01079895569
0.01071865163
0.01067693367
0.01059264863
0.01066793922
0.0104396753
0.0107802166
0.01054448391
0.01069592734
0.01052646433
0.01072541679
0.0106011727
0.01070153393
0.01053196232
0.01055260068
0.01074331147
0.01063802976
0.01066773813
0.01064864546
0.01067639013
0.01071568945
0.01060181679
0.01061143335
0.01066211662
0.0106221549
0.01070866
0.01054646561
0.01084936031
0.0106300447
0.01058729831
0.01064431522
0.01060662779
0.0106221886
0.01062759342
0.01073009397
0.01064320896
0.01057971898
0.01055394428
0.01068600489
0.01068100755
0.01081224525
0.01069014958
0.01061221823
0.01073144425
0.01052830033
0.01075990207
0.01085624982
0.01069160858
0.01051062428
0.01078161437
0.01066568744
0.01065871759
0.01067292512
0.01071880652
0.01063080978
0.01076031953
0.01057257323
0.01060468328
0.01052642023
0.01069093103
0.01066802582
0.01076946557
0.01068986826
0.01069179728
0.01070165679
0.01065514747
0.0106786948
0.01057720753
0.01071852879
0.01070208682
0.01055863799
0.01056522764
0.01060382192
0.01066285445
0.01041385152
0.01066652109
0.01055865915
0.01057618561
0.01050983674
0.01054463851
0.01054327319
0.01054774343
0.01052884057
0.0105156881
0.0105307574
0.01048168169
0.01049593108
0.0104765857
0.01051937972
0.01059409129
0.01040277098
0.01036603285
0.01035140185
0.01040883809
0.01022334052
0.01030129244
0.01030192759
0.01027574516
0.01017279965
0.01024639966
0.0101311856
0.01020319632
0.0101320029
0.009967371899
0.009966574807
0.01000740515
0.009884626083
0.009768277598
0.009842365065
0.009745639071
0.00972963634
0.009642262554
0.009640213468
0.009614290769
0.009475403909
0.009388441562
0.00932831254
0.009323072129
0.00926062193
0.009174121344
0.009194814148
0.009098239188
0.008956896186
0.008994674187
0.008928325879
0.00884698373
0.008763321234
0.008814735803
0.008740626879
0.008644138543
0.008629667598
0.00861759144
0.00851553752
0.008519513395
0.008476933431
0.00844588548
0.008399600272
0.008344538911
0.008335435368
0.008358835809
0.008234929535
0.008289906922
0.008305631926
0.008289615729
0.008366981269
0.008277398024
0.008329984246
0.008334945769
0.008349081345
0.008392406013
0.008445943175
0.008387349242
0.008522766087
0.008609512657
0.008665529421
0.008681180147
0.008739210158
0.008925951704
0.008912701229
0.009039917667
0.009132350243
0.009264907619
0.009430501226
0.009493895034
0.009658861791
0.009862636993
0.01009627023
0.01027708101
0.01041287109
0.0105910914
0.0108636439
0.01108034909
0.01131342163
0.01150499842
0.01180767791
0.01209248971
0.01246256143
0.01282562022
0.01330415258
0.01360758877
0.01413488775
0.01460380783
0.01500979892
0.01542382315
0.01614220264
0.01651525084
0.0174688542
0.01792193435
0.01863472158
0.01959734927
0.02054147623
0.02127300937
0.022247069
0.02271478092
0.02451415889
0.02533327295
0.02689582232
0.0275717654
0.0292882714
0.03106154924
0.03300087965
0.03450127427
0.03589185457
0.03884655875
0.0451154133
0.04401842296
0.0444436237
0.04894292182
0.05272972126
0.05509355393
0.06018161202
0.06533479787
0.06554055113
0.06732283252
0.07695735627
0.0792118293
0.083140928
0.09240759543
0.09395890699
0.1035791774
0.1036500485
0.1048303435
0.1187288482
0.1267775543
0.1247572538
0.1511558438
0.1664777796
0.1630703285
0.1665092559
0.1769321828
0.174664293
0.2069678909
0.1944465724
0.1946181113
0.2245174665
0.2741551222
0.2131882305
0.2378063849
0.2715035139
0.2890278709
0.3740359607
0.3212272788
0.2889445205
0.3288189256
0.3567314034
0.3460253336
0.3366317199
0.3495595922
0.3052120636
0.3378940166
0.3718571932
0.5856169564
0.2907911804
0.2766800924
0.2824517846
0.3308709468
0.2645636315
0.3287431718
0.4195692881
0.2722074267
0.2449535319
0.2689001169
0.3021550123
0.2849293599
0.2796239643
0.2898511787
0.2865989966
0.3392065238
0.2636485055
0.3238003224
0.2720754505
0.2879822853
0.2891625703
0.2899387342
0.3177489541
0.399233746
0.2769375379
0.3085490193
0.2969481657
0.28698004
0.279293563
0.3138973373
0.3505104675
0.3088860308
0.3125053668
0.2882604312
0.3299374487
0.2469161633
0.2767084358
0.2774798737
0.2760490368
0.3854110893
0.3685607261
0.31961196
0.2537565882
0.2941497896
0.3788474472
0.319769182
0.2954138347
0.2582938293
0.2850662811
0.2836667425
0.375939444
0.2816745857
0.3324015142
0.2670934584
0.2839119834
0.3488035543
0.3322754918
0.3207333352
0.3725084151
0.3088670252
0.3467348674
0.4060346677
0.3056846728
0.2807271202
0.292335412
0.3035234676
0.2907838737
0.2627876623
0.348076053
0.3034329207
0.3041093435
0.3476826186
0.3135218683
0.3123005824
0.3110306018
0.2725634939
0.3152920903
0.2479092935
0.3399524161
0.2773965628
0.2877576376
0.3486458596
0.3223982298
0.4000825622
0.3640745167
0.2764267344
0.4047960616
0.3540316562
0.3014903038
0.3728418856
0.3059880208
0.3303600703
0.3820318899
0.3824196919
0.3240817278
0.3305208011
0.2788096275
0.3103959721
0.3108707436
0.3265988912
0.3712274044
0.2035451167
0.4309664652
0.2885498532
0.3716686313
0.4824576062
0.5256395007
0.341195275
0.3299171016
0.3166918626
0.3665163712
0.3587340496
0.3208098281
0.3421842846
0.2952825293
0.4224849944
0.3102460017
0.3003883016
0.3000893878
0.4328765618
0.4056535686
0.2746519037
0.3885453004
0.2842257078
0.4058437829
0.3349568836
0.3840655388
0.3325122903
0.3008604186
0.3105248133
0.3233115973
0.2247545177
0.3619856544
0.2788761171
0.3193573643
0.34088132
0.3853480651
0.3290932054
0.3376512711
0.3037033777
0.3819445302
0.3553856299
0.3389384614
0.4290262369
0.3295170631
0.3496321406
0.5162520251
0.3367294676
0.3181105462
0.346001036
0.3714081484
0.325587992
0.4034257067
0.3685463738
0.3861029465
0.4677316311
0.3422987411
0.2966344852
0.374448979
0.3392179326
0.354767942
0.3847983643
0.348550763
0.3467020107
0.4056204949
0.3221701773
0.3596380526
0.4882943066
0.3205557382
0.3508195423
0.3078254295
0.3438348713
0.3291344517
0.3556717973
0.2877268852
0.3755114989
0.5465072096
0.3284400166
0.379542926
0.4018043681
0.4562462165
0.6373349818
0.4676804083
0.3309134153
0.3982921407
0.4112204181
0.3557920956
0.3701296238
0.3273608437
0.3423729415
0.3381099199
0.377926299
0.401816446
0.3794546461
0.3550327535
0.3536419203
0.406803065
0.3434261294
0.4156506637
0.3127050188
0.3419727481
0.3466955466
0.3596628776
0.3319513874
0.3861137831
0.3481639427
0.5341269058
0.4102058602
0.3191073877
0.3635247183
0.3811551235
0.365849048
0.5341914099
0.4736747878
0.3870950644
0.3145208014
0.4116398372
0.3385465669
0.490764926
0.3874877162
0.3138357532
0.4471588662
0.3065533547
0.4014270098
0.3232551846
0.3413790954
0.4395945725
0.3411258225
0.362756186
0.2964052256
0.3971030893
0.3402691563
0.5005674013
0.4587053367
0.5003243061
0.4613789979
0.4820766713
0.3641875864
0.4310186739
0.3544812994
0.3656559163
0.2869106726
0.4162190806
0.3359154806
0.3342975698
0.3670391624
0.3091359002
0.3880995277
0.406816682
0.3738812836
0.416364844
0.5165389098
0.3652795223
0.3034960688
0.3963261725
0.3563774548
0.5525588354
0.4736582825
0.3352567789
0.4314236027
0.3857905304
0.4014489338
0.3713915142
0.4136274019
0.2728228726
0.320703707
0.3689508893
0.3627540345
0.3448164358
0.4816892916
0.5649655819
0.3227760162
0.2942195086
0.3873507496
0.3530718709
0.4284083374
0.4106013725
0.3376706329
0.5556912338
0.3931832257
0.456071626
0.3943836468
0.3847896672
0.4741367249
0.4644152847
0.4234367696
0.4882094755
0.3664615279
0.47101931
0.5471255522
0.4487796288
0.5658393731
0.3838679998
0.4202247603
0.4097637984
0.3443921702
0.3787992534
0.4365840539
0.3599627351
0.376179985
0.3445059769
0.3810049334
0.3969271506
0.4997228638
0.3353332508
0.4975359608
0.372748668
0.3681658727
0.4186447143
0.3761688839
0.3385269585
0.4272159296
0.4753199961
0.3338875599
0.4411146051
0.3727435834
0.3363921889
0.4946858292
0.506071948
0.3605588419
0.3413012425
0.3960443433
0.3883125804
0.3621021062
0.239518831
0.2828312488
0.4111219552
0.4427412023
0.5071442935
0.4329801231
0.4591832031
0.4342153978
0.3689089969
0.4259180973
0.4083806151
0.3469267763
0.4322503365
0.2754837387
0.4570560022
0.5281937049
0.4339785361
0.3729262666
0.3583888485
0.4433901358
0.3767105312
0.3512179459
0.3366862348
0.4229347494
0.7129359535
0.4608613383
0.4520181423
0.3910096345
0.3093626454
0.4177363499
0.3734102325
0.4299433948
0.4715426148
0.4027488793
0.4226237841
0.3567291086
0.3731253171
0.3991224559
0.4260727695
0.3617609494
0.3674176227
0.4572071822
0.4119463571
0.4105211396
0.4566771433
0.3610768005
0.5142523187
0.5337383858
0.3755697973
0.4295365377
0.5148740891
0.5063012361
0.5386750481
0.3456553035
0.409555578
0.4714663404
0.3862532273
0.4518172533
0.37725142
0.4452507697
0.5000679971
0.440434195
0.3848752907
0.3734019885
0.4725829428
0.3855871718
0.3795551652
0.4741583526
0.4559335872
0.4190288292
0.3284562732
0.3413203327
0.4199091559
0.4907168588
0.3579424016
0.4176946715
0.5209190594
0.6449800925
0.5016409519
0.5770501488
0.5303369339
0.5272941316
0.4411245924
0.3785453446
0.4297883592
0.4644817677
0.4437108781
0.3950032347
0.4594835611
0.4141405359
0.5438976243
0.4428730313
0.4728539509
0.4581481461
0.3414343724
0.5249639661
0.4474155886
0.3775175539
0.3933950288
0.4028102947
0.3524549359
0.3844669403
0.3725217042
0.4975798451
0.3511139031
0.3593124093
0.3746276592
0.3870372709
0.4283303371
0.3803089623
0.3834707836
0.4689491251
0.4487587055
0.4528694595
0.4223374319
0.375213057
0.3842801136
0.3691469602
0.7258036664
0.4752523663
0.4225315187
0.4314638184
0.4554344642
0.3819125491
0.4499190892
0.6609415195
0.485705452
0.6409215672
0.4457320712
0.3728821128
0.3903829401
0.4583275534
0.3672041656
0.3981625602
0.4331530238
0.4585345729
0.4701520787
0.4304731125
0.4261797791
0.4844410673
0.8254141527
0.4288922378
0.4941240723
0.4402293631
0.7405530405
0.5676941555
0.5343785965
0.4957510641
0.4537983064
0.3914465572
0.4465546773
0.3908540178
0.4572365821
0.5006344933
0.5037544675
0.4789910871
0.4239709718
0.4005739292
0.4898510195
0.4353567007
0.4741750242
0.3449564148
0.3896048473
0.4114123872
0.4290064548
0.583426827
0.5078557296
0.5477836476
0.3924126276
0.3897867869
0.3827141764
0.3999725279
0.4719516033
0.4141796916
0.4277055595
0.5423490239
0.5639033296
0.3682647415
0.4564132265
0.4240348076
0.4050518548
0.4257091099
0.5936457555
0.5808283184
0.5483025733
0.5554150982
0.4669900326
0.4895565984
0.5389177658
0.4823231827
0.3854027544
0.4516091267
0.504441578
0.3539980362
0.4794646334
0.5970383304
0.4019696483
0.4401662249
0.3991099121
0.4209963845
0.3607560255
0.4221374263
0.346894639
0.4253985616
0.4578440352
0.4523779392
0.4006224552
0.5156946608
0.3960133862
0.4418047273
0.5507611477
0.3402882945
0.3914997209
0.4346867529
0.3959219347
0.4529350916
0.3744296827
0.430666979
0.4646964267
0.4493667601
0.4884057911
0.5390995794
0.6420105475
0.4381461218
0.322416658
0.4575984333
0.4818017149
0.4462068162
0.3714970386
0.7642980556
0.5543012997
0.54133352
0.6714249103
0.6168958042
0.5295661649
0.6264107831
0.5577705657
0.5983302202
0.5280223742
0.5295678835
0.4757558085
0.6060669521
0.5590741092
0.3902748873
0.4141219407
0.3290018011
0.4708605942
0.6122377255
0.5431291597
0.4184516455
0.316797093
0.3198396924
0.5421763419
0.5131824924
0.5673001323
0.3487251868
0.4734888183
0.4313709949
0.5000757237
0.5195289869
0.5110547231
0.678201719
0.4291248893
0.4325637803
0.5368621892
0.3934072417
0.4163271535
0.7754686988
0.3924806899
0.5892792758
0.5388231315
0.5186822437
0.5719793433
0.5312362704
0.5413129824
0.6072886621
0.610679513
0.6422298093
0.8968209309
0.4727440954
0.5387216542
0.3892287444
0.4472720085
0.5133322869
0.4980978782
0.4692976864
0.4932034644
0.4769651463
0.5717959968
0.4164712794
0.498714104
0.5879590603
0.4915293192
0.6581153322
0.5479447531
0.4938703983
0.4215834186
0.590282745
0.5442536518
0.4231593083
0.5545930266
0.5630008877
0.5291562491
0.66598384
0.4290553024
0.5348002646
0.4744301313
0.3912942199
0.4548231884
0.5769719155
0.6832387001
0.4539618116
0.5039700492
0.4927901388
0.5758403765
0.7322760094
0.4752611897
0.5063515903
0.6148024316
0.4482328999
0.4677398128
0.5638258271
0.3372908494
0.4252779964
0.454282264
0.4794420299
0.4729697347
0.4631858932
0.5085348174
0.4653565547
0.431274043
0.418432771
0.4751995719
0.3820151411
0.361658688
0.5465785723
0.4532753723
0.4492903128
0.5067016811
0.5709065309
0.5640154425
0.3017462821
0.5873906563
0.5326699805
0.6434613694
0.4914665144
0.4970083819
0.5668458609
0.5855622718
0.4946818764
0.6875728378
0.6753301124
0.4809754994
0.5365119887
0.8539732418
0.5018666587
0.5222631458
0.5942694306
0.6027638204
0.6391398605
0.5777547668
0.4136031463
0.7396631905
0.4317253887
0.6390259895
0.4977252208
0.4626167226
0.6116894699
0.3961109639
0.5908034926
0.6267457008
0.5039789588
0.6048543931
0.5232873443
0.3250127766
0.3715586821
0.6079786594
0.6132239223
0.5848445765
0.4823297783
0.7168561502
0.4740968077
0.5302989284
0.6046535604
0.4624099331
0.5083207303
0.4409664823
0.4361541007
0.3614235994
0.4287792498
0.5057730395
0.4109092509
0.403661042
0.5045287257
0.5252114018
0.4300981344
0.4314128835
0.4367679386
0.4366201775
0.4550104875
0.579565807
0.4595162032
0.3802706678
0.4463808928
0.5326231696
0.4363787581
0.4974641296
0.4609156887
0.4343716354
0.5490676148
0.4616008261
0.5224554016
0.4342532369
0.4172367338
0.4812835942
0.4924141108
0.4776588586
0.4776204548
0.6539518755
0.7449004552
0.6190579151
0.4230345717
0.6316384531
0.4290693427
0.6694452395
0.4648010196
0.5947684774
0.4484627543
0.5621338693
0.4902661498
0.445958852
0.4103899805
0.3633346889
0.6731851867
0.5505031449
0.5512521134
0.6113146831
0.3664729315
0.4602242205
0.5000318879
0.3951816278
0.3742025295
0.3627249216
0.5537886973
0.3822707289
0.8182295337
0.6834741652
0.3408448149
0.5411662191
0.5666699092
0.4203414277
0.5820860805
0.4913505984
0.5608184277
0.6507460084
0.6807980552
0.5282250948
0.536062323
0.7097343595
0.5228100204
0.5266203442
0.6468952308
0.6571634391
0.491534107
0.57196504
0.4727722061
0.7479532601
0.6100493939
0.5538603696
0.5039219414
0.6160170209
0.4630435858
0.736292493
0.3559247096
0.5517204699
0.6785825609
0.4752931937
0.4618103393
0.5563103282
0.7301111671
0.4400692402
0.4758581343
0.4751983786
0.6964946903
0.6851045534
0.4176088667
0.6162293092
0.4453587014
0.547829675
0.3101246148
0.5388516761
0.5237843022
0.6464552911
0.4845002637
0.4599699315
0.6080021143
0.4243207213
0.7047029199
0.6855522691
0.6173746613
0.4625540236
0.3174629992
0.3836371988
0.5400237895
0.5568305207
0.6270142006
0.4574188488
0.4386570249
0.6584400973
0.5618726565
0.6213921591
0.6162913577
0.6249970959
0.6161105454
0.6759812405
0.4716430137
0.5199908692
0.5026833192
0.4135245421
0.5623884887
0.4046187932
0.4998203587
0.4693863077
0.3632091667
0.4469157581
0.35898429
0.4552656263
0.4979729125
0.4563806253
0.4335160116
0.3997307009
0.4913776467
0.5077641022
0.3839866801
0.4495903931
0.6368587382
0.5764200659
0.5713932839
0.5319695882
0.4199779187
0.4633483141
0.4217749395
0.5142196465
0.5915288964
0.423642057
0.4339095808
0.4912336519
0.4737567686
0.3927826983
0.6503608805
0.4965372972
0.5602978488
0.6211599294
0.539498817
0.6241656684
0.4163679903
0.4776254529
0.6062352813
0.6442772825
0.5416772418
0.6926452198
0.6160085821
0.6541835866
0.6955509358
0.9904010844
0.5139743025
0.4736361808
0.8824059097
0.9375550368
0.5870167736
0.4947983139
0.4530866524
0.7381780305
0.8155190837
0.6515492009
0.5276919728
0.5721901866
0.6500656576
0.6329959157
0.7503098481
0.5737645296
0.7242782855
0.5812396875
0.7667108868
0.5543428446
0.5507609221
0.7875408019
0.7246876152
0.4687394359
0.5757722961
0.414476365
0.6763652612
0.8616754697
0.4432136805
0.6665833765
0.5048607859
0.906504071
0.6849441163
0.7047343331
0.3769232569
0.8365552009
0.4915561079
0.6513137928
0.4752813204
0.4736585273
0.4669138274
0.3722450436
0.3950064496
0.4776498037
0.5659397509
0.4826461956
0.5704115524
0.4254543908
0.4764483502
0.7021261776
0.5839523353
0.5135991026
0.569987886
0.5709161965
0.7394256654
0.366573128
0.6954311041
0.4242887193
0.6058165626
0.591749351
0.5237508925
0.4763618009
0.4456081531
0.4935486666
0.589247025
0.5303738207
0.3858277812
0.5485156371
0.5260967006
0.5010175312
0.7273122502
0.6555031791
0.6257628066
0.4652040705
0.492300768
0.5725600365
0.7110358992
0.399791127
0.7782621056
0.8769052895
0.4005695617
0.6847408962
0.6038095609
0.425018783
0.623151382
0.5188430451
0.5662719367
0.4132688402
0.6886163414
0.524875273
0.5258329476
0.4129768364
0.4466143324
0.682825032
0.5454319124
0.6171222697
0.6295231691
0.3957945196
0.6048965916
0.6924232858
0.5744218081
0.5556641166
0.5770428155
0.6408694328
0.7427982622
0.8233836541
0.8548831383
0.6671662174
0.4432870637
0.3637492046
0.5480963295
0.4217581284
0.393198798
0.3382568252
0.4422692407
0.5320946536
0.6407471818
0.9238985383
0.4243422839
0.2960246392
0.830685642
0.8132679678
0.5491672019
0.5781246172
0.5254430089
0.5832773589
0.6138740892
0.5468641506
0.3916432707
0.8867056481
0.5623020315
0.5013079941
0.5061089837
0.3391915861
0.7605201732
0.5318109448
0.6348866042
0.5443782618
0.5573926232
0.4681784598
0.4859013331
0.5856365968
0.3782304847
0.6676314527
0.5810652612
0.5610339194
0.6262134897
0.5833957693
0.5152216105
0.6606766859
0.571357843
0.4477168305
0.6510222332
0.5949431512
0.5663673819
0.5919976514
0.5731227746
0.6633262502
0.6137247063
0.5699474741
0.7958619445
0.3814583943
0.5093260717
0.9133868589
0.5152160529
0.5912996402
0.573963144
0.6303023692
0.5208587192
0.6817065465
0.4646712725
0.8527691158
0.7448135208
0.5114852243
0.7621425575
0.7887117323
0.6630885321
0.6607649671
0.6592056927
0.6486808982
0.7752642143
0.7894886296
0.7727137551
0.8639938894
0.4778428858
0.5412792864
0.4332819662
0.6326599045
0.4663124589
0.591064501
0.4921309007
0.4813105711
0.736653284
0.4355303158
0.600102101
0.4757847806
0.7326528313
0.3750961536
0.4684028932
0.4205902002
0.365962991
0.4465998888
0.4396708652
0.4417877007
0.3989232452
0.428964123
0.6385620751
0.4745815364
0.7319365401
0.5273946461
0.9479668552
0.4422290299
0.6499511642
0.8467140629
0.5578784715
0.6494176787
0.8571183703
0.5764164876
0.5003491029
0.8756496622
0.5082293553
0.7066454354
0.8466528262
0.4617612578
0.5911027451
0.8057161385
0.7869323208
0.5155098788
0.7116412209
0.6676993281
0.7015834494
0.503549491
0.9152866791
0.6579215105
0.7262732072
0.8938459267
0.7589529448
0.8851386621
0.9225897349
0.9179761398
0.4806020043
0.4808463796
0.4903226251
0.742378331
0.4660164107
0.4922132138
0.7246822944
0.5353130823
0.4535163812
0.5366128239
0.5963656344
0.6742489631
0.410656093
0.4147627602
0.790848827
0.5520046863
0.40684633
0.6344147232
0.4050160392
0.7955211629
0.7380227883
0.7135466689
0.6947762544
0.6976042279
0.5752302275
0.6315377851
0.5693705741
0.5764013275
0.721178786
0.6184872968
0.5400879811
0.7253944724
0.6957587249
0.5198178455
0.8045186909
0.6478978313
0.6333460659
0.6311152041
0.6611599887
0.8419999706
0.6687325811
0.9118987613
0.7453296371
0.8976708571
0.4452385582
0.4806023371
0.7850867601
0.5776818911
0.7838476294
0.8677391635
0.7282427444
0.544363973
0.486573783
0.5527053334
0.4493279349
0.6002605339
0.4012827958
0.8662066582
0.3284864027
0.8872275476
0.5041951812
0.4492184913
0.3841395248
0.5060328895
0.5689601618
0.5627301129
0.5043788189
0.4120133377
0.6376738304
0.7914889611
0.627452891
0.5982789323
0.4451697076
0.5425343497
0.660560552
0.6850223776
0.5436173746
0.5315686749
0.9036035877
0.8029712511
0.4553358839
0.4924228127
0.8450440036
0.5542247381
0.6934319364
0.785771549
0.8576999443
0.6667219088
0.4887965879
0.4796304853
0.6319755485
0.5385864576
0.6204042903
0.5543648261
0.6597828453
0.7643389607
0.7928501051
0.7461607182
0.5033826907
0.429547082
0.9285862985
0.8161236671
0.8248441803
0.453304564
0.7929117002
0.6840970684
0.7400114512
0.8477634893
0.5956876029
0.4948802542
0.4180663179
0.4836596501
0.7139308183
0.472198221
0.4752758484
0.7968731875
0.4432398987
0.5760164516
0.8525325513
0.3750940118
0.6421652502
0.5015771481
0.6758515135
0.5599575134
0.3479823352
0.5037465646
0.5684618794
0.4953513108
0.632685044
0.4941633641
0.8520934755
0.7694867895
0.719180618
0.5188799737
0.5574304283
0.4579773641
0.7983346167
0.7159505331
0.6022532786
0.545493002
0.6355529215
0.5858682748
0.5221978224
0.6142230887
0.4815880626
0.5336937985
0.5989551954
0.5626948674
0.5006105178
0.71329381
0.4654352954
0.7679199926
0.6175363021
0.8712510106
0.4725898581
0.5592077787
0.6101916352
0.7714010875
0.5367663195
0.6231797781
0.79756239
0.5168613878
0.7288715117
0.5341267573
0.3722144385
0.7621864767
0.6983100114
0.4975405538
0.8007942047
0.6652773129
0.5382305665
0.6627909284
0.545656654
0.7686807959
0.9010157932
0.5762620226
0.4054195247
0.7391516814
0.6971632306
0.721417435
0.6084209054
0.3961295699
0.6553548835
0.7319641047
0.545482856
0.5214739023
0.7166155147
0.574793409
0.6593069542
0.3850655529
0.7419643009
0.3917986344
0.4917595638
0.3945776558
0.5677076545
0.5378387803
0.5340019029
0.5859768178
0.8189511068
0.6215447391
0.6060209948
0.6574605804
0.8344343751
0.4639973619
0.8686126906
0.4488595962
0.6174188313
0.3753669495
0.6287571299
0.8213045966
0.624909321
0.5466183205
0.6320362134
0.6784775134
0.999990515
0.7150435938
0.8890443885
0.9215983319
0.5031275691
0.7640202574
0.7330952518
0.7350596818
0.4654380146
0.8446660932
0.7460490287
0.6864085249
0.8561375917
0.6169473556
0.6577638055
0.6623501756
0.5897704197
0.8283685158
0.8320666526
0.4799989839
0.6121487308
0.6601436524
0.4969451896
0.6236576057
0.6045462306
0.4363129323
0.6868383297
0.4864904736
0.4144014805
0.6842658229
0.7027081287
0.6732781418
0.6947130613
0.8568312128
0.6423606027
0.6575272481
0.7823875125
0.5560879335
0.94245522
0.3865978348
0.7117844827
0.6544109642
0.6500925267
0.5813832438
0.5880677379
0.5069626865
0.8777853123
0.6760994656
0.4404285474
0.6087450989
0.999607765
0.8254284647
0.8157027321
0.7920952413
0.5355394972
0.8764975326
0.6230713612
0.647800832
0.6676614627
0.9323790287
0.6962971115
0.7375070329
0.999839915
0.5510795212
0.5037537902
0.602734385
0.5135347367
0.539315646
0.6531769435
0.8174362458
0.4469418365
0.7951586945
0.5267018538
0.8650211544
0.5484534095
0.6750192655
0.6484480638
0.4502709186
0.5845402533
0.7639571896
0.5453166868
0.5969681987
0.6015301807
0.7873065766
0.541610351
0.4108837585
0.6301465679
0.6925588218
0.5920548251
0.6615817622
0.5471075749
0.694424966
0.7720291708
0.7728911075
0.7092648702
0.4877918653
0.3653003848
0.3760317993
0.504978953
0.5322010229
0.6047985787
0.6459871551
0.5864207577
0.3504578913
0.6385992469
0.5442393605
0.3861643265
0.7753198543
0.7944312376
0.4282631686
0.8998273038
0.7247181393
0.8041736167
0.4570389416
0.6526707039
0.7565012591
0.5644275155
0.5689793911
0.7463564265
0.7308583933
0.5232989223
0.8408563025
0.6358439927
0.682833247
0.5620572409
0.6423310406
0.7301965078
0.4764530571
0.6846549399
0.840928719
0.5070356078
0.7910125289
0.5471947606
0.6887663037
0.4101456043
0.4350327241
0.6612290912
0.7389328752
0.6624171851
0.6981100885
0.6641520742
0.6596676336
0.4321761951
0.4010911477
0.7236316834
0.6894664807
0.6528555851
0.9567707181
0.7509238772
0.4630822925
0.7194806143
0.831615214
0.6499381895
0.709318051
0.6412954871
0.6138066762
1
0.382534635
0.9016826653
0.6104786352
0.8461786595
0.5106822274
0.4660353098
0.9105908921
0.9503744131
0.5576231153
0.5439098972
0.9597829226
0.7238653521
0.8160210841
0.7008547941
0.7662626581
0.5764426317
0.8583419632
0.4998138921
0.7590406907
0.4595433656
0.466228132
0.7781872492
0.7097139037
0.9999517326
0.9078450062
0.9327910068
1
0.9420579344
0.7487077217
0.6807752574
0.9999687366
0.5781414322
0.6952484957
0.7356171135
0.7245326209
0.8016430017
0.4508242539
0.6111548128
0.8915383405
0.8581815165
0.5352626373
0.4662824146
0.4355217856
0.5627189924
0.707137388
0.5227917628
0.9995945638
0.985549429
0.8121588757
0.4480754687
0.6004115734
0.8368854024
0.7808523658
0.8608327394
0.469823332
0.6878919088
0.6574524842
0.6429668303
0.8828227011
0.5470263692
0.5313071531
0.513187767
0.5005412619
0.5331499842
0.488829428
0.5205009442
0.5698412826
0.7630542057
0.6957733029
0.7842607252
0.5710961767
0.4989765835
0.8305755377
0.5680040904
0.7454035626
0.8082874201
0.6352756666
0.8861754484
0.7539211164
0.5582619268
0.8884114535
0.5547914695
0.464345871
0.8455428964
0.9446814729
0.7920236855
0.8968272632
0.7802486513
0.9067129884
0.5605861215
0.6629091537
0.755816187
0.8868481124
0.6488340391
0.915313111
0.9042870229
0.7278175152
0.4950297183
0.6616016319
0.4921889007
0.7444848771
0.4637570713
0.8892992723
0.5774301402
0.6781228499
0.7829710238
0.5479104535
0.4892149328
0.9552391286
0.5564723729
0.8634744282
0.741491951
0.5036306022
0.6195205746
0.7136169357
0.8822656722
0.784705182
0.7468802545
0.8678018382
0.6783764261
0.9363425052
0.6628930913
0.6759131012
0.4023059489
0.4826079351
0.6070493435
0.4463254023
0.8406663115
0.5216805042
0.5999580226
0.5446526541
0.5723199354
0.7131453517
0.5080710184
0.6426901995
0.5813900561
0.6327055938
0.6676940463
0.6437929768
0.8205502679
0.7970857427
0.6791129697
1
0.5255869406
0.8924682237
0.8011502014
0.7258500384
0.537329582
0.7322961891
0.6286788427
0.7261651004
0.922174375
0.6022265554
0.7562255374
0.6764056684
0.5505121337
0.7987723376
0.7636593206
1
0.4967362028
0.679829894
0.6860305176
0.3750626112
0.6344715945
0.7972659636
0.5290431157
0.6952497744
0.5125647177
0.7276858403
0.5883226413
0.6913279631
0.5682673837
0.5655348176
0.6022672065
0.5456763242
0.6392121819
0.6362358605
0.5659347569
0.5265238251
0.6177445508
0.5141284685
0.5563688082
0.8123808667
0.6455911269
0.5630916199
0.337125968
0.5390082335
0.5315653447
0.7077335736
0.5946837571
0.6176707357
0.5491445477
0.7749989235
0.6721099839
0.5086297081
0.6877422625
0.578434875
0.6570530606
0.5921605929
0.6579513543
0.6926095163
0.9020709324
0.6617819174
0.8698602046
0.8178565883
0.7965686582
0.9310253729
0.8550155355
0.6875690392
0.4939593239
0.6419020325
0.8023535124
0.7623028177
0.7785819446
0.694115072
0.7577419805
0.4960797276
0.7775606752
0.4594296394
0.8925108245
0.3689099392
0.5828044178
0.5018562904
0.836347886
0.4061985293
0.8774020243
0.3830391176
0.6279668821
0.7363379663
0.4604892
0.861106711
0.6713212571
0.8814415063
0.6731970305
0.8597312883
0.3621460083
0.6768605383
0.6191087676
0.8539773471
0.4512427181
0.803114651
0.7550979767
0.4038710918
0.5090324843
0.6246861574
0.6052536545
0.5174121993
0.8095029451
0.522415413
0.7702932707
0.6802562895
0.7932712852
0.5485796141
0.6508185727
0.532288643
0.5613342601
0.8563655255
0.5429704452
0.9060690321
0.6768189345
0.9311226301
0.568422158
0.658345048
0.7268616815
0.7356565328
0.9878997426
0.5378932562
0.8937987641
0.8666244956
0.5511428846
0.7216898925
0.6704871851
0.5332297643
0.8409595074
0.6139536091
0.6436054092
0.7960669592
0.8764026154
0.8478980455
0.7314264665
0.9999998669
0.8061653615
0.7234843524
0.6452780787
0.5809848013
0.8312838491
0.7780902261
0.9476978167
0.7041260236
0.7048420944
0.6361905014
0.7425606473
1
0.9462200324
0.7996850225
0.7777763736
0.8923907642
0.7886319212
0.6368687481
0.8689734098
0.9994196017
0.9171524369
0.699338767
0.9407367206
1
0.6184419122
0.7071450415
0.4716240206
0.7158419713
0.9999925628
0.7235886792
0.8273256945
0.395581365
0.7136605232
0.6354641146
0.6856691474
0.6445860639
0.4620580951
0.4961287208
0.4800757245
0.5302142744
0.5861724844
0.5039720691
0.5966383584
0.5034417794
0.5840728327
0.5835351906
0.7069665869
0.5812583153
0.9625928104
0.8241857401
0.522924292
0.4558516033
0.624610381
0.5549607606
0.5342746505
0.5887732828
0.6562062724
0.4930222347
0.559448803
0.9064576253
0.6499696468
0.9982768801
0.9656517781
0.7990510331
0.785304567
1
0.7955046811
0.6254869815
0.7642394968
0.8088069382
0.5453450311
0.7144698623
0.7003258307
0.6272929903
0.5497947349
0.9105639723
0.6010404973
0.4971789789
0.4954326774
0.6260871986
0.655479073
0.5924943227
1
0.8097254508
0.8055059212
0.8024058711
0.8342108586
0.6395560939
0.5713763734
0.8297176063
0.755675563
0.6224881073
0.4591468711
0.4607962921
0.6731890314
0.6859868994
0.6348756315
0.8961247037
0.6687104516
0.7301701193
0.9839478445
0.5937030901
0.6465738359
0.5811020076
0.7203494146
0.5813779661
0.5913833389
0.6229281498
0.5025482843
0.617313636
0.7929898421
0.9321144685
0.8829060686
0.6907939267
0.5195757581
0.5222571546
0.8690702607
0.7511232918
0.9425289602
0.6555395134
0.5618805835
0.6819773443
0.8890416862
0.7573010453
0.6322723883
0.5628482989
0.6398613702
0.800705527
0.4347346376
0.6953761614
0.5301150923
0.5664579815
0.8304974542
0.9236670126
0.5719434933
0.6280097044
0.8317582335
0.5206337911
0.6462346469
0.7039514359
0.8220171761
0.5844163428
0.5346363943
0.7033741483
0.8979891648
0.7408088967
0.7113905518
0.5468807845
0.9085083875
0.8921881616
0.7301791616
0.6619051727
0.5297245262
0.7423434944
0.5759506458
0.6584948302
0.5414776326
0.8995795012
0.5127003215
0.9304182059
0.7254388191
0.7570115828
0.718748908
0.7507447674
0.4667348418
0.8776900762
0.5471211109
0.8198572719
0.6884317734
0.4804883538
0.8642254362
0.8125239127
0.9024344452
0.9645658005
0.8658876058
0.6594051653
0.512725147
0.7105377162
0.7186889455
0.9103274081
0.6562501944
0.8299529214
0.6214380409
0.6006828383
0.7004100439
0.6464844264
0.719981982
0.7582014396
0.9986183345
0.6950914324
0.8640566063
0.9509969696
0.8935632282
0.6861960258
1
1
0.9787571934
0.9907060951
0.7109180234
0.809737398
0.6544405113
0.6569796989
0.4727974991
0.9991850581
0.9999999401
0.9357207535
0.63913302
0.7163070827
0.6281837071
0.7655998123
0.8400783165
0.5211828652
0.9735363396
0.8631422922
0.5452506771
0.5801427117
0.8031394596
0.7899533316
0.9187849823
0.9018705391
0.7971633159
0.6706556599
0.9534248171
0.6564674804
0.5799190916
0.5364800184
0.5935142499
0.5147683614
0.6075292764
0.6363426724
0.4036295973
0.5048937514
0.6175238332
0.8681357771
0.501731439
0.6905359557
1
0.6702305201
0.7082705061
0.6031578248
0.5672758658
0.7725192668
0.84832601
0.4951535982
0.4859403755
0.8897549389
0.4816054534
0.690310477
0.8449237593
0.4897293731
0.732866756
0.5670162581
0.4932777311
0.5734072519
0.6171864255
0.6588652145
0.6730895949
0.6515764087
0.8076318302
1
0.8583140147
0.7020179589
0.9712742676
0.7021892431
0.6575755868
0.86851691
0.9438623383
0.7945499661
0.5993898425
1
0.9137976253
0.7103120279
0.6512481287
0.6287989406
0.9345985354
0.9945042478
0.9348829125
0.7889934639
0.7410196507
0.8020702948
1
0.6439404123
0.7963570046
0.9803683775
1
1
0.9999990758
0.7655119086
0.7123838623
0.7977358726
0.5232746407
0.8968388076
0.9998990756
0.9909019394
0.9990949048
1
1
1
0.9983713628
0.9999850375
1
0.9999999834
0.869157194
0.5312893413
1
0.9108725148
0.8563118337
1
0.9441505894
0.708112186
0.865283507
0.9341230757
1
0.964647691
1
0.5059597546
1
0.6474874354
1
0.6284749244
0.7264865133
0.6506193875
0.996164252
0.557350215
0.7182746402
0.5641458356
0.6142388129
0.7292015779
0.6694639794
1
0.9799482275
0.5722164352
0.8513269946
0.9308863248
0.6300126059
0.770510054
0.5436746894
0.8887152268
0.5972962904
0.6396851316
0.7835276401
0.5146784321
0.9998583129
0.9037950013
0.6003431312
0.7073260143
0.8588743072
1
1
0.8865900848
0.9384263389
0.9180364581
1
0.7174133506
0.7180208648
0.5717347199
0.7146496617
0.7103798554
0.999967241
0.58580659
0.9999994446
0.8923930688
0.8291683137
0.9229466105
0.8687765857
1
0.6846636708
0.9885472758
0.9181643616
0.9505108916
0.8437144691
0.7362169623
0.6931884166
0.5181304959
0.7398361631
0.7115987314
0.7828233308
0.6541325045
0.9432076902
0.9643200609
0.7011223363
0.6574580625
0.6818961609
0.85885884
0.9819832437
0.9775481788
0.7487176971
1
0.9997955781
0.7899194498
0.8991359337
0.9259349607
0.9453674428
0.693413967
0.9034876696
0.6682732248
0.6975031436
1
1
0.718958803
0.999917941
0.7332288003
0.9989346346
0.6128959098
1
0.715126265
0.9752896876
0.8859429093
0.4978120614
0.6842914406
0.9965452941
0.7087735353
0.8898950787
0.9659892619
0.6009394278
0.7306191959
0.6898017269
0.6471227675
0.7545384806
0.8252517156
0.9197636486
0.9326382617
0.9295455774
1
0.8234724912
0.8760123848
0.6404347037
0.8949950255
0.7079842478
0.6596965358
0.5746232219
0.8022269754
1
0.8739970987
0.6558196821
0.9558924
0.7395593812
0.9160876125
0.6148261731
0.9690579637
0.8888072527
0.7599515107
0.9982080952
1
1
1
1
0.5898799434
0.9851394438
1
0.9991376169
1
0.5878966242
0.9999636688
0.9026024788
1
0.7482498115
0.9933187369
0.9527487905
0.8947672902
0.8478900237
0.9563244242
1
0.982808338
0.5935815114
0.8183248688
0.8406769853
0.7719701102
0.872391603
0.5845322751
0.9440780927
0.7306461966
0.7750854577
0.9999999478
1
0.9533004672
1
0.9570470001
0.7239660876
1
1
0.9999993794
1
0.7250810745
0.9928147712
0.9688226477
0.8372562118
0.8412302866
0.7949802156
0.6807011818
0.5962506396
0.8905740588
0.9998516056
1
0.9992529861
0.7131852305
0.7779132997
0.7917221755
0.8379513107
0.7725861488
0.6047050516
0.7277231297
0.881615145
1
0.7992647289
0.7347129635
0.945220212
0.9999968
0.7341424559
1
0.7715096751
0.9521964192
0.9999944396
0.6909851576
1
1
1
0.9992084611
0.8387896069
0.8439878046
0.938418143
0.8537549458
0.6861861955
0.6969286207
0.9995643081
0.9218848458
0.9521878025
0.9259637888
0.7927884417
0.825376864
0.8183808393
0.5646294731
0.7677545324
0.8682932446
0.9534144066
0.9565413992
0.9999994157
0.741170927
0.9291915896
0.9999851718
0.7453595063
0.6186080366
0.5499381502
0.5525825012
0.5375126651
0.712229666
0.6779506597
0.9114978413
0.8755267993
0.5775244091
1
1
0.8021405047
0.9896892495
0.982833175
1
1
0.7581526629
0.9939910112
1
0.7108539204
1
1
0.768196108
1
1
1
1
0.8626522942
0.9177350129
0.9999999977
0.9297009689
0.5779088789
0.7968610582
0.8131647359
0.9999931184
0.6426865948
0.9886439156
0.7077780208
0.7032739877
0.7343181387
0.7273831053
1
0.8088468646
0.9959998916
0.7676305595
0.6999140096
0.5540345081
0.6555842315
1
0.950454091
0.6933104143
1
1
0.6169404044
0.9560608496
0.7230956734
0.9999643097
0.9110624388
1
0.9830733455
0.9528157786
1
0.9525596264
0.9606004737
0.8053806567
1
0.9528817761
0.9970732182
1
0.7086894659
1
0.6994527232
0.6822208628
1
0.7208454258
0.9839901635
0.9856330351
0.9305516486
0.6691389176
0.9833029963
0.9691870105
0.7080890835
0.9825183863
0.8858833123
0.9992749469
0.7169869086
1
1
0.8100463687
0.6999153593
0.9738180395
0.9709333033
0.7291477313
1
0.9552208274
0.8716754982
0.9999731782
1
0.823636651
1
1
0.9384476458
0.7181345207
0.8813824391
0.9989755096
1
0.9994967461
0.9098532605
0.8828442509
0.7294041903
0.9062612927
1
1
1
0.9646400003
0.8618799593
1
0.9998330101
0.9497366118
0.9818325887
1
1
1
0.8831307671
1
1
1
1
0.9999374881
0.9949652498
0.7127756206
0.9999974572
1
0.7635739007
0.8039039954
0.9886093079
1
1
0.9336260241
1
1
0.9999959061
0.8969616157
1
1
1
1
1
0.9493631484
1
0.9832195923
1
0.6876755184
1
0.9996605446
0.7077195557
1
0.9750351893
0.958287776
0.852330608
0.7418689699
0.5747883652
0.9554359838
0.7049163895
0.9441296811
0.8023154848
0.9867925496
0.7509077214
0.9123604051
1
0.8381245835
1
0.7060732529
0.7713951548
0.9594943457
0.6959689286
1
0.9440178173
0.9931100191
0.6082278223
1
0.7392206114
1
0.7075492704
1
1
1
0.7074423658
0.829826026
0.583452387
0.7123719791
0.9965384707
0.8673398796
1
0.8267706256
0.8404801782
0.8434867752
1
0.9651478268
0.9999595287
0.9996063103
1
0.9571495329
0.7025880946
0.9416572207
1
1
1
1
1
0.9997375965
1
1
1
1
1
1
0.9094587499
0.7119901264
0.7110895764
1
0.7880693384
0.9998496089
1
0.8076661172
0.999999917
0.9999939896
0.800494365
1
0.8981944987
0.8853175991
1
1
1
0.708947469
0.9999863734
1
0.7072976091
1
1
1
1
1
1
1
0.998970175
0.9999998078
1
0.7110588163
1
1
0.9999999993
1
1
0.999999995
0.9472334821
0.9575167799
0.6747448183
0.9921813291
0.9744640624
1
0.5210073324
1
1
0.8070056632
0.7073015736
1
1
0.886530578
1
1
0.9999971314
1
1
1
0.7414607191
1
0.9852448265
0.8072331924
0.7690620273
1
0.9999966507
1
0.9834922936
1
1
0.9372882342
1
0.7093644471
1
0.9722483992
1
0.7082348272
1
1
1
0.9737580386
0.9263140899
0.7409777935
1
1
1
1
1
1
0.8809202516
1
1
0.708307031
0.9447252667
0.999999938
1
1
0.6362593828
1
0.7988215106
0.8106859754
0.7097827145
0.7450131146
1
0.5509060216
1
0.7505189865
0.7126429789
0.8920998055
0.5909033404
1
0.7077702365
1
0.981427716
0.6440474982
1
1
0.9406025075
1
0.9189452786
0.9972793677
0.7351257775
0.6374155555
1
1
1
0.9999306866
0.6651698389
0.7203189223
0.8291641239
1
0.727205643
0.9514717035
1
0.8609259293
0.6973345381
0.7674271211
0.9379097242
0.6169067379
0.9762835207
0.6185371293
0.8548052209
