#################################### 
# Matrix Size= (25,25,400)
# Resol      = (1,1,4000)
# VoxelSize  = (25,25,0.1)
# nbVal      = 4000
#################################### 
7980.10983
8193.323038
8230.422928
8408.891471
8244.251591
8263.06787
8243.770347
8290.678672
8338.977969
8410.354469
8419.170923
8385.366976
8394.286512
8307.505533
8401.478302
8512.038268
8430.14746
8360.895584
8600.552583
8477.675537
8533.218633
8602.764738
8480.287303
8575.601949
8448.261309
8482.20199
8396.71126
8506.696699
8299.43471
8573.140266
8504.375625
8450.695332
8421.043164
8527.781482
8480.652886
8441.160854
8561.502428
8508.618803
8461.313856
8635.720665
8562.891136
8574.068295
8610.289711
8472.380692
8604.169698
8549.274617
8547.772744
8634.283742
8674.829166
8593.601617
8690.624
8611.193187
8562.914918
8557.246042
8548.916708
8612.98977
8435.874211
8619.982828
8615.936644
8721.791467
8636.129642
8603.169233
8644.338537
8552.068818
8516.171147
8589.136474
8682.560901
8744.024939
8695.117316
8685.548349
8680.770315
8555.246665
8754.261946
8676.322093
8648.557577
8697.977538
8582.114542
8748.043376
8783.462303
8706.324209
8619.82848
8630.415371
8735.26875
8720.987586
8693.921057
8762.722677
8797.704419
8627.607834
8753.751308
8870.343022
8863.220425
8849.155026
8847.504677
8748.311061
8704.505444
8589.671487
8751.203827
8918.81469
8828.812694
8873.130895
8869.780502
8743.58393
8686.810574
8789.156919
8927.577128
8677.088142
8839.078401
8805.934889
8884.265935
8943.700667
8926.35682
8823.009005
8798.219413
8817.023289
8924.239763
8905.214938
8765.783961
8759.029913
8839.416403
8835.154178
9012.292079
8954.817884
8887.50539
8889.558367
9028.391823
8853.919239
8841.414629
8773.301327
8798.682639
8857.098857
8898.732241
8933.191351
8905.977881
8983.017104
9016.091721
8886.853701
8998.627887
8833.507055
8977.003714
8908.06617
9045.013233
8854.189089
8884.717762
8992.305124
8948.41946
8971.544254
8915.934703
8910.248181
8951.631599
8958.876963
8894.962621
8927.856345
9172.673242
9051.753603
9008.776109
9035.786402
8920.073846
8917.058858
9088.964545
8872.74227
9084.041579
9130.221776
8793.975705
8840.070313
8997.257289
8868.418907
9105.159864
9107.199665
8970.162812
8934.311071
9144.95315
9016.764745
9076.03631
8998.016855
8981.099985
9100.069172
9024.875034
8858.90243
8907.016653
9110.944078
9033.32775
9085.476859
9187.866478
9099.53201
9176.801406
9157.764785
9152.51262
8978.713057
9229.080778
9158.609868
9264.839252
9109.622501
9091.134516
9216.482539
9072.386799
9072.896102
8971.953811
9177.685429
8995.967814
9252.767882
9100.323423
9100.358979
9223.464957
9021.685808
9199.231234
9160.914026
9148.363402
9193.492839
9251.035991
9322.926212
9172.84402
9301.31897
9144.476194
9264.987027
9195.810885
9119.373593
9205.622125
9145.718062
9124.214156
9177.889975
8983.574445
9215.025495
9204.419462
9316.402612
9241.508607
9232.651766
9209.084743
9327.466737
9313.113882
9079.311024
9220.852678
9163.022346
9384.506224
9341.657863
9254.347069
9330.182418
9161.279444
9148.512914
9268.398499
9156.624873
9333.18754
9205.789503
9311.845364
9393.707876
9126.688197
9406.634766
9294.546224
9192.078362
9283.609066
9294.657199
9214.532709
9404.284218
9307.07069
9335.047137
9291.45611
9313.312519
9233.689851
9369.376538
9279.818271
9148.060084
9385.324082
9224.671084
9311.21579
9403.214665
9534.79889
9323.21813
9304.003327
9367.094044
9508.482469
9291.459709
9523.414197
9452.977378
9260.142088
9413.671187
9440.640501
9326.516634
9503.724824
9419.718064
9349.230842
9428.22241
9329.982071
9392.059383
9496.531649
9343.598747
9454.522533
9364.148771
9483.982081
9487.828713
9381.298494
9438.255171
9390.654194
9499.138544
9349.959186
9395.352019
9322.707932
9463.252218
9424.524609
9384.838522
9484.868071
9320.084183
9565.086539
9470.7092
9533.023445
9514.538001
9560.508933
9557.510152
9411.940133
9597.430708
9592.087223
9625.673822
9476.954214
9446.304352
9517.728859
9544.868668
9535.435562
9440.041992
9341.361799
9691.338421
9449.462547
9544.983056
9487.522249
9693.540548
9351.431806
9639.618036
9547.1016
9660.61448
9519.048518
9661.543203
9444.017935
9526.883072
9579.782091
9488.854251
9503.510085
9584.765352
9576.22391
9533.947013
9623.788169
9787.338936
9539.294583
9538.391583
9513.0556
9593.882459
9648.403764
9649.82802
9705.341406
9711.334944
9695.551354
9641.912181
9607.989919
9566.205149
9459.74466
9550.247581
9657.736949
9652.53184
9750.513162
9562.700181
9594.546657
9580.374825
9695.330497
9710.242884
9583.77929
9609.998865
9767.967325
9706.670806
9660.172976
9868.630739
9691.219899
9606.373823
9649.26983
9692.677746
9782.956399
9922.046224
9822.647938
9615.534187
9886.23456
9953.136808
9717.972926
9726.786439
9758.843705
9618.263554
9608.901486
9712.012538
9832.595825
9948.509809
9665.53423
9667.253879
9687.037954
9902.130867
9886.271714
9901.203171
9728.480267
9949.338018
9922.174265
9906.137598
9810.538554
9860.109396
9828.616177
9771.577323
9697.807071
9841.65527
9883.901161
9788.871916
10000.02215
9744.578689
9933.961332
9978.408771
9837.116258
9926.575002
9663.744065
9914.363351
9971.104285
9873.396254
9952.469933
9865.481291
9844.401305
10012.99575
9921.403254
9865.551487
9946.550713
9791.814379
10034.82714
9935.192186
9919.455938
9963.286817
9843.640234
9937.03001
9923.923896
9958.735129
9877.547676
9922.377424
10036.77833
9873.268465
10073.27741
10001.73263
9940.211035
9989.673083
9893.084573
9904.32127
9960.21268
10120.51901
10021.8808
10059.96935
9876.007264
9973.495519
10069.69255
10019.67223
9994.347056
9997.533297
10121.74045
10029.5498
10059.39189
10048.93244
9988.00674
10113.47447
10076.87649
10139.46446
10097.61998
10042.78271
10026.96287
9969.800407
10028.30372
10137.3726
10090.00368
10040.57063
10045.73361
10115.95841
9987.924393
10171.69134
10145.50671
10119.67825
10024.11027
10126.14193
10183.85861
10094.98941
10125.06812
10135.29658
10211.19949
10267.27372
10118.6335
10101.09437
10184.3037
10194.19069
10171.90916
10147.18908
10097.2516
10221.68351
10175.96352
10239.5887
10173.76786
10240.02006
10084.87034
10261.42789
10273.62323
10112.68715
10208.26673
10313.31185
10253.5774
10261.80178
10313.73687
10213.79414
10205.70639
10339.8404
10161.53588
10268.61773
10363.89067
10201.8793
10296.58895
10296.7089
10171.10684
10364.1011
10233.82994
10512.85719
10391.49098
10344.38411
10153.88898
10225.0545
10348.40201
10510.18717
10401.24767
10493.62227
10242.40179
10234.92213
10724.52403
10372.8613
10442.70425
10268.56179
10407.94291
10463.81461
10468.84915
10204.59428
10219.29885
10392.64981
10414.94044
10596.46187
10390.03371
10271.20961
10411.01948
10315.88626
10547.20957
10405.70193
10421.18979
10453.73369
10445.15615
10382.01818
10378.23153
10452.29875
10450.38147
10445.60927
10539.96534
10559.88737
10582.90545
10537.91526
10351.76567
10429.09642
10350.30842
10583.98864
10524.23568
10646.54158
10514.79941
10476.36478
10378.72278
10586.35491
10552.06051
10558.55255
10538.38536
10569.06395
10368.0746
10423.65559
10535.07542
10669.32473
10487.64312
10465.64065
10540.41537
10609.87128
10712.16282
10585.39314
10653.90625
10628.30371
10603.30918
10638.65392
10554.52309
10736.06628
10624.14996
10708.57068
10648.09324
10605.55208
10633.18808
10661.72177
10618.73757
10625.12626
10582.45412
10595.11016
10924.65153
10635.40589
10719.83651
10802.61299
10772.51954
10716.22303
10822.21299
10754.48153
10651.25168
10666.05992
10718.30068
10590.0714
10699.44892
10672.5052
10774.51957
10626.13257
10716.5426
10925.98955
10882.82158
10803.87926
10721.7949
10954.33911
10735.15389
10817.93445
10808.79466
10868.24998
10945.19771
10747.66213
10814.60081
10781.1197
11038.20025
10797.40735
10978.81869
10965.34846
10854.69925
10846.80388
10872.78493
10948.17489
10842.55886
10791.88034
10856.89086
10878.39819
10942.86391
10915.03019
10791.33356
10827.55199
10872.68729
11060.90803
11064.91743
10829.24112
10838.49453
10886.333
10936.34105
10934.62231
10956.10648
10953.25102
10991.55251
11090.16159
10936.82557
11035.36507
10956.82438
10929.49985
11148.23982
11165.3618
10883.79105
11127.38941
11071.07803
11047.21728
11083.97395
10944.73112
10998.86312
10971.45978
11140.09338
11083.60447
11188.77871
10911.86131
11266.17548
11162.93519
11105.81998
11069.80647
11187.06797
11180.54378
11278.48085
11228.72277
11187.96859
11130.21663
11034.01484
11239.493
11043.23343
11256.39026
11071.57928
11247.81146
11261.95941
11266.63326
11211.03276
11237.88456
11121.44424
11119.25702
11145.46728
11145.46958
11209.17993
11406.84909
11131.91634
11216.84847
11241.23652
11441.89557
11264.13237
11304.4199
11333.86872
11474.47472
11394.111
11400.64619
11192.49231
11258.42417
11389.55406
11312.64957
11350.50377
11186.43653
11329.67887
11371.88739
11465.36843
11452.87773
11419.14405
11381.8486
11330.6485
11580.53558
11382.90074
11737.63945
11548.49902
11662.29128
11525.74086
11390.86396
11800.15749
11438.37436
11660.52552
11412.43306
11731.56186
11618.45669
11423.48997
11837.76415
11581.22093
11441.76291
11519.21945
11731.62503
11665.8545
11584.13342
11540.19935
11582.60481
11704.61727
11880.75647
11586.98259
11697.59669
11688.87506
11612.93124
11742.04101
11807.78666
11695.70601
11649.23662
11608.87034
11771.53828
11817.83052
11721.96928
11779.46088
11852.60703
11815.19526
11638.87101
11724.28962
11705.1733
11596.56688
11996.07329
11919.75307
11718.50274
11578.89083
11992.40163
11975.15126
11677.29925
12047.20614
12023.03015
11871.16457
11966.08305
11994.94478
12116.10724
11709.99147
12112.034
11988.50944
11987.08409
11897.12862
11923.41979
11900.73234
12006.16847
11804.26057
11882.46393
12164.02831
12042.37139
12136.4341
11946.4591
12090.51369
12012.96784
12147.6923
11990.63801
12089.52831
11872.82932
12126.91432
12233.49615
12254.18615
12106.63574
12158.15157
12128.51753
12126.40323
12202.76205
12249.22908
12180.63099
12257.19456
11915.81551
12183.73461
12293.80563
12448.03782
12288.47815
12412.35217
12396.80945
12213.89164
12264.23375
12284.78274
12395.05185
12439.91519
12254.60087
12307.36639
12415.90803
12431.17335
12301.72323
12195.27617
12467.82201
12274.34958
12368.95647
12463.79671
12251.1494
12684.61182
12477.15783
12517.56411
12493.06127
12589.2666
12623.79733
12633.68152
12673.84529
12384.5352
12482.59063
12668.61662
12571.76939
12648.4028
12541.49643
12609.63851
12595.87499
12522.12945
12552.67617
12486.6773
12749.40119
12469.44207
12748.23027
12611.2221
12719.01924
12696.94812
12710.67385
12803.29146
12744.61875
12959.45831
12726.2646
12544.72716
12958.91109
12764.45974
12874.9442
12754.80078
13013.6845
12958.23439
12929.4967
12771.26629
12676.13338
12905.62237
12987.65317
12908.57536
12999.07971
12944.33375
13044.78925
12979.89511
13164.71624
12941.40662
12996.5681
12917.8022
12978.11534
12928.73325
13046.72357
13197.18107
13186.44204
13001.00641
12919.4007
13068.8073
13249.09861
13195.28994
13253.13795
12954.12873
13366.03779
13122.98607
13360.17845
13116.02734
13338.31144
13304.07191
13391.04443
13247.21025
13463.27581
13522.96806
13323.72795
13455.97923
13165.06397
13192.69448
13366.60426
13376.71158
13538.15591
13438.42731
13494.26884
13381.47216
13499.23703
13413.31579
13614.04046
13526.34977
13567.28347
13754.29612
13635.19357
13683.87615
13653.95789
13851.60515
13635.90144
13768.20271
13834.54191
13662.99252
13668.28015
13810.90991
13784.0552
13814.33349
13937.13907
13787.66214
13767.33139
13907.44934
14049.12945
13779.35878
14092.23338
13923.15687
13996.49548
14016.46743
13963.89665
14130.50558
14090.85726
14017.77808
14053.29381
14163.23542
14098.88397
14053.61139
14148.95806
13868.11884
14234.56965
14248.06334
14321.35563
14176.19343
14227.77232
14399.65454
14298.32658
14225.0267
14459.71057
14489.47094
14128.32342
14300.24291
14060.92104
14459.19375
14342.75062
14254.87367
14316.96086
14286.34112
14508.63746
14661.53366
14535.07836
14690.88792
14479.64847
14564.90128
14583.64577
14734.53152
14637.21033
14666.47868
14495.61468
14662.15193
14774.89145
14883.45494
14796.02006
14601.88106
15050.6031
14850.60346
14856.78652
14979.49801
14797.9576
14759.16296
14913.54141
15040.00737
15032.89723
14845.24261
14984.67446
15091.40898
15272.40017
14908.45381
15185.73871
15165.67306
15221.62092
15127.67969
15215.45989
15320.28734
15183.00613
15306.97785
15641.0299
15277.13373
15356.91086
15606.7061
15517.66971
15270.91111
15440.52732
15568.9741
15612.20427
15606.44553
15494.44262
15502.57328
15790.96991
15774.53069
15815.13892
15742.00863
15773.54411
16018.28288
15531.19635
16001.69725
15848.69884
15862.52991
16110.64945
16121.90088
15737.73903
16048.18768
16143.04077
16004.21993
16156.39169
16227.49045
16114.07758
16170.89378
16212.97602
16156.52941
16591.96047
16568.70519
16509.93731
16433.0481
16414.10946
16315.32836
16519.93754
16645.85763
16610.50346
16771.38449
16745.99002
16918.15732
16605.87755
16516.62614
16963.55435
16849.75681
17119.37725
17084.09798
16978.47822
16959.12698
17167.59914
17298.11037
17219.44449
17017.28835
17218.2329
17568.76747
17257.61732
17581.93107
17478.31033
17645.43726
17525.7927
17687.72931
17396.26184
17712.7233
17601.88636
17919.29913
17842.50611
18139.77302
17837.37308
18036.38829
17806.27911
18075.1332
18024.14141
18072.15283
18269.02923
18307.07162
18503.58109
18442.75468
18621.23595
18467.97016
18424.83883
18509.5075
18721.7543
18929.43294
18834.94115
19109.06854
18737.50319
18799.76966
18918.60322
18928.41932
19246.74287
19071.6611
19059.07044
19492.38591
19499.70576
19674.64487
19599.83781
19529.20038
19576.85245
19903.42893
20135.39813
19594.432
20420.24375
19806.28685
20263.88389
19995.64928
20435.35725
20155.10824
20193.92194
20409.43638
20687.41034
20839.22326
20556.43521
20792.28157
20750.20123
21295.9804
21132.78658
20708.60525
21583.23589
21542.93968
21793.31
21457.94579
21636.36019
21866.24669
22228.71528
21692.43676
22507.41873
21967.3811
22303.83607
22410.17419
22848.31961
22586.97024
22809.38871
22799.33531
23259.20316
23142.65236
22876.12502
23387.15468
23432.29892
23649.30882
23602.43056
24462.70482
23925.05958
24228.37623
24356.67864
24269.26972
25118.07955
24750.76847
25453.89056
25504.76096
25793.97615
25886.10527
25967.31129
26183.34095
25835.87301
26679.4365
26602.48903
26843.59227
27320.75544
27322.98297
27336.57039
27820.52787
27757.79262
28776.65296
28502.55327
28767.06747
28942.90754
29155.3286
29449.12406
29668.06472
30348.84173
31049.97667
30797.73458
31282.32678
31823.70063
31385.99308
31350.64237
32370.92348
32706.47841
32706.99494
32998.97028
33750.03241
33822.06579
33895.66423
34746.27412
34775.09023
34600.15221
34396.57633
35179.82281
35498.8118
35866.05936
35436.99088
36251.97622
35820.79555
36182.63744
36117.97443
35557.96451
36413.95745
35684.32242
35944.50874
36306.4155
36073.90514
35810.18218
35718.37085
35069.14
35068.13778
35025.5504
34196.03991
34230.28862
33841.83086
33391.43869
32358.81492
31994.0451
31279.54648
31120.79496
30585.17533
29529.84153
28967.55569
28472.62101
27481.95707
26649.75161
26288.51136
25327.02886
24497.85587
23317.40687
22508.25753
21893.56411
20993.84898
20027.87698
19155.47139
18303.69398
17701.20985
17057.54492
16203.81994
15444.54279
14151.63983
13569.44669
12830.93016
12062.40723
11276.63486
10621.0954
9764.257204
9170.415939
8853.249703
8297.146797
7592.79881
6913.186459
6255.08377
5857.608218
5440.444776
4744.670576
4660.833344
4272.558092
3925.583052
3395.727787
3097.816353
2829.420148
2674.460105
2474.538582
2175.716376
1879.079602
1724.972633
1588.73296
1406.84524
1248.916344
1113.485581
989.5805437
838.3301169
735.3143191
665.1095052
559.9067242
521.2748328
464.8400618
445.4555911
397.0136781
335.4309182
250.8356512
268.8115494
238.6381531
185.7727306
172.5524472
165.310919
164.9068336
119.8817215
99.90033498
88.94187279
86.11106566
56.11377366
76.54529046
62.9408433
56.78468034
44.00947547
54.31374831
48.64714977
58.56079976
30.2848462
26.19568937
39.60045525
27.2791284
22.48992757
23.8653805
18.02079403
25.59786414
12.35231613
28.15541016
24.58231346
13.7582368
15.79633787
10.72957003
25.71665278
29.72491073
16.63664929
21.13746039
22.35801128
21.40199429
26.49899359
34.95687591
24.52185038
18.8366144
14.43022524
18.83228953
29.53101962
22.82596173
11.98855197
17.23081445
23.26812679
26.77603352
32.61242436
15.75119831
28.71101785
21.81804417
19.4674969
30.51241893
22.60587031
14.39627931
13.23845019
15.16809864
14.83629341
17.16560412
18.89898861
27.45051351
28.11031165
12.39374005
28.24962083
21.16770102
26.2658193
32.11027688
30.38925895
26.38512837
24.00521285
40.36632141
17.70688609
19.36441248
30.35983674
33.23040455
23.1172225
21.80122869
14.12228367
13.48845484
25.53313299
17.15172658
13.60402765
10.46429189
25.98290298
20.71377761
15.40697227
28.81931686
15.61618142
28.13540215
26.71817962
16.77327494
16.76810768
22.46119577
22.65256447
20.02190944
24.93141063
16.52961191
10.76857276
27.47159607
13.07953383
18.40707491
16.98698384
16.06285975
12.33718185
20.8430516
14.76367991
22.20430527
30.89875656
24.73577327
24.17606661
22.20890913
18.61184007
19.21322115
23.29218253
16.36257356
17.10291689
18.43912089
9.180464764
4.636408083
27.73073659
18.46383595
16.93345675
25.49972603
14.74548011
18.84245934
14.32579137
21.08834956
14.20664292
11.05724125
17.2830782
15.96530168
11.68480964
11.03085338
13.08876748
17.58627115
20.98680373
12.4223465
23.81954039
10.75793427
9.905938676
10.46238279
16.05971407
14.5981881
15.65502481
16.04423902
15.94858746
15.83466031
9.883648606
14.56327552
10.8265131
15.82575107
10.22168082
21.05530647
9.63326594
12.55618147
14.9282092
16.99154908
7.737182241
7.594473562
11.21192396
10.97300168
11.72892276
7.882192952
24.37722183
10.78010458
19.87482266
15.08821784
7.50335273
18.1911349
18.72246677
14.02358294
9.219954891
18.23275706
17.08634736
18.83422985
15.6200484
29.85621975
16.68363004
17.72074091
30.15162146
15.99274186
14.54059576
13.64005899
12.03151716
13.76612147
23.7175829
14.08721671
14.52781893
17.15645899
13.96101387
12.5669031
19.64851745
15.18112689
13.29095417
13.85158782
10.07135666
12.30799825
8.591486282
18.12352372
18.31759537
10.86874452
11.50333995
7.407204159
19.56464913
20.16965572
12.11176945
14.2012664
10.24321991
11.5818427
11.86071351
14.41506619
21.39577856
16.99463009
15.23430396
10.62948703
20.53737644
20.88938334
14.8912068
12.42186884
12.82997438
18.19498989
10.3423894
12.99832368
6.919613232
14.73067895
14.18562874
13.99351586
16.52562406
14.31091225
11.3437124
21.23174262
11.55284883
13.10573857
18.02727733
23.13758694
9.060627068
10.8248877
18.00050001
17.25752235
13.51640544
13.15631836
9.598912427
14.36638416
6.905704127
11.55329483
14.20807436
18.65800813
17.68157306
7.108701186
15.61178441
9.107964834
15.21752546
11.05290163
9.075630761
15.4477493
18.4811875
10.01884871
12.51399642
12.17413081
13.49347293
18.03711491
14.78198256
14.39977732
16.96249098
25.81615141
11.4211963
13.44986606
12.53313211
16.26165136
14.42841455
10.57271444
7.203402586
21.6882034
26.66273938
13.09397083
11.91576173
19.97676463
14.8235612
19.36945453
2.075058325
15.52909248
14.24395808
9.399532461
8.321968771
14.19813354
12.05885506
15.80215073
10.4072861
15.02117459
15.34610174
8.469474883
16.58115655
12.6145426
18.41526645
17.66953768
33.23911821
18.46910056
18.13619392
16.99091313
9.990256521
6.888424416
9.082641798
6.575938406
9.735832003
6.6612103
8.088081295
7.884575333
14.49656351
12.05563727
7.541136927
13.53701833
18.21442095
10.21062409
9.218939982
16.31631218
10.32141204
11.34083289
11.24203363
10.55446898
10.58165978
7.525075353
7.949383361
9.48444416
17.86668997
6.65919946
12.42130217
15.96391756
15.04644539
14.38813296
15.95903282
15.63916735
12.47236165
18.47611139
11.80035301
11.61701501
10.15997623
20.86259668
6.819714092
13.41656419
11.44941148
4.373122207
11.64112399
9.392451196
15.69947784
9.820907552
13.52020714
14.10911874
17.41418904
9.899478967
11.16405209
13.65006885
14.59569619
9.808956223
12.16042705
9.816106319
8.340040708
6.718992827
10.78861258
10.77394234
11.57703111
16.45929947
3.943414739
13.7057421
8.520516749
3.784493721
7.926496888
19.60568143
10.25726564
7.755760353
10.11057308
9.255112658
13.7666634
8.893651755
12.2249143
12.73684752
15.43821191
21.81395149
18.50498975
17.53093336
21.43468621
7.906375487
7.504202585
8.320921983
15.12737098
8.814069865
10.55982733
11.6427086
9.626591298
13.6979408
4.849778569
18.07783111
13.50285703
11.98208526
10.61383914
11.17128502
15.89987252
18.08919345
9.651512045
6.781561346
16.30107403
18.69790963
8.548936409
9.187229486
10.0234615
6.579603986
7.149050572
10.28652116
9.971831924
31.44679665
17.67824919
20.19120604
14.30712336
15.07585909
9.912482209
15.42176365
9.793163479
7.884780927
16.58651599
8.947535493
12.26822384
10.63776582
14.01644418
6.816723618
7.123811053
13.0255323
8.924761857
4.363524488
6.554612784
5.472598973
18.93023492
17.92941174
13.48850861
23.44389111
6.582259752
5.045538445
10.51397087
7.185334856
7.959488551
10.32824518
10.84531096
8.31076143
10.14173382
20.70513844
9.14191093
11.21758896
8.062021609
13.83790098
9.675841568
8.584465427
17.23101378
5.102085725
10.40115309
18.14749118
17.34292503
26.10644273
16.79578851
10.21733547
14.85643076
14.70023813
17.40565368
8.512711274
12.09428172
8.592362809
9.404285016
9.090240653
10.65270905
13.05514355
14.77034314
10.42173406
15.59804473
12.31331136
8.480280787
16.04886862
8.702188821
9.755050818
14.18068264
19.17683032
8.3222207
11.86013168
9.966612495
34.22387
9.877732209
21.24236468
16.23960741
3.692962744
7.523380468
19.52625787
17.87227683
11.92169891
9.809592803
6.232464752
12.94139124
15.20178017
11.26180033
4.143732287
20.31545808
5.110894603
5.870198257
6.560438664
18.12159145
4.845673483
3.338815146
5.118223844
6.295069099
6.649222323
6.3358962
8.327582596
9.337993444
7.505743794
7.033499747
5.319216815
6.304605887
9.023027075
6.797235912
4.293070657
3.229163508
9.438021609
12.03909574
12.5174482
5.691826005
7.371843557
7.744716135
9.358744595
9.984171728
7.653005573
8.850780422
8.257282598
8.687124212
6.381890678
12.21204448
3.77410142
7.621446609
10.44142108
4.127975427
9.414422406
12.18407198
4.287173816
3.042176521
22.95309351
5.624646219
12.58711685
9.941381603
5.964370953
3.609284251
6.039039803
9.073441345
5.812689127
11.92625448
8.886608754
6.488404202
13.38337003
8.951742373
11.07016358
9.795109617
10.42556669
10.44667538
9.778425532
7.355269834
23.68680086
9.557478194
14.62717175
14.61687397
10.33423322
10.06968151
9.723084263
5.525463492
10.34524659
10.00114588
6.271323465
12.66084887
7.911180505
10.85769742
12.75952754
8.553109547
11.82484922
9.36720737
17.95330914
7.554227706
7.351298331
4.718083006
5.239973904
4.833239176
8.771805684
2.353260873
9.446248524
2.524659311
9.512766425
6.47318878
18.96822235
4.216328584
10.26145277
4.456587034
9.755912809
5.160692902
4.287753188
4.575709583
2.628598103
8.11991366
4.577218179
8.432497227
1.584734659
7.125971963
7.17212957
6.084790928
4.550633978
9.718705102
4.831423921
6.860281582
3.319079064
8.292587075
6.026975533
7.722098005
5.546150257
8.522468475
5.788867089
6.501580018
5.695290298
3.972540766
4.766832958
1.825353045
7.171239119
16.57832479
11.50231137
16.76172182
15.61729569
9.946359995
7.663609379
6.766419749
11.75562561
23.90086155
7.06508976
11.29493291
12.67255015
23.05723655
4.078941394
7.910453695
6.122669738
8.059620502
5.395453421
8.174497792
3.174260973
9.126503835
21.06059323
23.5063668
5.234934679
6.783588098
6.895601239
10.0442881
15.45338247
7.839392064
6.61148129
9.3127039
2.671283261
6.261856812
9.023961001
6.644625189
1.060135748
4.743011086
5.27707167
9.6160761
9.948751286
7.158657447
8.48704654
10.74313482
12.39303764
23.06377533
5.520390816
8.430485918
4.852526342
4.166591008
6.816696037
4.532056844
8.282435971
4.623517034
5.920166966
7.197681573
9.105189181
8.391929978
9.759669676
6.805316265
12.20509372
10.7492394
6.549669269
5.130627738
14.00780377
15.9899975
5.747790869
10.46603719
9.016593705
8.970081335
13.35701769
10.05872525
6.519077338
5.594251236
4.716257705
7.012636
0.669706071
2.35579108
2.110651193
3.142526749
4.76864235
1.440045654
6.054749326
2.29166067
4.315591261
3.868994362
2.694688445
4.786334761
1.046089887
16.80197737
8.976509494
1.180725966
11.08289686
13.92989291
2.860056278
4.852796444
8.944476638
8.879143029
8.274155528
4.362140845
6.85754734
2.715099328
5.9466926
3.783897706
7.504660145
3.504263541
4.909579246
4.212255029
6.497252632
7.706445326
3.775913085
1.697275382
9.432489909
3.091434727
4.352163548
5.776211046
8.630502428
10.05816617
4.275259519
4.166493545
4.590583932
7.615832309
7.564603768
11.25746975
7.918138792
0.9394736706
7.901851153
8.295452719
14.01334816
12.54726509
6.647692054
8.968150518
11.86034462
7.223505417
7.028573781
11.96791065
15.75874327
14.76811884
9.468298014
7.938138472
5.686464662
9.072249881
13.2422774
11.53533882
16.68169292
15.90052498
5.148256145
9.327235423
5.54391582
2.874691321
12.92592204
7.575391815
9.257184221
11.99327749
3.38366517
4.870962355
3.224024658
4.591752797
12.01204895
11.87648412
7.841689603
5.684931358
2.626921788
4.093628305
7.723863365
4.31694781
7.842193968
10.93723737
7.961935853
7.092919289
4.410956376
3.228090355
7.160832237
3.155710413
5.418660484
1.897110875
1.46522255
3.131926476
6.840072667
1.626261494
4.898704508
10.10347489
4.173238214
2.938966784
3.335018904
6.060744038
4.096857916
2.065593016
6.377570586
19.3841096
6.214931592
8.051038338
6.08309687
5.512763989
6.015577146
2.471956225
3.282907858
4.826091263
9.777316689
11.39096214
3.154839059
1.15006983
10.0463713
4.351725083
3.773469923
3.261210477
0.836815239
14.13695929
7.969107789
7.601331514
5.665376212
3.896719347
9.201755698
16.6280695
22.8072332
5.538106268
10.53905369
9.14510706
3.840368629
7.111993378
7.325233258
6.133021683
7.624627639
11.01901382
6.836692935
18.05277606
11.44907031
3.611816903
4.904400552
12.81621599
26.56266443
4.899783788
3.300496455
7.647772796
5.922548426
6.282707515
8.949348616
0.8856862535
5.028096125
7.49399823
6.676289864
2.263108649
3.64667456
7.042286136
9.571717945
2.862065056
4.052501061
6.714601491
7.707705357
6.513272812
4.770798489
7.830249738
8.15974193
5.341953014
6.940363536
9.366664905
2.909774451
2.531220051
9.789900847
11.90185413
10.77345402
9.988130527
5.114483361
8.118663989
4.696781409
5.241930326
10.32936928
7.96625534
11.96824392
19.61939869
7.089782164
5.472669801
1.345978716
6.17679275
11.89461568
18.55418536
7.143209256
12.39370011
4.120711218
11.92847142
5.890313563
8.883080163
9.059584965
3.111461358
5.14307369
12.59277412
8.665148014
7.357189048
6.671819873
1.682041778
1.877756945
3.338420004
3.172125288
6.025315105
5.234083277
12.95226822
15.6278059
3.093372487
4.259224758
4.730057113
8.542461584
2.006257286
6.54242199
5.211138719
2.421267716
6.64759909
0.9107444946
3.021864392
6.133101994
4.619748596
1.072952557
4.461154557
5.505089599
11.99588011
5.62644657
10.09325049
7.030435407
3.224597659
3.515522224
3.556051429
0.9466762588
1.113942885
1.587160412
2.970362409
7.57769165
7.191386238
0.4045057205
10.30765698
3.709297008
0.9441630925
4.073969507
4.314815381
1.965589251
5.122943369
4.278991673
2.430970632
2.730169498
2.770015865
8.964615224
6.820050716
7.936923898
5.284183391
3.377165927
6.48102319
2.321065429
12.55737109
9.165519076
0.8857748514
10.77812577
4.257305197
4.6279528
5.351222049
2.688276566
4.295293599
3.360220561
2.461486518
6.630842082
3.22769572
6.360602343
3.838408731
6.777735238
7.343460757
7.21461118
5.135324353
6.073120618
3.970484391
5.719064611
11.03617521
5.332051162
3.09201737
4.246403356
4.982375319
6.508629396
6.779213722
3.269955805
6.300030484
0.9525414012
3.139156123
3.397174398
19.03756753
8.989068233
4.897510508
17.94113347
3.474279333
1.826445945
3.852685953
1.477889537
6.501905957
5.220884747
11.85124515
0.9419118628
4.338634301
3.802027262
2.68306889
1.917672798
8.905215654
7.869951746
7.236611023
0.9028380766
2.892520893
2.315907615
7.939434156
8.836539252
4.680132921
3.998217559
0.7781586042
0.7701105804
5.924395649
1.010465773
2.629969604
4.440175245
2.991879242
1.006157966
3.03943629
8.158427748
12.33735231
2.559822471
8.151247817
0.8445624738
2.07579727
4.705953752
5.86697367
6.063804916
5.390129729
6.305322168
2.98561413
3.781581544
6.158874482
3.255530272
4.202636787
1.256730842
5.517853723
5.544867976
9.885694906
7.249665255
7.909657269
4.983256561
6.797177822
5.059680761
9.060166097
7.361741181
3.530265172
5.005694577
7.516036643
4.009061663
4.208401143
5.076833764
2.20865103
4.238262036
4.594473157
8.605300311
9.804720611
5.485785071
8.639038139
5.825538289
0.9568127653
4.426287523
2.162493816
4.276677444
3.203172167
2.212555332
3.411253439
7.166710466
3.431174652
4.408168824
3.88233786
4.878486064
7.729454128
6.67334414
8.601514846
4.661356875
4.918125771
5.37198799
1.996571572
2.555873251
2.406043426
7.435106516
0.779402285
2.3748076
6.929069664
2.06645809
5.574658085
0.8095172322
4.661371629
0.7435143963
4.328003916
3.739272494
0.9990674243
1.319204019
2.682355181
1.957766156
2.526253376
0.3615597499
3.788905291
1.337074385
1.15681493
1.868267754
0.9108172575
0.8313648115
3.401511911
4.531804509
0.9256761165
2.994701751
1.022284106
0.6196550018
3.207894353
0.8532914245
1.312266867
11.52544003
1.995589183
10.36698934
0.5827426604
2.463623072
0.2919881768
3.470413007
1.164751766
4.509702969
5.165108301
9.2832376
5.008060454
0.5668217114
1.083869327
6.032099084
0.8834489334
3.813744274
0.9232691038
2.864326298
2.544676623
3.434833647
0.6134245791
2.450206693
4.236776501
5.243123059
1.613416348
2.321717598
8.586976708
1.489148608
0.7647989751
13.21053465
13.38774134
0.5902157558
1.123779587
1.855493898
3.094499222
0.4276246713
1.534854414
2.816235141
0.9768183408
5.628655391
4.105471251
0.4828245716
3.527047632
0.6600392984
3.263186646
0.4690706354
2.444871495
2.857685779
2.663530396
1.198105354
2.328267021
1.010193363
0.8689759695
6.428328946
1.205639538
0.7493292647
3.0633373
2.703280849
2.006292182
2.005964106
5.355636899
4.179209604
6.051566892
6.88108465
3.966864217
3.740263622
3.278913013
1.905234466
3.43669572
3.808265525
11.52121778
4.947077661
2.997072785
3.819072607
1.948177204
2.126670524
2.808724089
10.59980908
3.928255382
3.369951997
1.555744796
4.395364558
1.059386649
2.128100712
2.011541916
1.790973479
3.050615745
0.7175176495
2.841152669
0.988185479
0.5760555139
3.116055813
0.3767764704
0.6899107095
0.1703313194
0.6238325353
1.763155761
0.8147041408
3.129529132
6.791359287
0.8919246779
1.247663061
2.635316122
3.832493492
2.770727981
0.6990749061
6.528006139
6.201466513
7.588447231
9.266007798
1.971025914
0.733565246
0.7032182593
0.4193227996
5.110005024
0.42569168
2.002812505
2.52629996
2.492349071
0.359051522
5.278853671
3.099397914
6.94092498
5.038840934
2.287058545
3.8587637
7.264288751
5.582688958
2.555430594
0.8133673017
0.9100351528
4.793781038
3.991799568
1.9708316
0.4079361768
5.71638491
3.028484206
4.142483822
7.412092898
3.397045845
1.078148967
2.725136544
0.8368912299
1.103542634
2.783052394
0.6283986197
3.871434599
0.9350120995
3.011752041
3.779066836
4.569350111
1.231292626
1.935826662
1.013278608
2.638216531
0.444392621
0.6306898354
3.335571436
2.368183826
0.6710136835
1.153856746
8.695142222
7.116091672
6.194504265
3.053411091
4.43586236
8.964032648
1.696970716
0.5535361644
6.000083055
5.26775514
4.308203722
2.244018884
10.9353046
3.712316908
9.195754085
4.750726095
2.881452907
5.645945543
1.348728685
3.515830729
1.679389063
1.040587255
5.809072936
4.798322193
6.256620426
0.3879531116
5.805785386
4.234772821
2.081893079
6.477726876
2.000579298
4.036702173
7.042837386
0.9274681374
1.025698274
2.047568945
1.461044254
4.936439829
9.107608346
4.893160237
6.193137597
1.175185431
1.09946583
1.76768303
6.637645231
1.084683538
0.8300180265
0.9511911106
0.6063317699
4.546986198
4.132673821
2.242848384
1.673087555
3.390132638
1.307735793
0.4671233801
7.444179204
0.7763869229
3.427289971
0.3055363678
4.099177509
0.8392078649
1.077924749
2.565427753
3.177998581
5.088908338
0.6986547475
0.6819964235
1.604367099
2.206319092
0.6987672237
1.925949455
3.587086605
1.940605636
2.810053352
1.254657325
0.5297503007
2.246410822
3.459601715
6.930377726
4.020654113
3.678122288
0.8766108254
3.6985831
6.793149295
3.127697585
11.52934413
1.520797762
1.56329703
0.8607945262
0.2386198264
1.78034974
1.09676037
0.9252937087
0.4875005147
0.5062281347
2.250394274
3.480230602
2.741132797
0.6396514761
1.436734126
0.7212441252
1.103458628
1.189775727
4.147147726
1.438861068
5.331057356
1.249685367
4.675499097
2.263318566
4.629648165
1.383127821
0.7384225203
0.5581284851
3.364128426
1.228479989
2.689641716
1.454755063
8.043300206
3.271956836
7.02560936
0.8747554246
0.4241601277
0.5465398502
1.955513005
2.717774618
2.529317151
3.957067565
2.77365633
0.8908436853
3.482866757
0.4806006567
2.759076962
3.925564394
2.0050772
0.7008696959
5.059965769
1.924239711
4.090227805
0.5004265302
3.649897832
2.940414974
5.620980695
2.187066716
0.3410673683
4.61810527
0.4207623163
2.733714874
1.428769191
2.845316306
4.386523574
0.4171349036
0.5018962937
3.769032091
3.663484565
5.666712304
6.183315617
6.861635703
0.8944451887
8.383368199
4.037176159
7.534986405
8.974839877
7.341934253
7.224623571
8.468685753
11.24548633
1.880909741
2.540337931
2.664938993
2.786693875
12.01212101
2.33270118
6.818993509
4.12745465
4.400501703
6.260833738
3.805143629
4.459511795
1.47818983
4.530659882
0.9647799124
4.103189588
8.385277548
6.368403519
11.29049682
10.76865481
3.816014964
3.565643898
6.731627347
5.867903723
4.379365922
4.033759495
4.9448134
4.236704529
2.229527623
4.199735197
5.152743489
2.073700456
3.465834812
4.057450845
6.02538545
3.007671246
2.130671324
5.872297898
15.64478767
0.634262259
2.073056263
5.746303503
4.892931329
6.40195484
5.220748182
3.607411865
4.182444685
3.803978018
2.522503784
4.446542508
6.949287544
0.2141409944
0.7635951822
2.896994507
2.227035034
1.539190304
7.892604781
3.499795426
4.184565804
4.435128878
2.980397846
4.798149056
4.840766441
1.624914968
0.7577737905
2.088143545
2.699549402
8.375309633
1.897600217
1.686867261
2.840911038
0.7069837461
0.805443148
0.9654739985
3.013579669
3.225119385
6.924225456
0.5644554925
3.596775585
0.3701974898
1.744222814
6.26919471
3.303436733
5.267141601
0.3187104034
1.891963228
1.691428009
4.497535475
9.385340318
9.797952883
4.070766928
0.3592696896
3.156501937
1.946570987
0.4703783925
3.853924843
1.771147114
0.3357971936
0.4565222344
1.44516111
1.319479366
1.616196322
2.564196183
1.538960701
0.7722452015
0.5684030151
0.1509272262
0.7841624042
0.4984171891
0.2936450266
0.4446574737
2.959292859
0.4933688717
4.551948721
2.159327666
1.730811579
0.2873347434
0.4218648122
0.4872931585
10.45000591
0.4573125112
4.308640679
3.904101489
3.844912118
2.060238578
2.335438708
0.7267387032
3.426391814
1.754421865
0.4945981513
0.3242530367
3.06383364
0.8898573187
2.007650077
1.769060649
3.67568475
2.262371904
0.6714206562
0.4948456036
4.387029128
1.244778874
0.3644906887
4.368997225
2.185801095
3.340858376
0.7897953544
2.54790624
3.818590363
1.879740402
3.829551678
4.2531721
0.6595177333
3.699023492
1.461023033
5.154066583
3.202803382
2.721416558
0.2662098
5.118178924
0.5940839159
1.872604064
2.999731456
1.394399628
5.449062283
1.406489709
3.472237448
6.187432531
6.034125493
3.844003359
0.371832567
5.373745214
1.933032738
4.402805622
0.5413436649
2.415711284
0.3176708642
8.994513276
0.6433794428
0.4788054399
0.8142478468
1.87537429
4.519440278
3.573316312
3.419817767
5.850878081
5.41084727
0.715416654
0.2713149177
3.40376415
10.39748179
8.286390017
8.256540063
5.462372439
10.87731216
0.8016192415
2.347975114
0.2680882714
2.270046899
3.03596341
0.8017538027
0.705853537
4.096730442
0.9108509335
4.523358309
2.552640903
4.705384687
2.305327002
5.648907317
1.944296278
3.619154106
4.51415045
2.773552283
4.546989286
2.230876965
3.493470508
1.039848541
0.2646465658
0.2537656678
3.857230111
1.589831056
2.768754505
3.699739986
0.09218439725
2.155669512
4.132911343
6.466746117
1.29830332
0.9186092175
2.631914582
2.123139569
2.253227726
1.621418813
0.1407995369
3.204333864
0.7024769838
5.519910361
0.5385800977
4.46241742
4.870876236
0.7248006153
0.614829199
2.261542343
1.37113373
2.703238674
6.31214342
3.424846755
1.581706894
4.28339553
2.986491215
3.797825198
7.281115033
2.589682727
5.098492869
5.797904612
4.17093844
4.060434523
3.983084554
1.925401782
3.592977725
4.293810147
5.696534698
2.523905135
3.133867742
3.474730478
7.11609035
10.43678372
0.8392109438
1.955042313
0.5831740003
5.030093701
2.123501986
6.87151266
7.410215158
4.580186697
2.353122383
2.63770888
3.945559135
4.954528436
7.440358518
4.970140768
1.921572847
5.103181936
2.306455434
4.425160994
0.8739682632
4.401332024
3.938048324
5.109191598
1.185636789
5.167933493
2.480076028
4.761380779
1.987522067
5.101024381
7.318883081
1.949353255
4.315179559
0.8394141854
0.5911955724
0.4592385299
0.502860886
1.261495447
2.666600704
7.302499664
4.231840557
3.946336167
2.00631844
7.605929966
0.4661099577
5.035783522
1.106935994
4.520051531
3.023967826
3.187006499
0.7388297416
3.410559317
4.700928076
7.445876754
0.5638924585
4.878430527
2.111911316
2.899253998
2.09563554
6.303671799
5.997972017
1.119146363
3.708406949
6.48542295
7.448794382
1.857985562
6.039372149
6.163956082
1.76235336
3.299705812
4.816019899
5.192304623
3.972874272
0.9233993826
2.324676253
0.04836389199
0.1206064714
3.675448399
1.774285937
0.8894563516
2.476652114
3.778889869
1.046362737
2.048197566
0.3458599471
1.414374193
9.164946711
3.296004346
0.2250178136
0.1671602645
1.842631376
1.700429018
5.781498831
3.338169126
4.292598079
0.4995939286
0.8977215755
5.808922291
1.694353459
2.248971885
5.544123788
2.521072877
0.1768619406
2.058976073
0.3475334492
2.456165126
2.009734844
4.198130859
1.410844015
1.471156573
6.991853679
5.61290754
6.140153582
8.768051885e-08
0.3289436966
1.887366537
0.4849791614
3.551232617
2.279893875
0.3017498086
0.4987332015
3.986249332
1.65687364
3.811570257
0.4143804956
1.122464343
0.3147955987
1.253200702
5.106001226
4.240780296
0.1748841733
3.15375705
1.746438321
5.131786463
0.2251362973
0.8519876279
0.4188411931
0.548233071
1.752764465
1.661650489
0.6050060332
2.212218337
2.020541713
4.619227989
0.6906491785
0.8440946316
1.945773002
1.652711298
4.165291312
3.289880499
3.085707881
2.249415495
4.288524666
6.268541006
0.4892353253
1.163282666
0.2089378085
2.182164979
0.9528845572
0.07956457996
2.181419078
1.649806867
0.1958542943
0.1265619275
0.3653200475
0.5828850679
1.703453644
3.116403342
2.803594736
2.90572044
1.785932157
0.7012120682
0.1155953452
0.3959372732
2.030384977
1.748540211
0.2654333101
3.453732423
4.635405041
3.006196012
1.656479047
1.667320797
2.326809812
1.092470203
0.5882669283
1.643560681
0.4750751989
0.1656852923
2.526335489
0.6118182543
0.2889888811
0.2596304654
0.2728859537
0.3335452277
0.7375758383
2.332114927
3.77764963
0.5691698196
0.5478941023
0.9767038207
1.522132529
2.139413465
3.366061846
1.961365057
2.169016507
0.6096833738
1.866589894
3.73839919
3.370606175
1.543957726
5.495001187
2.543180651
6.568034245
5.153114424
0.1826758507
2.192791654
7.561162511
7.670222772
3.787242572
0.5549869784
2.918566391
6.553338422
0.3209918352
1.888378603
4.353081812
2.016757357
2.114303154
0.422985695
2.309550635
2.990865982
2.263118087
4.000639559
0.175449706
0.7408221841
7.314045226
8.045546888
5.086736107
0.2987795706
1.467948244
3.298379482
4.178900304
2.247471626
0.4669184856
3.037429564
0.6730345405
1.967364034
0.4919726315
2.170502112
1.342453459
2.497665128
5.916066568
4.29982892
4.163878402
3.293544423
0.6802521836
1.703451446
1.511573176
4.108346411
2.342789275
0.4788711103
0.3491523058
0.5022117141
3.552889714
2.481501609
0.3057104321
4.269063976
3.184685052
1.309798023
2.096981037
4.70254643
4.200713614
1.753054152
2.846683872
4.138963169
2.731643015
4.488169937
0.7870559388
0.2921073538
1.933713007
1.435167511
0.9157674028
0.05981730253
1.872769486
3.651669615
1.644195869
0.1940401245
0.3743372357
1.041450283
0.1428001474
0.2437697859
0.4514900226
1.694869725
0.6827774382
0.7046914453
0.3631238115
1.924481852
0.1924893473
0.5121081449
0.4908077159
0.3630596836
0.2617303073
0.4013266355
2.187946667
6.245509849
1.977377309
0.2425492938
1.414884325
0.6011011456
1.118158922
3.730443192
1.716886189
1.814896958
0.4489786462
0.3908691923
2.075643816
0.4491467075
0.9420922328
0.7269019006
0.7641025235
0.9752062543
2.124529978
0.663993915
0.2651991047
0.3277637407
0.1786375239
0.5014897339
0.749388218
0.2540854651
0.07541683429
0.09286391674
0.3970780574
0.9659669297
0.3487202274
2.473119529
0.3505495893
0.6197154812
0.2667717876
0.5850547786
1.960828392
3.269009433
0.148828138
0.5675290335
2.174711946
0.2681667793
0.4158958842
0.4361094947
0.1328785551
0.1908508064
2.939221196
0.4965150254
2.379984002
2.593408139
4.50307174
1.74950985
4.130630035
2.52202154
2.918471158
4.879512131
0.3653478577
0.6546985157
0.4133244401
0.4727824789
0.1665038393
0.5271961442
2.439821106
0.06575204468
0.5105339523
0.0709406904
0.05872300121
0.2581945552
0.3419482143
0.00084474999
0.6430148725
0.1174850464
1.35289801
1.507251352e-05
2.27111779
1.408184322
0.6634804465
3.208958315
3.767400423
0.1543413149
0.1009917764
0.002704698747
0.004923893011
1.674795417
0.3173233173
2.483235825
0.2851194379
4.107508065
0.0001529568609
5.377876401
1.305657289
2.487520219
2.29620491
2.088111148e-05
0.2193200856
0.2280508062
0.0001154690339
5.840589421
0.09125717941
0.8598506285
2.256075229
0.09631384687
4.839941334e-05
2.726952546
2.121783739
0.07444736391
0.07010636081
0.331851717
0.1648106492
1.894800308
0.1384622627
1.65864561
1.510483388
0.1577282414
0.4687300496
2.471471342
1.733215234
0.3616458296
1.465523609
1.454605792
5.777189108
1.971820719
4.94217968
0.1163394503
0.4176893406
0.495759031
0.3154399671
0.721437659
2.232082595
0.3319547107
0.6367381503
0.6122064402
5.963238281
0.4169461222
1.650723813
0.1061405458
0.3301929859
2.30020322
4.809538648
7.976573154
2.176651465
4.299084156
0.2825996864
1.345526214
3.044143331
6.684390463
1.446731512
2.731617785
4.491154501
1.543005746
1.535092702
5.123708739
2.128601647
1.177411041
0.3175804638
3.771022434
0.08042223432
0.05036995185
10.90923009
0.2111553299
2.467408545
0.09528268434
1.147912852
1.327877113
3.036102777
3.421885304
1.75574333
0.3936290122
1.545733472
0.5554684117
1.329329033
2.207715104
0.2892211427
1.828587671
3.268585111
2.9028494
0.13322361
0.3414246449
0.4796051595
2.49933979
0.221385124
0.1461238546
0.1998267505
2.740888468
0.2750511778
0.01635670375
0.03227276085
2.827800417
0.1786716108
0
0.2637950711
0.05820543417
2.745605891
1.888775864e-05
4.183260039
2.283474733
5.163473329
5.44706865
0.9995262283
1.709912799
4.404177794
5.732639198
4.497255975
4.460424121
3.980966645
3.435170411
3.076614623
1.658015984
0.472756242
0.6921849252
1.832487856
1.373526621
1.539990424
1.258372185
2.969691672
0.5368142074
0.2438773859
0.4856304071
0.4450477939
0.4744123592
3.107486076
2.151976697
11.12424421
0.4208550893
12.15793101
3.702700587
0.156553493
1.663971053
7.024665645
8.062682225
2.854325606
3.853247122
0.2563123134
2.792779155
0.202644876
4.081063387
0.3668320258
2.300909495
0.06679812865
0.223203678
0.1097269818
0.212397637
0.3677020508
1.300939097
0.09507228383
0.2572508957
6.290957464
3.358313759
3.735653599
2.08352849
2.490867008
0.08564391897
4.913308792
0.1271209735
2.854772718
1.413847074
1.297930419
0.4930822765
4.543852515
0.1621168839
0.8300075725
4.809973365
0
2.066221009
1.18777541e-06
3.898104842
1.719721439
1.143401814
3.420574479
0.2222630982
0.09454584705
0.2520407796
12.06938187
0.2138619865
2.334829762
3.472068277
0.200268697
0.4435010207
0.05558178322
4.237972431
4.795958045
0.1299597066
1.491163047
1.500288128
4.711489166
0.953007586
2.421818054
0.2463293192
0.121154113
0.3380186789
0.06948610574
4.919679818
0.3974539618
2.281376567
1.533238681
0.2982488573
2.752810566
5.014248387
1.145729996
1.944844416
0.1378024437
0.0008615973495
2.30536948
2.041007134
1.867443508
1.564585022
0.0428488665
0.1971948771
0.5561324559
0.531824299
1.903536875
3.443756273
0.09112046871
1.411822854
2.955133197
1.588880096
2.970398064
5.565976124
1.771469495
1.928809941
0.1489683893
1.862299404
1.643068493
1.760164526
1.808000017
0.1002070986
0.462944619
0.03574694281
0.1701530374
0.4412043423
0.05578206605
0.3395613724
0.0755420098
1.909349283
3.23140338
4.428152165
3.282499318
0.2546721705
0.2715393691
0
0.0316482364
0.05020161475
2.323423503
0.5721032259
0.0151026653
1.041929136e-05
0.0002216186892
0.185352264
0.5192986099
0.0001808090213
0.1084707085
3.382888281e-08
0.201670028
0.07864037433
0.0004055433437
2.18711757e-05
0.2284885723
0.2582868375
0.509414634
0.2878685522
1.337926624
2.426886405
3.215515396
0.4006473759
0.05221871388
0.2224078528
0.07754456408
0.306024757
1.351961539
0.3814075882
0.2428332221
0.198127109
0.9346166711
1.585387767
5.550768872
0.1826456702
0.007378693049
0.08476365755
0.4962850622
1.606778471
0.08136043046
0.006515841133
0
0.133461352
0.02770071726
0.03719050487
0.0110324732
0.0992402957
0.2071935226
0.07294989237
1.764385362
0.1091180166
0.1117328885
0.1246203168
0.1249317915
2.623728482
0.1324226665
0.04153497247
2.628801266
0.0110837316
0
1.698826686
1.112017819
0.03088982986
0.05419969918
0.1501984966
2.767673622
6.574919569
0.1413318595
0.09311726648
0.06058839828
0.1422483429
1.948388407
2.218471231
0.01955298037
1.601494115
0.1435555752
2.837549939
1.992444878
0.002876938008
1.385267123
3.278535362
0.001158844797
2.96659088
2.764804634
5.552597792
0.1411143771
3.785090485e-06
0.2693088612
0.1218445677
0.01092063778
3.793868661
1.395935354
1.528822639
0.04647468712
0.02884009137
4.617265923
1.982612252
0.2836931258
0.1216373111
3.372944994
2.310413724
0.0114092698
1.490056362
0.08410226323
1.609535709
0.1253314146
2.679140292
0.1434784951
2.222469848
0.0008703837746
2.152958096
0.08333636209
0.1658450932
0.1992744444
0.9686682914
0.08680595534
0.1765148345
0.4000736944
12.24720097
0.2976750436
4.065502117
0
0.05420825095
0.1666706032
0.1502885066
0.0134629244
3.410423923
0.0982858738
0.0914124108
0.4287100311
0.4203737241
0.1448800685
0.4480765618
2.760525683e-05
2.448488453
0
3.763834564
2.340628973
0.06832935282
0.2364315057
1.777904418
1.872734189
2.089482953
1.789766068
1.654512209
0
1.55861244
0.158797338
4.094453384
5.290391132
0.2008619384
1.289791747
3.031938112
3.799808429
0.2011613883
0.01659390161
0.03649895719
2.946387271
1.829677905
1.875986572
0.8916121749
8.799403899
12.22402058
8.103343991
11.73449688
2.859997731
1.475375699
0.07008594188
0.07493308713
2.404503394
0.2158761511
0.08603213515
0.07105622165
0.08911952647
0
0.2995197696
2.080430843
0.3824338134
0.1656871298
0.2881496275
1.94496348
0.2683948797
0.09812151782
1.140289614
1.982826434
2.229524198
0.1102076801
1.250602281e-06
0.0001391736636
1.483200975
1.313967427
1.333686375
4.45490408
7.377529381
0.1567409553
0.1962582096
0
1.053909656
1.515305712e-07
0.005341457129
4.862764859
0
6.122370739
4.513130588
2.583903224
0
1.734138537
0.2454972214
0.116957182
1.477848286e-06
0.2764387278
1.177198822
3.374817794
0.0006486766439
0.1521314879
0.07286878611
0.2283819418
0.1355179381
3.021677741
4.618463746
0.0352449927
0.00111287378
0.02339383169
0.06566644943
0.04279962934
0.04399355052
0.1427969135
0.3943461693
0
0.04050056464
0
0.01562891748
0.08427792514
0.185909553
0.06617801309
0.3618662755
0.1078173077
0.1364122977
0.005792226034
0
1.457040071e-07
0.02417768104
0.1712127504
0.9723828255
1.607588426
0.146260525
3.789103481
1.386541819
2.351120542
0.1857366638
0.4331234734
0.1340222385
0.3052917808
0.283132632
0.1408325408
0.04641250305
1.016410888
0.4511508648
0
0.0806079419
2.281778108
0.1994487023
2.0733187
0
0.9727950711
0.1654244273
0
2.234191628
0.2493810598
0.05098741842
1.598070086
1.622135856
1.51145342
0
1.303951521
0.002495059974
2.890442667
3.34152508
0.06945367848
6.85130548
0.6221035399
3.038884906
7.189129406e-06
1.301638503
1.252209279
0.1665582281
1.492510922
3.391701149
0.04732187814
1.160473611
1.32751664
0.1753270265
0.04727189424
0
0.2692715621
0.04502743515
2.729206498
0.2248423687
0.06394477785
0.1806386535
0.07942733779
0.06775281035
1.27566575
0.320751712
0.2338526166
0.6914929563
2.38347324
0.1199446727
0.1504679888
0.2075326867
1.346806407
0.05483053962
0.1131714108
0.7649651949
2.695457411
0.04548660812
0.1226022923
0.09911648753
1.967344235
0.3198573699
0.3782327672
0.2476641074
0.06288128205
1.848639145
0.3693796262
0
2.836299765
0.1862201016
1.30368164
0.1983974715
1.626603534
0.1346555623
1.84481625
2.350649213
0.3328455823
2.869358592
0.06451719069
1.713461663
1.533222731
0.2168520107
0.551696131
4.952554427
2.065858015
2.061443998
0.1452626292
0.9710274675
0.8275278758
