#################################### 
# Matrix Size= (25,25,400)
# Resol      = (1,1,4000)
# VoxelSize  = (25,25,0.1)
# nbVal      = 4000
#################################### 
4684.081051
3754.62601
4428.590595
4133.172437
3836.47756
3909.983404
4172.976962
4947.750948
4627.546698
4840.777226
4225.356199
4557.719105
4219.901416
5557.114715
4396.022605
4139.907833
4848.263135
4435.959871
5953.226138
4335.417377
4630.715484
4697.164772
5195.282167
4566.515802
5419.892655
4327.843713
4230.845818
5059.322421
4291.045514
5055.842725
5121.689925
4030.250031
3971.33816
3892.290429
4885.275468
4178.171909
5171.369028
5156.406165
4525.753533
6195.590937
4642.817733
5010.594042
4687.73475
4518.824869
4758.834776
4623.371098
4500.049902
4905.594836
5048.789814
5584.433356
4442.677655
4201.354746
4018.784563
5043.216297
4471.920468
4419.110641
4225.596543
5555.59028
5234.339936
6228.400267
5823.543223
4653.119703
4109.445441
4413.974838
5105.253007
4750.677438
4755.334881
4603.76305
4995.884767
4875.578083
5381.533823
4957.214079
5191.838522
4391.16868
4808.030848
4521.741399
4179.985155
5313.082307
4497.300293
4984.643264
4613.960978
5199.496077
4740.026913
4850.648651
5372.327377
4769.142371
5437.122863
4580.541904
4923.491854
5032.473545
4565.647936
5912.829599
5494.572329
4365.8447
4275.85738
4242.689361
4737.567214
7297.224736
5468.484777
4763.712238
4495.667709
4616.211106
5151.074758
4433.085816
5717.383491
4862.884807
4831.217111
4964.419152
4602.012038
5240.730037
4515.753668
4581.377717
4614.666577
5159.087637
5167.257467
4810.997907
4951.941797
4838.017344
5028.592157
4623.302018
5541.928402
5729.475942
5172.583627
4697.516587
4807.036517
4549.77986
5298.17262
4570.320837
5597.985856
5362.089808
4824.718129
5210.791231
5082.86159
4990.884952
5738.95147
5403.404203
5033.429323
5159.223012
5734.392575
4972.079938
5287.180775
4609.681122
5052.378613
4967.838798
5274.728083
4959.2732
4301.619277
4610.316376
4720.42124
4546.384124
5208.729498
5830.898351
5486.237226
5556.992385
5118.563311
6629.167156
5095.588232
4888.773214
5379.721394
5160.327201
4655.412067
4894.474575
4761.550069
4690.148391
5897.003227
4820.940167
4881.125688
5328.865318
4637.597573
5026.443955
5121.486453
5327.128046
5324.464973
6444.802464
5731.975916
6100.723318
5124.200155
5212.617922
4956.452718
5449.754899
4897.232502
5255.455938
4862.196291
6890.672367
5128.722627
6112.053146
6411.836029
5068.207191
5518.929176
6238.795752
5776.687792
5611.441196
5363.944882
5382.081662
5071.835934
4939.152268
4698.774528
5319.226751
5889.120908
5182.500877
5388.949342
4816.384902
5060.173407
4768.415479
5525.628249
6495.57774
5487.660325
5196.301867
7257.788318
6145.653714
5078.407977
5841.622058
5455.723914
5334.447821
5253.192967
5879.129814
5004.753682
6533.993497
5050.683886
5400.56955
5000.411363
5976.442904
5432.347086
6590.160683
5479.687249
6051.148084
5271.425262
5604.436606
5880.577866
5184.126576
5234.250034
5557.513271
5505.234827
7313.111679
7301.740117
6178.012293
5171.468128
5589.12366
5171.255504
5160.679667
5591.755394
6132.861645
5511.07457
5561.927116
6163.504697
6204.412011
6136.214145
5673.901391
5446.475295
5493.394881
5115.698186
5249.334194
5612.340699
6517.978175
5229.791396
5780.345199
5304.189505
5413.484651
5698.025786
4820.525151
5337.284934
5298.171017
6570.342309
5548.37234
5824.550061
6854.154824
5073.80986
6891.01059
5807.001206
5101.802531
5384.9035
5510.698519
5809.480214
5494.211524
5647.596643
5731.862803
6133.590462
6815.978077
6733.596778
5375.857451
5424.37752
6475.183602
6908.786274
5647.791701
5741.601543
6227.734522
6794.64023
5444.136314
5349.347517
5952.603152
6042.455482
5210.714921
5612.308829
5476.244185
5662.284579
6362.426106
5610.383375
5012.47171
5388.957878
5925.068969
5981.05296
5598.883381
5529.577766
5584.468856
5826.14445
6099.182262
5969.665597
5723.543547
7463.642938
6054.535692
5575.244099
5970.502901
5807.830296
6636.367875
5856.172788
5575.607073
5643.160217
5263.853212
5514.926558
6233.265384
5252.421631
5502.781409
5180.780144
6209.091931
6438.116899
5835.688215
5637.630543
6815.916874
5268.355715
5542.611558
6408.228172
6067.459526
5588.223544
5800.327645
5798.752481
6349.846239
5812.836132
6663.071359
6072.769332
7142.689723
6309.179673
5751.781043
6120.747894
6225.964449
5769.832435
5779.144848
6173.039372
7268.570156
5886.35019
5286.115461
5425.124216
5419.584206
5430.060012
6874.15386
6025.133709
5596.283427
5642.408401
5640.31869
5684.673148
6089.57898
5832.887277
5981.113111
6058.67197
6242.496946
6059.095178
7450.657626
6195.249027
6641.309999
5538.00175
6137.859359
6278.776595
7348.695314
5712.766255
5491.246472
6019.807661
7307.669666
5908.069701
5602.931524
5715.355588
6611.809843
5889.520473
6077.399327
6049.479776
6806.326309
5504.774964
5878.861173
6695.172348
5830.265885
6343.821768
6124.277149
5434.453114
6561.471894
6962.04477
6937.159979
6600.056658
6463.42297
6131.863839
5567.810418
5855.193181
6807.759061
5988.614275
6637.283562
7060.505484
6091.52922
6388.305311
6367.567968
6551.153644
6403.510827
6073.683392
7242.691527
6051.183407
6110.181067
6040.085587
6081.95657
5956.139663
6638.377948
6900.771132
6749.625428
6548.055141
6617.651401
7218.016768
6799.128925
6938.49788
5884.920541
6557.508663
9600.717966
5822.93979
6065.688471
6792.815757
6234.719875
5838.901118
6414.045161
6483.007762
6378.434318
6107.113799
6607.557558
6216.386431
7193.237944
7162.758647
6147.523254
6497.292409
6731.802935
6228.484132
6059.129106
6683.071509
6359.082164
6628.697054
6506.514169
7304.908652
6026.416148
7377.160549
6777.884168
6690.968912
6790.520657
6155.866512
6011.287845
6608.749346
6720.896944
6119.820176
5722.994154
6638.955955
6639.406951
6005.856471
7455.598163
6949.129123
6290.147516
7395.511157
6314.452658
6295.274257
6079.461423
6912.314353
7970.37454
6665.520619
6726.020277
6181.160392
6133.190965
7317.055508
7053.685177
6912.860364
7326.951678
6761.489124
8292.955868
6752.271882
5841.206769
7226.055029
6843.601022
6721.609787
7232.139974
7904.090786
6936.01313
6176.720166
7541.33176
6713.224475
6378.364973
6482.447194
6696.8706
6901.755178
6372.738166
7536.976488
6648.498919
7172.729971
7229.39655
7069.894362
6820.659456
6574.44768
7378.555256
6581.533672
6609.352383
6218.193442
7170.001075
7465.074996
7342.600675
6759.224389
7315.368243
7059.256469
6434.319438
6780.737751
6991.012028
7201.895773
6512.270138
6267.889443
7528.43591
7316.577852
7931.410517
7152.745208
6606.407297
7438.815993
7056.207095
6999.480936
6609.257202
6661.862123
6683.55759
7151.344341
7313.993187
6845.371066
6491.126413
7205.995801
6697.458213
7123.368749
6969.223869
9019.961086
6856.920442
7042.416872
6931.479411
7687.920837
6326.138321
7489.147297
6415.988738
7836.636708
7191.890399
6602.538757
6922.530757
6621.409249
6699.73945
6557.608218
6618.037514
7167.395595
6797.359504
7092.437613
7431.82076
7986.675432
7599.479577
6740.917149
7183.60178
6645.299711
7138.34306
6824.588824
6688.069958
7177.803841
7469.769629
7132.404146
6651.030058
7094.851962
6905.392065
7465.584431
8324.783428
7526.277658
7373.176916
6594.944625
6790.860885
6762.711896
7496.929182
7131.454494
7857.593356
7507.265225
7345.816809
7199.313881
6925.679315
6925.665992
6766.760595
7343.480434
6878.33243
6843.30025
6682.988655
7712.636367
7526.126971
8595.292962
7211.577182
7202.222339
8123.442198
7095.782327
6594.118452
6873.77039
7138.675698
7589.12601
7361.799154
7563.306051
6731.159275
7134.326608
7206.370117
7436.82456
7213.05784
7037.743336
7187.605923
7558.894047
8257.818605
7534.960654
7431.064619
7774.753
6831.253149
7497.646008
8175.655438
7964.573689
7742.96798
8141.326799
7519.171717
7058.596661
7333.550891
8057.619902
7228.603994
7194.121431
7437.045448
7955.179658
7629.040805
7541.591513
7523.714371
7168.380721
7205.21211
6783.231053
7579.268294
7219.112201
7422.968121
8516.400972
7604.343017
8287.593257
8160.659136
7512.578359
7537.192067
7182.615299
7613.599275
7551.786573
9359.507703
7991.669143
8847.534564
7868.740005
7206.54011
8363.37854
9837.074876
7744.805831
7985.323064
9107.892944
7463.968593
7678.681398
7409.594605
7255.395955
7678.216254
7672.695905
7742.108567
8392.000421
7643.084134
7462.656114
7494.553745
8175.841095
7873.812777
9386.639578
7746.221269
9033.125688
7592.591995
7538.718293
8459.113984
7664.620459
8994.483639
7647.188112
7839.033133
7983.950411
7769.898287
7504.07896
8202.106505
8526.473479
7665.443666
8248.792284
8207.569694
7695.636834
8259.455573
8171.111369
7563.415334
7696.27684
7423.952848
8393.409228
8526.391102
8224.771631
8739.763996
9101.888443
8285.704467
8777.395374
8190.667055
8012.047758
8379.002672
9222.749752
8171.191857
8167.472192
7877.968976
8709.198753
8373.566167
8426.145618
7621.230013
7925.746597
8183.664961
8621.571909
8075.353986
8871.283343
9019.113978
8683.735585
9592.401433
8753.633115
9121.593255
8700.396064
8152.613634
9394.837327
8229.384053
8606.796172
9982.665984
8582.369858
8440.258915
8413.785343
7958.956995
8565.277359
9125.819369
8250.117461
8596.160068
9156.963415
9555.158801
8669.853232
9085.035276
9439.455656
8745.819745
8504.502104
8987.790918
9371.691905
8705.72634
8618.484388
8667.687804
8448.236296
8332.004475
9358.531686
8818.740068
8670.12137
8268.592443
8616.401226
8491.261777
8870.897691
8984.473122
9292.117056
8963.794813
8820.12728
9267.422917
10756.39448
8950.072892
9223.447196
9868.175496
8660.642453
8879.987917
8923.162278
9274.100861
9031.055398
8677.997052
9655.057421
9595.816712
10016.33005
9016.487817
8932.596226
9140.230653
9011.527995
9233.487256
9283.498196
9344.047487
8938.950386
9333.326225
8585.564705
8808.321294
8910.579692
9061.187128
9071.622447
9328.927035
9273.229422
11110.85808
9247.392765
9387.092134
9889.778015
9757.011061
9154.334063
9758.009199
10683.2832
9040.072034
9325.877839
9015.590168
9517.34552
10169.08082
9846.688515
9245.27711
10259.8954
10843.2558
9312.877578
9676.862359
9392.344446
9549.549781
9379.954964
9860.399719
9659.673559
9765.309086
9640.881081
9910.824366
9616.084949
9977.846929
9966.787832
9758.975783
10217.53278
9945.069015
10341.42545
9690.00952
10615.81731
9701.214169
10200.24517
10243.72879
10177.65307
9620.507057
9957.082985
9938.19661
9858.563354
10058.59223
10448.75006
10005.8883
10167.00557
10663.77012
9713.21387
9730.517404
10329.88808
9673.706437
9706.972014
10115.24528
9981.730345
10472.92385
9736.096421
10129.63214
10622.69516
10258.99859
10280.49542
10118.04551
9990.519802
10231.66948
10281.8842
11392.1752
10950.15949
10459.30523
11189.62869
11007.00861
10479.4226
10631.68651
10422.39632
11021.01901
10639.15435
10749.67242
10648.71258
11395.90556
11230.98139
11535.36748
11087.432
10618.76376
10053.24534
10307.73624
11222.90393
10771.11815
10890.0342
11446.80922
12466.93164
10531.58875
11811.87062
11195.28685
10945.49806
11272.59846
11039.0258
11312.56521
11395.13425
11088.56708
11345.39247
10952.0126
11273.44569
11407.85909
11288.80217
11322.53949
11386.9031
11315.37231
12067.51906
11376.33809
11475.70709
11641.51098
12447.15281
14172.59868
11513.9734
12087.28777
11562.60527
11492.20442
11842.34419
12057.46512
11851.25059
11753.66229
11879.69774
12217.59583
11975.27544
12076.16169
11748.03646
11811.81652
11783.50935
11753.56297
13114.05294
13069.14129
12613.01355
12403.65813
12264.54877
14549.53892
12415.54548
12425.82089
12953.95116
12440.57224
12282.22937
12261.31604
12616.33657
12892.35827
12823.05342
13053.77494
13092.06573
14216.33349
12726.83244
13264.95631
12652.38888
13532.08108
13176.40304
12539.63724
13023.62807
12906.91281
13959.57386
13159.16007
12865.8009
13295.69037
12889.46548
14474.17699
13794.39218
12888.37334
13844.25716
12719.12986
13258.28186
13031.01849
14141.75673
13166.36627
13139.93213
14248.89001
12835.20726
13276.45773
14595.97333
13948.75701
15078.16268
13646.69922
14032.15608
13804.92112
13967.9925
14423.35285
14037.07572
13526.67234
13616.30487
14180.30043
14901.09905
14050.46412
15123.45513
14636.5935
14062.15792
14590.80341
14598.77457
14660.40773
13978.68388
14239.05435
14116.46082
14809.33721
14935.87658
14552.2155
16230.90262
14809.09546
14586.68328
14997.64605
14774.05074
15905.25708
15441.31714
14965.0318
15473.39092
16027.68331
16012.00747
15968.50335
15220.77551
15566.86907
15624.33229
16550.33202
15383.75973
15990.79599
16369.53797
15659.16757
15730.55071
15792.70394
16035.95383
16928.02649
17905.09494
16730.43607
16275.87775
17738.37108
17236.53333
16526.08491
16918.10486
17457.51272
17659.53344
16439.86445
17394.5233
16616.03482
16632.7406
17020.2565
17168.18257
17634.61529
18016.40422
17333.24209
17373.7545
17753.932
18127.8647
17904.7094
18205.19873
18217.6305
18065.96643
19061.01385
18278.45423
19254.3608
18652.34236
19030.27163
19196.86986
18697.94309
18571.47968
19937.52614
20148.77535
19638.98055
19908.34393
19631.30068
20262.27079
19507.64945
19974.36409
20905.8427
20691.674
20411.6058
20543.52739
20919.3458
21136.01574
21438.15786
21742.60651
20978.84361
22542.28879
21437.63876
22285.9097
21581.96408
22440.85835
21645.29391
22428.79761
21918.19329
22380.76725
22929.00463
22885.30625
22679.97819
23289.71778
22545.63721
22549.72568
23280.20771
23249.30986
23857.72989
23893.58087
23556.45838
24628.79571
24084.89218
24114.68026
24560.60454
24611.39319
25249.01691
25362.83666
26245.73341
24815.11342
24835.8513
25289.9037
24853.11413
25339.56439
24909.56098
26630.39467
26339.15256
26841.57513
26851.12107
27091.4756
27449.78438
27763.28162
27180.76788
28710.7754
27582.83132
28333.10323
28975.94588
29668.12418
28661.70413
29461.79341
29292.98696
29041.31591
30896.67405
29401.6718
29084.38679
30228.90382
30877.56693
30527.27503
30643.41463
31785.05776
31464.126
32624.61966
32383.28302
32485.40754
32994.30112
33624.87906
33934.69265
33031.02042
34495.11935
34522.66532
34368.26626
35877.25933
36157.84442
36184.82287
36351.10803
37373.86749
36560.88346
37220.85439
36883.14707
37915.20991
38285.18283
38306.78578
39144.69489
39474.94421
39559.52433
39953.90328
40765.71063
40863.14528
42136.51439
42589.79692
43493.82246
43659.70547
42901.72414
43914.18797
44141.24963
45966.08843
44753.09894
45085.80913
45420.34236
47431.17946
47324.41326
47625.06801
47353.7066
48724.6866
49594.54921
49584.23324
48895.92608
49994.35959
51776.15625
50696.19507
52252.47672
51876.09583
52598.00275
52718.70063
53242.66994
53844.72129
54638.29411
54806.66554
54529.15242
54836.03578
55714.58221
55186.05676
56465.03229
57096.89199
55926.47731
56389.76986
57269.34836
58034.90999
57968.93102
56971.63299
57963.83336
57296.35343
56389.06831
56999.27155
56355.97113
56547.32462
56784.92139
56402.19706
56549.40409
55837.12961
55465.36952
56723.09168
55173.17203
54415.68444
54929.915
53358.37917
53425.97854
53237.02472
51944.09237
51380.86185
50386.98862
49630.56828
49558.64231
47565.6037
46404.94348
45763.35778
44831.78808
43976.89009
42274.0761
42033.03046
40574.70652
39268.39656
38240.32921
36491.11708
36198.0705
34990.71592
33053.68674
32212.11946
30306.39878
29374.83285
28229.66845
26782.14405
25396.31955
24835.04844
23839.34235
22046.86475
21216.74063
19949.68412
18761.92721
17310.63948
16665.7096
15459.3321
14432.53984
13636.30461
12767.22459
11510.17377
11606.71453
10252.54512
9375.797214
8762.106171
7718.026745
7429.670262
6621.530279
6346.451805
5953.478275
5158.834648
4911.760255
4280.305791
3955.572535
3421.413264
3195.578178
2902.6826
2466.527963
2314.007049
2312.849398
2543.903586
1738.759649
1639.228668
1231.725549
1091.09608
1062.590642
819.1889021
729.3376961
709.0564615
703.9340283
496.2146393
534.6984015
412.98459
384.4128357
267.2657754
295.6220146
290.1744254
276.2651079
211.7039841
297.4305904
189.7293368
138.8886889
115.3065512
88.99215304
116.4025411
82.27959536
92.33608879
60.46509193
72.72240147
79.30898536
41.428635
134.5564397
34.09794484
17.81439526
33.25242738
19.44404462
13.94993183
21.87983996
20.93567201
27.29521055
28.36364483
24.067017
43.048808
25.31229105
18.61022408
14.52036322
81.31863234
103.1419321
12.13819914
35.68126328
15.93699169
23.35454638
19.72903774
104.1015564
29.59820001
36.47808767
3.901450502
24.28753995
41.34281084
21.98286834
21.15368843
4.459041461
31.13822101
46.75630149
20.04014797
17.05221683
73.73055304
28.08728783
39.49325315
54.2425991
22.17975123
28.85786957
8.056554992
4.826033708
18.69573992
19.80643099
35.0939351
38.2112912
60.5345347
22.08053173
49.1940825
34.62329842
32.58887831
31.3271008
49.69584476
43.55348868
35.52846593
158.8816488
14.8195879
29.80268972
34.04756406
11.81858389
7.230923004
38.60270073
7.558407669
14.19406658
62.35064407
8.051451452
11.7133285
25.23899236
8.991525826
7.34553037
28.37825594
25.68188101
26.36567803
62.95625311
48.71085799
29.88758257
29.8612842
67.8734348
26.8668669
28.22570619
38.35698454
20.38994173
2.431060033
23.65821509
16.64433021
16.27982514
25.25502833
19.01264194
10.93100435
17.58726745
13.91822964
38.53581952
36.55534233
23.86720965
47.06120388
37.94014292
25.97721684
51.27398367
44.12958266
16.76492588
34.79461536
7.350669349
13.17316159
16.53855668
13.58992667
45.59876335
10.23134638
16.74291721
18.79860785
49.23567784
26.93808655
14.80571064
17.40951661
8.692074843
14.41456288
19.04727949
16.69344653
0.5430271677
19.06759169
18.67601903
19.03249544
20.95691943
121.2155834
8.638361549
10.60330706
20.20008248
17.05343445
35.13139072
13.2860145
27.21849356
9.587421422
17.64983592
9.673339483
3.43761117
22.14061648
11.55663063
46.74622
14.36453117
12.64096266
19.72940152
3.749006013
10.13623505
6.686630992
8.806755907
3.433445042
5.851303175
15.89767926
0.613763254
73.30254329
13.00557279
33.63833529
17.8312148
8.773130968
32.5057775
25.94515787
21.07632944
11.1592716
8.596536453
13.19050999
12.10380639
28.59664319
16.05696768
19.01765398
24.08208953
26.83060593
28.2485939
28.58096989
9.889823512
13.1654798
40.37063951
60.90441834
35.5675946
21.13248905
10.65166064
29.78166939
4.542701637
42.23516098
37.90083854
14.37795656
8.651917232
21.46163633
5.385478531
23.42046596
40.06658012
10.53025089
19.41893184
9.067666409
2.836203042
20.15620395
15.01977654
2.523412282
12.42726342
17.7452455
19.70894284
29.31240035
17.84700963
33.7023219
67.12710502
62.0095948
14.69721328
47.54470919
52.6077073
17.05663124
17.72145952
4.107590423
13.74556987
10.71289905
13.43084821
6.773125408
4.745545193
7.590594423
5.325821003
21.43879676
10.61815196
10.68156891
7.595901653
5.001203253
14.68222432
16.79961024
5.653079263
3.81275498
7.073173625
72.23497872
16.95462159
13.58616586
10.68976775
8.379088748
14.1981451
10.70096063
11.09456355
25.9106986
7.123955429
34.38652494
3.218708998
3.047157951
6.02713126
1.266120684
24.6033658
17.84190591
14.47014764
25.56032485
8.987937295
23.90730516
10.44150662
15.21741877
29.28134579
12.67896588
48.02053026
30.85432865
72.92478005
8.462542962
26.26877443
22.53864469
9.166109487
2.473523407
5.668358773
7.099165121
23.12705467
135.8780182
18.67603777
7.447998303
21.86533904
44.58960625
2.966041037
11.12961463
4.928974425
39.86005888
13.48646686
19.41042156
24.39602193
4.050242609
18.26628951
13.57756137
16.39524433
30.87406695
2.539445393
21.32831867
23.31356881
9.191298512
44.23344322
23.69731593
18.52185847
50.54961598
21.50338263
21.63385939
8.404070468
11.14691833
1.505415001
0.5957512932
13.28798529
11.68619317
11.42772865
16.40138912
21.13795122
14.35057601
5.011644659
48.49679868
20.62679714
14.52352755
28.33296215
10.52843583
40.46462002
25.14043211
7.198190662
5.712650001
2.824443231
5.229691156
42.48265063
9.68152545
20.29819329
5.106017873
11.28583083
10.80141539
5.971503857
21.43330365
21.69468814
13.67061692
26.38980529
27.03466856
13.00051035
11.76091035
61.98705431
13.79140217
4.459823395
6.209613259
7.326437047
5.317107622
15.40901387
13.69859009
23.21994427
10.58030504
12.74761221
23.45766553
16.35030986
10.47340913
19.51020958
14.98395486
16.06724185
23.5259361
4.36412154
0.4927820797
0.3335067269
10.27212269
4.978445445
5.017517783
7.769557084
5.320955124
44.07763734
17.52207342
2.251827434
14.03184884
24.06454994
4.35962272
0.3792478358
9.18098822
6.718456913
25.09708806
14.17007265
19.9852856
11.30385949
17.15280697
31.92530716
32.8993773
29.67409763
145.2543568
4.37221722
15.18960267
2.383666149
13.27451572
15.83434162
21.32927279
6.060562488
10.20819821
17.48478678
5.80996995
26.98182201
29.31403998
23.02496418
17.32774836
25.48811978
19.48998388
35.59715184
16.49607555
10.85890839
26.90138692
17.06487381
3.182830193
10.04948555
28.31629335
14.36983067
7.597013835
11.24652173
9.848022573
91.70173318
5.159733155
3.873605263
35.56281528
58.07746132
9.594333812
12.85182046
5.209212025
4.787977806
15.11568076
6.089438437
15.02797386
9.804698554
11.77057347
1.864795053
4.388962218
9.359099507
16.00454466
3.113977214
6.821193014
8.330834182
40.27217286
19.48424272
16.18301878
109.1958508
13.87037203
12.74335424
14.48025477
9.975810061
7.480721427
18.08952953
12.49076516
8.959298408
16.37386544
5.369159222
8.682946081
8.016874364
4.555745801
16.7655787
12.1457451
10.81469444
24.13527116
10.00332071
7.767130629
32.25809154
18.73806411
162.299525
30.39428446
34.61133805
7.708070896
24.64482008
20.60912027
9.990910184
10.64026973
11.61012901
10.46983047
24.82964869
19.72124973
7.386465306
14.94209353
15.40741514
29.38616241
19.36155334
7.12893
30.78279619
8.86183076
12.99354516
27.38321769
68.12168192
19.45325235
13.28348705
14.6646699
495.1951856
11.87017772
155.4422538
5.434817789
27.61761973
17.69052136
35.18775217
19.03209321
20.0572098
22.64060777
6.598650125
10.65330314
26.37655851
14.21132004
9.665609962
85.05532046
4.971325478
5.533135788
1.892234857
77.84894354
3.844987617
4.852784626
6.861735715
1.650904633
6.912470333
3.835991631
16.25042794
5.388129459
20.65766615
12.05770958
5.450940493
10.973128
7.008525689
2.970526556
2.658405768
1.814975489
12.46583202
13.82350351
16.06891659
5.283611784
8.600267857
13.49870158
18.69870831
22.08610005
12.48031076
10.91358123
9.32479481
16.07199142
12.66710073
4.411360562
11.14337406
4.73115731
16.51242884
8.034038398
24.56525717
11.71963264
0.6964341942
3.603846694
126.4631513
7.660706273
7.026624516
6.959027829
9.188962212
4.790426277
8.390624756
12.69864425
2.028054384
16.99187857
16.29670301
4.773674437
40.86171465
19.29024436
4.720005774
16.55850557
14.6534814
4.441991058
13.21669083
0.8217182717
3.188998103
6.705428501
55.14423125
11.60531258
23.85080857
12.54721562
5.642214076
6.223876458
22.80629433
7.557542152
21.36557613
8.361365884
13.55209888
28.90502586
14.20646242
28.82008169
6.923562249
10.40364542
33.7274657
8.502095064
2.66839956
0.2261234676
7.736803556
10.26611295
25.63911765
0.2452552508
29.81618671
9.796072161
3.549614988
7.068683922
43.83694959
3.568669544
0.02730613166
13.04298608
3.784802641
1.389584978
9.278610597
7.165063628
5.063048377
8.205652983
1.871182509
17.74417961
0.1269573412
2.116811327
3.136832446
10.09286711
1.361624835
0.2638109517
0.2754024495
1.66864858
5.384642608
10.27420816
1.706344663
4.916537565
1.932852159
2.064499824
8.852319161
14.73032097
5.045890237
0.2603848433
6.085148604
10.01659537
0.1102455408
36.29202979
6.653223491
56.24542542
33.81921603
13.32655464
42.59260876
8.119688187
19.02192822
67.35380115
27.45017298
32.02877669
28.00281737
450.9560797
3.93693939
5.25090613
5.113732566
5.18946707
14.06108505
6.34145366
16.70379445
21.35292135
4.453074829
94.52443683
0.140509918
0.3527785755
3.659746013
15.27793221
94.54503893
31.60094708
5.32050092
8.98063147
1.919001419
15.27532835
17.89186994
2.221715165
10.40444904
4.946388612
2.760914616
12.19816432
16.6610239
11.28479699
19.08875788
15.53962012
72.27984622
243.2632294
2.200439448
9.396306538
15.10431118
8.094000861
7.25163391
3.605954795
16.56289367
2.849567799
10.12997514
12.97929983
4.873600601
23.61647419
5.339078768
19.61242032
11.18086337
14.35753673
3.433179588
10.16326738
7.102675031
19.02081487
7.693548029
4.006104462
12.37814017
15.34283768
40.41709844
17.99863487
20.02243746
10.41149553
6.310764903
1.242190732
0.2089770394
1.507905174
12.10551428
2.612818062
0.1629383401
1.564883175
7.036301739
6.062217472
2.166172102
3.890371253
3.487491143
2.649088911
2.72212104
121.9198096
9.773320983
4.555435228
7.386533064
40.67520919
2.737349353
8.614729818
10.2623244
50.82545575
5.985454237
6.487518353
14.5388088
6.700665056
4.361600517
0.4567826701
10.90552385
7.356941842
8.983397176
5.083579782
4.551754164
0.1688100561
0.1405198627
3.454646333
23.78349166
9.850613744
11.9094481
4.433795858
10.84644658
3.267137987
5.956642088
5.786244889
11.25543925
7.878586565
9.85888842
28.02866273
1.115256693
10.14732164
12.36322786
21.90657719
23.84752846
16.43492506
7.04499851
17.27833792
8.734140109
11.17270529
11.1645989
11.0591529
10.41201278
15.49406357
30.24372304
36.63921501
9.91533801
10.94765348
22.14274052
35.06324258
23.70631886
14.27491695
11.80070791
19.74549285
15.21586404
6.210831266
12.09282557
12.57303375
18.15589741
6.698421631
2.646357158
2.287016018
10.91497002
1.959875446
8.772079455
60.13751638
11.59872223
2.287180871
11.34554234
4.07575211
1.269016636
2.07090332
13.37720784
26.33035269
4.809613791
3.953946851
7.224123571
7.576231397
0.422847866
7.848760151
7.1818051
0.09221078351
0.3390998967
0.2018202356
3.048522004
0.1284394647
12.72072052
28.81077578
0.1141163755
4.411757025
1.863006915
4.185824587
3.652817303
4.922103465
9.907645134
157.1695665
1.788253059
13.14818932
0.04889647422
7.828512351
14.09737737
5.199067176
2.017631548
15.35963504
39.03542163
9.359985053
0.09808253657
5.825548875
2.197874343
5.823672194
10.22859275
6.349930849
0.06355426086
133.0237582
0.2035116873
2.670953042
4.085293175
6.312114939
21.06977751
44.24869812
300.2343316
11.40750464
11.99929545
9.442534769
2.404296247
8.51363444
12.22071501
12.10971859
18.36132549
21.65132011
0.291554992
158.3035683
17.89360434
6.712069135
59.18087209
18.05413121
110.1012679
4.485857413
4.167353413
18.86940062
9.543085808
15.30421217
0.2085311378
0.08939890093
8.515722082
8.773591607
8.475237118
13.61892097
5.380200916
13.0527508
7.123439838
14.35749472
2.225702782
4.547342333
20.88335945
15.92182995
9.894273651
7.490118122
7.256273196
13.98834756
2.175152153
0.1446505824
8.90085118
7.044789608
20.55169166
7.97884255
9.006813261
3.947282506
15.65472027
3.693674631
12.62077476
12.35548497
3.233963704
11.4704203
14.30748692
72.97535071
10.33834198
13.59491125
6.768922321
1.990095744
22.56653862
11.9664596
30.71411438
10.51223793
8.898247598
2.21700016
23.00534271
18.05075668
10.22283339
0.2095118808
35.02223424
9.388414449
52.11389931
5.763470009
12.5259971
3.171800183
0.664576378
2.364256575
2.246156366
2.811539935
20.413753
4.232185375
94.48633692
6.725884222
1.85763782
15.99790874
13.17927332
0.0673148459
36.09499543
5.134646935
1.435765623
0.07175935417
0.1183135622
6.214082891
11.8761188
7.724601436
0.1193015316
1.19181796
2.240150806
11.0829265
6.021335422
14.8653517
8.972478918
7.388196521
0.04340181196
15.7430438
0.03044743138
6.960110673
6.025841131
0.4406035285
10.50771365
0.5198342137
3.610832975
4.593899746
0.09147772558
5.399027555
0.05219839804
5.894738694
3.763400246
4.331957505
0.2400480052
7.636945549
0.1264287983
7.512610468
0.3594681271
14.97294881
7.463803036
0.1615838454
0.3569704585
4.359713784
5.255893361
7.80835706
12.11268673
0.1169071092
12.48387085
1.901346137
4.716101926
11.81317562
1.768622288
4.723541413
5.484876858
0.1253253939
2.512492358
12.1355611
2.380967455
1.765263623
17.71825486
4.711116641
11.92677756
2.934131434
15.28843937
5.352755116
12.40006879
16.43367089
2.256219464
10.51891485
2.104187744
5.017979033
13.00497973
2.987872663
18.49138974
5.808852431
3.770889702
0.3132417377
11.54078387
141.0645892
18.33936362
17.11332462
86.49179493
0.7249369417
0.1981753742
10.53588277
1.981578422
0.4817100536
7.145699597
7.668902227
11.58170689
0.2753211722
0.4197141783
4.381074005
2.474446195
26.51036585
4.632204041
0.4024711531
2.778442222
2.319183261
2.791898644
14.27611926
20.13408335
12.61330633
4.854714609
2.262636814
3.769206708
11.6450306
0.09684093661
0.1889107576
1.715113265
0.1660262367
0.2857815022
0.2402930877
21.91149106
9.751367779
8.435812088
40.12321183
0.08738329975
0.1885294815
1.903493583
1.716824019
2.097086184
2.51541492
11.46578068
6.870999003
4.338019628
11.23227335
0.1695136142
13.91267263
2.704682764
8.007724666
7.465437898
15.47759261
6.345226928
14.4505781
9.478298251
3.912578677
15.93232099
14.81295008
2.464359231
4.485118973
17.94416907
14.898287
10.11113403
0.08059345649
1.998192469
4.412067032
3.702769043
2.061278013
22.88200107
7.757384007
1.608664365
15.11071589
4.312766479
9.340997383
7.400767681
2.013526654
6.602090148
3.2613407
10.04484568
0.236937288
8.272425994
1.815628568
7.321695503
3.623839386
4.950459363
1.759512105
22.23289938
13.21711432
15.71616831
1.826271841
4.969882562
2.537632679
0.1452084154
1.831314324
3.852508756
8.410983841
1.861644357
8.79669726
1.923398488
8.713723475
5.29422852
14.23007317
0.1390632039
0.2467497727
0.08143591951
8.316500225
0.2916132964
1.448421617
0.0488726993
0.0180361721
7.706741
0.2641983044
0.4334448422
0.03432818975
1.461025992
0.1063018992
0.05150180279
0.08839967001
0.2476339166
0.07076597375
0.0710732975
0.2631528941
0.1018087148
0.09338244247
0.08602933525
0.2823753721
0.0272824227
0.1427446985
98.36101587
0.0618995763
0.5489705108
0.003963073208
0.03386228649
0.4962351065
1.879622706
2.916904342
24.35708564
15.38045235
0.1389047717
4.175827646
8.940348436
0.05290776784
4.904400792
2.962179603
2.720022254
0.1667583871
1.386313612
2.242340656
7.700832593
2.662712514
11.15788388
1.397386912
2.404222647
57.11527429
0.8973528673
6.764461648
50.64257375
32.24192167
0.08765648058
0.3067477468
0.68418714
4.76718402
0.07369455523
0.2731380035
4.149992464
0.03288839837
16.23156429
1.663295222
0.07913744756
4.160817177
0.1575009024
0.1830577309
3.878064469
0.9209972521
0.2059663838
2.647589938
0.09985051846
3.654453978
4.947662426
3.64534569
1.473591849
3.716990652
0.2402264515
3.252537184
0.2032737176
5.048702166
1.760485738
2.112754241
5.203565968
1.729111139
13.16000452
7.640583563
1.807870039
8.719351357
7.307244195
0.06777159873
10.74039384
1.690478363
14.70180073
1.678379722
8.119089385
6.000458261
0.0647529175
0.0383189594
83.48714002
0.03413514657
5.937251821
1.601512424
0.5416914259
0.4798803209
0.06803701748
0.7304971672
0.02262673746
0.2174696258
0.1353267449
7.179814171
0.1091324278
5.44599519
0.03846252172
0.103324121
0.1240868879
0.0466776867
0.04052581161
0.07003291896
0.1152623342
0.06656255615
8.943137771
3.266590652
4.429960709
5.30607809
0.2301571621
0.09851740049
17.05915936
13.87233529
6.130634966
9.715592798
9.489884745
3.515774765
0.07604331381
0.08343624844
2.37242366
0.9425253298
3.743274072
3.813857773
2.115080268
4.184491708
0.06285956817
0.007724356461
3.979743899
9.410259487
5.063660349
13.99406075
7.308772361
1.764252682
4.200082982
3.420400733
0.03861949682
0.07428434334
2.632690599
5.391865734
2.470298092
0.06539595089
2.042834179
1.789210497
1.624930007
12.30100423
2.614097915
0.146648697
0.1221640022
0.1223162749
5.918302189
0.1028098149
0.04062930479
6.22210245
0.0627888486
0.391454002
6.853870234
0.06902689815
1.683440091
0.6678819946
5.488228286
1.356667636
0.09819141691
0.03152892035
0.0401875999
0.1065250426
5.54543916
0.6593784071
12.77675434
28.0455567
3.422462954
3.411789766
2.564352515
25.11540136
8.448619719
2.089667286
27.57991271
4.023882493
3.429387751
2.042172056
18.24653864
9.616065018
7.012001995
15.97373486
2.199040919
3.79939651
0.2602768627
7.269630956
0.0525304144
6.742934084
7.393492778
6.025081535
5.013709671
14.06366708
5.457336697
2.064997663
5.049661319
7.60803763
1.68758414
3.920581848
8.359987358
2.974030514
0.07478608179
1.963916617
1.902136555
0.102342146
136.0942682
0.7592748119
12.69434044
0.4050516449
1.271734769
1.69900541
7.406989449
0.1460275829
0.1186042393
1.926925514
0.03023867554
3.537250003
0.9413295934
0.1246851386
5.69900418
1.174822802
0.02221075557
2.696367109
18.31901435
0.2064387269
6.118004614
0.08500800371
2.833042358
0.1443317298
0.07829113484
0.1290882811
4.592536798
0.6470926369
0.1296703206
5.615134838
1.55545036
1.799323415
0.6933855263
7.159279834
3.457841704
0.06168435267
2.389281937
0.2130587295
0.008296530409
0.08633895751
1.788832209
20.3624618
3.896381843
0.08919639753
2.611694761
0.9737549417
4.300051153
0.03419858814
19.66462672
3.685331554
0.6886234274
0.09398227659
0.04054297533
2.01964593
1.022415181
0.04201394032
4.474426494
0.05900075742
3.511777459
1.001242407
0.1937539826
4.876937379
0.04354879057
2.342021935
0.09762783631
0.7924649084
12.38624525
3.475811656
0.1532037198
0.4344286178
3.671435428
2.195860768
2.863033402
0.04622667627
0.1437802368
0.03645352863
3.965121322
3.172825508
5.170621128
18.33660425
8.527291281
7.586652906
6.708842226
11.06750972
0.02841549984
0.09648002736
1.800342122
1.976696875
2.62673637
0.04088016912
0.1028111533
0.1134260723
5.093247968
4.542309489
0.08386579651
7.181603096
0.03119122201
3.543573412
6.297385571
2.879329292
8.00748596
1.948971001
0.3386071748
10.11462713
1.804748062
5.90616608
8.282432968
1.043285206
0.06749581262
0.05415691337
0.07724600753
0.04884310722
0.1886203632
0.06268322025
6.387802708
3.106352372
0.123949689
2.790331274
0.2287563734
2.716716437
18.22444073
1.099249375
10.94099283
22.15065481
4.835545056
7.045120031
15.05781136
9.584609905
21.83295026
1.754657972
1.980506543
0.06911039842
2.044375201
59.45145291
5.878139232
1.883524367
3.19702202
2.877205506
6.874036099
3.924511039
1.041583987
0.3712410271
0.2647514769
0.2001462011
0.1098746629
8.612196464
22.180362
16.37976066
19.73334636
0.1275540512
0.04550164969
1.694696939
0.1169048977
1.296449739
3.864298477
0.06692615895
12.77962198
6.528627447
3.525901988
0.1994497938
1.404549908
2.693139522
8.597485909
5.345141564
2.354161287
5.745199008
23.96140665
74.78448989
6.185539055
1.854188325
0.1025694686
5.84956217
4.394753582
0.06233237105
2.353143838
1.765702809
0.1472148287
1.881382704
11.75887488
10.65823425
0.1268275323
0.0494495244
1.271000575
8.296530901
0.002776974964
1.678121922
7.565918201
13.54882221
0.1223755229
0.1970073572
0.8927787613
0.01214648945
0.006882499286
0.01012528399
5.42556678
0.06213920559
1.668996708
0.5279921293
4.68416085
0.01369683614
0.07545228535
0.2020641883
0.003224956877
0.2011101726
7.186459513
21.09185844
2.815004485
0.04478329352
0.09113810248
2.469827941
15.91430518
4.171622684
0.1360450811
2.056773788
1.805420302
1.837752253
8.369821697
13.3038623
51.7447988
6.965986451
0.0479352989
0.00128479548
0.04861167427
0.06096922365
8.840987627
0.02147693028
0.00295083414
1.582975102
1.800850469
0.01729684164
1.655933714
0.8497421398
0.5593301842
0.01717228666
0.1271580545
0.02717597113
1.4530081
0.02005018097
0.1254430558
0.05984233285
0.07772488322
1.399325074
1.896482958
0.3746448425
0.03731050044
0.07051901536
0.03803305431
0.0885589931
0.2074769079
0.001801702357
15.88569203
0.3699105543
6.551650944
0.07140655056
0.7328290118
0.09225204292
0.6229846566
0.08394544535
0.02573157574
0.4039698283
2.325163227
3.014446107
0.02808430303
0.05417162678
0.03053773769
0.1179115262
0.1202051045
0.07771014016
0.03979687767
8.053594832
2.047758702
1.598568528
2.519808815
7.258783299
0.1589031152
1.394923217
4.5739105
1.6960081
1.887432696
3.12335633
5.144744323
1.2752026
3.693548279
5.897587205
0.1548867715
0.1286960276
2.111677738
1.033986944
4.785250979
0.8191988215
3.260441514
0.002366184651
0.04549344307
8.271361175
2.93683731
7.290344792
14.14457305
7.692636786
5.268974235
1.804224284
0.1027394653
5.501135825
0.03735927005
0.00124159304
0.07107534652
3.747055529
0.0523325471
1.277931486
6.664417671
8.523621594
0.038372835
15.25294031
4.90604036
6.428045473
0.6352785788
0.03066608223
8.928101112
7.356011807
33.12334946
87.85372574
1.905328486
18.1957309
0.3690848771
0.193186525
8.708144457
5.586825804
0.1247534658
0.08415571992
9.437981194
0.07813678221
2.952695718
0.52016043
5.205414601
0.3335701863
7.989008957
1.961477249
8.558930825
3.610101384
10.91584474
6.922106669
7.721839662
5.269178684
2.030837879
1.491654501
2.795077789
0.006894338235
0.04217373834
2.027498975
1.698698874
1.587443272
8.721940252
0.02586845924
1.937905859
1.786179602
3.484619876
0.01539263417
6.625174114
4.004490381
0.5042186169
5.172668482
1.085736732
0.0171895194
0.08979013739
7.62124257
6.064490485
0.1614131329
0.01633185658
3.292725565
0.02256893872
10.34715465
10.4530393
4.781286286
6.874611693
3.969710777
2.200452213
0.03004426613
0.1427860306
10.33042033
4.527106369
5.304973498
6.568325518
13.23491033
6.670478322
3.428636986
13.2945818
1.983102661
4.281658128
0.02818295044
0.1140222617
5.788030867
5.25303391
7.184595831
4.683264595
8.346650068
15.83450973
2.270067371
4.499191472
0.09366177496
1.909429755
3.713835752
11.44362533
7.37402898
11.14532728
2.192129761
3.750947265
9.159315343
6.618623303
3.118781927
6.508195541
32.02149145
2.60040252
2.807992631
0.2043287408
0.3350193934
4.444224893
15.00818963
5.20610987
2.109101606
1.974614322
0.06919796685
1.732165446
14.59996631
3.841220918
0.2204089059
0.1237158546
0.04799405718
2.392814214
0.08622054931
5.1345687
0.1082650213
2.860964757
6.526400725
0.06769720348
6.924470543
13.03336858
8.095493455
7.37073944
10.41713963
0.1701744654
4.557768586
6.644447279
4.694213901
0.08834231648
3.907642287
6.042794922
0.1033301745
0.06001100297
8.653191193
2.185665761
0.148123118
2.503308413
0.0373941423
3.678379698
2.415671751
0.4549620054
11.76155713
8.942579289
6.671891388
7.255034912
2.06310336
15.52064718
2.086833791
3.639977567
3.699828366
12.10819808
12.83452179
0.5768780972
0.03974390435
3.01937836
0.02412242572
3.119830795
2.122163897
0.2328745003
0.03817042955
6.452954122
0.05771323358
1.662193325
0.02825501392
11.15882126
41.10856573
7.807588506
0.001192638666
0.01551594284
2.901435812
1.927216803
2.140724425
9.45502795
8.300416694
2.037148658
1.858088974
18.85075265
1.797633472
2.151740413
11.66583274
4.162757916
0
5.83435969
3.492076119
0.01660761712
3.002485519
0.5273033815
4.088801647
2.017727979
1.736731928
6.868215466
7.630892681
7.744375986
0.0002537110243
0.02762249346
0.03614562046
0.06439226857
2.468613239
0.01472514817
1.924560069
6.672794145
0.05963387082
12.82624777
0.03861841217
5.917937783
0.03640112256
0.01763975305
0.07382849412
0.1047611039
0.08206088041
4.119939929
0.0322804024
1.51511235
0.03667639694
0.06131156445
0.05492310445
0.04831708435
0.04692316792
0.005447017806
10.83856784
0.2098861818
0.0806751534
0.1657449688
4.473882254
0.1571975358
0.01845776053
9.735361892
0.3617728087
2.88213214
2.082902025
2.394079414
17.56816282
32.09997822
0.08201670532
2.217569109
0.01366918027
2.783620776
0.112943203
0.223057398
2.787456942
0.04678823476
0.00864990446
0.02043290922
0.01666038031
0.06034609863
2.950034234
0.01399455192
0.0315809147
0.08816410724
0.03638871175
0.02020370077
0.004784454507
0.02061178574
0.01969958148
0.008849444064
0.01636107235
0.02103901824
3.975934274
1.815988948
1.767148986
1.812590424
6.432957757
0.1156882463
0.05880626201
0.01116515234
0.08342283896
0.03514440964
0.09043596579
0.00199059037
0.02657297713
3.546450791
0.04656863085
0.02621408438
0.0384515975
0.0346203845
5.51935334
0.04508458224
0.07777941222
0.2511093149
0.03270894442
7.090026687
3.350224895
2.288430388
0.01475460869
0.07837877165
0.08620255152
4.297567541
2.378895745
2.190711641
0.006278821803
0.7248937732
7.191021818
1.817170698
1.876521768
1.877814233
8.855879977
4.828650879
8.616289042
0.1503200602
0.02372531676
0.06724826098
0.07163948261
5.274558549
15.57936576
1.221278295
0.05251784594
5.605501575
0.0467812338
0.06261293725
0.03895292979
7.527122599
0.01063639176
0.04263954702
5.413416931
6.577850186
12.92045141
0.01000458736
0.06443288762
6.487445264
3.988662943
0.006618788686
0.3519626441
0.1168938041
2.902554566
0.004293449183
0.009883513336
0.06568057451
0.00148634015
5.105878274
21.78190597
2.466461303
5.02370065
1.827101959
1.773693898
0.06735185715
1.597308524
7.916763989
3.567018765
0.03270851139
0.1215565994
3.262430386
1.42995064
3.17761139
3.02244699
3.554135215
4.533346616
0.5850628636
0.02726463657
20.13017896
7.361402399
4.357962159
7.350605626
4.09270334
2.071665594
8.157217535
0.1603517586
0.02558531799
0.06721143107
1.877499584
2.218823763
1.512159374
1.745796748
4.574701431
0.02277556607
0
0.003079865365
0.009983589162
0.02298597514
0.02225153148
1.8260764
0.43127314
0.03685471304
0.1210351028
0.01500067992
0.0001072730642
2.511986914
0.03548832084
0.005527785095
0.07830687436
0.01695842722
0.02818138228
0.03460813915
33.98419061
1.68257567
0.04475698357
0.3286922005
2.59926733
0.4097071213
12.95921853
2.006676408
1.608442225
0.07616041747
2.623378491
0.2177204489
0.132741284
0.01680034978
0.2980976359
0.1442805783
0.04563888479
0.1687642895
0.05320283791
0.02890165462
0.04368483769
2.667066807
0.02434057372
0.003589532964
3.683799701e-08
0.0199631203
0.00367912595
0.04231317656
0.2372813479
0.03461414065
2.891927799
0.0567529022
0.03256325836
3.315161567
0.04638595511
1.941995982
6.442562526
0.05516538029
0.02190857265
0.01165423208
0.08307649487
0.04019833688
0.0403373164
0.003377638934
0.04885129143
0.5958120157
4.756611943
0.00582320056
3.768546389
10.1940645
3.430386287
16.42844364
0.01086029648
6.583157472
20.73998973
0.147426699
0.06377613928
0.007830415905
4.887110325
0.04168486351
0.01291774698
0.05182569679
5.027540535
0.001566907357
0.03594731109
4.710241943e-06
8.56869406e-06
0.0006521207155
1.577479905e-07
0.0344585374
0.02122133662
5.160084923
0
0.0005975182623
0.02407839615
0.0001136049535
0.002013827592
0.0006098981379
0.006952115174
6.736204068
7.315395386e-06
2.413952095e-05
9.097704053e-08
9.420572869e-05
0.8547210035
0
0.01540089319
6.4035299
0
0.001019876446
0.8507306564
0.03034221443
0
0.02277875021
0.0372723585
0
4.376501825e-10
0.007500040236
4.437283552
0.001547427424
0
6.938147109
0.0008230591998
0.02067134417
0
0.007451870267
0
0.03888517786
0.004441455937
0.002831227204
5.796146217
0.007870560566
0.00360826295
0.0611511749
0.006194571856
0.05341699776
0.03999928599
0.0006063725606
0.002297853828
0.0881246216
0.009515592672
3.997458327
0.0252281055
4.574735856
0.06762648655
3.772604898
0.03277263396
0.03204053767
3.284099965
0.1014906867
0.05491393417
13.9969734
0.108990329
5.820628523e-05
2.355352821
0.008695089807
4.723784014
2.145562224
55.76587639
1.877575803
3.239016691e-08
5.03080799
4.733880452
10.38856156
5.906004669
9.331337147
7.003207321
14.96902186
1.670281451
1.812990463
1.807608911
2.848529254
1.274180797
0.0171745422
1.268985042
0.00646844121
4.693151378
102.0543996
3.308400811
0.0368974363
0.03550065925
0.3131414915
0.02340841169
9.237324567
1.8810401
5.201534721
0.01436359219
1.914347334
0.04789874536
3.031839449
0.6835836044
1.778948659
1.74569017
2.273607166
4.209788652
0.07996246932
0.02187563298
0.02852097068
0.2024219299
4.087728456
6.172813562
0.01678487638
0.001216212349
0.02061204783
0.04878366386
6.576695137
4.566764761e-05
0.02258737591
0.01783712456
0.01263344919
6.851133894
0.05992631411
3.567474265e-10
6.530213153
5.292653848
4.008137737
17.94051506
3.146461361
0.0296216292
8.378166537
3.021492185
8.057347056
3.51755674
15.12588198
4.303477833
4.292273526
0.05507457669
1.922602449
0.01177123511
1.711241675
1.728307212
0.02546876094
7.727121439
1.417134482
0.1347173133
0.06878509194
0.06188978081
0.02301148794
0.0589485341
0.08691122174
0.01465706555
42.17958001
0.02567814637
111.3382495
0.1104177688
8.186933298e-10
0.03969630614
27.70524825
24.61884523
0.04129162975
0.02519262484
0.0007196206418
0.001337588962
0.01017830655
0
0.05520729995
0.02162441517
0
0.01251791643
0
0.03596287983
0.07970396721
1.614788662
8.15621542e-14
0.03144574318
38.47722889
8.304765536
12.12052992
3.143332474
4.769361208
2.080253628e-05
23.1076601
0.05742285485
0.6935017848
5.198209388
5.261538373
0.01078572448
0.003630375602
4.381492877
4.365255663
0.01449096796
3.816968805
0
3.964687803
11.70143817
4.215897736
3.953462853
2.631188968e-05
8.582458583e-08
0.006883505012
3.029585957
1.634831921
1.775152344e-08
5.457271121
2.596759724
2.447050272
0.213289343
0.001431456414
15.59632359
6.916698214
1.921416162
0
6.960802142
8.219481812
0.1957189232
0.02255834545
0.02297693076
0.0037706255
0.04991058182
0.006617340272
0.3125795187
1.73056e-09
0.02542502061
7.008163077
3.683533105
7.246471106
21.27266501
1.276000128
0.03566294397
3.674457814
4.387927573e-07
7.223781276
0
4.629512411e-08
0
0.001291527739
2.369353302
0.1906117316
0.2925583912
2.393069396
5.222020994
4.387592733
0.0009759499703
1.764260833
1.987017513
2.042238648
31.66603044
1.81724433
1.915000418
0.05607929571
1.750064251
1.722997493
1.8718668
3.168768357
0.04427305517
0.02541102443
0.02826037942
0.01908827279
0.007747822546
0.01855543338
0.004091614515
0.02528077087
0.03936909505
8.554644549
15.93023096
3.151106296
0.008009675403
0.049418698
0
0.001001208579
0.001226935199
0.5970245867
4.320157552
0.0002280904992
1.273784771e-12
0.01865332244
2.492463029e-08
0.1930093071
0.01643390461
0.003273690822
0.002627021922
0.006061830603
0.0005497758022
0
0.005196999175
0.004959395503
0.0007414695587
0.0528348956
0.003586105414
1.649214313
4.768039297
1.899970652
0.08940255891
0.00272679408
0.02652038946
4.149738912e-05
0.03415402156
0.004207062301
0.01063214998
0.00855498815
1.855044e-10
0.2675691444
0.0102116951
0.008182465548
0.006837855266
0.005738232216
0.03839169132
0.118577225
1.777899183
0.002740666145
0
0.01693684842
0.006779500597
0.0007663253038
0.01010676225
4.137847725e-05
0.0001230132398
0
0.004278470119
2.772103236
0
0.0001866981515
5.404120125
0.01687163689
0.02512693149
0.003439729733
0.0002518552145
0.1170639982
0.00569956966
0.0005179452577
7.770996331
0.5666076055
0.0009541815887
0.001526406344
0.004905067605
17.41705658
0.1469005577
0.0350610958
6.400710805
4.341871061
0.01737406424
3.664649568
0.002279869649
0.0003521029217
7.37728861
2.690945358e-16
0.2601955845
3.903899775
7.52923106
1.915179554
2.923151825
7.197294515
1.5814374
1.71868603
6.559069517
0.01991326743
0
2.86695793
0
7.939498527e-06
2.062154398
5.939093196
1.815266902
3.519480989
0
7.426639147
2.809430666
2.912950676
0.02867960193
2.223292716
0.01495120499
4.395519544e-11
1.75920859e-05
2.123376121
1.645472817
0.0157079613
1.574295836
8.144212957
0.464084046
7.575679151e-07
0.01567590012
0
0.003036851289
0
0.0001162402738
0.0002598538281
0
0.0107864722
148.4873661
0.04335804057
1.698492998
7.080756984
0.001713029417
0.01579861568
6.625408959
0.01242582662
0.6791247631
3.673341708e-06
0.01824310989
0.09428560232
0.05313497351
5.455995769
0.02531195756
2.860683259
0.01472041254
0
0
5.495009582
0
3.737030214
0
6.679486761
0
1.080754993e-05
5.893027798
0.0001183795948
3.929658433
2.416408058
1.746038488
0.4453745968
9.101360807
1.515606815
3.695087637
4.488620426
0.004814809727
3.15097551
0.0007202397325
2.491637385
0.001287986282
2.306599785
4.127363257e-11
24.52949018
79.63707226
43.1149935
98.26482648
0.009657715354
7.598190365
7.156812408e-08
0.01049369686
4.229344413
0.02511049224
0.007192481411
0.009431307907
0.002983126158
3.793448966e-17
0.01776748936
0.03069346509
3.681432737
0.01531381761
0.007182841807
0.02841364111
3.07082775
0.005575228456
0.672075937
2.747454184
0.05459232258
2.180693065e-14
2.124101112
0.001917000365
2.071922737
1.726323368
1.628336406
16.3475701
31.73212165
0.03947382659
0.06045892561
0
1.110719556
0
2.853116585e-05
0
1.454221523e-12
37.48342347
20.3683477
6.676555868
4.418696727e-16
2.839167761
0.008691813016
0.006916757637
0
0.04745988931
1.385796306
0.009851528562
4.369042996e-07
0.003462166893
0.003125881781
0.001646708161
0.04646055927
7.199981693
16.37541439
0
1.224924244e-06
0
0.0002741943156
0.001666131465
0
0.005139948853
0
0
0.0001102287478
0
0.0002366618119
2.225022759e-15
0
0.004375763117
0.01105334064
0
1.857825587e-06
2.239472025e-05
0
0.02270803306
0.0005720892838
0.02931380591
0.9455283497
0.0590892445
2.018043494
2.843601
6.944159857
5.439776174
0.03442627947
0.04577916812
0.01777030026
0
0.005521265296
0.009922370115
0.002154120439
0
4.462094178
0
0.02583182771
8.570838078e-05
0.002650255275
0.004564903703
0.01621755825
4.439293103
7.390125648e-06
3.079177393
0.1967462694
0.01389724767
2.267655007
0.02049068888
2.093869525
1.949598884
0
0
6.579708079
2.139645271
4.130285177
0
24.314377
2.472595291
4.216624304
5.168358161e-11
1.69422159
0
1.569178394
7.552278074
1.768471891
0
0
0.002234631985
0.03073956623
8.422505702e-06
0
0.05506726738
7.081789544e-12
0
0.05715397211
6.647890727
0.004088934107
0.003034189854
0.003452338276
0.02813364994
0.007425929283
0.01304298809
0.06670845216
0.03193205953
0.007985275034
0.001784391636
0.03187286875
0.003969917439
0.004783790858
0.008283552304
5.356350222
0.0483811648
5.287722581
0.003189764926
0
3.867687111
0.01746853502
5.837394446e-05
0.0155941758
0.009962322461
0.01000501781
3.253719737
0.05620460273
3.535017934
0.01408959942
0.002982442273
0.009158777776
0.002777427548
0.03860381961
5.39745022
0.001648367982
2.035838947
0.003553924249
0.01524869226
1.886307205
0
1.648083552
5.599725194
0.05298402138
11.18083552
0.006851454438
3.342951144
0.007903841283
0.6516669838
