#################################### 
# Matrix Size= (25,25,400)
# Resol      = (1,1,4000)
# VoxelSize  = (25,25,0.1)
# nbVal      = 4000
#################################### 
1.456339104e-05
1.468645679e-05
1.532615065e-05
1.537705826e-05
1.560237396e-05
1.551055233e-05
1.525837272e-05
1.52763767e-05
1.562051607e-05
1.522970618e-05
1.55690835e-05
1.542607737e-05
1.534845599e-05
1.527630381e-05
1.555777173e-05
1.566447726e-05
1.570257769e-05
1.535570313e-05
1.573916371e-05
1.563997181e-05
1.58000412e-05
1.554142608e-05
1.572096337e-05
1.555974635e-05
1.592906824e-05
1.607522014e-05
1.575979184e-05
1.586371746e-05
1.573715555e-05
1.572453474e-05
1.604300151e-05
1.585845056e-05
1.583573284e-05
1.557316059e-05
1.557973718e-05
1.594136231e-05
1.573461953e-05
1.582938664e-05
1.573340855e-05
1.584726335e-05
1.575475349e-05
1.572298009e-05
1.560690557e-05
1.577234934e-05
1.573720199e-05
1.597103912e-05
1.572431578e-05
1.591405499e-05
1.598656423e-05
1.587413187e-05
1.572167259e-05
1.575972536e-05
1.571284358e-05
1.565586609e-05
1.573824493e-05
1.546809093e-05
1.58728648e-05
1.582514907e-05
1.596908436e-05
1.630568452e-05
1.567404321e-05
1.593075868e-05
1.598342237e-05
1.585726077e-05
1.594063641e-05
1.592001165e-05
1.591639964e-05
1.613562826e-05
1.642929943e-05
1.592380498e-05
1.571778165e-05
1.579303294e-05
1.607936971e-05
1.594296336e-05
1.575411157e-05
1.579261139e-05
1.605425168e-05
1.599037928e-05
1.619769297e-05
1.602664779e-05
1.635644289e-05
1.634781836e-05
1.601652432e-05
1.63295086e-05
1.610690247e-05
1.582665168e-05
1.603771774e-05
1.609957239e-05
1.612063431e-05
1.631207166e-05
1.591652314e-05
1.602979603e-05
1.637333918e-05
1.555339971e-05
1.607848924e-05
1.603553319e-05
1.59672136e-05
1.60657852e-05
1.605105101e-05
1.62954962e-05
1.64055871e-05
1.613684612e-05
1.611148778e-05
1.594172426e-05
1.607993018e-05
1.609149462e-05
1.629642495e-05
1.614197632e-05
1.590566986e-05
1.653155362e-05
1.6097666e-05
1.628473925e-05
1.625341388e-05
1.623054124e-05
1.617442742e-05
1.652587358e-05
1.644348433e-05
1.627710243e-05
1.616447821e-05
1.668415476e-05
1.622351572e-05
1.629899669e-05
1.61625533e-05
1.614561403e-05
1.669027764e-05
1.612994781e-05
1.65224911e-05
1.639563681e-05
1.623975303e-05
1.608289956e-05
1.666633252e-05
1.636909907e-05
1.657459042e-05
1.621011059e-05
1.648724208e-05
1.615766862e-05
1.636813744e-05
1.625387643e-05
1.615415344e-05
1.638920736e-05
1.635239312e-05
1.644662714e-05
1.640866809e-05
1.644465229e-05
1.640216291e-05
1.61459277e-05
1.661234687e-05
1.671562256e-05
1.616378679e-05
1.628548465e-05
1.628193908e-05
1.66109663e-05
1.64092702e-05
1.627023293e-05
1.647386441e-05
1.684808077e-05
1.657609486e-05
1.662479684e-05
1.645598343e-05
1.642503282e-05
1.68875446e-05
1.651642676e-05
1.6483728e-05
1.649539588e-05
1.65260599e-05
1.677652228e-05
1.638467995e-05
1.663894179e-05
1.664513641e-05
1.658716853e-05
1.651874848e-05
1.678408639e-05
1.66015246e-05
1.656565116e-05
1.640241138e-05
1.641101757e-05
1.658599499e-05
1.660936532e-05
1.655373709e-05
1.659250689e-05
1.66325783e-05
1.678635678e-05
1.641828559e-05
1.649136204e-05
1.667365583e-05
1.663642415e-05
1.666798423e-05
1.728281312e-05
1.685845896e-05
1.677254738e-05
1.661088871e-05
1.676805023e-05
1.690883437e-05
1.63357704e-05
1.678870468e-05
1.698461279e-05
1.675218435e-05
1.695080611e-05
1.643515253e-05
1.665110403e-05
1.678116521e-05
1.693453144e-05
1.671054735e-05
1.666908075e-05
1.683137993e-05
1.706185465e-05
1.658941496e-05
1.658817827e-05
1.675437675e-05
1.678543492e-05
1.64042723e-05
1.671081673e-05
1.691307119e-05
1.677135351e-05
1.701131396e-05
1.673034888e-05
1.702743509e-05
1.695726411e-05
1.702098362e-05
1.676150186e-05
1.713549489e-05
1.697120645e-05
1.675706517e-05
1.673548794e-05
1.684885402e-05
1.681123029e-05
1.673126502e-05
1.692376584e-05
1.709608451e-05
1.715473078e-05
1.670730809e-05
1.69356197e-05
1.679312325e-05
1.708749689e-05
1.708033598e-05
1.679373093e-05
1.688726562e-05
1.685593826e-05
1.69675988e-05
1.718665377e-05
1.706182547e-05
1.698984663e-05
1.693603692e-05
1.692026827e-05
1.72063598e-05
1.684926753e-05
1.655400361e-05
1.694612279e-05
1.682568943e-05
1.713099822e-05
1.704358626e-05
1.694948248e-05
1.709154985e-05
1.698767139e-05
1.698487107e-05
1.696488873e-05
1.701838417e-05
1.682892869e-05
1.683421445e-05
1.673114581e-05
1.691785164e-05
1.702228839e-05
1.73191279e-05
1.719503202e-05
1.721528656e-05
1.722042494e-05
1.701635281e-05
1.698971256e-05
1.705311643e-05
1.705074811e-05
1.745467557e-05
1.738931373e-05
1.697039885e-05
1.749664382e-05
1.729274889e-05
1.747795562e-05
1.717735123e-05
1.703682822e-05
1.734711836e-05
1.713830662e-05
1.724124598e-05
1.707817687e-05
1.682919488e-05
1.700837865e-05
1.721217405e-05
1.710210718e-05
1.703372171e-05
1.733482359e-05
1.691099354e-05
1.730475136e-05
1.714972233e-05
1.748052594e-05
1.707933323e-05
1.691150409e-05
1.721718904e-05
1.730283829e-05
1.711995782e-05
1.723725386e-05
1.71620885e-05
1.719092506e-05
1.734489086e-05
1.699395688e-05
1.704705069e-05
1.725142198e-05
1.747587332e-05
1.742340361e-05
1.712687444e-05
1.72516318e-05
1.707479708e-05
1.68557457e-05
1.72943712e-05
1.711280815e-05
1.724786833e-05
1.740598348e-05
1.757822494e-05
1.705908011e-05
1.728046677e-05
1.742311617e-05
1.745366001e-05
1.757228639e-05
1.714091215e-05
1.717498767e-05
1.767508174e-05
1.761603769e-05
1.725738241e-05
1.718478826e-05
1.714952188e-05
1.748328643e-05
1.708013815e-05
1.738946197e-05
1.721147451e-05
1.752716083e-05
1.728047519e-05
1.725875259e-05
1.733501099e-05
1.755895779e-05
1.714755591e-05
1.724537824e-05
1.729310205e-05
1.73146259e-05
1.760521898e-05
1.726904962e-05
1.742702304e-05
1.781750989e-05
1.726517839e-05
1.742424682e-05
1.76601589e-05
1.750406832e-05
1.736726863e-05
1.720642733e-05
1.764305623e-05
1.752612204e-05
1.750521338e-05
1.743789625e-05
1.769772982e-05
1.745378936e-05
1.729003778e-05
1.750908814e-05
1.775900087e-05
1.799478803e-05
1.74502352e-05
1.739697045e-05
1.764176287e-05
1.755755385e-05
1.720102268e-05
1.765233806e-05
1.788949531e-05
1.770726829e-05
1.778345732e-05
1.756935797e-05
1.773080765e-05
1.751622428e-05
1.774580753e-05
1.755322552e-05
1.715700294e-05
1.791483662e-05
1.76406999e-05
1.760384454e-05
1.744885219e-05
1.754999919e-05
1.758709271e-05
1.774812089e-05
1.790241954e-05
1.762820679e-05
1.745332655e-05
1.727257141e-05
1.73875956e-05
1.759603565e-05
1.75253582e-05
1.756511529e-05
1.758782885e-05
1.760422555e-05
1.759818988e-05
1.781469912e-05
1.781128722e-05
1.780522657e-05
1.758442489e-05
1.782907765e-05
1.738214307e-05
1.76109458e-05
1.797924627e-05
1.74433262e-05
1.782530721e-05
1.764290901e-05
1.76215918e-05
1.775230062e-05
1.76377513e-05
1.795435478e-05
1.771564908e-05
1.779154197e-05
1.825877051e-05
1.794254563e-05
1.780499189e-05
1.781233651e-05
1.794176723e-05
1.806243779e-05
1.777051017e-05
1.791870396e-05
1.786693036e-05
1.804470936e-05
1.758491864e-05
1.786030432e-05
1.770880366e-05
1.777903681e-05
1.780684641e-05
1.747392247e-05
1.78846671e-05
1.791646383e-05
1.782594343e-05
1.753809606e-05
1.818550864e-05
1.774166824e-05
1.789356687e-05
1.789287493e-05
1.746907686e-05
1.827303789e-05
1.799229374e-05
1.786166354e-05
1.793037175e-05
1.771793006e-05
1.811006911e-05
1.788861648e-05
1.774771618e-05
1.783367875e-05
1.783789539e-05
1.77971053e-05
1.816474519e-05
1.809478518e-05
1.749447e-05
1.80033836e-05
1.789018706e-05
1.798564508e-05
1.743357757e-05
1.805456409e-05
1.802511408e-05
1.831158152e-05
1.802835324e-05
1.79730413e-05
1.815419558e-05
1.76956974e-05
1.792048643e-05
1.762953208e-05
1.807142024e-05
1.796478513e-05
1.788990644e-05
1.795992751e-05
1.779423939e-05
1.781517321e-05
1.801068372e-05
1.816277599e-05
1.837905466e-05
1.805925651e-05
1.787279479e-05
1.832580139e-05
1.810947133e-05
1.803559278e-05
1.833722464e-05
1.798790034e-05
1.803684114e-05
1.833256853e-05
1.822858437e-05
1.825369596e-05
1.826548748e-05
1.798789041e-05
1.83220511e-05
1.822650174e-05
1.828531695e-05
1.815199938e-05
1.781623007e-05
1.8303701e-05
1.826278172e-05
1.830643102e-05
1.780068694e-05
1.842573474e-05
1.811181048e-05
1.819418627e-05
1.808084678e-05
1.807700967e-05
1.835703535e-05
1.855445843e-05
1.795430792e-05
1.821684571e-05
1.833912824e-05
1.829332099e-05
1.839352711e-05
1.862442036e-05
1.839076456e-05
1.837533992e-05
1.834864631e-05
1.850762034e-05
1.819973297e-05
1.836134842e-05
1.85926881e-05
1.816630467e-05
1.806822558e-05
1.817260533e-05
1.841275859e-05
1.828812787e-05
1.826918475e-05
1.835512935e-05
1.879656532e-05
1.836030267e-05
1.822215949e-05
1.855641258e-05
1.859549493e-05
1.840317067e-05
1.853064858e-05
1.8318382e-05
1.8339405e-05
1.828801918e-05
1.834486654e-05
1.843819385e-05
1.845324966e-05
1.828097481e-05
1.866906277e-05
1.863111487e-05
1.863827761e-05
1.840676649e-05
1.863407602e-05
1.832223145e-05
1.853795276e-05
1.84955022e-05
1.847758138e-05
1.817086644e-05
1.843342917e-05
1.840360982e-05
1.856069908e-05
1.867706501e-05
1.851699637e-05
1.802258813e-05
1.847479862e-05
1.861361968e-05
1.861904489e-05
1.86799674e-05
1.838625634e-05
1.897535755e-05
1.865582661e-05
1.866645754e-05
1.883370715e-05
1.864475644e-05
1.832908338e-05
1.814176985e-05
1.853457047e-05
1.854447527e-05
1.846827141e-05
1.846494468e-05
1.879953727e-05
1.874544595e-05
1.864236356e-05
1.854843204e-05
1.908866005e-05
1.84393989e-05
1.862645458e-05
1.872704157e-05
1.867620553e-05
1.900139293e-05
1.87480094e-05
1.854586457e-05
1.857760854e-05
1.842869405e-05
1.846049996e-05
1.866628879e-05
1.888755993e-05
1.858419826e-05
1.851062101e-05
1.894706189e-05
1.88508177e-05
1.875279043e-05
1.881017223e-05
1.890729854e-05
1.881988805e-05
1.848239838e-05
1.873489007e-05
1.882184571e-05
1.873711771e-05
1.894945281e-05
1.852031492e-05
1.888548432e-05
1.879625028e-05
1.861274457e-05
1.893275547e-05
1.884481034e-05
1.908050236e-05
1.866451437e-05
1.87112155e-05
1.908189089e-05
1.866185722e-05
1.882464104e-05
1.863695936e-05
1.903596684e-05
1.885724165e-05
1.882776397e-05
1.881360807e-05
1.907329696e-05
1.856955189e-05
1.854459536e-05
1.857859235e-05
1.892320815e-05
1.878734058e-05
1.84850692e-05
1.861283181e-05
1.888095151e-05
1.889836758e-05
1.906757567e-05
1.887064816e-05
1.899238178e-05
1.867234923e-05
1.870223646e-05
1.945677423e-05
1.899502294e-05
1.933574828e-05
1.889756805e-05
1.882674269e-05
1.887217397e-05
1.893042495e-05
1.900239367e-05
1.896688879e-05
1.926013438e-05
1.860816109e-05
1.908859474e-05
1.919606536e-05
1.893328108e-05
1.890444448e-05
1.936683118e-05
1.893348181e-05
1.897078386e-05
1.90876012e-05
1.916511122e-05
1.907871291e-05
1.917703746e-05
1.915363975e-05
1.901633652e-05
1.908863587e-05
1.933756836e-05
1.937571855e-05
1.916989625e-05
1.917095266e-05
1.912357415e-05
1.918156297e-05
1.953647724e-05
1.928421183e-05
1.926701972e-05
1.892165805e-05
1.945211091e-05
1.899193961e-05
1.930717751e-05
1.906582724e-05
1.906678584e-05
1.942468347e-05
1.936361124e-05
1.943107135e-05
1.931976164e-05
1.923488339e-05
1.916180304e-05
1.943548117e-05
1.885094032e-05
1.943300669e-05
1.958306439e-05
1.946570404e-05
1.958559057e-05
1.941155638e-05
1.985176029e-05
1.948154669e-05
1.9385531e-05
1.921173988e-05
1.914127464e-05
1.921752605e-05
1.939265549e-05
1.940956338e-05
1.974157512e-05
1.943916078e-05
1.936277581e-05
1.920729466e-05
1.944480089e-05
1.911440188e-05
1.915768341e-05
1.920148804e-05
1.95558834e-05
1.923757311e-05
1.950906606e-05
1.95064543e-05
1.948851727e-05
1.94752191e-05
1.970462083e-05
1.988006229e-05
1.906126691e-05
1.90365681e-05
1.955511817e-05
1.974104803e-05
1.960967143e-05
1.957133765e-05
1.990813283e-05
1.961507729e-05
1.950598001e-05
1.946136259e-05
1.961003944e-05
1.965526524e-05
1.969985242e-05
1.976967701e-05
1.952630454e-05
2.01155901e-05
1.96904452e-05
1.977034876e-05
1.962004377e-05
1.95978792e-05
1.909523578e-05
1.973653056e-05
1.974248763e-05
1.964004823e-05
2.03491347e-05
1.997337941e-05
1.969568996e-05
1.978113946e-05
1.961583562e-05
1.971581505e-05
1.977089632e-05
1.96635843e-05
1.998811398e-05
1.967122155e-05
1.964833545e-05
1.993114754e-05
1.944993362e-05
1.991607352e-05
1.990069606e-05
2.035418037e-05
1.975843154e-05
1.961255573e-05
1.978892727e-05
2.002816086e-05
2.02032796e-05
1.983332311e-05
1.977898723e-05
2.001276877e-05
2.009181206e-05
1.980238959e-05
1.972118335e-05
1.980960933e-05
1.99768106e-05
1.999434411e-05
2.014415165e-05
2.006515743e-05
2.010096362e-05
2.050461603e-05
1.98593136e-05
1.993878684e-05
2.019800402e-05
1.999304538e-05
1.986152372e-05
2.032621225e-05
2.018970477e-05
2.020844296e-05
2.001178428e-05
1.987201225e-05
2.034899518e-05
1.971056315e-05
2.001284252e-05
2.030885183e-05
2.046309409e-05
2.028504338e-05
2.049781331e-05
2.005808041e-05
2.001450392e-05
2.023476807e-05
2.028409487e-05
2.031002067e-05
2.019945556e-05
2.024122103e-05
2.010488564e-05
2.007011541e-05
2.006734676e-05
1.992692727e-05
2.021179703e-05
2.011384447e-05
1.985156679e-05
2.036446151e-05
2.039730983e-05
2.058951938e-05
2.026165247e-05
2.014207439e-05
2.029057243e-05
2.015071342e-05
2.048955639e-05
2.007268773e-05
2.037510944e-05
2.060546327e-05
2.041636597e-05
2.041529381e-05
2.058368696e-05
1.9816132e-05
2.065817005e-05
2.068631097e-05
2.080653814e-05
2.058412813e-05
2.062287834e-05
2.016601542e-05
2.046954933e-05
2.048082265e-05
2.026570066e-05
2.01364897e-05
2.069744768e-05
2.072755977e-05
2.037946479e-05
2.040215055e-05
2.095965719e-05
2.073195358e-05
2.073246492e-05
2.042598886e-05
2.017217226e-05
2.036674446e-05
2.028502824e-05
2.071832047e-05
2.068505001e-05
2.0618245e-05
2.076994816e-05
2.035138207e-05
2.064233328e-05
2.11176759e-05
2.06699159e-05
2.067559921e-05
2.076341236e-05
2.075928287e-05
2.04455398e-05
2.075409943e-05
2.077222871e-05
2.088155622e-05
2.058356955e-05
2.076999336e-05
2.084410051e-05
2.086185782e-05
2.078089538e-05
2.074165015e-05
2.076908743e-05
2.03704181e-05
2.061743664e-05
2.061841996e-05
2.109495759e-05
2.090312031e-05
2.074409834e-05
2.100527123e-05
2.109535964e-05
2.105149606e-05
2.118166521e-05
2.112946467e-05
2.062117266e-05
2.082298371e-05
2.115313189e-05
2.099661104e-05
2.080678565e-05
2.122997595e-05
2.124555611e-05
2.098757471e-05
2.135970924e-05
2.106228978e-05
2.084604015e-05
2.109217274e-05
2.132812548e-05
2.085968916e-05
2.076431576e-05
2.094558707e-05
2.140429302e-05
2.132184194e-05
2.109487303e-05
2.086440433e-05
2.144241431e-05
2.098304521e-05
2.141931412e-05
2.092536443e-05
2.123008438e-05
2.126868212e-05
2.103310344e-05
2.132177771e-05
2.10142759e-05
2.11627006e-05
2.112084755e-05
2.153513342e-05
2.07517926e-05
2.126415327e-05
2.118364137e-05
2.166764482e-05
2.114958595e-05
2.139961704e-05
2.134628992e-05
2.133579973e-05
2.17171483e-05
2.110505659e-05
2.126179186e-05
2.148663914e-05
2.131568322e-05
2.144019215e-05
2.126549406e-05
2.145360269e-05
2.147310963e-05
2.127051927e-05
2.095111331e-05
2.150410396e-05
2.118522006e-05
2.154906948e-05
2.166734626e-05
2.134642051e-05
2.124990202e-05
2.134527238e-05
2.140974391e-05
2.159755562e-05
2.160824402e-05
2.147373154e-05
2.162121592e-05
2.159913669e-05
2.141958162e-05
2.134736263e-05
2.154234797e-05
2.136959211e-05
2.135987876e-05
2.160942361e-05
2.162571425e-05
2.201710498e-05
2.177118391e-05
2.144281757e-05
2.195183081e-05
2.183415629e-05
2.135130178e-05
2.170161709e-05
2.188379566e-05
2.186270772e-05
2.2232243e-05
2.197522355e-05
2.142098665e-05
2.160298217e-05
2.201024385e-05
2.168398572e-05
2.146673879e-05
2.194037365e-05
2.180867832e-05
2.188060918e-05
2.208180602e-05
2.179502393e-05
2.19460101e-05
2.165332281e-05
2.193333921e-05
2.17578343e-05
2.18159884e-05
2.193822093e-05
2.212545687e-05
2.179792938e-05
2.202942186e-05
2.215196826e-05
2.190830776e-05
2.229321762e-05
2.202454654e-05
2.185863552e-05
2.22880282e-05
2.205328307e-05
2.199828441e-05
2.191592025e-05
2.23259731e-05
2.233522952e-05
2.216845989e-05
2.218766544e-05
2.215179098e-05
2.194629703e-05
2.220125772e-05
2.245053507e-05
2.20145996e-05
2.231535141e-05
2.264593258e-05
2.243748576e-05
2.243992846e-05
2.227237695e-05
2.225227316e-05
2.233683212e-05
2.278960027e-05
2.193697468e-05
2.228670345e-05
2.22617447e-05
2.208839323e-05
2.269701979e-05
2.253393384e-05
2.230812573e-05
2.266794278e-05
2.265741779e-05
2.278977674e-05
2.22747259e-05
2.240436171e-05
2.240921281e-05
2.271269497e-05
2.260251621e-05
2.260750813e-05
2.288409451e-05
2.273573827e-05
2.208493699e-05
2.247393875e-05
2.272597159e-05
2.276469138e-05
2.302561662e-05
2.257781796e-05
2.225819436e-05
2.282332418e-05
2.311582325e-05
2.24693429e-05
2.289485237e-05
2.300064335e-05
2.288372366e-05
2.291540578e-05
2.27540911e-05
2.305486433e-05
2.285865343e-05
2.233423219e-05
2.330127064e-05
2.309478852e-05
2.307010874e-05
2.253344919e-05
2.299846251e-05
2.280805623e-05
2.292536192e-05
2.3064447e-05
2.345545363e-05
2.32916151e-05
2.336582957e-05
2.32017549e-05
2.347501593e-05
2.30808569e-05
2.335702451e-05
2.318347088e-05
2.343992702e-05
2.316371832e-05
2.335375167e-05
2.330376296e-05
2.340499337e-05
2.331438278e-05
2.363158478e-05
2.32342842e-05
2.370384007e-05
2.358851245e-05
2.334982776e-05
2.350969699e-05
2.323677873e-05
2.347105203e-05
2.354886378e-05
2.340760456e-05
2.340858791e-05
2.360083298e-05
2.351861316e-05
2.371643237e-05
2.369276924e-05
2.368047648e-05
2.348558432e-05
2.329409072e-05
2.373712423e-05
2.348310841e-05
2.374982329e-05
2.401006197e-05
2.371526583e-05
2.357267812e-05
2.382664487e-05
2.372198974e-05
2.406235516e-05
2.399849919e-05
2.40631972e-05
2.410477462e-05
2.386585837e-05
2.375788892e-05
2.367593381e-05
2.39731928e-05
2.375153679e-05
2.395445393e-05
2.42239548e-05
2.38117493e-05
2.398629029e-05
2.408978916e-05
2.419049923e-05
2.364436168e-05
2.458914138e-05
2.404099298e-05
2.410624615e-05
2.375493944e-05
2.432445239e-05
2.38015915e-05
2.394257175e-05
2.418236299e-05
2.408807747e-05
2.409309467e-05
2.428299555e-05
2.460199941e-05
2.429076907e-05
2.44351134e-05
2.457764151e-05
2.458336597e-05
2.440003376e-05
2.440618843e-05
2.455507943e-05
2.435556428e-05
2.41371015e-05
2.459652532e-05
2.45986819e-05
2.481101369e-05
2.446837444e-05
2.468072596e-05
2.454185739e-05
2.469917687e-05
2.452398403e-05
2.447749789e-05
2.486575965e-05
2.527052728e-05
2.446713215e-05
2.490570793e-05
2.448930354e-05
2.483929227e-05
2.544391227e-05
2.454161958e-05
2.494280272e-05
2.542774482e-05
2.523749737e-05
2.460637187e-05
2.485528411e-05
2.516998468e-05
2.538023335e-05
2.507227037e-05
2.570622894e-05
2.539236905e-05
2.46512813e-05
2.528217399e-05
2.495257355e-05
2.515413272e-05
2.520272177e-05
2.573805186e-05
2.522522282e-05
2.524477206e-05
2.557203634e-05
2.51235918e-05
2.506439604e-05
2.485634534e-05
2.560658986e-05
2.563531713e-05
2.539072319e-05
2.568602893e-05
2.601930734e-05
2.544221316e-05
2.590067046e-05
2.556985011e-05
2.545721136e-05
2.584092648e-05
2.556202023e-05
2.572376944e-05
2.571199813e-05
2.629006657e-05
2.589126761e-05
2.607212201e-05
2.595570503e-05
2.576116369e-05
2.626887992e-05
2.564164168e-05
2.58914299e-05
2.600539054e-05
2.618354394e-05
2.61855177e-05
2.607901312e-05
2.620314352e-05
2.616466495e-05
2.634795419e-05
2.684694819e-05
2.667985488e-05
2.644053134e-05
2.614497654e-05
2.652451344e-05
2.551835018e-05
2.600474727e-05
2.681833582e-05
2.655809502e-05
2.629190242e-05
2.616355407e-05
2.634658355e-05
2.694886386e-05
2.628271207e-05
2.713688889e-05
2.639486052e-05
2.670529923e-05
2.699437828e-05
2.684819055e-05
2.698714073e-05
2.692775207e-05
2.71076157e-05
2.661231426e-05
2.722586017e-05
2.71137545e-05
2.653376982e-05
2.697031834e-05
2.706381616e-05
2.738469775e-05
2.66824619e-05
2.684425499e-05
2.694380101e-05
2.716120628e-05
2.73942449e-05
2.716014834e-05
2.814223927e-05
2.784748564e-05
2.751847701e-05
2.767458128e-05
2.77678912e-05
2.749787701e-05
2.760322995e-05
2.74469476e-05
2.755147781e-05
2.76369213e-05
2.769204665e-05
2.744638874e-05
2.74859194e-05
2.816335858e-05
2.813625885e-05
2.771045732e-05
2.799031125e-05
2.792121799e-05
2.822637983e-05
2.786825422e-05
2.804000064e-05
2.849585038e-05
2.828460333e-05
2.759140293e-05
2.832983091e-05
2.822627843e-05
2.860319993e-05
2.826146858e-05
2.853234633e-05
2.830123473e-05
2.85800102e-05
2.889574776e-05
2.905303972e-05
2.886678042e-05
2.921598415e-05
2.804958918e-05
2.851219807e-05
2.858516963e-05
2.877285997e-05
2.928058836e-05
2.91115206e-05
2.870390607e-05
2.837232529e-05
2.923610803e-05
2.902890756e-05
2.88877599e-05
2.871828693e-05
2.904840118e-05
2.949763371e-05
2.976568522e-05
2.976108678e-05
2.96712646e-05
2.957567106e-05
2.898492934e-05
2.975633262e-05
2.927011766e-05
2.981242282e-05
2.969645284e-05
2.990507507e-05
2.995846319e-05
2.922961311e-05
2.981362373e-05
3.04891597e-05
3.023248695e-05
3.020789946e-05
3.042760927e-05
3.003339857e-05
3.015065432e-05
3.056140887e-05
2.994167672e-05
3.075726958e-05
3.078726067e-05
3.026740478e-05
3.005144427e-05
3.043650419e-05
3.068122936e-05
3.087400926e-05
3.090534431e-05
3.11780786e-05
3.164229543e-05
3.097175832e-05
3.102256092e-05
3.113319654e-05
3.117836894e-05
3.142712419e-05
3.106617384e-05
3.129536787e-05
3.133727577e-05
3.162916062e-05
3.191569187e-05
3.174944928e-05
3.156336475e-05
3.202769365e-05
3.198855912e-05
3.17332705e-05
3.197660481e-05
3.230446426e-05
3.222780573e-05
3.18828397e-05
3.209355303e-05
3.26512081e-05
3.304127538e-05
3.281877856e-05
3.353287405e-05
3.248557673e-05
3.242363664e-05
3.234797444e-05
3.296289086e-05
3.298436527e-05
3.271822511e-05
3.280316765e-05
3.334881208e-05
3.342406859e-05
3.354545292e-05
3.305456448e-05
3.307372639e-05
3.346607537e-05
3.439326787e-05
3.377422535e-05
3.391170039e-05
3.372308247e-05
3.431845656e-05
3.45932792e-05
3.43281037e-05
3.424215074e-05
3.450652463e-05
3.458571148e-05
3.467111363e-05
3.423147902e-05
3.456002802e-05
3.520242978e-05
3.514525053e-05
3.499053548e-05
3.547884687e-05
3.503137683e-05
3.496571054e-05
3.574368682e-05
3.560428305e-05
3.52101828e-05
3.609059856e-05
3.592733445e-05
3.607871156e-05
3.635355147e-05
3.618333148e-05
3.690425413e-05
3.590402768e-05
3.700144916e-05
3.650309199e-05
3.668023464e-05
3.756753049e-05
3.744767221e-05
3.738917894e-05
3.713250209e-05
3.702532814e-05
3.762281919e-05
3.728068823e-05
3.769892985e-05
3.782236241e-05
3.817033344e-05
3.824415889e-05
3.890489156e-05
3.868192478e-05
3.894634222e-05
3.868156823e-05
3.870598862e-05
3.966708595e-05
3.943086491e-05
3.97197011e-05
3.97968036e-05
3.956138528e-05
3.966144543e-05
4.015060723e-05
4.079019428e-05
4.05266315e-05
4.035783563e-05
4.112238962e-05
4.113782709e-05
4.163291161e-05
4.100826693e-05
4.168423716e-05
4.187455595e-05
4.097580883e-05
4.276806837e-05
4.205222142e-05
4.249456823e-05
4.293057309e-05
4.316845069e-05
4.350588251e-05
4.298814703e-05
4.358458322e-05
4.389893799e-05
4.45980885e-05
4.427781742e-05
4.401951919e-05
4.419513282e-05
4.542898052e-05
4.491908547e-05
4.657779411e-05
4.625021136e-05
4.568877058e-05
4.712250926e-05
4.658151149e-05
4.723542548e-05
4.747471254e-05
4.749994706e-05
4.797551126e-05
4.967619739e-05
4.882872151e-05
4.861452281e-05
5.033909477e-05
4.950696547e-05
5.066898918e-05
4.999251921e-05
5.147100781e-05
5.113581468e-05
5.234055226e-05
5.303749308e-05
5.198320206e-05
5.374991201e-05
5.324953914e-05
5.398002744e-05
5.458102113e-05
5.458531918e-05
5.494446467e-05
5.543308119e-05
5.570628255e-05
5.683752341e-05
5.727011724e-05
5.747083345e-05
5.758615508e-05
5.837935891e-05
5.955037765e-05
5.894148827e-05
5.959226889e-05
5.947309338e-05
6.028767549e-05
6.217532481e-05
6.180785835e-05
6.194824784e-05
6.165052068e-05
6.206904335e-05
6.304488298e-05
6.42273754e-05
6.284862378e-05
6.381978707e-05
6.469671469e-05
6.33709577e-05
6.447345146e-05
6.565203963e-05
6.534979208e-05
6.559348073e-05
6.532718085e-05
6.55055594e-05
6.634404818e-05
6.47852262e-05
6.623843099e-05
6.478336009e-05
6.506026277e-05
6.418670969e-05
6.493648421e-05
6.350592652e-05
6.342160281e-05
6.41013505e-05
6.228858529e-05
6.160247595e-05
6.259612702e-05
6.082328897e-05
5.964233019e-05
5.964028012e-05
5.931268354e-05
5.739129969e-05
5.767827928e-05
5.568806656e-05
5.615988262e-05
5.460965864e-05
5.322081068e-05
5.283421029e-05
5.145026107e-05
5.036868651e-05
4.858430436e-05
4.689866904e-05
4.638493559e-05
4.559124299e-05
4.388615473e-05
4.274567336e-05
4.189660205e-05
4.020149026e-05
3.855609217e-05
3.759114277e-05
3.563230964e-05
3.458933466e-05
3.298258177e-05
3.189359473e-05
3.049212645e-05
2.988053662e-05
2.852922791e-05
2.764124754e-05
2.553082309e-05
2.448040326e-05
2.381232154e-05
2.252306386e-05
2.14918514e-05
2.006652189e-05
1.911873934e-05
1.793866248e-05
1.698222014e-05
1.651817633e-05
1.498768396e-05
1.45889767e-05
1.331189284e-05
1.213327227e-05
1.179378295e-05
1.085748414e-05
1.016924602e-05
9.302686724e-06
8.32996454e-06
8.154196198e-06
7.380643721e-06
6.862055167e-06
6.62608965e-06
5.746029895e-06
5.637576361e-06
5.105892358e-06
4.593893636e-06
4.233719391e-06
3.797409118e-06
3.589177313e-06
3.129224875e-06
2.987904633e-06
2.694757083e-06
2.448695902e-06
2.13164522e-06
1.988416744e-06
1.792989931e-06
1.654154759e-06
1.390169299e-06
1.274365962e-06
1.113695248e-06
1.070327578e-06
9.192449344e-07
9.206191109e-07
7.149075473e-07
7.360331317e-07
5.90929929e-07
5.311795869e-07
4.901482208e-07
4.312570831e-07
4.201785247e-07
3.878435744e-07
3.449212179e-07
3.309900768e-07
2.722323354e-07
2.410522929e-07
2.233686872e-07
1.745454554e-07
1.452981115e-07
1.420805068e-07
1.131094647e-07
1.270452176e-07
1.195033754e-07
1.338947174e-07
9.818070519e-08
1.172673274e-07
7.879098772e-08
9.641058617e-08
1.205889252e-07
9.142450069e-08
8.592669094e-08
6.819316085e-08
6.810275974e-08
6.567474856e-08
8.858239632e-08
8.940020551e-08
8.843413977e-08
6.25114712e-08
5.336836213e-08
3.894500954e-08
5.777358642e-08
5.33512176e-08
5.402682662e-08
6.70429009e-08
5.092449992e-08
4.634999545e-08
3.20921289e-08
4.841820482e-08
5.261839856e-08
4.428732838e-08
6.667407151e-08
4.83904782e-08
5.517521706e-08
3.404717882e-08
4.250448275e-08
3.604690325e-08
5.939497196e-08
4.467930714e-08
5.049701829e-08
7.404944984e-08
7.607877863e-08
8.430995113e-08
4.482679099e-08
2.657629408e-08
5.984590283e-08
4.252543907e-08
3.953684101e-08
3.939477899e-08
3.239459764e-08
2.765402313e-08
3.694590679e-08
2.645109308e-08
6.544448891e-08
3.469922418e-08
4.183385165e-08
4.28321698e-08
4.18584744e-08
4.364247259e-08
4.530321201e-08
4.206085619e-08
7.111596851e-08
6.13126069e-08
7.387518442e-08
4.974832254e-08
5.68438871e-08
4.607609763e-08
5.64468318e-08
3.842890982e-08
5.532415913e-08
7.191045713e-08
5.339219258e-08
6.351154645e-08
7.999620222e-08
4.937690918e-08
2.112148676e-08
5.51477078e-08
6.319383456e-08
3.800972279e-08
6.388858186e-08
2.832866533e-08
2.621724406e-08
4.716368224e-08
2.409986644e-08
5.757643358e-08
3.046508242e-08
4.772633722e-08
2.340665044e-08
2.995023846e-08
2.297838204e-08
3.342912713e-08
2.303979507e-08
1.816611102e-08
2.389215109e-08
1.224704387e-08
3.174790679e-08
2.207735263e-08
3.095061423e-08
4.255898943e-08
3.624125513e-08
3.824691341e-08
7.917057065e-08
4.322516019e-08
5.404811851e-08
2.849993127e-08
4.966121368e-08
5.867795057e-08
2.901693788e-08
6.351714469e-08
4.007703323e-08
6.317888835e-08
2.460933407e-08
2.1401467e-08
2.017295935e-08
2.925008017e-08
4.188156824e-08
5.728700984e-08
4.85934869e-08
1.30938169e-07
6.387251999e-08
7.720082934e-08
5.838403415e-08
3.883669834e-08
3.966293968e-08
5.841795241e-08
4.947150944e-08
7.900946282e-08
5.231983534e-08
5.018940772e-08
1.620860953e-08
2.066530293e-08
1.861340402e-08
3.27792363e-08
2.454834927e-08
2.715902569e-08
4.300245952e-08
3.453434484e-08
4.027529188e-08
4.051679984e-08
3.227618409e-08
3.517548459e-08
2.367036373e-08
2.452908233e-08
3.382189015e-08
2.880044816e-08
3.441749536e-08
4.301563062e-08
6.12152828e-08
3.902434058e-08
3.833800917e-08
4.668520112e-08
2.739709125e-08
5.760452934e-08
5.706351057e-08
4.33624907e-08
2.630371435e-08
4.828917335e-08
2.864511833e-08
6.110417984e-08
4.742779476e-08
6.661469531e-08
8.533491947e-08
6.19870843e-08
6.208354225e-08
3.366848246e-08
2.696116204e-08
6.316296355e-08
4.483675757e-08
6.924121814e-08
3.180278731e-08
4.740529679e-08
4.112046251e-08
2.707603087e-08
1.90692395e-08
2.910186993e-08
3.376169564e-08
3.452284448e-08
6.881423289e-08
4.748588509e-08
3.480623825e-08
4.233367036e-08
3.949280401e-08
3.333532576e-08
3.110013056e-08
4.356394095e-08
3.263793063e-08
2.908068607e-08
1.816629591e-08
5.282762534e-08
1.408979792e-08
1.664752704e-08
3.769604566e-08
3.227163133e-08
5.404638384e-08
4.304836192e-08
1.987358386e-08
2.979376159e-08
2.751335191e-08
2.24505185e-08
1.503911385e-08
4.585730771e-08
3.459540665e-08
2.808254312e-08
4.28761488e-08
5.274869051e-08
1.312933465e-08
3.352686692e-08
5.029900016e-08
2.065382322e-08
3.916943418e-08
2.586351375e-08
1.451831746e-08
2.209870403e-08
2.585042637e-08
3.07574155e-08
3.238554529e-08
3.420958039e-08
5.759117527e-08
3.385595935e-08
2.717871327e-08
2.086865402e-08
3.63802052e-08
3.028407683e-08
3.784425194e-08
2.655116629e-08
1.997505754e-08
4.933138458e-08
2.309399353e-08
3.583480025e-08
2.351201486e-08
3.33849943e-08
1.898615527e-08
2.779957749e-08
2.738248751e-08
3.661926715e-08
3.341925936e-08
2.671797224e-08
1.41284478e-08
6.041774234e-08
4.217116762e-08
2.508558947e-08
2.120366543e-08
4.020263583e-08
4.931471876e-08
1.248102898e-08
4.612428919e-08
3.091009222e-08
3.00554089e-08
5.891258491e-08
6.1393296e-08
3.211948865e-08
3.407080487e-08
3.527227279e-08
3.338641304e-08
2.898640857e-08
3.623039739e-08
2.730313774e-08
2.844806071e-08
2.67921127e-08
4.22213806e-08
3.452191199e-08
3.267109598e-08
3.890279097e-08
2.022275005e-08
3.23583953e-08
1.668941378e-08
4.452960116e-08
3.646841302e-08
4.090875634e-08
6.895761431e-08
4.16400826e-08
3.252030823e-08
3.724551635e-08
2.325802442e-08
6.904485281e-08
5.685515361e-08
3.223264695e-08
3.680831809e-08
1.849049236e-08
1.769276756e-08
2.26515899e-08
1.937203886e-08
3.610996421e-08
3.897223213e-08
3.164341599e-08
3.129968697e-08
3.895292857e-08
2.902909391e-08
6.15585349e-08
4.506828459e-08
3.646740572e-08
3.600540163e-08
2.937965918e-08
3.888363857e-09
1.622700165e-08
7.285758348e-08
7.128381904e-08
2.571592735e-08
2.172531829e-08
3.203997794e-08
4.100950975e-08
2.561801365e-08
4.044662406e-08
2.474532013e-08
2.151616216e-08
3.532038475e-08
2.265606583e-08
3.708014457e-08
4.640770795e-08
5.754892523e-08
4.330849508e-08
5.129087505e-08
4.320675365e-08
3.059410925e-08
3.311847057e-08
3.097018798e-08
2.383513489e-08
2.391792592e-08
3.043379007e-08
3.258266621e-08
3.405109698e-08
4.075446032e-08
2.887324452e-08
6.917448765e-08
4.225821086e-08
2.310282157e-08
1.811991185e-08
3.519155596e-08
4.603313699e-08
2.352903056e-08
2.95741848e-08
3.843490223e-08
2.506756985e-08
1.59599857e-08
2.365892668e-08
2.239846228e-08
3.105519976e-08
2.425517964e-08
1.508351119e-08
1.57606147e-08
1.581015965e-08
1.63000029e-08
1.897745429e-08
2.47694661e-08
2.507639864e-08
3.832737472e-08
5.141848121e-08
1.505966327e-08
2.795768339e-08
1.752161894e-08
2.876654673e-08
5.180307703e-08
2.68128858e-08
2.273309568e-08
3.066232376e-08
3.589095278e-08
4.628247772e-08
3.31914312e-08
2.761592305e-08
4.696612757e-08
1.44445708e-08
1.750743255e-08
1.911015586e-08
4.626562177e-08
3.055576578e-08
6.643441464e-08
5.701797273e-08
2.604533168e-08
2.854179324e-08
4.052410055e-08
2.235113102e-08
4.89504114e-08
3.470088888e-08
1.32697773e-08
1.353239351e-08
1.571854228e-08
1.725605971e-08
2.684759862e-08
3.273374935e-08
2.731574334e-08
3.034793766e-08
4.185288909e-08
1.245392042e-08
3.25947207e-08
2.840439287e-08
1.506109092e-08
1.89124369e-08
2.402204876e-08
2.878162075e-08
2.592188922e-08
3.596991042e-08
3.564341703e-08
2.408641804e-08
1.617745827e-08
1.590034129e-08
2.77032808e-08
2.737816491e-08
1.025403471e-08
2.745198771e-08
2.305926667e-08
3.455312861e-08
2.947017424e-08
1.335468086e-08
3.13070127e-08
2.721563451e-08
3.857939869e-08
1.109905591e-08
2.90430824e-08
3.046146795e-08
1.2966273e-08
3.048426194e-08
2.70903468e-08
1.825191939e-08
2.933467441e-08
1.872871661e-08
3.52120724e-08
2.413626338e-08
1.008992335e-08
2.697054545e-08
3.123285703e-08
1.896621878e-08
1.952163722e-08
3.199258426e-08
2.139486635e-08
2.610177897e-08
3.140081471e-08
1.831778936e-08
2.341807779e-08
2.682498613e-08
1.905948128e-08
4.66973252e-08
3.02427691e-08
1.893888311e-08
4.349080855e-08
1.837983188e-08
9.382483825e-09
2.616945127e-08
2.801324575e-08
3.952156297e-08
3.143035756e-08
4.763469018e-08
6.933601156e-08
3.089409424e-08
2.694393643e-08
3.13224122e-08
1.510811007e-08
3.015102045e-08
7.116630918e-09
4.201513396e-08
1.703296957e-08
1.999430006e-08
1.889205289e-08
1.642570002e-08
2.933985438e-08
2.434715265e-08
2.16301382e-08
2.627480209e-08
2.308365832e-08
2.895924064e-08
2.818330201e-08
1.11206452e-08
3.004469771e-08
3.760639915e-08
1.571735347e-08
2.493156669e-08
1.717291759e-08
2.06185781e-08
1.966325301e-08
2.60916357e-08
2.435422614e-08
2.649360105e-08
1.694426427e-08
3.276760767e-08
1.395249166e-08
2.509058786e-08
2.689609021e-08
1.862123452e-08
6.139157046e-08
1.877177953e-08
1.162056921e-08
6.801715645e-09
1.017866091e-08
9.437939138e-09
2.265800613e-08
9.806864323e-09
2.265268571e-08
3.46991904e-08
1.204010624e-08
1.698953434e-08
2.275060413e-08
2.275484788e-08
1.568293795e-08
3.386187405e-08
1.017204629e-08
2.207016436e-08
3.32262519e-08
3.101764822e-08
2.803850208e-08
2.677012465e-08
1.624415753e-08
2.531495594e-08
1.612208351e-08
3.272893254e-08
3.536737093e-08
1.839702775e-08
1.909139019e-08
5.230207298e-08
2.084113469e-08
2.350459058e-08
1.43603987e-08
1.676060224e-08
1.997594416e-08
8.164979089e-09
1.384627985e-08
3.760836295e-08
2.748562566e-08
2.8898632e-08
2.160122273e-08
2.125974682e-08
1.080487781e-08
1.24433306e-08
1.518682609e-08
2.988640247e-08
2.208264956e-08
2.335993396e-08
3.225094058e-08
2.020506328e-08
1.317281988e-08
1.999337897e-08
1.045854723e-08
6.702131265e-09
3.460904622e-08
4.68452414e-08
1.39886473e-08
3.568798735e-08
2.721376022e-08
1.815987323e-08
2.059606764e-08
1.300179391e-08
2.939800511e-08
9.49350454e-09
1.306443131e-08
3.39105833e-08
2.489980835e-08
1.972855262e-08
4.517572947e-08
1.79737572e-08
3.347691016e-08
3.506412865e-08
3.400959972e-08
2.178611263e-08
1.884462919e-08
4.767528441e-08
2.553319727e-08
2.549396381e-08
1.801420526e-08
3.052006022e-08
1.341572554e-08
3.190492526e-08
1.516797694e-08
4.480463375e-08
5.790804284e-08
2.714883481e-08
3.026350828e-08
2.387735042e-08
4.924523897e-08
3.874705894e-08
3.33097382e-08
3.786416565e-08
4.498079202e-08
1.24336617e-08
1.294306461e-08
3.328420639e-08
3.538905544e-08
4.053941746e-09
1.903990178e-08
1.277787379e-08
1.726423776e-08
1.229385326e-08
3.02722052e-08
1.958158107e-08
3.23085223e-08
3.570246238e-08
3.083298706e-08
2.195720807e-08
2.625618058e-08
3.896840827e-08
3.967392851e-08
3.305426417e-08
2.818731074e-08
4.00125275e-08
4.126847421e-08
9.189102553e-09
1.754452338e-08
2.030692971e-08
5.331795933e-08
2.055887576e-08
3.607623834e-08
1.686433091e-08
1.100934267e-08
2.700706039e-08
2.072920269e-08
2.197096256e-08
2.842195658e-08
5.714538942e-09
1.198048858e-08
1.514206071e-08
1.535105607e-08
2.041541074e-08
1.419626995e-08
1.456530976e-08
1.424206982e-08
1.347655475e-08
2.631402413e-08
2.20101648e-08
1.172996612e-08
1.882202308e-08
1.002141158e-08
1.132264452e-08
8.739381965e-09
1.795491324e-08
1.183732755e-08
1.018322607e-08
9.416863282e-09
1.817618544e-08
2.486822196e-08
1.196401322e-08
4.946628715e-09
1.576106922e-08
4.031256216e-08
2.598768457e-08
3.091210506e-08
4.214283338e-08
1.78141953e-08
2.164943096e-08
1.703125101e-08
8.300963041e-09
1.470221393e-08
1.505471356e-08
1.865063955e-08
4.830115056e-08
2.324444174e-08
1.870345248e-08
1.960728982e-08
1.823477318e-08
4.575041737e-08
2.282583554e-08
3.505795188e-08
1.014310855e-08
1.849889132e-08
2.170751807e-08
3.657553285e-08
2.316499734e-08
2.710769736e-08
1.858927847e-08
2.254059773e-08
1.533438448e-08
2.081783284e-08
3.11988785e-08
2.629402508e-08
1.677705121e-08
1.850192863e-08
3.921297886e-08
2.25755715e-08
1.107101377e-08
1.998143887e-08
2.780144108e-08
1.88615032e-08
3.723251025e-08
1.064746827e-08
2.626956759e-08
3.251015257e-08
1.860367758e-08
1.247503379e-08
2.407158068e-08
3.041570298e-08
2.096960791e-08
3.272339872e-08
3.203658066e-08
2.567849194e-08
3.595253788e-08
2.370512817e-08
2.024430662e-08
2.448706428e-08
1.202891506e-08
1.983069352e-08
2.89251058e-08
2.576678128e-08
3.305902616e-08
1.386259032e-08
1.313689144e-08
2.747673242e-08
1.780349485e-08
2.740447525e-08
2.638930118e-08
1.498526964e-08
1.826842252e-08
1.114650695e-08
1.280222835e-08
1.743421499e-08
2.683691617e-08
2.243224607e-08
6.7782167e-09
1.426369937e-08
1.32958692e-08
2.830190939e-08
1.710183423e-08
4.461337222e-09
1.091703787e-08
1.114583547e-08
3.845822274e-09
3.544832704e-09
1.441400183e-08
5.535629521e-09
1.455396235e-08
1.317439428e-08
6.179954116e-09
4.291640166e-09
2.182802541e-08
1.304032486e-08
2.332609748e-08
3.778839773e-08
6.851915722e-09
1.060424979e-08
1.205911607e-08
1.476680955e-08
2.24570567e-08
1.755225755e-08
7.780582446e-09
5.049002764e-09
1.305675568e-08
6.917367904e-09
4.118442397e-09
1.396653532e-08
8.213075826e-09
5.828524841e-09
1.371176503e-08
2.303158443e-08
1.010823275e-08
2.437087812e-08
1.605569103e-09
3.465314336e-08
2.052073838e-08
1.345347515e-08
1.483573548e-08
9.46745383e-09
3.120978726e-08
2.167685077e-08
1.336910798e-08
2.821779043e-08
2.41460056e-08
1.298394427e-08
2.349823956e-08
1.608703301e-08
2.526824438e-08
2.928526124e-08
2.002005249e-08
7.300090696e-09
1.067106276e-08
1.671844865e-08
1.989882686e-08
2.86656111e-08
2.398388077e-08
5.607031991e-09
3.269923569e-08
1.142746942e-08
1.0247947e-08
8.127844724e-09
1.80335402e-08
1.702069984e-08
4.320004136e-09
2.216058339e-08
1.613820869e-08
2.195614318e-08
1.605405411e-08
1.099795932e-08
8.958035261e-09
2.129100641e-08
2.153457405e-08
1.102278807e-08
2.5143773e-08
1.362498997e-08
5.729876693e-09
5.347638045e-09
2.443024289e-08
5.2382791e-08
1.121961742e-08
1.433065856e-08
3.13236256e-08
2.451452701e-08
1.661832091e-08
6.595278677e-09
1.276067602e-08
9.805901744e-09
2.172051785e-08
2.001517512e-08
1.432881532e-08
2.845540591e-08
2.012926123e-08
1.723460024e-08
7.568929432e-09
1.482729194e-08
1.581376603e-08
3.562862557e-08
2.83160741e-08
2.562178034e-08
5.94583217e-09
2.587859998e-08
2.721107614e-08
1.125947059e-08
1.81921147e-08
1.578389418e-08
3.320659586e-08
9.695845401e-09
1.480546509e-08
1.705356966e-08
1.600682799e-08
7.14916687e-09
7.447473678e-09
1.511600652e-09
1.838314009e-08
1.540398227e-08
1.683822833e-08
1.395641806e-08
1.865673245e-08
1.072200888e-08
1.526533878e-08
3.267403277e-08
2.075370118e-08
2.336253979e-08
1.137480193e-08
9.632236423e-09
1.676702941e-08
4.013308148e-08
3.836104382e-09
8.195928549e-09
1.68829993e-08
1.415169768e-08
1.344884463e-09
1.250390553e-08
7.918350793e-09
7.591774358e-09
1.904486656e-08
1.409382016e-08
1.419893616e-08
1.10514975e-08
5.029133232e-09
1.429878145e-08
4.762857662e-09
1.156868776e-08
1.338828591e-08
2.614752297e-08
1.113932201e-08
2.28634623e-08
1.138724423e-08
7.105826968e-09
6.676696565e-09
1.495372757e-08
1.373808252e-08
5.262594664e-09
1.825764324e-08
1.287621234e-08
9.569502411e-09
7.72487941e-09
2.115980557e-09
1.542215421e-08
1.669610884e-08
2.115691885e-08
2.157796601e-09
2.320438361e-08
4.794691059e-09
9.360247837e-09
2.150878686e-08
2.157103271e-08
1.258654681e-08
2.111940789e-08
2.680718302e-08
3.889956401e-08
1.653602702e-08
3.771559591e-08
9.572159385e-09
9.576679157e-09
2.378683563e-08
8.139637673e-09
6.265708804e-09
1.870785349e-08
2.701866755e-08
2.896879089e-08
2.102155653e-08
1.455580462e-08
2.537267271e-08
9.227409791e-09
1.3428891e-08
1.071144786e-08
4.241834268e-08
1.338765477e-08
1.080612943e-08
1.410865343e-08
6.837876144e-09
7.509466999e-09
3.42148561e-08
3.527048254e-09
1.81646794e-08
2.619275756e-08
1.093997525e-08
1.754882211e-08
1.338409741e-08
1.787601532e-08
5.75933529e-09
9.095833041e-09
6.174361473e-09
5.769817768e-09
3.199138226e-09
1.167048419e-08
5.511326947e-09
2.114795371e-09
1.876018937e-09
4.829699196e-09
1.56030845e-09
2.179461557e-09
3.643134472e-09
6.24222681e-09
9.022740866e-10
1.594497362e-08
1.360785087e-08
1.441782597e-08
2.179027551e-09
1.543747258e-08
5.22019574e-09
5.102471782e-09
4.897230163e-09
9.493097626e-09
5.261252468e-09
5.373178847e-09
1.079237241e-08
1.69215208e-08
1.653895921e-08
2.336001649e-08
2.26751238e-08
2.971083432e-08
2.015966186e-08
7.962528369e-09
4.514473804e-09
6.068944613e-09
1.379476709e-08
5.896149919e-09
1.184986383e-08
1.023596735e-08
1.630941947e-08
7.691192929e-09
1.018379207e-08
1.170777232e-08
7.098790644e-09
1.135888744e-08
5.775494267e-09
1.130944603e-08
2.254745303e-08
7.885143328e-09
5.206228269e-08
1.2268152e-08
3.375303064e-08
1.252965374e-08
2.87464473e-08
6.344595152e-09
2.419414258e-08
2.923055892e-08
1.505674194e-08
1.834216486e-08
3.217438093e-09
3.124830096e-08
1.077833991e-08
1.316775383e-08
1.878458337e-08
1.175646884e-08
1.118814855e-08
9.252840078e-09
9.799753861e-09
5.312258498e-09
3.315133285e-08
4.094577284e-09
7.85173321e-10
1.645376942e-09
2.168507534e-09
5.478573394e-09
1.103622644e-09
2.717427965e-09
1.750185949e-08
2.674903683e-09
2.21968104e-08
2.801975058e-09
6.187789983e-09
7.887914795e-09
5.557037233e-09
1.296571671e-08
2.690100676e-09
5.255756296e-09
6.785410089e-09
2.258714825e-09
6.24912386e-09
1.407618136e-08
6.051963897e-09
1.137334959e-08
1.655469105e-08
2.381731263e-09
1.328469699e-09
4.678933011e-09
3.36160531e-09
8.302462953e-09
6.185247775e-09
6.64329589e-09
3.584435459e-10
1.11983448e-08
6.912910791e-09
4.013829474e-09
1.787869835e-09
4.648437423e-09
7.91001403e-09
3.675649702e-10
1.33058478e-09
1.103210214e-08
1.894524079e-09
4.733363296e-09
1.093430497e-09
4.807810989e-09
3.317131389e-09
9.259225942e-09
1.687869213e-09
1.783240325e-08
6.255095225e-09
3.26756161e-08
5.390843943e-10
6.053871477e-09
5.507312679e-09
2.31368671e-09
6.050381242e-09
7.94467997e-09
3.677930806e-09
1.717224185e-08
5.544103937e-09
9.672692737e-09
1.740997284e-08
1.673472283e-08
1.041924554e-08
1.005314374e-08
1.072752376e-08
1.857544222e-08
1.937781994e-09
1.299515576e-09
5.416413884e-09
1.084378886e-08
5.503600086e-09
6.704916827e-09
2.066638442e-08
8.998670034e-09
1.053610944e-08
1.671415441e-09
1.984628884e-08
2.484878253e-08
6.822882692e-09
1.493290316e-08
8.355559536e-09
1.935646437e-08
2.954534228e-09
8.84554635e-09
1.293243592e-08
7.185884009e-09
6.109997063e-09
6.424646012e-09
7.751569404e-10
1.061888858e-09
8.998174014e-10
6.32031626e-09
4.88404397e-09
1.509445057e-08
1.071100521e-09
9.961543013e-09
1.044096483e-08
6.947044116e-09
9.073061339e-10
1.539768349e-09
1.997702338e-09
8.264677148e-09
7.747099098e-10
8.982799508e-09
1.353566374e-09
2.512488211e-09
2.87561357e-09
5.065950299e-09
3.179907575e-09
8.68978869e-09
7.236728755e-09
8.56402456e-09
4.919337102e-09
9.977421637e-09
8.978670599e-10
5.619473496e-09
1.297126898e-08
1.719450791e-08
1.214171701e-08
1.421943874e-08
5.428367559e-09
2.17850752e-08
2.017351995e-08
3.126037715e-09
1.470593513e-08
1.26469135e-08
6.263595673e-09
2.182230373e-08
5.087206744e-09
1.384142625e-08
2.555380997e-09
9.507989386e-09
1.300413837e-08
1.322927731e-08
6.018740451e-09
2.733033488e-09
3.682351375e-08
3.230426536e-08
5.100797322e-09
1.730721829e-08
2.051214151e-09
1.30492782e-08
8.115571892e-09
5.243068651e-09
6.524716163e-09
5.641246366e-09
3.812656704e-09
4.89605991e-09
9.751175641e-09
1.670562935e-08
1.35908536e-08
1.224313039e-08
8.406202492e-09
3.961979397e-09
1.130204064e-08
9.901781572e-10
1.36249571e-09
5.460651918e-09
5.979159974e-09
6.570632979e-10
1.937768918e-09
1.990664945e-09
2.733433838e-09
1.417200472e-09
1.679961408e-08
6.152605316e-09
7.406243299e-09
2.027798935e-08
1.189780537e-08
1.189912421e-08
1.106788976e-09
8.736897907e-09
7.058148087e-09
2.413922589e-09
9.759491902e-09
1.281244105e-08
5.52351827e-09
1.643168211e-08
2.01552786e-08
6.226297383e-09
8.37209855e-09
7.20563531e-09
3.908643811e-09
1.172736436e-08
2.520794268e-09
4.419951863e-09
9.932980093e-09
8.999518469e-09
5.519609226e-09
2.219738743e-09
6.241494204e-10
3.92674469e-09
1.206741903e-08
1.964064528e-09
1.251643261e-09
9.297341259e-09
1.16296164e-08
5.890026675e-09
1.462594202e-08
2.204300432e-08
7.029479237e-09
1.115503542e-08
7.717787002e-09
2.370155241e-09
1.305209289e-08
1.262864018e-08
1.870961398e-09
1.015676108e-08
1.814520522e-09
5.330991517e-09
6.48518076e-09
2.267185882e-09
2.342206506e-09
8.068233554e-10
8.585104444e-09
5.5170197e-09
1.133643727e-08
1.186405866e-08
4.946495845e-09
9.209241716e-09
4.836768367e-09
1.719584916e-09
3.576902004e-09
1.479515186e-09
7.043659965e-09
3.289151071e-09
2.697011005e-09
1.049023502e-09
2.632555163e-09
7.207341517e-09
4.120380448e-09
1.79755553e-09
3.073948421e-08
7.412429084e-09
4.863017904e-09
1.024020717e-08
3.187070493e-09
1.24802615e-08
5.622139492e-09
1.754270844e-09
5.382207012e-09
6.17291327e-09
1.457038907e-09
5.895383958e-09
8.683794968e-10
1.747507256e-08
4.649318679e-09
3.983198083e-09
6.209066015e-09
7.828978628e-09
9.525404663e-09
1.282813247e-09
7.220584337e-09
4.53263469e-09
6.319199677e-09
1.680805485e-09
2.290328742e-08
2.322768449e-09
2.847889148e-09
2.016379643e-09
2.579895748e-09
6.599796938e-09
1.552253956e-09
6.4391729e-09
7.448203229e-09
2.40592304e-09
4.091886447e-09
9.5028729e-10
4.447825324e-09
1.237245859e-09
2.155145387e-09
4.236175977e-09
7.358562859e-10
7.019741957e-09
3.898254876e-10
2.875937737e-09
1.344315066e-09
1.548088898e-09
8.526389482e-09
9.13708537e-10
9.563578043e-10
1.460463655e-09
1.403661845e-09
2.935207619e-09
6.856194767e-09
1.068027571e-08
5.959352209e-09
1.809937772e-08
1.228098758e-08
4.804729769e-09
1.249030207e-09
1.739622776e-09
6.068100967e-10
3.3852686e-09
1.097113067e-08
2.719628747e-09
1.77104494e-09
2.91524113e-09
1.318607337e-09
2.300948534e-09
1.333319204e-09
9.38396717e-09
2.149917936e-09
1.835172807e-09
1.052799902e-08
5.110711236e-09
1.656275658e-09
1.761713583e-08
4.177191883e-09
9.33222396e-09
7.348516526e-09
5.642203328e-09
4.900946845e-09
6.547190491e-09
4.29887478e-10
5.214906034e-09
1.822113429e-09
6.203489074e-09
8.402823836e-09
1.491164179e-08
3.892607215e-09
1.206689298e-08
1.232030642e-09
3.952545528e-09
4.360743847e-09
1.048586363e-08
6.877548269e-10
3.54165206e-09
6.455090529e-09
5.753001728e-09
7.443946939e-09
1.790553797e-08
3.844581534e-09
3.495102032e-09
2.960004301e-09
8.659429481e-09
1.950115279e-09
4.358350081e-09
3.939575711e-08
2.418880191e-09
9.936549688e-09
4.331331308e-10
1.067697854e-09
1.60815116e-09
1.049651266e-08
1.138244611e-08
3.837877411e-09
2.016946171e-09
8.000552712e-09
1.054186923e-08
9.421132802e-10
4.840772222e-09
6.82554954e-09
9.821491233e-09
3.886564532e-09
6.044139549e-09
3.711986801e-09
5.81301856e-09
7.097139892e-09
1.271513636e-08
3.967650817e-09
1.416831905e-09
1.705700671e-09
9.28085647e-09
6.118732103e-09
5.374689339e-10
7.810105347e-10
2.79205583e-09
6.909706417e-10
8.917014813e-09
5.088947538e-09
1.813353556e-08
4.66991703e-09
1.670674027e-09
1.742469756e-09
1.178654675e-09
1.319818166e-09
7.753228586e-09
5.079467074e-09
5.106650346e-09
2.511427108e-09
1.196553871e-08
3.589418765e-09
2.811112819e-09
1.354396083e-09
7.841927266e-09
3.071120412e-09
4.082054281e-09
2.29037228e-09
1.090512225e-09
4.62038588e-09
1.514232478e-08
1.173921679e-09
2.197887032e-09
2.184406913e-09
5.698876577e-09
1.661052348e-08
5.268576829e-09
1.090689626e-08
5.543417517e-10
5.948446631e-09
4.187235049e-09
9.423847108e-09
8.107920489e-09
2.034707641e-08
3.093685493e-09
1.297871026e-08
4.393539505e-09
6.441688004e-09
9.433420659e-09
2.083167348e-10
5.647384661e-09
3.423033378e-09
5.521416279e-09
7.200155555e-09
1.153667664e-08
6.736458028e-09
8.53337267e-09
2.241539492e-09
2.757784001e-08
1.128987484e-08
7.471336135e-09
1.168673727e-08
1.837213117e-08
9.435646883e-09
4.465012703e-09
2.31915683e-08
3.028420009e-09
1.79191301e-09
1.193402682e-08
1.228162038e-09
8.351476209e-09
9.547755966e-10
1.68508988e-09
2.191496973e-08
3.503863202e-09
8.725455146e-09
4.764795767e-09
5.158424441e-09
1.145270928e-08
5.801599913e-09
1.241582665e-10
3.214322861e-09
4.393072645e-09
4.664360921e-09
9.718647941e-09
4.075198762e-10
3.447515002e-09
1.456877214e-09
5.431410153e-10
3.856718752e-09
1.145170756e-09
1.087071284e-08
6.527165958e-09
1.242363787e-08
7.539636791e-09
1.191643949e-09
8.497819795e-09
3.309192134e-09
7.953465361e-09
1.132142135e-08
4.751094584e-09
1.94090275e-09
4.527172028e-09
1.305095416e-08
4.915823411e-09
4.845310889e-09
8.379234267e-09
2.258933669e-08
8.15127795e-09
4.739755686e-09
1.826286556e-08
1.252243309e-09
5.566029299e-09
1.05649168e-09
1.705008652e-08
5.874246354e-09
1.069351717e-08
7.734053245e-09
2.0203812e-08
1.764359007e-08
2.126683884e-08
2.022043349e-08
6.861964406e-09
2.030369393e-08
8.285375448e-09
1.558824175e-08
1.603140832e-08
1.17166012e-09
1.206181791e-08
2.123244796e-08
1.130358693e-08
1.99949622e-08
1.915856492e-08
1.622153594e-08
1.562483895e-08
1.001980408e-08
2.898082537e-09
7.219851669e-09
8.42396538e-09
1.242767225e-08
5.810463835e-09
1.397237007e-08
1.85787458e-08
4.735111366e-09
1.143309057e-09
1.22009764e-08
8.310958612e-09
1.859533914e-08
3.346401645e-09
7.666014917e-09
9.510851274e-09
9.851713107e-09
1.740950222e-08
1.776886823e-08
2.384983453e-08
3.268902263e-09
1.400042704e-08
1.001377904e-08
1.075675197e-08
4.571857972e-10
7.034892009e-09
1.512707785e-08
1.716871272e-08
1.275383085e-08
5.5613503e-09
1.405707395e-08
1.205231118e-08
7.768985893e-10
1.861847514e-08
1.191203371e-08
1.535458442e-08
1.477030883e-08
1.62165552e-08
9.617062142e-09
7.870055049e-09
2.285787806e-08
9.655631786e-09
8.28806331e-09
8.282186289e-09
1.10898707e-08
8.449929061e-09
5.145790715e-09
1.157496783e-08
4.672156849e-09
6.994323453e-09
3.66138379e-09
1.113855351e-08
9.894648642e-09
1.89880507e-08
9.792435704e-09
1.338809581e-08
2.898642173e-09
3.568094489e-10
1.955784819e-09
1.07336982e-08
2.758968453e-09
3.981729082e-09
7.633857823e-09
6.870268765e-09
1.279545955e-08
1.538636573e-08
1.107515451e-08
6.175139049e-09
1.234434178e-08
1.604795573e-08
1.327078116e-09
7.824142301e-09
1.105285238e-08
3.611992196e-11
5.26040459e-09
5.129085719e-09
7.651809746e-09
2.117442198e-09
2.152693319e-08
8.265341751e-09
4.722195862e-10
5.771167498e-09
1.752214909e-08
9.558420041e-09
1.469027989e-08
2.053439411e-08
1.401671327e-08
1.024559672e-08
2.99074401e-09
9.587257905e-09
6.148628406e-09
1.1846632e-09
8.718143365e-10
9.53220254e-09
1.676070088e-08
5.371317186e-09
1.662721318e-08
8.358278873e-10
1.15520737e-08
1.05106646e-09
8.87687834e-09
2.233381331e-09
7.702023395e-09
1.058929449e-08
1.561801856e-08
5.874214679e-09
4.054261821e-09
9.240593649e-09
2.557858472e-10
1.509476945e-09
5.759491721e-09
7.390259155e-09
1.1379372e-08
7.6603689e-09
7.673144508e-09
5.124100195e-09
4.960737464e-09
5.365187893e-09
1.069825495e-08
1.69475071e-10
4.139549278e-09
8.24459806e-09
1.468341643e-08
5.771922598e-09
1.301047959e-08
4.180095776e-09
7.9222448e-09
6.093864277e-09
1.622672521e-08
2.720024172e-10
8.974329331e-10
8.482861723e-09
6.231221791e-09
1.133520347e-08
1.506565784e-08
5.61839742e-09
5.087396714e-09
6.050223021e-09
1.466834006e-09
1.943278102e-09
3.162084797e-09
6.892536914e-09
1.394895152e-09
1.067485114e-08
3.228570081e-09
6.259894388e-10
1.033725283e-08
2.873728655e-10
4.948662447e-10
1.098701884e-08
4.191904234e-09
7.560149373e-10
4.94929032e-09
1.131139574e-08
7.382696153e-09
7.551130281e-09
6.950322664e-09
1.738811298e-08
1.219535677e-08
8.321544602e-09
1.726468731e-08
1.196820102e-09
6.098593828e-09
5.863994126e-09
7.290894008e-09
1.681580112e-09
6.976824889e-09
1.887177e-08
6.372943393e-09
1.199249057e-09
1.302970899e-08
2.534085485e-08
2.601384609e-08
4.545758348e-09
2.323694045e-09
1.231423509e-09
1.854851991e-09
1.238405759e-08
1.206062156e-08
9.055644788e-09
3.340488927e-09
2.359203354e-09
6.474243128e-09
9.512847318e-09
1.430494472e-08
9.420599862e-10
1.769135227e-08
7.532574943e-09
6.084045442e-09
1.424430317e-09
5.23254839e-09
2.458373761e-09
9.226810842e-09
1.605968404e-09
1.477091341e-08
8.752288795e-09
9.024304764e-09
1.587205313e-08
7.474464279e-09
1.817732025e-08
4.842636119e-09
1.83912443e-09
6.911936989e-10
9.461007355e-10
4.847063611e-09
6.08998114e-09
9.22214029e-09
1.555061829e-08
2.162316464e-08
6.235463874e-09
1.067822397e-08
7.031421407e-09
1.213189754e-08
9.17145883e-09
6.28099425e-09
2.464917755e-08
1.238644863e-08
1.016860841e-09
4.508319013e-09
1.193411079e-08
1.044824528e-08
1.656835021e-08
2.658624337e-08
1.033310709e-08
1.066022426e-08
4.73623705e-09
6.950843999e-10
1.415015025e-08
9.06545077e-09
6.177526675e-10
7.57770561e-10
2.022008088e-09
1.200729612e-08
1.598071239e-08
1.229275626e-09
1.595130163e-09
1.198166347e-09
2.580463734e-09
1.400660704e-08
9.332529473e-10
2.397328182e-08
1.548738427e-08
6.975167877e-09
8.895323164e-09
6.196690137e-09
1.182355838e-09
9.112319939e-10
1.197417209e-09
1.375962296e-08
2.780660995e-09
6.343019921e-09
7.116714551e-10
5.962629431e-09
1.119656518e-09
1.451830034e-09
5.798150171e-09
4.280164e-09
1.016665529e-09
1.27353312e-08
4.378295125e-09
3.655578297e-10
3.778639585e-10
1.021903022e-09
1.175297393e-08
1.340570597e-09
9.922442923e-09
1.25256542e-08
5.016540584e-09
1.054027464e-08
8.715101406e-09
1.513406274e-08
3.984443612e-10
1.221681153e-08
1.346570819e-08
8.284465635e-09
5.472284042e-09
7.288158666e-09
2.647779478e-09
1.155568128e-08
3.829711283e-09
1.877768185e-08
2.33453059e-10
1.195457291e-09
2.595514115e-10
2.746124204e-09
4.367327149e-10
8.083609497e-09
8.683801321e-09
1.844549981e-09
3.911888358e-10
1.427924167e-08
1.413197702e-08
1.707746035e-09
4.546451602e-09
8.109533958e-09
1.897686555e-09
8.757137819e-09
7.372418042e-09
7.348218636e-09
2.669077958e-09
1.911644638e-10
2.622052856e-09
7.221627981e-09
8.898840038e-09
9.236865673e-14
2.787261478e-09
3.672190545e-09
0
1.27325093e-09
2.279021201e-10
1.750945235e-09
7.10769247e-09
1.26034973e-09
5.71185709e-10
3.542209506e-09
8.554186223e-09
6.116257662e-09
1.060600623e-08
3.237843265e-09
6.947817942e-09
2.13370407e-10
1.030801087e-08
5.472950782e-09
7.178971889e-10
1.336650833e-09
4.84119495e-10
4.531396731e-09
3.872431774e-09
1.053928483e-08
4.281090086e-09
4.04861026e-09
8.856114585e-09
1.156549891e-10
1.601905653e-08
8.314328274e-10
2.288363559e-10
4.84858876e-09
2.662765167e-08
7.854495708e-09
6.815944637e-09
7.023896842e-09
4.689649906e-10
1.467253634e-09
7.283012115e-09
7.730880537e-09
2.84290666e-10
3.778949165e-09
3.135487034e-08
1.362193638e-09
1.209249976e-08
1.168929224e-08
2.390088362e-11
6.769046462e-09
4.200819615e-09
3.864830327e-09
8.480673048e-10
7.503760896e-09
6.546398889e-09
7.523821759e-09
1.582717447e-08
2.513300641e-08
7.18557716e-10
1.283182722e-09
3.511261129e-09
6.615473737e-09
2.581016424e-09
3.016253702e-10
8.561890104e-09
3.758387073e-09
4.803729886e-09
5.15706049e-10
1.360546177e-08
1.609383713e-08
1.172150591e-08
2.413268542e-09
6.733974079e-10
1.956341953e-10
8.893836233e-09
1.228875787e-08
7.977193088e-10
8.432340244e-09
3.798743888e-10
1.470325822e-09
1.272813739e-10
1.052016542e-08
8.354443094e-09
2.940978647e-09
4.870115083e-09
8.637191805e-09
1.159787496e-09
2.353186956e-10
1.212254534e-08
1.143455013e-09
2.032098448e-08
1.550887847e-08
4.172517062e-09
6.355683149e-10
5.971821424e-10
4.310567895e-09
4.501572925e-10
6.964210154e-09
5.567358989e-09
3.453948058e-09
5.809661661e-09
9.491859263e-09
1.326401544e-08
1.676394806e-09
4.341324094e-09
7.711184852e-09
1.628563498e-08
5.980238443e-09
5.550687012e-10
1.036438058e-09
5.18760198e-09
1.124161126e-09
8.05968114e-09
1.321088239e-09
1.38505167e-09
7.000158322e-10
3.988527823e-09
6.339030062e-09
7.715553235e-10
6.745261544e-09
1.53725266e-09
2.370927178e-09
1.460623681e-10
3.712669476e-09
4.707034175e-09
1.40333858e-09
1.469338165e-09
8.346271269e-09
8.574037014e-10
4.548761447e-09
2.541624706e-09
8.478597963e-10
3.337829578e-09
9.953586661e-10
6.580177044e-09
7.516124157e-09
1.246824428e-08
7.49775276e-10
8.953401767e-09
1.771728648e-09
4.941522936e-09
7.365564755e-10
2.329343839e-09
2.101641101e-09
5.719524184e-09
9.169896851e-09
5.928249055e-09
2.242174867e-09
6.36114924e-09
4.311175502e-09
6.977256728e-09
9.943446558e-09
7.951856847e-09
1.089949161e-08
5.401284252e-10
3.762199283e-09
1.856975099e-08
8.74512925e-09
1.072555273e-08
1.908225942e-09
1.172044387e-08
9.317023547e-09
9.780199428e-09
2.781969215e-08
1.217440083e-08
1.756762334e-09
2.182624648e-10
1.600744201e-09
6.858689217e-09
4.115736575e-09
8.063161581e-09
4.074811585e-09
8.882908198e-09
4.565208586e-10
8.193023178e-10
3.093774159e-09
2.24900168e-08
8.188353575e-09
8.737335148e-09
4.559850606e-09
1.605054742e-09
4.34158263e-09
1.966504455e-10
6.831360368e-10
8.045889586e-11
5.89748632e-09
3.433966106e-09
7.599995171e-10
3.78357212e-09
8.508660386e-10
1.048908692e-09
6.215163919e-09
3.026561485e-08
6.517067408e-09
7.228694893e-10
5.226748701e-09
7.947122126e-10
4.66309465e-09
1.612233258e-09
6.751568469e-09
9.050433626e-10
2.786899568e-10
4.451899329e-09
1.070456293e-09
4.891631098e-09
8.549746691e-09
6.983925535e-09
1.396744483e-08
7.270957541e-09
4.032162664e-09
3.995713483e-09
5.469211738e-09
8.790426044e-09
3.470122251e-09
1.340315091e-08
1.037866366e-09
1.197482305e-10
8.118597446e-09
6.884061763e-09
3.509839703e-09
4.121517946e-09
2.507014381e-09
4.561291242e-09
7.975372769e-11
5.249502649e-09
2.514191867e-11
8.447238024e-10
4.933545614e-09
8.67549929e-10
2.704904072e-10
3.985678369e-09
3.968709105e-10
1.579290045e-10
2.742206321e-10
1.919859325e-10
4.76214115e-09
1.856034054e-09
3.947580663e-09
1.437189773e-09
6.247092597e-10
6.536369469e-09
2.574404277e-08
2.61986132e-10
7.009234399e-10
5.445925634e-09
4.377486399e-09
2.89677654e-09
6.333808582e-10
3.680073569e-09
8.02449182e-09
5.77231663e-09
2.930915276e-08
5.385737802e-10
1.619174198e-09
1.269139288e-09
1.243088924e-11
7.098258646e-10
4.942060703e-09
1.198878556e-08
2.377767281e-12
8.35378823e-09
1.187458197e-09
0
5.594934507e-09
1.396634975e-10
3.209934004e-10
2.928731359e-09
0
5.406555531e-09
6.39161834e-10
3.985995378e-09
6.526538832e-10
2.458558834e-11
4.67513298e-09
2.547024885e-10
8.526511204e-09
3.224003713e-11
7.012932122e-10
4.751436642e-10
1.182934412e-08
5.69735463e-09
1.434000187e-08
3.565491305e-09
6.679122063e-09
1.780414471e-09
3.938984755e-09
1.114693813e-09
8.548840631e-10
7.80688156e-09
6.218588621e-10
1.014714446e-08
5.22917434e-09
9.947711699e-09
1.285345705e-09
3.725548379e-10
8.85813519e-09
6.436561511e-09
4.140975281e-09
4.591717172e-10
1.288810961e-08
2.061889371e-08
3.50648483e-09
1.089550624e-08
6.823876989e-09
6.095389117e-09
4.808926454e-11
4.943859953e-10
4.8779889e-10
1.416998955e-09
7.179392493e-09
6.204303602e-09
1.040033321e-09
2.178485765e-09
8.150083477e-09
1.094844439e-09
5.603885371e-09
1.056200702e-08
4.418964977e-10
3.231534236e-10
1.782564191e-10
6.977444412e-09
4.806388479e-09
7.918191742e-11
5.032473405e-09
9.79135946e-09
5.708663161e-09
2.154504559e-11
1.469328409e-08
5.553969082e-08
3.546466116e-08
4.163169646e-09
7.249157542e-09
1.314943078e-08
2.313905359e-09
2.441551687e-08
6.784189238e-10
6.917738683e-09
9.429544382e-09
5.0159693e-09
3.79627521e-09
8.168002552e-09
3.819418586e-09
4.137582006e-09
9.615234985e-09
1.761709398e-09
2.426252282e-08
8.049322868e-09
5.052673926e-09
9.054800153e-09
7.798121284e-09
5.597306028e-09
7.964681081e-09
1.177770624e-09
1.284196353e-09
7.550058778e-09
6.938317557e-09
4.543693441e-09
1.201081501e-08
4.383388091e-10
5.270690376e-09
1.979751836e-09
7.910403306e-09
4.145891262e-09
7.386447688e-09
1.421816671e-09
5.085554562e-09
8.230875256e-09
4.119094705e-09
6.314972157e-09
1.348563416e-08
5.874736697e-11
5.10894701e-09
9.172969082e-10
5.96218038e-09
8.362284046e-09
1.672460486e-08
3.263447509e-10
7.075308901e-10
4.731476401e-09
2.939685914e-10
1.511676064e-08
1.018385425e-08
8.387339271e-10
4.878618129e-09
1.779137442e-08
5.064549024e-11
1.461062952e-08
3.75776195e-09
1.867002598e-08
1.680057329e-08
1.00724903e-08
8.533243821e-09
8.732145492e-09
7.057727107e-09
1.509189368e-08
8.357350853e-09
5.708467615e-09
7.432214785e-09
6.984774778e-10
1.171216093e-08
1.192492789e-08
2.786906203e-10
2.160176754e-08
1.198274297e-08
4.026947621e-09
4.865072527e-09
7.503238414e-09
6.820363548e-10
7.778574929e-09
1.811825549e-08
2.32148245e-08
1.083854666e-08
1.494977293e-08
6.280005667e-09
6.069404406e-09
4.610482685e-09
6.460344701e-10
4.800576402e-09
1.208003213e-08
9.385723355e-09
1.319710143e-08
1.866257441e-10
1.141129616e-08
1.046649114e-08
1.046026949e-08
1.058318111e-08
1.898446323e-08
1.302893373e-08
1.283330121e-08
8.236431615e-09
4.150559521e-09
9.513088365e-09
5.67893313e-09
4.482394155e-09
3.817239752e-09
1.217859146e-08
3.555927562e-09
3.58737038e-09
6.520677345e-09
6.076852247e-09
6.921321345e-09
9.733688142e-09
2.064124364e-10
7.697181808e-10
6.521235583e-09
0
0
2.408904518e-09
3.909016635e-10
7.002919391e-09
6.691227427e-09
2.670186839e-10
5.665891658e-09
3.810611866e-09
3.688880133e-09
2.994746848e-09
4.93275836e-10
3.580530071e-10
1.654606702e-10
6.295447238e-09
1.242515471e-10
1.381958762e-10
5.877853977e-09
5.123395731e-09
5.934343688e-09
5.633020455e-10
2.23248304e-08
2.03256608e-09
1.486434666e-09
8.947869842e-10
9.175084734e-09
4.646862887e-09
5.956981281e-09
3.014857828e-09
5.201081633e-09
4.368458513e-09
8.241118269e-09
2.167054241e-10
1.1577828e-08
3.373092175e-09
8.322011988e-09
5.5550566e-09
4.151256054e-09
4.494834841e-09
7.579565368e-09
5.403911988e-08
1.369065437e-08
1.982605613e-09
1.053516117e-09
9.603902417e-10
1.700819855e-09
4.094028598e-10
1.821424383e-13
2.321728021e-10
4.310293204e-10
7.145319597e-10
6.50258333e-09
5.90889413e-10
1.287700755e-10
1.349714859e-09
1.308048938e-09
0
1.55265162e-10
1.399902231e-09
5.906087945e-10
2.080442882e-10
5.540249854e-10
3.097223732e-10
7.036694876e-09
7.242826512e-09
3.183503503e-10
5.333279629e-10
8.409127198e-10
2.768328851e-10
1.209944963e-09
4.025953109e-09
8.0951796e-09
5.392533479e-09
9.867738346e-09
4.159251944e-09
3.728165787e-09
6.805053051e-09
9.373621225e-09
5.066651419e-10
4.635412325e-09
8.101192696e-10
4.830003588e-09
5.142652506e-09
3.27896929e-09
7.016401933e-09
6.805753889e-09
1.587505261e-10
8.493961383e-09
1.442521286e-08
1.230049682e-08
8.438607051e-09
6.73201216e-09
4.271402961e-10
0
6.307484661e-10
2.940524501e-15
3.833623652e-09
2.77064705e-11
0
3.53032866e-10
6.142084736e-09
2.534973536e-10
4.070339401e-10
3.93219062e-10
3.782048668e-09
1.758846569e-09
4.775721802e-09
2.763117198e-10
5.260102441e-11
3.859905732e-10
3.763782107e-09
6.092117618e-10
4.621780604e-09
5.308827069e-09
4.851298758e-10
1.713358242e-08
4.115201573e-09
5.216811816e-10
7.765201047e-11
1.162019439e-10
1.923980471e-10
5.021498271e-10
5.867046099e-09
3.736826751e-09
1.259914392e-09
3.016605825e-10
6.200388596e-10
8.888150519e-10
1.188281253e-09
3.132591502e-10
6.651704933e-09
2.586388326e-10
1.803327832e-15
4.116188426e-10
6.754784586e-09
3.283583914e-09
3.322571388e-09
6.396861996e-10
7.87517619e-09
1.931041599e-08
2.239567451e-08
9.725159429e-19
9.96024323e-10
1.06640867e-13
5.207813094e-09
6.416238399e-09
0
3.47475238e-10
5.088778944e-09
5.265976356e-10
2.118174741e-09
8.106892208e-10
4.099309105e-10
9.027029584e-09
4.773214416e-10
9.710138336e-11
2.451557378e-09
1.753267188e-10
7.132201867e-11
1.03560559e-08
4.743759584e-10
1.598803888e-10
0
0
2.725099252e-10
0
5.296622574e-09
0
4.938287246e-09
4.00264421e-09
7.798321026e-10
5.838676976e-09
0
4.521600155e-09
3.458190381e-09
1.594024626e-09
0
6.440744598e-09
6.744430723e-09
3.301755365e-09
5.495581981e-09
5.831598447e-19
1.981345412e-10
3.057135896e-10
1.457025309e-17
1.118015866e-10
0
0
1.352040465e-08
6.799361177e-10
6.674277725e-09
2.326626666e-10
0
6.134092432e-09
3.671439703e-11
3.562405905e-10
6.734313202e-09
7.8913516e-10
1.238444036e-08
3.111143715e-10
5.077183712e-10
5.566527271e-09
0
5.283828674e-11
1.05765422e-08
4.369296995e-10
6.726330927e-09
