#################################### 
# Matrix Size= (25,25,400)
# Resol      = (1,1,4000)
# VoxelSize  = (25,25,0.1)
# nbVal      = 4000
#################################### 
5681.096605
5729.103859
5978.644821
5998.503591
6086.397975
6050.578875
5952.205034
5959.228284
6093.475109
5941.022378
6073.411555
6017.625672
5987.346009
5959.199851
6068.998896
6110.62412
6125.486884
5990.173077
6139.758885
6101.064682
6163.50685
6062.62255
6132.659035
6069.769183
6213.839569
6270.852597
6147.805802
6188.346596
6138.975512
6134.052203
6258.284294
6186.292009
6177.429955
6075.002002
6077.567494
6218.635416
6137.986225
6174.954337
6137.513829
6181.927943
6145.840369
6133.445743
6088.165728
6152.704411
6138.993629
6230.212173
6133.96679
6207.982983
6236.268428
6192.4092
6132.935695
6147.779866
6129.491549
6107.264951
6139.400471
6034.014922
6191.914922
6173.301287
6229.449631
6360.755453
6114.355743
6214.499
6235.042808
6185.827881
6218.352246
6210.306645
6208.897618
6294.417467
6408.976929
6211.786399
6131.417862
6160.772967
6272.471323
6219.259975
6145.589958
6160.608521
6262.672921
6237.75666
6318.628559
6251.904799
6380.556004
6377.191623
6247.955691
6370.049092
6283.211697
6173.887445
6256.223125
6280.352273
6288.568412
6363.24704
6208.945796
6253.132909
6387.147154
6067.293394
6272.127857
6255.370944
6228.719857
6267.172083
6261.424357
6356.781046
6399.726884
6294.892546
6285.0004
6218.776612
6272.689958
6277.20118
6357.143346
6296.893808
6204.711992
6448.865713
6279.608603
6352.584822
6340.364971
6331.442481
6309.5528
6446.649962
6414.51038
6349.60574
6305.671668
6508.394555
6328.701868
6358.146566
6304.920773
6298.312859
6510.783056
6292.201554
6445.330476
6395.845333
6335.035951
6273.848297
6501.4422
6385.493109
6465.654125
6323.472602
6431.580029
6303.015284
6385.117984
6340.545408
6301.644034
6393.33724
6378.976212
6415.736371
6400.928762
6414.965995
6398.391128
6298.43522
6480.382705
6520.669968
6305.40195
6352.875598
6351.492492
6479.84415
6401.163642
6346.925985
6426.361477
6572.341168
6466.240999
6485.239365
6419.386209
6407.312548
6587.735783
6442.96481
6430.209209
6434.760781
6446.722644
6544.426603
6391.571125
6490.757233
6493.173717
6470.560774
6443.870501
6547.37732
6476.160997
6462.166969
6398.488054
6401.845281
6470.102985
6479.219617
6457.519359
6472.643237
6488.274872
6548.262986
6404.680494
6433.187203
6504.298983
6489.775114
6502.086523
6741.9278
6576.389642
6542.876019
6479.813882
6541.121703
6596.040803
6372.491784
6549.178889
6625.601537
6534.932513
6612.413742
6411.260192
6495.501651
6546.237785
6606.065083
6518.690155
6502.51427
6565.826261
6655.733149
6471.437095
6470.954669
6535.787756
6547.903376
6399.21399
6518.795241
6597.693561
6542.410295
6636.017513
6526.414619
6642.306273
6614.93297
6639.789591
6538.567221
6684.45979
6620.3718
6536.836494
6528.419337
6572.642805
6557.966002
6526.772001
6601.865485
6669.086027
6691.963602
6517.426539
6606.48961
6550.902547
6665.736042
6662.942611
6551.139601
6587.626957
6575.40633
6618.964477
6704.416583
6655.721768
6627.643228
6606.652362
6600.501101
6712.103791
6572.804113
6457.623328
6610.586804
6563.606433
6682.705667
6648.606753
6611.897402
6667.317079
6626.794679
6625.702288
6617.907294
6638.77556
6564.870048
6566.931992
6526.725501
6599.558387
6640.298573
6756.093992
6707.68489
6715.586072
6717.590524
6637.983137
6627.590928
6652.32442
6651.400549
6808.970372
6783.473086
6620.05676
6825.341949
6745.803688
6818.05179
6700.787712
6645.97048
6767.012913
6685.556631
6725.712696
6662.100357
6564.973886
6634.872465
6714.3719
6671.435432
6644.758648
6762.216792
6596.883082
6750.485785
6690.009835
6819.054455
6662.551446
6597.082244
6716.328219
6749.739507
6678.398869
6724.155389
6694.833808
6706.082787
6766.143976
6629.246612
6649.958208
6729.682295
6817.239496
6796.771358
6681.097002
6729.764146
6660.78192
6575.331211
6746.436543
6675.609824
6728.296037
6789.975862
6857.166283
6654.650819
6741.012503
6796.659229
6808.57421
6854.849688
6686.573035
6699.8657
6894.949574
6871.916825
6732.007426
6703.688858
6689.93164
6820.131307
6662.865438
6783.530916
6714.099011
6837.246463
6741.015786
6732.541922
6762.289894
6849.650278
6689.164726
6727.324665
6745.941453
6754.337786
6867.696505
6736.558739
6798.183275
6950.509993
6735.048592
6797.100288
6889.128258
6828.238206
6774.873418
6712.130135
6882.456603
6836.841238
6828.684887
6802.424854
6903.784464
6808.624666
6744.746102
6830.19641
6927.685952
7019.665193
6807.238208
6786.459931
6881.95207
6849.102609
6710.021812
6886.077395
6978.591097
6907.505368
6937.226275
6853.707329
6916.687936
6832.980178
6922.539304
6847.414153
6692.84996
6988.4766
6881.537412
6867.160345
6806.698706
6846.155579
6860.625552
6923.441733
6983.632768
6876.663923
6808.444127
6737.932567
6782.802855
6864.114142
6836.543266
6852.052285
6860.912717
6867.308976
6864.954495
6949.413526
6948.082562
6945.718339
6859.584849
6955.022508
6780.675854
6869.930506
7013.602441
6804.543049
6953.551684
6882.399175
6874.083452
6925.072222
6880.387181
7003.892412
6910.774666
6940.380054
7122.643267
6999.285729
6945.626791
6948.491883
6998.982077
7046.05498
6932.175665
6989.985225
6969.788638
7039.139221
6859.777457
6967.203857
6908.104303
6935.501859
6946.350228
6816.47848
6976.707641
6989.111367
6953.799866
6841.512235
7094.064225
6920.924594
6980.17939
6979.909468
6814.588232
7128.208891
7018.692184
6967.734081
6994.536768
6911.664464
7064.635689
6978.248269
6923.283859
6956.817371
6958.462259
6942.550277
7085.96452
7058.673515
6824.493955
7023.018275
6978.860946
7016.09858
6800.74016
7042.983495
7031.495215
7143.244545
7032.758791
7011.181915
7081.84918
6902.991626
6990.680557
6877.180911
7049.558984
7007.961232
6978.751475
7006.066301
6941.432301
6949.598467
7025.866013
7085.196348
7169.565434
7044.813984
6972.076318
7148.791635
7064.402499
7035.582896
7153.24778
7016.978344
7036.069875
7151.431458
7110.867827
7120.663713
7125.263522
7016.974472
7147.32867
7110.055403
7132.998883
7080.992453
6950.010742
7140.170399
7124.208018
7141.235362
6943.947452
7187.775072
7065.31499
7097.449319
7053.236225
7051.739392
7160.975827
7237.989457
7003.87413
7106.28864
7153.990364
7136.121214
7175.211056
7265.281209
7174.133403
7168.116338
7157.703309
7219.718183
7099.613057
7162.65833
7252.902635
7086.572866
7048.312766
7089.030716
7182.713148
7134.095408
7126.705803
7160.232307
7332.433985
7162.250389
7108.361517
7238.751757
7253.997561
7178.972955
7228.701367
7145.897373
7154.098326
7134.053008
7156.228844
7192.635301
7198.508484
7131.305038
7282.69596
7267.892698
7270.686845
7180.375665
7269.047829
7147.39902
7231.550687
7214.990964
7208.000151
7088.352387
7190.776624
7179.144266
7240.423899
7285.817589
7223.375717
7030.509856
7206.914615
7261.067925
7263.184267
7286.949796
7172.374771
7402.179826
7277.53261
7281.679674
7346.922806
7273.2142
7150.07192
7077.00197
7230.231276
7234.09508
7204.368387
7203.070648
7333.593327
7312.492608
7272.280751
7235.638594
7446.378493
7193.105383
7266.074747
7305.313166
7285.482313
7412.336081
7313.492596
7234.637039
7247.020184
7188.929482
7201.336789
7281.613849
7367.930471
7249.590794
7220.888727
7391.141847
7353.597532
7315.357647
7337.741964
7375.630389
7341.53205
7209.879235
7308.374819
7342.295724
7309.243809
7392.074531
7224.670266
7367.120788
7332.311093
7260.726548
7385.560993
7351.254095
7443.196224
7280.921656
7299.139505
7443.737881
7279.885118
7343.386168
7270.172602
7425.823169
7356.103481
7344.604404
7339.082267
7440.385438
7243.87733
7234.141928
7247.403962
7381.836638
7328.835466
7210.921109
7260.76058
7365.352561
7372.146473
7438.153593
7361.333283
7408.820881
7283.97799
7295.636829
7589.977752
7409.851184
7542.766214
7371.834582
7344.206008
7361.928493
7384.651871
7412.726464
7398.876212
7513.269658
7258.938559
7446.353015
7488.276696
7385.766031
7374.517039
7554.891478
7385.844335
7400.395653
7445.96544
7476.201659
7442.498167
7480.85402
7471.726705
7418.165489
7446.36906
7543.476217
7558.358391
7478.068273
7478.480373
7459.998284
7482.619394
7621.069447
7522.662135
7515.955589
7381.231954
7588.158617
7408.648394
7531.620919
7437.471541
7437.845484
7577.45933
7553.635397
7579.951205
7536.529915
7503.419389
7474.91116
7581.671453
7353.645366
7580.706172
7639.242831
7593.461221
7640.228281
7572.338527
7744.059587
7599.641351
7562.18617
7494.391237
7466.903144
7496.648389
7564.965395
7571.561066
7701.076972
7583.106845
7553.309502
7492.657183
7585.307023
7456.420232
7473.304112
7490.392051
7628.639682
7504.468636
7610.3765
7609.35767
7602.360536
7597.172992
7686.661314
7755.100036
7435.692582
7426.057713
7628.341168
7700.871356
7649.622088
7634.668299
7766.050195
7651.730882
7609.172652
7591.767647
7649.765648
7667.407976
7684.801184
7712.039361
7617.101133
7846.978103
7681.13148
7712.301406
7653.668279
7645.022006
7448.943646
7699.109118
7701.432938
7661.471906
7938.082535
7791.502518
7683.177432
7716.510796
7652.026706
7691.028114
7712.515007
7670.653196
7797.250388
7673.632443
7664.704702
7775.028105
7587.309271
7769.147812
7763.149153
7940.050821
7707.652568
7650.747238
7719.548779
7812.87245
7881.185284
7736.867344
7715.671226
7806.868083
7837.702426
7724.800354
7693.12226
7727.616734
7792.841004
7799.680727
7858.119805
7827.304603
7841.272396
7998.734921
7747.006089
7778.008151
7879.127309
7799.174103
7747.868245
7929.140617
7875.889817
7883.199482
7806.484039
7751.95976
7938.02811
7688.97938
7806.896855
7922.368415
7982.537448
7913.080874
7996.081221
7824.543897
7807.544954
7893.468759
7912.710865
7922.824372
7879.693545
7895.986022
7842.802356
7829.238684
7828.15865
7773.381799
7884.507885
7846.297143
7743.984103
7944.061437
7956.875381
8031.85524
7903.95621
7857.309475
7915.237724
7860.679512
7992.860241
7830.242133
7948.215132
8038.074863
7964.309072
7963.890828
8029.580044
7730.161192
8058.63548
8069.613093
8116.513031
8029.752142
8044.868381
7866.648736
7985.055601
7989.45326
7905.535384
7855.13092
8073.957462
8085.704017
7949.914132
7958.763719
8176.243908
8087.418016
8087.617487
7968.062906
7869.050485
7944.952001
7913.074967
8082.099816
8069.121201
8043.060944
8102.239487
7938.95922
8052.457646
8237.886116
8063.217467
8065.434498
8099.689909
8098.07902
7975.689618
8096.056987
8103.129117
8145.777162
8029.534243
8102.257122
8131.165902
8138.092929
8106.509935
8091.200594
8101.903722
7946.385067
8042.745606
8043.129194
8229.023833
8154.189191
8092.155618
8194.037689
8229.18067
8212.069733
8262.847985
8242.484847
8044.203005
8122.928355
8251.717296
8190.659399
8116.609587
8281.693733
8287.771463
8187.134375
8332.301955
8216.280302
8131.922543
8227.937477
8319.981307
8137.246946
8100.042322
8170.755235
8349.693835
8317.530137
8228.990846
8139.086306
8364.564735
8185.367444
8355.553481
8162.866497
8281.73603
8296.792788
8204.894877
8317.505078
8197.550359
8255.449996
8239.123359
8400.733937
8095.157105
8295.026112
8263.618874
8452.425887
8250.334048
8347.869762
8327.067156
8322.97499
8471.736914
8232.963393
8294.104939
8381.816594
8315.127652
8363.697882
8295.549147
8368.92926
8376.538808
8297.509452
8172.910989
8388.629521
8264.234711
8406.170316
8452.309421
8327.118097
8289.466778
8326.670219
8351.820196
8425.084483
8429.253969
8376.781411
8434.314233
8425.70125
8355.657832
8327.485611
8403.548294
8336.157207
8332.368085
8429.714119
8436.069007
8588.748323
8492.815901
8364.722046
8563.285236
8517.381069
8329.022254
8465.678277
8536.745106
8528.518821
8672.672449
8572.410611
8356.205925
8427.201351
8586.071834
8458.800378
8374.05358
8558.815863
8507.442259
8535.502079
8613.987832
8502.115757
8561.014608
8446.838951
8556.071765
8487.608291
8510.293878
8557.9761
8631.01578
8503.249157
8593.553066
8641.357725
8546.30714
8696.458302
8591.65123
8526.930278
8694.433938
8602.861188
8581.406524
8549.276729
8709.236031
8712.846909
8647.791015
8655.282995
8641.28857
8561.12654
8660.585266
8757.826952
8587.770985
8705.09257
8834.050416
8752.736489
8753.689373
8688.328476
8680.486099
8713.472073
8890.09437
8557.489945
8693.917162
8684.180893
8616.557466
8853.979249
8790.36034
8702.273872
8842.636472
8838.530731
8890.163213
8689.244785
8739.814983
8741.707372
8860.094049
8817.113935
8819.061257
8926.956039
8869.083108
8615.209204
8766.956593
8865.273183
8880.377554
8982.163017
8807.479289
8682.795928
8903.24988
9017.352113
8765.163778
8931.152621
8972.421085
8926.811373
8939.170391
8876.242446
8993.572384
8917.031618
8712.457855
9089.694094
9009.146585
8999.519141
8790.171283
8971.570352
8897.293935
8943.054224
8997.310528
9149.840007
9085.927522
9114.878168
9050.873564
9157.471148
9003.711937
9111.443361
9043.741073
9143.783162
9036.035709
9110.166646
9090.666333
9130.155743
9094.809063
9218.547772
9063.563063
9246.734155
9201.745501
9108.635952
9171.000036
9064.536164
9155.924855
9186.27878
9131.174355
9131.557954
9206.55167
9174.478182
9251.646339
9242.415487
9237.62015
9161.593821
9086.893246
9259.718118
9160.627979
9264.671949
9366.189587
9251.191279
9195.56862
9294.639615
9253.814239
9386.588866
9361.679012
9386.91734
9403.136459
9309.936578
9267.818306
9235.84808
9351.807135
9265.340377
9344.497206
9449.627974
9288.828935
9356.916392
9397.290716
9436.577144
9223.53197
9592.085195
9378.255602
9403.710492
9266.667729
9488.831515
9284.866437
9339.862035
9433.403244
9396.622995
9398.580177
9472.659437
9597.101042
9475.691843
9531.99975
9587.599161
9589.832241
9518.315383
9520.716285
9578.797821
9500.968087
9415.746991
9594.965628
9595.806898
9678.636331
9544.974696
9627.811824
9573.63998
9635.009421
9566.667681
9548.5337
9699.992421
9857.88999
9544.490086
9715.576021
9553.139017
9689.667647
9925.526493
9573.54721
9730.046489
9919.219664
9845.005205
9598.806713
9695.905973
9818.668889
9900.685705
9780.551087
10027.85475
9905.419775
9616.325627
9862.433304
9733.858035
9812.485126
9831.439443
10040.26868
9840.216972
9847.843022
9975.506968
9800.571288
9777.479356
9696.319952
9988.986103
10000.19245
9904.777733
10019.97484
10149.98486
9924.863682
10103.70529
9974.654135
9930.714393
10080.3995
9971.599741
10034.69719
10030.10527
10255.60651
10100.03729
10170.58756
10125.17396
10049.28448
10247.34172
10002.65962
10100.10059
10144.55599
10214.05263
10214.82258
10173.27575
10221.69832
10206.68804
10278.18814
10472.84288
10407.66073
10314.30196
10199.00771
10347.06291
9954.564301
10144.30506
10461.68136
10360.16289
10256.32266
10206.2547
10277.65346
10512.59961
10252.73756
10585.94711
10296.48604
10417.58642
10530.35453
10473.32752
10527.5312
10504.36402
10574.52781
10381.31351
10620.6543
10576.92252
10350.67377
10520.96888
10557.44185
10682.61595
10408.67771
10471.79228
10510.62462
10595.43319
10686.34024
10595.02049
10978.12862
10863.14689
10734.80248
10795.69788
10832.09755
10726.76654
10767.86413
10706.89926
10747.67591
10781.00693
10802.51102
10706.68125
10722.10194
10986.36714
10975.79569
10809.69292
10918.86236
10891.90946
11010.95137
10871.2486
10938.24591
11116.07032
11033.66404
10763.25047
11051.30706
11010.91182
11157.94677
11024.6393
11130.30718
11040.15185
11148.90059
11272.06802
11333.42673
11260.76803
11396.99043
10941.98634
11122.44746
11150.91325
11224.13019
11422.19217
11356.23979
11197.23166
11067.88388
11404.84064
11324.01291
11268.952
11202.84156
11331.61726
11506.86034
11611.42571
11609.63189
11574.59276
11537.30226
11306.85726
11607.77732
11418.10761
11629.65779
11584.41855
11665.80091
11686.62731
11402.30701
11630.12626
11893.64902
11793.52243
11783.93099
11869.63855
11715.85918
11761.59999
11921.83302
11680.079
11998.23718
12009.93653
11807.14368
11722.89871
11873.10841
11968.57432
12043.77666
12056.00029
12162.3924
12343.48076
12081.90802
12101.72583
12144.88416
12162.50566
12259.54367
12118.73898
12208.14628
12224.49431
12338.35694
12450.13117
12385.28087
12312.69035
12493.82243
12478.55627
12378.96962
12473.89296
12601.78908
12571.88502
12437.31572
12519.5138
12737.0519
12889.21494
12802.42019
13080.98481
12672.44004
12648.27755
12618.76216
12858.63758
12867.01463
12763.19485
12796.33046
13009.18327
13038.54041
13085.89175
12894.39894
12901.8739
13054.92702
13416.61958
13175.13458
13228.76282
13155.18404
13387.43611
13494.64287
13391.1994
13357.66963
13460.8004
13491.69074
13525.00564
13353.50666
13481.67177
13732.26907
13709.96376
13649.6103
13840.09781
13665.54228
13639.92623
13943.41038
13889.02976
13735.29348
14078.73869
14015.05029
14074.10164
14181.31514
14114.91328
14396.14114
14005.95845
14434.05637
14239.65005
14308.7524
14654.8815
14608.12546
14585.30757
14485.17938
14443.37142
14676.44931
14542.98595
14706.13965
14754.28999
14890.03153
14918.83042
15176.5785
15089.60042
15192.74817
15089.46133
15098.98758
15473.90623
15381.75773
15494.4311
15524.50835
15432.67299
15471.70589
15662.52515
15912.02444
15809.21009
15743.36378
16041.61197
16047.63404
16240.76372
15997.09335
16260.78552
16335.02781
15984.43163
16683.58196
16404.33411
16576.8911
16746.97413
16839.76884
16971.39909
16769.4334
17002.09979
17124.72781
17397.46247
17272.52654
17171.76586
17240.27174
17721.58876
17522.68158
18169.73445
18041.94628
17822.9314
18382.22476
18171.18458
18426.27274
18519.61727
18529.46111
18714.97602
19378.40408
19047.80852
18964.25082
19636.9966
19312.38766
19765.68655
19501.79943
20078.54949
19947.79254
20417.75387
20689.62654
20278.35357
20967.53715
20772.34451
21057.30388
21291.74812
21293.42477
21433.52539
21624.13194
21730.70624
22171.99692
22340.74933
22419.04759
22464.03391
22773.45824
23230.26604
22992.74173
23246.60757
23200.11788
23517.88176
24254.2431
24110.89651
24165.66166
24049.51997
24212.7833
24593.45283
25054.73645
24516.89323
24895.73854
25237.82305
24720.65274
25150.72933
25610.48992
25492.58486
25587.64642
25483.76434
25553.34881
25880.43855
25272.3509
25839.23788
25271.62294
25379.64111
25038.87299
25331.35579
24773.30332
24740.40911
25005.57485
24298.42537
24030.778
24418.39567
23726.82155
23266.1362
23265.33648
23137.54291
22388.02192
22499.97104
21723.60029
21907.65307
21302.91945
20761.13771
20610.32708
20070.4563
19648.54017
18952.46277
18294.90595
18094.50143
17784.88644
17119.74113
16674.84579
16343.62787
15682.37433
15040.51383
14664.09251
13899.96277
13493.10412
12866.31889
12441.5112
11894.80634
11656.2286
11129.0907
10782.69457
9959.429913
9549.667068
9289.052162
8786.120024
8383.849864
7827.836873
7458.112254
6997.770934
6624.668176
6443.647306
5846.610877
5691.077428
5192.894223
4733.120993
4600.688128
4235.443248
3966.965448
3628.925558
3249.472127
3180.90589
2879.147437
2676.84897
2584.800155
2241.493814
2199.186703
1991.779776
1792.051966
1651.550026
1481.347853
1400.117802
1220.692953
1165.564724
1051.209521
955.2224436
831.5427629
775.6701431
699.4352471
645.2764304
542.2971932
497.1229653
434.4462272
417.5287439
358.5922579
359.1283164
278.8813971
287.1223683
230.5184283
207.2101573
191.204053
168.2309528
163.9092697
151.2955882
134.5518193
129.1173598
106.1962967
94.03313822
87.13486351
68.08919647
56.67997277
55.42480335
44.12336343
49.55962194
46.61759188
52.23157315
38.29973866
45.74532221
30.73591937
37.60922523
47.04105877
35.66418144
33.5195169
26.60176696
26.56650199
25.61934854
34.55549257
34.87451532
34.49765853
24.38537191
20.81869669
15.1922283
22.53714981
20.81200871
21.07555997
26.15305705
19.86535984
18.08087148
12.51895826
18.88766828
20.52614014
17.27623671
26.00917878
18.87685228
21.5235406
13.28161219
16.58075869
14.0616934
23.16964315
17.42914541
19.69860167
28.88627222
29.67790192
32.88883583
17.48667803
10.36726224
23.34554874
16.58893364
15.42309841
15.36768082
12.63694961
10.78767826
14.4123896
10.31842204
25.52952555
13.5359714
16.31914929
16.70858756
16.32875449
17.0246821
17.67252718
16.40770248
27.74193772
23.91770172
28.81829227
19.40653969
22.17447936
17.97402549
22.01959033
14.99090071
21.58164206
28.05186324
20.82799282
24.77549562
31.20606674
19.26165344
8.239372711
21.51280939
24.651558
14.82737822
24.922575
11.05085237
10.22719886
18.39828611
9.401221806
22.4602416
11.88425661
18.61777464
9.130802156
11.68341889
8.963737073
13.04051372
8.987693949
7.086497324
9.320193219
4.777502654
12.38467916
8.612250588
12.07365983
16.60202144
14.13750897
14.91990494
30.88399253
16.86189089
21.08386582
11.11766225
19.37255902
22.88993716
11.31934361
24.77767946
15.63382434
24.64572757
9.599962251
8.34859142
7.869357526
11.4102911
16.33776326
22.34733904
18.95604483
51.0782403
24.91630935
30.11560757
22.77528202
15.14997671
15.47228879
22.78851334
19.29855646
30.82114528
20.40967231
19.57860453
6.322887045
8.061417976
7.260983799
12.78699497
9.576172423
10.59458255
16.77501662
13.47165291
15.71116393
15.80537482
12.59075715
13.7217579
9.233675225
9.568656498
13.19372835
11.23489219
13.42607058
16.78015459
23.87973613
15.22317489
14.95544088
18.21163332
10.68745058
22.4712016
22.26015323
16.91546275
10.26093043
18.83733383
11.1742989
23.8363955
18.50131491
25.98601646
33.28867019
24.18081154
24.21843924
13.13388488
10.51739706
24.6395154
17.49056593
27.01060819
12.40608774
18.49253858
16.04086022
10.56220674
7.438802643
11.35247512
13.17024681
13.46716668
26.84404365
18.52397562
13.57771699
16.51412575
15.40591983
13.00392233
12.13198531
16.99404735
12.73187243
11.34421141
7.086569447
20.60775832
5.496350604
6.494106289
14.70501454
12.58898114
21.08318913
16.79292289
7.752572836
11.62237815
10.73280321
8.757820489
5.866673387
17.88867678
13.49547277
10.95484149
16.72574352
20.57696629
5.121679305
13.07864146
19.62135592
8.056939806
15.27977508
10.08921066
5.663513657
8.620579648
10.08410535
11.9982941
12.63341834
13.34496413
22.46599225
13.20701856
10.60226257
8.140744088
14.19171261
11.81364736
14.76282897
10.35746003
7.792157146
19.24389455
9.008836464
13.97895322
9.171904224
13.02329775
7.406391956
10.84445819
10.68175375
14.28496932
13.03666436
10.42253009
5.511427702
23.56862011
16.45073434
9.785746793
8.271430148
15.68282121
19.23739331
4.868778924
17.99282474
12.05785242
11.72444529
22.98146669
23.94917808
12.52963114
13.29082858
13.75951443
13.02385119
11.3074343
14.13327343
10.65079985
11.09742784
10.45145187
16.47032214
13.46680292
12.74481005
15.17575907
7.888780595
12.62282728
6.510446071
17.37074595
14.22612198
15.95827483
26.89997593
16.24356108
12.6859886
14.5292656
9.072823988
26.93400718
22.17887436
12.57377355
14.35871703
7.213036654
6.901848714
8.836257304
7.556922963
14.08629312
15.20284768
12.34391789
12.20983114
15.19531747
11.3240856
24.01363684
17.58088331
14.22572904
14.04550385
11.46083914
1.516828783
6.33006171
28.42133189
27.80741526
10.03163804
8.474923982
12.49861446
15.99757817
9.993442457
15.77799964
9.653009646
8.393333354
13.77828264
8.83800334
14.464755
18.1033848
22.44951075
16.89439937
20.00828071
16.85471061
11.93458925
12.91932835
12.08129544
9.297951524
9.330247835
11.87204964
12.71031409
13.28314064
15.89808483
11.26328964
26.984577
16.48468942
9.012280231
7.068475289
13.72802725
17.95726679
9.178541952
11.53672248
14.99323832
9.778717441
6.225900294
9.229213693
8.737513648
12.11445806
9.461808605
5.883992536
6.148126792
6.167453998
6.358539085
7.402997753
9.662428853
9.782161503
14.95129244
20.05805916
5.874689597
10.90613441
6.835084601
11.22166743
20.20808782
10.45955533
8.868052251
11.96119935
14.000858
18.0545332
12.94778988
10.77281563
18.32122114
5.634745499
6.829550573
7.454763886
18.04795779
11.91963168
25.91568999
22.24238918
10.16013681
11.13399237
15.80822278
8.719049993
19.09527906
13.5366208
5.176465189
5.278910289
6.131714582
6.731491446
10.47309661
12.76925077
10.65571722
11.83855911
16.32657569
4.858204029
12.71501648
11.08039326
5.875246519
7.377634833
9.370865567
11.22754772
10.1119826
14.03165893
13.9042957
9.39597566
6.310735115
6.202633346
10.8068934
10.68006753
4.000041036
10.70886538
8.995289713
13.47898035
11.49614855
5.20958559
12.21268886
10.61666533
15.04960557
4.329679032
11.32954244
11.88284663
5.058069876
11.89173843
10.5677913
7.119970685
11.44329083
7.305966586
13.7360306
9.415420046
3.93602212
10.52105748
12.18376115
7.398614842
7.615280439
12.48012646
8.346016544
10.18215658
12.2492805
7.145666188
9.135259902
10.46427561
7.434996019
18.21636286
11.79753344
7.387951351
16.96551882
7.169868625
3.660053957
10.20855516
10.92780898
15.41713853
12.26080499
18.58202364
27.04758657
12.0516117
10.51067745
12.21869612
5.893588422
11.76174281
2.776157533
16.3898665
6.644465244
7.799663546
7.369683146
6.407572819
11.44531151
9.49768676
8.437794765
10.24965192
9.004804757
11.29683624
10.99414696
4.338100892
11.72026691
14.67004394
6.131250833
9.725663375
6.699058176
8.043190883
7.670523961
10.17819975
9.500446087
10.33500416
6.609861807
12.78245871
5.442788207
9.787696636
10.49201291
7.264038431
23.94850495
7.32276519
4.533118428
2.653310863
3.97063814
3.681686761
8.838760239
3.825602393
8.836684776
13.53595823
4.696777452
6.627521404
8.874882199
8.87653766
6.117825533
13.20932585
3.968057816
8.609446485
12.96137324
12.09980941
10.93766133
10.44287445
6.336754122
9.875221358
6.289133734
12.76737176
13.79661168
7.176576638
7.447443505
20.40274332
8.130008951
9.169008054
5.601910437
6.538216287
7.79250301
3.185112235
5.401355579
14.67081001
10.72198736
11.27319315
8.426515003
8.293307181
4.214921819
4.854072997
5.924295099
11.65851684
8.614316891
9.112578321
12.5809098
7.881881085
5.138642646
7.799304232
4.079820213
2.614463559
13.50079349
18.27406413
5.456892317
13.92168233
10.61593419
7.084063998
8.03440968
5.071926383
11.46799578
3.703362511
5.096360879
13.22832705
9.713274626
7.695996968
17.62279696
7.011461187
13.05915361
13.67831858
13.2669528
8.49863951
7.351183432
18.59785922
9.960356068
9.945051316
7.027239746
11.90570314
5.233398773
12.44593118
5.916942151
17.47803461
22.5896005
10.59060715
11.80562368
9.314419562
19.21028963
15.11500888
12.99394077
14.7705972
17.54675296
4.850301217
5.049016415
12.98398096
13.80507068
1.581419782
7.427358167
4.984576409
6.734681657
4.795762731
11.8090163
7.638664196
12.6033721
13.92732896
12.02777414
8.565382874
10.24238778
15.20135601
15.47657547
12.8942818
10.99571074
15.60866103
16.09859875
3.584617015
6.844019497
7.921618604
20.79903485
8.019901337
14.07313685
6.578680255
4.294682403
10.53530175
8.086344912
8.570748423
11.08724476
2.229209371
4.673520942
5.906832375
5.988360286
7.963936442
5.537884742
5.681845085
5.555751012
5.257127904
10.26495222
8.586040998
4.575793543
7.342364916
3.909296065
4.416899687
3.409183553
7.004110261
4.617674629
3.972418986
3.673465189
7.0904273
9.700952954
4.667093996
1.929651928
6.148304098
15.72570285
10.137649
12.05863762
16.43968132
6.949216989
8.445320763
6.643794844
3.238158806
5.73525063
5.872758744
7.275509167
18.84200608
9.067525461
7.296111194
7.648693036
7.113282045
17.84697946
8.904229547
13.67590905
3.956769365
7.216313039
8.467980214
14.26790882
9.03653465
10.57455966
7.251572556
8.792959885
5.98185679
8.120919031
12.17050632
10.2571507
6.544632936
7.217497877
15.29676162
8.806602957
4.318739954
7.794646468
10.84518517
7.357765885
14.52419199
4.153517244
10.24760997
12.68202693
7.257189569
4.866440233
9.390187688
11.86499397
8.18012563
12.76521305
12.4972892
10.0170347
14.024882
9.247236634
7.897189693
9.552265494
4.692411838
7.735841559
11.28352043
10.05147587
12.89613942
5.407718202
5.124627164
10.71851815
6.945042804
10.69033104
10.29431737
5.845669064
7.126408463
4.348189417
4.994076986
6.800988816
10.46892945
8.750692514
2.644144058
5.564188575
5.186643491
11.04041503
6.671328959
1.740342457
4.258674824
4.347927476
1.500233552
1.38281922
5.622820719
2.159417816
5.677418526
5.139256813
2.410765202
1.674144594
8.514989447
5.08695709
9.099378902
14.74104056
2.67289363
4.13665796
4.70419308
5.760449017
8.760371004
6.847036552
3.035161275
1.969587466
5.09336666
2.698426157
1.606581122
5.448266559
3.2038745
2.273674627
5.348882108
8.984491026
3.943164515
9.506941931
0.6263234402
13.51799554
8.005024162
5.248124685
5.787336634
3.693200276
12.17476177
8.456017076
5.215213525
11.0076007
9.419220432
5.064963341
9.166530555
6.275460732
9.85699944
11.42401504
7.809709424
2.847724156
4.162721324
6.521772409
7.762419987
11.18229301
9.355976449
2.187271516
12.75578719
4.45779129
3.997666252
3.170626329
7.034782195
6.639678892
1.685209218
8.644718437
6.295424075
8.564967469
6.262595852
4.290241824
3.494478969
8.305501369
8.400515731
4.29992738
9.808443859
5.315031645
2.235192541
2.086083403
9.530099792
20.43423096
4.376709396
5.59030898
12.21916946
9.562978552
6.482713141
2.572780968
4.977867655
3.825226896
8.473051356
7.807806786
5.589589942
11.10029316
7.852311134
6.723120228
2.952596629
5.784042856
6.168860827
13.89852564
11.04594061
9.994911825
2.319435553
10.09509571
10.61488714
4.392255896
7.096641212
6.157207988
12.95370553
3.782294538
5.775528325
6.652501222
6.244173208
2.788849624
2.905217426
0.5896668782
7.171159137
6.009006496
6.568497786
5.444319872
7.277885973
4.182595118
5.954922455
12.74595567
8.095901632
9.113594842
4.437245999
3.757481035
6.540723488
15.65568845
1.496442657
3.197185444
6.585962687
5.520497349
0.5246318343
4.877702937
3.088903929
2.961508306
7.429294897
5.497919654
5.538924812
4.311126766
1.961836474
5.577873896
1.857963878
4.512879766
5.222694728
10.20000105
4.345386613
8.918907531
4.442099672
2.771942973
2.604541626
5.833364682
5.359148413
2.05290846
7.122203526
5.02293772
3.733008851
3.013431835
0.8254320663
6.016095268
6.513057775
8.253194567
0.8417442688
9.05189901
1.870381906
3.651379824
8.390456291
8.414738049
4.909940835
8.238561757
10.45733071
15.17450025
6.45061076
14.71264098
3.734045322
3.735808459
9.279110255
3.175226691
2.444217621
7.297828003
10.53982963
11.30056174
8.200390492
5.678137183
9.897736342
3.599560452
5.238534545
4.178475321
16.54715594
5.222448527
4.215410066
5.503706031
2.66741687
2.92940067
13.34702215
1.375881606
7.085938856
10.21764681
4.267622568
6.845696406
5.221060818
6.97333263
2.246684174
3.548233105
2.408583544
2.250773329
1.247965756
4.552589979
2.149937519
0.8249697319
0.7318243935
1.884038383
0.6086675151
0.8501956457
1.421166184
2.435057428
0.351972026
6.220044168
5.30834578
5.624312493
0.8500263427
6.022070876
2.036368879
1.990445428
1.910381832
3.703203776
2.052384877
2.096046726
4.210043532
6.600989707
6.451754592
9.112610519
8.845437746
11.59002869
7.864170247
3.106137352
1.761070737
2.367461022
5.381260743
2.300054788
4.622564962
3.992993059
6.362212434
3.000290929
3.972639779
4.567135866
2.769198143
4.431037846
2.252987699
4.411751031
8.795634101
3.075949884
20.30920248
4.785736816
13.16686665
4.88774717
11.21382676
2.474990741
9.437998393
11.40267597
5.873550005
7.155174931
1.255104431
12.18978574
4.204569534
5.136666409
7.327759893
4.586132107
4.364433569
3.609480663
3.822828641
2.072282041
12.93214774
1.597271476
0.3062916786
0.6418522537
0.8459225433
2.137160543
0.4305169611
1.060053304
6.827376552
1.043464822
8.658850392
1.093034647
2.41382193
3.077031018
2.167768844
5.057852871
1.049393083
2.050240852
2.646950158
0.881111898
2.437747929
5.49103886
2.36083694
4.43667945
6.457891492
0.929099916
0.5182285275
1.825225345
1.311343248
3.238743914
2.412830228
2.591512212
0.1398268031
4.36841107
2.696687462
1.565772211
0.6974379265
1.813329189
3.085651805
0.1433850192
0.5190536087
4.303560747
0.7390431449
1.846458292
0.4265410621
1.875499917
1.293994223
3.611971752
0.6584282484
6.956319807
2.440077324
12.74657332
0.210293778
2.361581077
2.148371576
0.9025561201
2.360219556
3.099174792
1.434740038
6.698794575
2.162723638
3.773262814
6.791532089
6.528120873
4.064488845
3.921674603
4.184746439
7.246175112
0.7559178132
0.5069336879
2.112912469
4.230100798
2.146923314
2.615550191
8.061839859
3.510330364
4.110076793
0.6520097248
7.741925203
9.693369741
2.661568009
5.825241196
3.259456591
7.550847442
1.152547118
3.45059768
5.044870223
2.803172773
2.383475351
2.506218129
0.3023843451
0.4142368468
0.351013687
2.465519682
1.905237972
5.888259927
0.4178302649
3.885941676
4.072961418
2.710002679
0.3539349992
0.6006549377
0.7792924009
3.224003884
0.302209961
3.504139362
0.528018599
0.9801074631
1.121760615
1.976198604
1.240463988
3.389837496
2.823007021
3.340777619
1.919005624
3.892135837
0.3502528698
2.192124877
5.06001878
6.707480435
4.73641524
5.546922755
2.117575531
8.498234813
7.86957621
1.21944966
5.736702249
4.93348954
2.443393301
8.512757454
1.984490623
5.399462216
0.9968396964
3.709012968
5.072840942
5.160666374
2.347876662
1.06614093
14.36464477
12.60171149
1.989792231
6.75144812
0.8001670571
5.090449734
3.165838766
2.045291473
2.54525493
2.200618351
1.48729585
1.909925322
3.803878552
6.516771671
5.301715243
4.775976027
3.279212122
1.545545789
4.408862231
0.3862629075
0.5315018823
2.130169477
2.332436541
0.256316682
0.7559127123
0.7765471538
1.066297104
0.5528419013
6.553434583
2.40009659
2.889133687
7.910329134
4.641266685
4.64178116
0.4317521295
3.408214536
2.753343711
0.9416575705
3.807122678
4.9980609
2.154693286
6.4099064
7.862460363
2.428843449
3.265908367
2.810877644
1.524739878
4.574778612
0.9833476089
1.724198262
3.874799442
3.510661334
2.153168389
0.8659075485
0.2434771643
1.531800929
4.707432019
0.766170481
0.4882589682
3.626840323
4.536647683
2.297666145
5.70549739
8.598851507
2.742160155
4.351516325
3.010665127
0.9245841751
5.091547732
4.926361218
0.7298514759
3.962095142
0.7078342088
2.079589686
2.529832392
0.8844164097
0.9136815314
0.3147372348
3.349000763
2.15215823
4.422280162
4.628102285
1.929600096
3.592473188
1.886796026
0.670800365
1.395329273
0.577150519
2.747691976
1.283079259
1.052088763
0.4092181443
1.026944903
2.811543225
1.607337145
0.7012162613
11.9912992
2.891546727
1.897035822
3.994646991
1.243258202
4.868479536
2.193164867
0.6843311498
2.099568562
2.408018608
0.5683826496
2.299755991
0.3387499379
6.816927123
1.813672962
1.553823079
2.42212159
3.054040352
3.715806569
0.5004182037
2.816709175
1.768155197
2.465084109
0.6556727282
8.934443087
0.9060988553
1.110945474
0.7865783122
1.006402762
2.574543516
0.6055255028
2.511884986
2.905502019
0.9385369916
1.596221796
0.3707017055
1.735071542
0.482642623
0.8407100454
1.652508327
0.2870533817
2.738361697
0.1520687213
1.12188707
0.5244097159
0.6039007371
3.326096388
0.3564325405
0.3730697789
0.5697186245
0.5475605594
1.145007917
2.674562861
4.166315241
2.324709644
7.060465039
4.790743902
1.87429795
0.4872396304
0.6786170213
0.236713192
1.320574164
4.279776121
1.060911816
0.6908746298
1.137219102
0.514381276
0.8975870297
0.5201202921
3.660632601
0.838670846
0.7158905489
4.106912966
1.993659593
0.6461037812
6.872345204
1.629498965
3.640447867
2.866614799
2.200991656
1.911831688
2.554022038
0.1676966776
2.034305395
0.710796159
2.419946056
3.277894127
5.816947254
1.518484093
4.70722681
0.480608196
1.54186569
1.70110155
4.090476189
0.2682892742
1.381578469
2.518094363
2.244213487
2.903841664
6.984849249
1.499749546
1.363419566
1.154680963
3.37799454
0.7607289578
1.700167755
15.36806238
0.9435915028
3.876191921
0.1689627884
0.4165029035
0.627330686
4.094630315
4.440227949
1.497134305
0.7867993115
3.120970434
4.112323655
0.3675130704
1.888357908
2.662608331
3.831308267
1.516126876
2.357784707
1.448025089
2.267625714
2.768554194
4.960102893
1.547758178
0.5526981251
0.6653841995
3.6204097
2.386882841
0.209663596
0.3046677992
1.089165212
0.2695437454
3.478477124
1.985169697
7.07378982
1.821708262
0.6517205036
0.679727612
0.459786533
0.5148536133
3.024490688
1.981471422
1.992075462
0.9796935325
4.66768908
1.40021199
1.096599236
0.5283422635
3.059091543
1.19802673
1.592386324
0.8934612924
0.4254026609
1.80238644
5.906935388
0.4579402177
0.8573833198
0.8521248011
2.223099571
6.479671409
2.055242069
4.254718639
0.2162455869
2.32045544
1.633416747
3.67618954
3.162853997
7.937279608
1.20682924
5.062921582
1.71389495
2.512866114
3.679924128
0.08126318188
2.203012865
1.335305991
2.153873311
2.808740022
4.500392409
2.627854235
3.32882049
0.8744118978
10.75795965
4.404116421
2.914526035
4.558930213
7.166864622
3.680792565
1.741776241
9.046899829
1.181369544
0.6990151463
4.655396471
0.4790990756
3.257863708
0.3724525686
0.6573440464
8.548905938
1.366837249
3.403750779
1.858719922
2.012272244
4.467637217
2.263171364
0.04843343862
1.253889196
1.713712831
1.819540855
3.79118968
0.1589712024
1.344856134
0.568319574
0.2118762429
1.504484206
0.4467246452
4.240603693
2.546210581
4.846390977
2.941169736
0.4648535751
3.314951514
1.290897164
3.102601924
4.416422537
1.853375167
0.7571352025
1.766024243
5.091103517
1.917634953
1.890128416
3.268691969
8.811972678
3.179767498
1.848951927
7.124240723
0.4884930433
2.171276598
0.4121314384
6.651142467
2.29151033
4.17148066
3.017010496
7.88139297
6.882664853
8.296073736
7.887876919
2.676813565
7.920356347
3.232078174
6.08088508
6.253761856
0.4570579963
4.705247052
8.28265805
4.409465431
7.799921843
7.473647986
6.327929565
6.095161441
3.908668989
1.130525632
2.816423365
3.286141324
4.847964766
2.26662913
5.450542661
7.247463822
1.847140204
0.4459984067
4.759531994
3.242058022
7.253936789
1.305412385
2.990469129
3.710129374
3.84309765
6.791348502
6.931535156
9.30368577
1.275180313
5.461487525
3.906318653
4.1961482
0.1783455977
2.744271646
5.900987646
6.697417878
4.975197393
2.169451347
5.483585165
4.701538533
0.3030637525
7.262962014
4.646817081
5.989736673
5.761814067
6.325986607
3.751561633
3.070064032
8.916729152
3.766607434
3.233126694
3.230834101
4.326095936
3.29626961
2.007343899
4.515329585
1.822582003
2.728446082
1.42828514
4.345086824
3.85984656
7.407131351
3.81997387
5.222620574
1.130743943
0.1391893511
0.7629406134
4.187155053
1.076258013
1.55325003
2.977924828
2.680053049
4.991436512
6.002134382
4.320355232
2.408886872
4.815458018
6.260216908
0.5176856788
3.052153728
4.311655296
0.01409017759
2.052054125
2.000827375
2.984927772
0.8260022443
8.397535074
3.224263142
0.1842101939
2.251299851
6.835291412
3.728685681
5.730595229
8.010351182
5.467840695
3.996749424
1.16667235
3.739935169
2.39854522
0.4621304243
0.3400898495
3.718458382
6.538254767
2.095320502
6.486181965
0.3260517389
4.506398714
0.4100150908
3.462820112
0.8712294453
3.004515833
4.130823983
6.092500844
2.291497974
1.581544642
3.6047034
0.09978061455
0.5888384323
2.246745196
2.882898363
4.439028757
2.988266649
2.993250342
1.99888255
1.935155671
2.0929295
4.173328842
0.06611126817
1.614814797
3.216171145
5.727917831
2.251594411
5.075314618
1.630631757
3.090422959
2.377182042
6.329953873
0.1061066069
0.3500835194
3.309116455
2.430764433
4.421798862
5.877028045
2.191705106
1.984564729
2.360157835
0.5722036623
0.7580618139
1.233511423
2.688739728
0.5441407217
4.164199149
1.259446957
0.2441949451
4.032503954
0.112102532
0.1930445275
4.285974004
1.63523817
0.2949171578
1.930690205
4.412511603
2.879948079
2.945653281
2.711281622
6.783004683
4.75733981
3.246187557
6.734857025
0.4668727633
2.379027013
2.287510994
2.84413658
0.6559749057
2.721619991
7.361770907
2.486049229
0.4678202848
5.082815896
9.885324378
10.14785446
1.773274661
0.9064599249
0.480371357
0.7235672874
4.830950933
4.704780362
3.532555894
1.303105866
0.920311906
2.525565684
3.710908019
5.580278153
0.3674922807
6.901296615
2.938414948
2.37335177
0.5556622227
2.041187579
0.9589977217
3.599326805
0.6264792055
5.76204991
3.414218434
3.520330328
6.191598294
2.915746306
7.090869982
1.889085004
0.7174320543
0.2696307587
0.3690685542
1.890812143
2.375667252
3.597504849
6.066208379
8.435074419
2.432419245
4.165514869
2.742917784
4.732584719
3.577734298
2.450180388
9.615504968
4.831883665
0.3966716716
1.758669788
4.655429226
4.075801483
6.463219855
10.3711434
4.030886724
4.158493287
1.847579328
0.2711484992
5.519893707
3.536381152
0.2409818271
0.2956020167
0.7887739367
4.683978412
6.233985661
0.4795334801
0.6222512687
0.4673979259
1.00662433
5.46389831
0.3640567046
9.351841859
6.041541144
2.7209736
3.470015334
2.417293829
0.4612303356
0.355466455
0.4671056915
5.367551215
1.084720152
2.474376252
0.2776190158
2.32598807
0.4367716848
0.5663506978
2.261825639
1.669667806
0.3965954818
4.967980786
1.707948204
0.1426020451
0.1474025964
0.398638598
4.584768762
0.5229490195
3.870688952
4.886186971
1.956924153
4.111701616
3.399711844
5.903712413
0.1554308953
4.765709189
5.252896722
3.231723261
2.134707102
2.843069539
1.032883822
4.50780601
1.493948745
7.325067651
0.09106871998
0.4663411383
0.1012495399
1.071247545
0.1703669658
3.153370416
3.387501857
0.7195485311
0.1526005558
5.570251541
5.512804433
0.6661820845
1.773545096
3.163483402
0.7402768089
3.416110011
2.875938646
2.866498594
1.041192239
0.0745721778
1.022848012
2.817116295
3.471387247
3.603249138e-05
1.087294963
1.432500795
0
0.4966879976
0.08890333008
0.6830338485
2.772670695
0.4916553125
0.2228163196
1.381795925
3.33693974
2.385917575
4.137343137
1.263064373
2.710304544
0.08323459084
4.021096831
2.134967194
0.2800476394
0.5214199418
0.1888522812
1.767672276
1.510613767
4.111315497
1.670029067
1.57934
3.454720289
0.04511635815
6.248943494
0.3243372508
0.08926777018
1.891407095
10.38729655
3.063994421
2.658861513
2.739982494
0.1829405946
0.572367357
2.841061899
3.015772841
0.1109001834
1.474146729
12.23135786
0.5313840458
4.717215868
4.559926891
0.00932359973
2.6405668
1.63871601
1.507648486
0.3308262665
2.927174751
2.553713239
2.935000381
6.174091383
9.804243871
0.2803053073
0.5005623335
1.369723138
2.580658947
1.006839932
0.1176623536
3.33994498
1.466125574
1.873907902
0.2011740175
5.307413807
6.278114981
4.572493262
0.9414024304
0.2626885261
0.07631579482
3.46943529
4.79377505
0.3111857976
3.289408311
0.1481868539
0.5735658002
0.04965174518
4.103857123
3.259021073
1.147259162
1.899804392
3.369319748
0.4524265527
0.0917964943
4.728936479
0.4460553435
7.927101292
6.049925911
1.627675344
0.2479316106
0.2329573814
1.681528194
0.1756038177
2.716699054
2.171795303
1.347365633
2.266316206
3.702720697
5.17421752
0.6539521471
1.693526013
3.008089665
6.352934241
2.332857246
0.2165291658
0.4043086334
2.023654238
0.4385289069
3.144036099
0.5153490618
0.5403008349
0.2730722231
1.55590218
2.47281983
0.3009793747
2.631288437
0.5996735815
0.9248853033
0.05697810497
1.448291397
1.836187451
0.5474344555
0.5731805209
3.25583329
0.3344683421
1.774446153
0.9914734449
0.3307453186
1.302068469
0.3882837948
2.566889906
2.93199759
4.863791686
0.2924831011
3.492671469
0.6911413405
1.927660192
0.2873265217
0.9086638778
0.8198383254
2.231154086
3.577124979
2.312576479
0.874659754
2.481448397
1.681765218
2.721788449
3.878882351
3.101974451
4.251830128
0.2107010485
1.467612695
7.243954997
3.411425536
4.18397755
0.7443881639
4.572078966
3.634518272
3.815200568
10.85230481
4.749165013
0.6853030659
0.08514295497
0.6244412735
2.675535932
1.605525596
3.1453938
1.589560989
3.465172326
0.1780862089
0.3196052075
1.206863829
8.773228552
3.19423049
3.408385101
1.778771972
0.6261227911
1.693626867
0.0767122283
0.2664875103
0.03138656092
2.30057611
1.339570786
0.2964715199
1.475950118
0.3319180368
0.4091733576
2.424500347
11.80644544
2.542271194
0.2819873057
2.038925152
0.3100127463
1.81904689
0.6289230896
2.633748733
0.3530523049
0.1087153784
1.736660788
0.4175789549
1.908197668
3.335207903
2.724389913
5.448621354
2.836359477
1.572923885
1.558705266
2.133508614
3.42909556
1.353675094
5.228493482
0.4048658085
0.04671310848
3.167019018
2.685433619
1.369168648
1.607780876
0.977972153
1.779333956
0.0311114788
2.047801339
0.009807720496
0.3295219851
1.924548284
0.3384263282
0.1055167804
1.554790624
0.154817101
0.06160721284
0.1069719201
0.07489262812
1.857684371
0.7240284033
1.539928924
0.5606396147
0.2436955545
2.549800819
10.04260571
0.1021993106
0.2734262757
2.124424836
1.707632724
1.13001617
0.2470782961
1.435575918
3.130308944
2.251748121
11.43333498
0.2100945903
0.631630711
0.4950840692
0.004849219696
0.2768990614
1.927869972
4.676757547
0.0009275535888
3.258765614
0.4632207371
0
2.182552356
0.05448194169
0.1252177128
1.142481564
0
2.109066781
0.2493334221
1.554914288
0.2545965943
0.009590699173
1.823742975
0.09935800246
3.326143871
0.01257665642
0.2735705218
0.1853508602
4.614560341
2.222505868
5.593953752
1.390878023
2.605487799
0.6945296309
1.536575709
0.4348357618
0.3334854454
3.045420411
0.2425836304
3.958343753
2.03987138
3.880546158
0.5014061011
0.1453315384
3.455508515
2.510866298
1.615371073
0.1791202939
5.027578781
8.043314
1.367859931
4.250275457
2.661955879
2.377776874
0.01875935054
0.1928571849
0.1902875923
0.5527632904
2.800640469
2.420263799
0.4057111254
0.8498149949
3.17930154
0.4270926332
2.186044038
4.120179296
0.1723813283
0.1260603257
0.06953682245
2.721861663
1.874945004
0.03088841884
1.963139456
3.819554033
2.226917262
0.008404600618
5.73176715
21.66571975
13.83456405
1.624028969
2.827855421
5.12951869
0.902641414
9.524355256
0.2646473911
2.698570795
3.678412014
1.956701298
1.480905522
3.18629167
1.489933622
1.614047376
3.75084887
0.6872328878
9.46467314
3.139995396
1.971019566
3.532226407
3.042003077
2.183477473
3.106977113
0.4594416696
0.5009577454
2.945235294
2.706598498
1.772469153
4.685351111
0.1709934941
2.056066552
0.7722900114
3.085803659
1.617288769
2.881411531
0.5546426542
1.983846116
3.210817957
1.606835584
2.463434977
5.260669733
0.02291701611
1.992971378
0.3578323439
2.325812898
3.262079784
6.524173913
0.1273052444
0.2760038048
1.845722225
0.1146754875
5.896962959
3.972664036
0.3271853686
1.903121382
6.940314691
0.01975651975
5.699524068
1.465881716
7.283071703
6.553808768
3.929221588
3.328770227
3.406360646
2.753179489
5.887262499
3.260155373
2.22684098
2.899265018
0.2724721198
4.568847838
4.651847031
0.1087156372
8.426727533
4.674400364
1.570889527
1.89783732
2.926970934
0.2660585305
3.034378154
7.067829153
9.055971943
4.228055847
5.831821997
2.449794747
2.367640384
1.79852326
0.2520143986
1.872677745
4.712352319
3.661317679
5.148114744
0.07280164888
4.451482191
4.082919089
4.08049206
4.128439186
7.405731899
5.082513472
5.006198332
3.212985462
1.619109831
3.71100205
2.215319745
1.748556648
1.489083671
4.750799755
1.387147261
1.399412927
2.54367941
2.370545745
2.699968371
3.797056777
0.08052032583
0.3002627157
2.543897175
0
0
0.9397000492
0.1524885315
2.731799309
2.610210034
0.1041624807
2.21023234
1.48649817
1.439011308
1.168233834
0.1924241181
0.1396744561
0.06454527309
2.455818417
0.04846982686
0.05390943091
2.292917644
1.998607743
2.314953961
0.219740947
8.708790271
0.7928925499
0.5798497693
0.3490513496
3.579148743
1.812714971
2.323784758
1.176079014
2.028912574
1.704110997
3.214813699
0.08453556218
4.516445321
1.315824209
3.246369882
2.16699621
1.619381544
1.753409689
2.956745648
21.0803555
5.340646959
0.7734032538
0.4109706879
0.3746428099
0.6634802209
0.1597057437
7.10527366e-05
0.090569299
0.1681421039
0.2787348825
2.536621036
0.2305026232
0.05023247929
0.5265161447
0.5102625042
0
0.06056806291
0.546093955
0.2303931556
0.08115690198
0.2161220182
0.1208209488
2.744974935
2.825385722
0.1241866739
0.2080482266
0.3280353033
0.1079909452
0.4719926976
1.570501573
3.157883848
2.103596858
3.849349005
1.622500696
1.45433642
2.654612767
3.656596707
0.1976472107
1.808248171
0.3160229523
1.884157125
2.006119702
1.279107404
2.737058772
2.65488616
0.06192768378
3.31344637
5.627194076
4.798354348
3.291852957
2.626119928
0.1666250174
0
0.2460514148
1.147082003e-06
1.495474938
0.01080813768
0
0.1377161274
2.395992571
0.09888788614
0.1587816415
0.1533925356
1.475355828
0.6861161143
1.862982106
0.1077876415
0.02051936258
0.1505727429
1.468230145
0.237650068
1.802930514
2.07094346
0.189246425
6.683713749
1.605316895
0.203504883
0.03029161078
0.04532972211
0.0750533917
0.1958858119
2.288701552
1.457715014
0.4914854897
0.1176760897
0.2418736577
0.3467217325
0.4635418064
0.1222006255
2.594792532
0.100893548
7.034680038e-07
0.1605701861
2.635003323
1.280907542
1.296116336
0.2495379741
3.07206176
7.532884232
8.736426157
3.793729775e-10
0.3885434638
4.16e-05
2.031538479
2.502938366
0
0.1355481281
1.985103929
0.2054227639
0.8262880049
0.316245287
0.1599117333
3.521393264
0.1862003989
0.03787870131
0.9563386889
0.06839396292
0.02782231672
4.039838927
0.1850513826
0.06236843683
0
0
0.106304583
0
2.066182556
0
1.926397968
1.561408903
0.3042080995
2.277634917
0
1.763850687
1.349020539
0.6218200051
0
2.512498096
2.630964339
1.287996123
2.143795497
2.274873623e-10
0.07729116566
0.1192571449
5.683773452e-09
0.0436131676
0
0
5.274233503
0.2652392399
2.603598051
0.09076039239
0
2.392874818
0.01432207895
0.1389674426
2.627017551
0.3078371696
4.831100248
0.1213639594
0.1980580695
2.171470854
0
0.02061191728
4.125849387
0.1704438084
2.623903711
