#################################### 
# Matrix Size= (25,25,400)
# Resol      = (1,1,4000)
# VoxelSize  = (25,25,0.1)
# nbVal      = 4000
#################################### 
4569.575316
4523.442399
5211.158949
5345.303024
4944.448584
4845.150031
4967.601891
4755.933067
5421.666019
4673.406356
5467.636815
5414.883048
4270.991287
5260.506556
4539.997948
4402.542166
5391.954985
4353.907425
5024.562237
5463.036798
6851.895721
4764.520477
5096.841112
5673.479221
7052.840339
6310.793136
5573.578043
6263.811373
6086.147176
5084.922481
5208.072594
4403.152132
5487.145425
5122.013709
5288.710472
5908.826957
4983.507734
5787.197832
4752.289917
5204.30475
4871.740738
4601.364503
5135.652247
5289.293378
5691.079528
7472.203099
5406.583939
5183.178059
5283.06522
4590.196264
4387.441836
5744.928864
4648.518188
4536.860103
5811.582736
4651.101935
5741.95921
5229.003291
4955.123818
5819.190381
4555.381965
5008.070619
4947.8548
4756.616103
5416.696343
4786.033217
6143.833537
5747.513464
5615.659658
5471.087518
5295.345184
5878.028251
4856.169049
5031.355663
6117.365354
4592.841582
5953.459594
5632.063796
5471.984757
5506.223392
5341.88419
6034.476148
5864.083057
6677.710694
5238.754652
5765.310074
6571.046494
5146.631011
5575.605436
6278.058794
4954.980097
5328.639849
5481.396751
4661.915451
4851.105098
5794.943459
4743.78746
5162.257624
4998.492781
8384.875349
5457.575889
6230.955808
5561.289625
4612.292587
5366.084706
5325.113659
6922.955931
5201.537403
5339.67812
5662.806029
5405.471708
6341.138214
5193.378804
5729.633783
4868.525148
5456.024147
6111.838552
7085.260051
6155.909735
5662.799746
5394.117693
5578.393144
5630.32948
5679.540202
6282.455387
5554.55355
6029.808623
5628.666292
5416.253945
5095.355301
7332.042138
7376.899309
6519.900173
5569.725968
5819.436196
5612.487664
5596.780391
8401.648689
5415.091703
5266.229444
5135.967948
5467.449134
6832.771585
5723.52347
6006.374698
5380.300617
6321.527994
5811.457419
5172.648973
5275.106701
5735.780047
6914.948261
5886.670448
5767.29577
7245.562247
7021.085119
5974.650861
6327.800381
6543.846666
5978.789625
6477.631546
6217.623435
5133.477496
5653.252462
5590.138092
6862.532943
6374.791211
6562.654469
6404.778437
6877.672998
6238.109397
7306.908179
5721.002884
6067.206374
5947.989854
6206.075747
5858.62253
5716.702381
5778.48004
5464.939792
5425.992033
5790.131953
5363.226421
6282.025052
5679.919517
6247.148078
6184.638046
5952.092538
6901.373757
5845.042891
5291.41667
5891.194751
7031.612298
5746.330514
6422.113362
6172.861007
5713.084104
5939.962714
5677.049802
5207.072376
6874.795077
6291.958279
6260.358017
5457.096904
5793.235244
6178.521222
5935.460344
5694.094334
6190.920981
5223.103985
5434.311158
5743.889363
6483.468418
7183.46787
6662.494016
6448.136706
6001.537854
6598.83553
6125.016396
6026.907415
6958.643737
6488.955791
6776.200417
5892.54945
6879.498781
5706.873307
6099.661703
6118.172067
6490.783126
8003.399135
5574.084744
5782.182611
6064.399757
5926.353994
6577.895943
5617.606526
6696.944833
5574.252709
7156.025206
6737.893129
5954.37871
5949.598827
6319.404477
6468.426913
5834.658987
5622.148345
5262.613763
5064.048784
5572.023219
5715.678166
6664.937988
6154.553107
5936.347286
5839.305581
5860.638252
5544.926144
6017.024356
5772.415666
8139.96421
6171.767516
6343.177491
6663.169733
7541.69695
6180.720617
5800.096446
5529.200806
5737.715869
6064.698305
6504.563066
7787.915022
7196.689531
8154.617689
6302.135467
7018.431522
6444.391972
7044.835225
6461.094604
6335.796211
7131.513677
6487.210425
7252.064943
6246.153256
6670.70695
6158.389282
5847.044118
6776.34134
5525.899411
5600.809926
6783.582006
6420.435202
6369.532295
7213.596769
7208.247199
5619.809747
7075.613365
6016.13901
7623.160171
5812.349229
6225.949286
5757.008298
7639.447804
6133.598883
5724.026784
6717.071968
7421.164362
6593.050843
5908.975922
5604.496612
5647.521524
5700.894629
7059.67476
6097.973725
6042.748237
6319.07935
6625.520803
6826.747018
6664.586166
6244.678788
6812.215173
6311.849184
5781.291268
5607.301213
6081.097652
6001.554401
6411.430872
6479.934928
6226.341568
6042.489251
6098.470444
6657.605552
5857.434636
5882.404793
5667.02946
6110.877625
5941.17656
6388.243727
6684.61369
5750.222419
5763.947908
6451.820203
6478.776199
6304.50621
7070.685303
7181.582121
6530.409051
5842.374092
5880.036802
6858.029478
6995.424599
6121.679405
6672.863478
6416.140832
6471.660394
7313.280541
6151.814313
6827.181446
7005.222663
7359.633769
6793.593933
6821.069918
6356.903952
6010.136384
6106.46313
6455.635907
6961.768912
6884.964672
6985.454305
7365.410151
7627.731301
6515.886965
6543.403342
6758.589858
6244.923076
6656.807054
6327.708606
6458.113491
6800.072207
6359.928431
6048.506709
6824.134911
6064.527132
6978.126475
6907.062971
7098.184053
5945.549547
6854.555142
6126.882818
6039.102995
6496.703521
6907.000836
6751.024348
6049.139046
6742.189248
7030.023027
6822.144805
7339.900556
5790.823384
6294.228427
7205.996595
6437.934601
7057.038678
6657.101492
6505.796167
6786.604401
6301.415842
6326.596763
6631.543213
7134.710845
7208.958618
7718.448314
7893.437709
7197.369559
6215.291717
7439.876667
7057.961204
6551.734793
6564.067439
6720.288364
7835.519996
6422.28532
6226.71814
7154.84873
6658.849518
6897.871242
6622.029886
6750.857623
7445.931813
6757.147588
6860.500937
5839.290942
6785.068951
7244.885432
7287.090562
7307.000063
6480.844064
7079.440261
7341.090495
8058.648648
6577.601178
6138.787097
7507.489395
6695.467685
6911.311415
6321.995553
6164.20554
6673.162111
7649.063187
6990.763887
6473.089818
6897.456288
7458.165846
8034.912148
6498.604838
6696.193053
7168.975603
8275.307854
6905.314663
7209.528984
6419.669206
6155.169035
7374.545327
7232.085102
7118.671746
6772.962743
6848.343124
6607.402986
6172.651024
8218.36291
7132.254643
6749.937263
7207.472233
6559.487108
6904.035198
6727.242805
6654.42111
6651.152138
7300.087434
8025.998271
6668.316833
6851.625564
7119.318513
6713.285411
7150.41418
6501.070966
6465.798009
6809.377022
7114.345076
6869.800199
7023.107653
6771.700225
7908.572332
9222.02677
7050.25215
7430.786304
7792.441176
6665.79468
7498.367502
8184.360861
7956.35178
8190.893176
6501.22436
6695.685477
6532.097964
8246.42594
8003.697623
8431.444688
6927.340986
8773.348703
6878.637111
7672.279628
7054.305711
7117.784329
7316.01014
7009.004005
6434.835253
7279.074054
7464.943561
7821.611559
6366.32877
6897.666681
6564.133567
7282.798215
7609.753738
7969.569166
8493.780985
7317.723932
7299.988427
7065.396
6868.027834
6900.345555
6541.634721
7347.770052
7164.851461
7793.261814
7959.687575
7818.390959
7815.310523
7822.631785
7722.792369
6748.523178
6840.6928
7279.826658
6822.329636
6682.334426
6599.166217
7028.251173
6718.88816
7796.751742
6476.647301
7320.968009
7603.545994
7353.577928
7143.329744
6615.978474
7683.849053
7787.361413
8559.441752
7937.033988
8210.617694
7241.994847
7294.909709
7030.372292
7333.909558
7267.875264
7341.725003
7191.063846
7718.194645
7408.828566
7645.707731
8042.221555
8196.691723
7140.351373
7383.553399
7655.7763
7032.631826
7241.518332
6945.314178
7174.835891
7459.419475
7381.453351
7010.638738
8644.96702
6840.534944
6721.268235
6859.405209
7879.760525
6987.120581
8028.695282
9057.671048
8508.732337
8738.180006
7507.649429
6982.561088
6561.769509
6924.51925
7605.963876
6880.58107
7335.260976
7075.732378
7624.15642
7305.256011
7189.606002
7708.60189
6736.229405
7328.168286
7829.586953
8696.157308
7407.276088
7290.292188
7573.732776
7345.988531
7185.841496
7425.165854
7706.944469
7507.97815
6824.61274
7112.31292
7557.831438
6922.91472
7590.984767
7054.586382
6833.217132
7670.928846
7938.905372
8381.922432
7013.590818
7078.566102
7278.121497
7238.884368
7473.295849
8520.384806
8364.614015
7164.493063
7645.959886
6709.052238
8490.784412
7466.901916
7668.141829
6874.916335
7876.659144
7327.100393
7963.139952
7374.376374
7345.488921
8018.299598
7916.263027
7886.818469
8488.15113
7832.409736
7402.390189
8326.331285
7725.992635
8533.415692
7587.466663
7655.897523
8287.564146
7671.587975
7142.522775
7813.009822
8624.108237
7634.04637
7024.058698
7066.215231
7487.950837
7700.209433
7594.592874
7548.611415
7610.34794
7827.231293
8678.391695
7991.699814
8603.563062
8233.107577
7452.360558
8104.442388
7538.408005
8564.153693
7828.077338
8252.898477
8280.137645
7473.274217
8207.391028
8649.564433
7699.20976
7475.229349
7208.71527
8553.71508
7926.496367
7373.844266
8179.329423
8382.512322
8195.373169
7391.322583
8070.360197
7984.128293
7469.82807
7241.677259
7842.460886
8385.057258
7689.897364
7581.919935
8071.385362
8363.510272
7988.070563
7387.876241
7308.550658
7263.856249
7838.014645
9743.234336
9006.08475
7825.075232
7354.191317
8324.984325
8404.497725
8189.098677
7596.426111
7719.946951
8018.326537
9442.59671
7707.202029
8226.019974
7684.694333
7518.236318
8630.111316
8699.565587
8004.325513
9020.199415
8059.225039
8438.262884
8899.436113
8002.410064
8028.25008
8490.755472
7979.703546
8306.459653
8503.000058
7844.995569
8290.178012
7990.982073
7719.336277
7761.168881
8662.487998
7739.460877
8868.598962
9056.961288
8125.307754
7645.197633
8078.521143
8315.260789
9251.647625
7856.825772
8295.151734
9090.676945
8502.752153
7945.568863
7978.632814
8087.793929
8517.195655
8156.63634
8374.073862
8639.923402
9170.782351
9306.932903
8226.088126
7887.296815
8140.235989
9127.086112
8387.684264
8888.437038
8978.112549
8402.420278
8693.085535
8701.502849
8762.590845
8572.420552
8545.804363
8593.575106
9410.605678
9095.553741
9957.902752
8723.631065
8439.626541
8633.28545
8285.544341
10475.70687
8639.729832
8641.938329
8169.086946
8006.160207
8009.88843
8247.072352
8682.742958
8746.81044
8339.331423
8930.306615
9975.452839
8379.212139
8598.636639
8966.213187
9377.568635
8639.77011
8889.115977
8226.10162
8165.772371
8341.85973
9159.740791
9152.619858
9672.188554
8615.221104
9295.569095
8809.079019
9518.245903
9790.855104
9004.429893
8425.216344
9065.551098
9558.667439
8633.022944
8025.611931
8732.7689
8405.62757
9809.144246
9118.611499
9737.826716
9906.854606
8637.251155
8869.612244
8708.503298
8452.511737
8519.650306
9988.844707
8508.8953
8858.069727
9080.515904
8628.786182
9502.754462
9070.616009
8870.131953
8739.698983
9488.395227
8716.957061
9117.549679
9188.551131
8762.757502
9105.276932
9769.599553
8733.465775
9824.577625
10123.87554
8849.234458
10622.29957
9274.474357
9795.626822
8445.92939
8696.084191
9568.166777
8892.291331
8823.587388
9823.8705
9524.732334
10549.55542
8886.297179
10011.3946
8792.95466
8245.495655
9117.811092
8644.546166
8864.529888
10636.08767
9175.637864
9515.590267
9684.108373
9257.18781
9069.234553
9260.517941
9768.673789
9415.121281
9241.906069
9088.180838
9002.838074
9657.08957
9009.137149
9140.587103
9403.921563
9014.447061
9128.855722
9056.518988
9659.992531
9216.937124
8990.810188
10779.92566
9169.347681
9717.843726
9350.57556
9761.890387
9643.278376
9662.541599
9351.163256
10771.78144
9468.162032
9451.715646
10004.39107
9153.422199
10242.04636
9049.365593
9494.675648
10715.65505
9491.198412
9128.402677
10015.33157
8966.660811
9403.130953
8785.427558
9466.29958
10161.6354
9437.946958
9862.619313
10203.76856
9313.721661
9812.598709
9589.688243
9082.034007
9171.007536
9578.178026
9947.058162
9257.939269
9740.724477
9709.008547
9466.075097
9390.684355
9560.927941
9599.967685
9389.562491
9432.332581
9740.471337
9746.053298
9724.812381
9739.136678
9763.699687
9516.435965
9566.599853
10245.36658
9966.518059
9449.622479
10011.50196
9697.503298
9502.794057
10926.24836
11049.99228
10385.41104
10043.43302
9732.686584
9921.613611
9894.491129
9509.069613
9841.731416
9278.552779
9667.441515
9900.968946
10156.51247
9688.929402
9894.046789
10585.95493
11806.53164
10124.79364
10536.87761
10019.05771
10199.69353
9770.161454
10668.9691
10335.69023
11548.22197
10066.80436
10631.88466
9469.977464
11221.32366
10127.02766
11565.91799
10921.11484
10641.42228
10225.00953
10956.31659
10891.83711
11701.20891
10454.24303
10720.29681
10458.69546
11044.22326
10259.15079
10601.85571
10057.86631
11773.99352
10971.93601
10890.66976
9994.855672
10354.74165
10406.03246
10539.52134
10331.10745
10427.7671
10048.71954
10441.58748
10020.02028
10865.10132
10804.98617
10621.76411
10788.14606
11032.44357
10724.47137
10706.53118
10474.84675
10439.28661
10115.69008
10382.0289
10352.17619
10615.77466
10508.35623
11424.73915
10401.9247
10851.17264
10309.20895
11164.61715
10396.58508
10351.45748
10611.00545
10635.23169
11470.06173
11678.53029
10853.2784
11036.45898
11209.55115
10794.25668
10604.40634
11067.75166
11192.1902
11727.56626
11045.82936
11824.73619
12612.54175
11433.49989
11214.57683
11219.63808
11372.59338
11614.21354
10952.90403
11109.86291
11269.54027
11828.41442
12464.1578
11298.49452
11534.41079
12220.33745
11809.73063
11827.19698
11213.35305
11551.01907
11897.97715
11377.84649
10808.61454
11302.08137
11174.93412
11813.30874
11265.24133
11239.02645
11253.36241
11541.06479
11513.49398
11053.4959
11560.29404
10881.04329
11697.85934
10996.31873
11726.50931
11923.40354
12137.42526
11834.35444
12055.10231
12822.52476
11350.35095
11626.71723
12041.78904
11472.51853
11526.65963
12014.07665
11846.21285
12147.2938
12029.84585
11990.20263
11647.96929
11850.71465
12636.49611
12106.82798
12375.64689
12092.73802
11993.4964
11844.98904
11678.20661
12469.15238
11987.84506
13218.11053
12285.3987
12212.20468
11824.17583
12917.29454
12006.54397
12824.37795
12270.16816
11915.60855
12475.46858
14275.64121
14120.63648
13096.90399
12698.61369
12458.62969
12095.18753
13186.5101
13053.8345
12459.40169
12966.72783
13147.87495
13307.08106
12787.86978
12416.6807
12599.60626
12510.39193
12759.45166
14330.67262
12760.18829
12999.87412
13882.94574
12998.53679
13042.22371
12962.14597
13528.44
13534.39977
13919.81767
13140.41176
13352.94278
13225.33861
13616.09372
14064.23656
13757.30708
13015.70937
13694.7759
13551.02374
13170.03853
12830.01913
13215.3833
12881.87553
13264.07441
13921.63063
13029.33087
13932.09956
13434.88492
13794.10566
13586.92901
13927.80485
14353.68165
13275.32404
14706.49409
13731.83338
13333.87703
14162.01764
13976.75948
14388.74754
13936.67943
14185.53253
14098.93199
14074.46012
14543.56413
14294.6905
14957.7733
14446.34431
14174.92111
14035.67814
15573.85504
15348.95828
14285.24469
14126.72976
14177.4385
14961.93565
14869.11336
15012.2997
14240.11844
14385.90071
14410.3396
14848.26353
14372.89037
16922.58945
14926.07763
15108.00574
14928.88188
15913.4503
15250.19115
15514.43974
14865.38441
14889.74168
15422.6213
14436.16202
14986.37235
15811.45478
15472.9906
14775.05795
15580.79321
14897.38711
16001.10825
15343.66251
15540.40251
15189.4862
15893.83829
15701.51876
14984.6997
15291.86482
15837.37206
16363.22086
16451.98772
17534.30578
16792.9969
15887.06738
15752.59171
15458.71856
17101.67675
16634.09303
17205.74956
16556.56119
15759.32996
16194.77873
16543.58891
16047.3101
17356.4509
16598.44633
16486.86161
17551.81332
16508.44412
17579.18961
16751.37456
16578.54425
17286.08947
16944.41414
17416.71855
17080.91579
17325.43379
17309.12988
16828.42649
17398.48507
17619.93172
17530.90917
19513.25391
17166.64024
18708.90184
17240.40595
17723.3504
19176.19888
17715.00992
17988.5999
18006.19649
17201.74578
17659.14925
17673.37382
18067.03997
18002.5399
18309.2124
18926.909
18672.72723
19551.73614
20537.85177
19245.18235
18870.67465
18682.48306
19290.97985
18839.4793
19173.60467
19314.60417
19819.93163
19506.62848
19503.83451
20247.32851
19783.57308
20798.15462
19245.78424
20111.1702
20369.07467
19911.86677
20581.33096
20485.23455
20732.52754
20035.93223
20316.45886
21221.33558
21226.47068
21397.86917
21089.40808
22295.43192
21328.2459
20734.91637
21597.12005
22133.9997
21471.93507
21163.13453
22104.38453
22532.37413
23929.06513
22039.00004
22496.77084
21618.17794
22768.80185
22363.2652
23377.43761
22566.86788
23113.96288
23380.45589
22952.04139
23138.22849
23961.78115
23028.26134
23804.19574
24690.57397
25409.49368
23843.18675
23718.03451
23852.7398
24834.95083
23957.98913
24562.8898
25108.40059
24811.89403
25208.53439
24935.63545
25377.99208
25176.43654
26607.98496
26515.10013
26452.72223
25681.43777
26123.95967
27520.76558
26655.06391
26920.29589
27364.58786
27349.18679
27332.44383
27229.81319
27514.9147
28350.7084
28166.68643
27474.01157
28467.80098
28554.03584
28454.84557
29100.20061
29645.88718
29459.2969
28695.16191
29621.20188
29569.54016
30007.19279
30067.62352
31030.37056
31069.05374
30448.70757
31020.01726
30863.44705
32365.64963
30880.69272
31937.46073
31446.52282
32491.44094
33348.86436
33066.59268
32681.13401
33319.89448
34161.91268
33557.15289
34516.02138
33780.68194
34263.35475
34800.51704
35647.19927
36142.27018
35457.14173
35787.60535
35397.67445
35909.20397
36295.60949
37172.45334
37721.44012
36781.89468
38083.24433
38126.54736
38824.91517
38687.68662
39337.83662
39540.45495
39870.2731
41041.3408
40604.25613
41126.57176
42152.62553
40806.48644
41391.26618
43978.14938
43216.4472
43580.33625
43852.65907
43859.30244
45346.46251
43987.91203
46047.59323
46663.73599
46146.36587
46491.7796
47162.87295
47664.84673
48128.17523
49880.61591
49246.31735
50212.0939
50925.71155
50058.08934
51311.78173
52066.93188
52448.03034
53755.85125
53232.04774
53872.22671
54640.8004
54357.01586
56403.23774
56030.84973
56675.87922
57616.68556
57011.0435
56860.03357
58227.09375
59533.24248
58874.31208
59444.97802
59779.43039
60366.90866
61394.99854
61487.67432
63121.03455
62461.1003
62696.65815
63287.54738
62734.29191
64216.71511
64373.93153
65225.57546
65286.87132
65327.90433
65459.96756
65155.51857
64786.45569
65744.26503
65599.68053
65161.89114
66632.14586
66232.9125
67321.34004
65749.32218
66806.92398
66671.24486
65886.02935
65394.34205
66401.78139
65652.8049
64168.27884
64702.01954
64303.57791
63860.50439
63651.08867
62407.31118
62656.40897
61846.71026
62218.74613
60169.6494
59758.93686
59487.05184
57894.94306
57490.14467
56490.60561
55620.32029
54934.27328
53598.85678
53264.98047
52231.36768
51145.44151
50039.83505
48533.93565
47589.16821
46066.8907
44349.8511
43861.82214
42018.4764
41878.00216
40521.97392
38875.30923
37205.599
36625.7924
34998.89463
33866.97238
32020.22009
31638.53156
30461.69485
29028.74916
27212.49542
26012.62848
25387.05633
24240.32536
23075.56884
21759.76305
20699.04898
19976.94331
18926.15049
17217.48632
16962.46447
15660.10714
14572.3697
14258.67807
13281.66562
12414.28621
11852.3082
10740.40167
9889.637023
9847.425734
8833.452872
8016.68028
7484.314375
7148.722606
6648.814632
6082.611514
5574.49694
5233.241062
4912.806918
4523.33047
3950.257679
3651.382019
3531.956573
2980.039087
2630.80263
2568.251988
2416.231489
2108.098625
2069.08338
1742.050611
1547.845182
1433.790779
1275.133815
1067.451441
1056.270714
984.7794343
846.1127101
823.8775697
658.7531052
707.3272889
584.9960934
435.9397159
446.1610438
404.2035574
472.6312181
313.9133783
352.5553944
269.471937
250.6560192
232.3555609
218.3714343
142.4660949
130.3498745
68.72305149
128.5521737
130.2082401
109.4404894
218.069086
80.30418409
119.2389806
75.16739163
51.83366631
112.8061988
58.39796314
63.7431191
35.8768277
39.90345295
46.17625603
79.96589572
44.4998908
189.2121958
44.81273751
46.13146723
19.77892141
60.45731241
73.83348182
56.89524256
81.77419934
49.20346522
13.77839609
37.29157238
49.28412222
33.547137
72.01428861
42.73803581
41.27589558
35.23991766
35.94276804
59.98725956
11.18504113
48.54300332
33.26079967
45.37446759
45.78778909
42.64204811
112.3909672
43.71457154
27.77066621
64.41917088
61.98622979
19.36446196
27.11154318
19.2751342
20.55889292
53.59394438
16.77173579
34.77409721
26.34513086
45.05090252
27.59725177
70.63090245
25.37470379
25.24046495
30.84077668
131.586419
37.38314847
82.28711114
61.05092073
43.72607191
34.43389188
47.7403261
20.97840965
58.17909873
127.5615178
80.10613788
93.12923928
129.6703767
58.50390691
21.46728021
51.18758618
29.4589413
111.1669708
80.18470416
23.16156665
31.89821114
36.15638491
28.21129437
83.08485576
11.16298793
22.49744048
23.19191056
19.65036354
8.246247911
27.28895001
21.39446197
19.45188722
5.763219578
17.87300433
24.60746583
12.88071254
32.60175479
213.4457168
12.16287332
22.31733264
414.4141583
17.90402286
47.42824789
25.90595919
37.1820156
58.82548109
29.11646601
68.97593879
50.89433001
58.47939756
8.980020023
14.40799598
11.54748928
27.40048739
23.76374697
47.49630741
33.98119602
474.3272117
65.46541162
140.6251284
77.27983494
63.72743537
26.20800343
72.51391597
37.83433915
85.90951555
36.41510075
35.93871159
71.9087896
24.35840085
7.775011839
18.13563692
71.74362735
6.897261772
55.92218997
22.63341436
34.8598604
37.95815822
23.89353622
15.92375291
16.82166935
9.764501664
25.37948835
6.077806668
62.43429579
87.1922951
136.3003865
22.94366603
29.49275635
89.53651106
19.42580837
31.35170098
45.45745286
10.40647883
24.6540318
53.73392525
26.64901369
66.381257
46.94669547
107.50778
57.46640037
44.24367229
86.7861353
40.4090168
46.48244251
53.57236789
99.90078717
60.00329294
42.09748833
38.14859251
19.20592215
22.54006569
29.80227348
25.08027749
48.96989158
12.25653494
88.29401115
63.11085965
47.99215325
49.36999858
29.52939932
25.35468254
36.29176653
38.6414078
18.67493969
39.87531463
16.1993615
7.427816787
25.01034715
15.51012396
26.05251297
20.89095905
91.47179175
66.22612578
23.10820304
10.19179455
20.15387348
39.84605036
21.78385273
31.23935074
40.66068218
19.26955231
36.84512481
47.88141073
16.75599851
31.46881443
47.28033234
89.08263677
24.32928253
8.084929749
11.14901399
11.08239088
21.43720973
15.33983599
45.31763527
56.94025732
163.3638825
27.19823273
17.92655859
10.29931199
29.1087352
19.22570282
69.22812082
7.618289226
23.65531568
47.35428355
14.53506864
8.432551279
17.09437993
31.76222318
22.15696705
10.52609029
32.4662081
12.63340614
15.35476398
28.50478184
18.0372564
96.08738758
53.24338465
9.902823799
19.60009718
25.98902652
65.02286538
17.35106168
22.0832399
12.48150703
41.35822954
60.55078031
153.9153776
20.85721891
30.06501175
49.08499264
25.97244004
31.12326817
52.8424771
26.69034478
16.91278547
11.72278899
32.01097011
62.07399925
24.71896991
30.71276318
10.48417941
132.3871132
12.82606766
37.68475937
51.60114636
248.9182494
97.76722532
32.03396747
39.48944826
22.94323513
17.58044585
77.2130124
47.92628962
27.70274242
23.97051076
27.65057634
6.844581671
13.40785817
0.5762865789
4.083194844
15.730989
28.5698072
41.06852477
30.82533013
21.63212504
91.50740382
45.67072902
34.30919585
39.03729317
16.86583576
17.69137074
10.47916004
336.134721
96.55822651
13.0381122
8.930153245
29.80937813
48.53589136
18.78880681
41.28439141
16.18906592
21.58582059
15.2593605
23.31051325
14.93903504
14.80711296
58.93631716
35.26027858
85.12458292
41.37715709
24.38965776
10.87724244
21.98584142
14.28534756
18.64136988
14.61337612
25.46410038
20.72980975
18.5248871
19.34264002
75.71506617
43.02348735
31.26085914
8.696247078
10.89490516
45.08875386
14.36053582
29.82366409
20.44827401
13.06939348
12.07330678
8.393054213
21.30583832
12.99368404
14.9408384
10.73492502
43.48162381
33.02455264
9.61373894
22.74119578
9.51284325
23.92777449
61.6341846
21.09319996
19.20665382
17.11719545
20.22721544
6.94615373
57.42108508
14.67327929
24.46535056
46.33128914
26.89154281
56.11567688
44.52268825
37.13528789
22.03155577
23.83002904
13.9257388
13.62339062
30.65443047
30.40341539
70.26472708
46.9210344
40.85152802
18.74446128
30.83161933
20.96300825
19.1223817
52.14759274
20.51067908
15.89849303
18.60651429
51.36318989
27.0769911
18.68425259
14.16715827
23.63385642
22.4947021
16.80856731
7.381858734
6.996385608
32.92974364
12.07834204
47.24014906
24.43068046
19.51543175
18.52644575
40.55833853
8.579777297
25.0878589
12.41765761
24.67773818
6.915748584
15.51556825
18.5383632
47.54368339
105.3114081
13.1650129
16.59713725
6.361845905
31.8044458
34.66171041
5.391280473
22.08827195
33.26165188
24.6599706
16.08617578
42.75687079
17.76958985
14.01065046
12.63397085
11.77214108
19.70892673
31.51856033
22.73859004
29.54136818
26.27351722
24.7316556
13.63798517
9.02076107
38.32868217
36.95665128
9.343123329
8.554920309
21.40996796
12.54872899
15.92967814
6.670818583
20.31317437
34.45447336
11.48091245
7.536645304
29.04661876
10.03527251
28.00218107
16.69878197
71.32834867
517.3714539
46.264812
28.19742938
33.63618554
76.63931385
21.66957454
6.376152417
38.85356094
4.500079257
5.484191847
5.667066215
18.01852143
14.01757545
12.83589136
24.88761312
21.34807887
20.88433349
22.63731397
21.21857089
17.74112994
16.42874009
19.31173114
3.733921286
18.43736663
11.47483504
5.697738397
63.92631963
19.62192659
8.636627138
24.26597177
8.887028434
22.12220199
22.46754728
11.73158079
25.87981537
26.52134811
96.24653526
18.38024198
18.98574825
10.01763634
11.09468163
18.3295555
11.31547897
12.14075395
43.11436697
57.87960309
0.2547821278
166.8684023
6.830510637
24.78183591
3.006491771
8.565205273
17.48217653
21.58870465
20.83759595
21.37216296
13.35953342
17.28061541
6.413604695
22.85903668
11.97077471
146.0161083
12.30808894
59.02472572
24.45772151
80.79031036
7.912087068
39.47659787
5.15440121
8.451170117
14.30439423
12.54064681
19.92396125
11.19945786
35.04456071
67.42124986
4.978854519
5.595256271
22.73322678
29.02179968
12.01077887
11.11164241
11.24338026
61.30930251
15.62995267
17.70765632
13.32955519
6.963223429
5.321888592
8.394823399
56.07432935
81.70372536
9.251211108
63.09763195
18.3937576
4.504997012
10.77076351
2.963765878
9.844073425
8.471382997
7.02643004
20.02198183
35.23094569
30.49472176
13.12696468
23.29177694
14.07114108
26.611002
34.98626779
16.10592287
15.60875083
76.46672031
18.98540066
32.81031234
14.519505
47.7409662
12.77848902
48.47426767
12.47141546
44.96594082
131.4998004
13.33807574
26.80373506
22.11703932
91.78496841
39.81888417
36.6834406
18.81244907
77.9640543
14.63261259
4.48602277
25.06824665
40.4323575
8.687345275
9.442981175
25.76807853
3.015445599
9.9267103
17.12277309
10.50848999
37.03856713
26.45358573
32.49017035
9.729250896
32.04940616
15.98804776
19.48568287
68.09546474
18.57782823
46.62768357
36.64794661
35.85971873
20.37526524
20.45469362
193.1842514
15.18800613
10.74632489
1.314144596
11.16585179
33.78430059
14.61202606
36.10031937
15.65024349
21.25358797
3.482384322
9.299120799
9.152243765
9.043431958
6.02796599
20.56718964
11.50844694
35.09654364
18.37574952
19.61973976
53.15508167
31.74904544
7.552097889
20.48879705
11.67833252
23.45297653
15.35793565
0.3139389863
2.297903899
12.00987834
23.5989781
7.66123037
6.455762171
36.20961714
22.43735056
25.20083454
8.822350499
62.25926223
13.11807561
22.24634423
16.50247824
9.383831325
28.44435108
7.667506404
20.27600525
94.03677687
25.32607704
7.456006658
3.980142198
8.68868838
70.27898772
19.53195636
44.38764337
29.18314536
3.262677018
13.77065786
26.90566227
27.68073456
15.45976645
2.158086531
16.12846636
14.2310588
16.7854627
46.26762327
26.78765947
20.01450018
5.840487297
15.85833423
14.79010055
8.490559579
14.54748865
28.2494833
7.963728488
17.33136262
21.93402831
21.72525108
10.88582968
22.481669
16.25738994
14.15650417
12.7680337
13.96307503
30.84632174
50.22288243
11.28693024
7.957396412
20.281535
18.68817178
14.2857405
16.29606032
10.16745029
9.27965205
41.99888437
23.27658595
20.93508395
9.371242884
27.26192253
16.13604414
49.26811586
17.12930803
4.510233272
0.1786066273
10.34756921
18.50153955
15.0148142
12.17715325
6.054311192
6.338345181
8.717849901
10.93775806
23.01080799
9.005976499
9.366600202
0.2936154727
10.88980265
2.942433283
0.5243222402
52.07889486
13.79009306
3.194877192
9.690911896
2.86323359
18.86295941
5.035844405
35.00940653
17.993555
22.86570408
4.184253482
5.329264765
3.310106376
23.72243233
3.679010271
27.58058848
5.308040367
1.457746304
0.4450786367
13.18754781
3.114885841
7.210832264
1.474836336
0.1754807624
2.887786868
19.81154002
22.39460466
1.423012133
9.592018458
21.78148271
41.80919133
7.748592616
3.079093753
6.917360626
20.59631114
20.80851191
10.48291483
7.950091995
26.19392531
5.007248166
18.84641201
35.4100206
12.65607042
50.66178508
19.18308906
9.330933044
11.28505771
5.567427734
17.58562171
46.91695138
45.35460445
53.77499983
9.874436946
6.871111251
0.5925453934
10.17650637
15.94555329
17.07740134
3.29097769
14.2763886
21.23569634
0.1961086328
18.27945998
3.909730848
26.27927884
8.98695722
9.410615424
3.204497034
14.2709114
0.4635979736
12.9574575
5.637932715
17.24475344
131.3707112
9.794162383
9.435143054
32.18296555
7.22907599
7.723407531
10.84233434
3.921681249
21.98675902
13.13690788
3.098182166
8.430090876
51.71762764
33.12577718
16.70743879
1.927921632
17.90724639
15.13083986
20.97348113
17.58984926
30.02197713
8.585322719
1.985512151
47.11137917
14.09186328
9.062264424
18.12351785
19.59864731
11.18323013
15.74378814
8.125041696
10.92513168
2.145231298
0.615672971
12.98425736
5.157019584
7.454232414
40.92608903
0.1472100827
31.78169214
28.50726908
6.515466349
75.8624473
20.30989837
40.47808519
5.392546388
17.04189257
10.38551098
165.5748626
6.430905994
12.43153361
15.85828258
4.276852102
7.742787659
8.040408274
6.139851355
5.015543056
8.440980737
9.237219721
10.03473061
4.279946236
22.12197799
21.56403953
3.877097918
6.578335253
9.591652567
21.32885441
10.67392238
13.19177217
10.0558076
8.108007436
5.541014873
12.71385403
18.54661442
10.05155566
37.75662238
8.081179453
5.261663823
5.2663203
11.09756548
21.00432789
3.445467748
27.03782889
9.697078525
34.05048306
5.676950411
35.3963719
17.43243671
9.493097878
8.900482493
17.02610268
24.5815279
45.93164062
38.90101808
30.92747094
21.48596146
18.72391482
49.80977455
29.80686631
9.304674676
0.1409661876
24.06232768
58.05280778
26.58663929
15.5554833
42.26658233
12.82657913
11.22727487
9.325473135
97.10821508
8.746004654
19.21688817
17.24355358
19.25883412
10.85291977
17.10950193
26.54342218
7.970359053
7.952669643
9.683224509
12.28776794
18.09226366
20.77244219
5.981104094
9.04925827
0.23764931
2.629300479
5.594333941
3.722867384
0.1039605157
0.839007258
5.885674045
3.811120257
0.2073837608
1.22857907
4.002342568
3.583000292
2.248308183
9.468608091
15.06862806
18.3126732
5.68809268
3.760837859
9.499293015
0.8886442906
1.129953712
1.710083756
5.518868782
6.227507825
3.162059233
3.799905288
12.68465879
8.664199437
23.67853279
46.12157748
20.67963709
0.3310445827
0.2857996705
12.00193263
9.228045562
21.31216209
6.42962008
2.209904541
0.6384339375
1.939661791
5.830872267
8.242794573
10.71647319
4.576257053
2.711366385
13.65354766
8.116173807
16.06212821
62.27516003
11.53218501
31.34568024
18.52319687
6.84229961
9.041695289
47.28838111
23.26863377
13.68606585
11.02354973
4.440243896
17.22705614
17.59838781
27.26566274
13.89530824
15.31099663
11.49287358
5.062432681
2.572053557
11.17047733
57.3439803
1.884697438
13.50506962
8.038475183
8.532858578
4.544213509
5.908000938
4.668555227
13.52968478
11.5541601
14.19519393
1.037532222
17.34118007
3.305384794
1.965290627
6.985829246
0.3569862734
0.151110627
4.656906591
1.0376261
4.988358379
6.760155821
5.356204001
0.5869132016
16.25098181
4.912255764
3.145432515
0.09972528409
3.014793297
1.883752427
4.574598728
4.059142708
2.072063107
7.684822937
0.3932879353
4.129824284
1.717671144
0.07214134762
7.798368212
6.323277836
0.08331788363
0.4041121923
1.533676125
3.552272251
2.059136158
1.945288683
0.2367399075
7.198562477
6.465778841
3.607387278
3.944859259
100.2376815
15.88196972
0.09401440793
47.50745968
28.98054725
0.3261265019
7.018474214
27.48207916
11.60152021
16.30916019
5.623654435
9.809911322
29.96995884
9.770069242
19.99764052
7.17809059
10.81632424
3.395432532
5.04130105
3.123290507
0.09490425461
8.130403061
4.248736288
30.69239706
9.869287452
14.88276874
8.94368257
10.66342114
39.09314128
7.039105548
5.51964203
2.80923627
9.96818727
2.134510457
8.583678061
7.452903547
4.662897222
5.005490845
45.05267098
6.807972003
0.01621779935
3.398262762
2.237335306
6.867956062
10.26365736
0.03309724299
0.217216523
6.76410218
5.279074128
0.1334333314
0.3186567811
0.163669099
8.702439384
0.04310085295
2.164232839
2.125760459
5.187928356
0.1170236846
5.630576336
0.2469215081
3.423156893
9.611242247
0.4848552168
2.029969215
6.870898853
0.1087636796
1.873154812
9.411535843
17.08353581
1.760563907
6.571056278
8.370310259
5.38608371
2.723786377
6.0353562
18.95636247
3.580087591
7.06048568
17.93199672
3.543522495
8.882532896
0.05575864691
10.19913262
4.829029313
6.941813708
4.057439503
0.1661919674
34.8131929
164.84859
7.099149824
9.203833169
8.606404553
10.36716672
8.563963598
3.813308818
2.364311749
8.200594971
0.04214848326
11.73416482
5.475944095
9.177613226
4.201688626
2.258895895
6.260145811
0.7792395314
12.81774375
2.62634315
29.05928419
0.02470746563
4.25223071
1.997574913
4.415859715
15.85111275
10.22416522
12.08379598
13.92255828
1.741188005
1.99224889
30.55335502
6.442818608
6.063262636
9.040100826
0.01023449912
0.3691729208
4.293431963
0.8439354678
20.74298238
0.06606433492
22.37415747
30.96027886
15.86938966
2.876846194
4.649541019
11.15206594
4.924540348
8.898777276
11.2322886
4.240187459
8.069513885
4.942217493
11.51396462
1.935082682
14.87485302
1.938697855
7.803064567
6.627226594
9.001215002
11.36146928
18.91006193
5.944114454
34.79730903
3.848332261
12.66327453
0.4865625622
9.014072277
10.77322968
17.67897565
5.676232221
8.393031108
4.448258744
4.881456306
7.198273393
0.08006959842
0.2157554281
4.845910735
5.046233263
3.624984125
4.85736579
3.480275025
10.0170644
9.736776355
32.17807979
0.4239060208
0.3243777671
0.9316316248
0.06746548719
0.4133497516
0.0887528429
0.121525734
3.147739609
1.975858925
1.131953357
0.07316590105
131.1990606
3.197676051
0.6070806105
2.838524679
1.616243583
14.17911733
0.2856805778
1.695240659
3.294249527
4.98468285
0.1390387472
0.02728302487
0.01333367225
40.13520337
0.1188702904
1.954313821
0.5857621204
6.307981524
0.0606372729
8.329292431
0.3569320215
0.9703018375
2.042225414
0.1301608669
70.75215127
1.168246007
0.1168491653
0.08595823594
3.681332668
0.1150451694
1.338170357
0.02177914242
1.401691196
0.2666103551
4.738017317
8.523443141
1.835347565
0.1160537065
0.07498847574
2.392398258
0.1486266754
0.0832031055
0.06790864734
0.6948355444
4.501744694
5.475027115
0.04537269433
0.05133104696
0.04810660066
0.1029830278
0.3204127368
0.2203920962
8.561038737
5.444336509
2.495833623
9.810574543
7.337264421
1.422775504
4.852799206
0.1080827468
0.07979115679
0.03261930837
6.902450298
4.726145419
4.246572845
0.1891056573
0.7328219559
2.627906935
0.1397674076
6.120906798
2.616850035
9.29042292
13.04892229
2.050098512
8.118798238
9.098527521
1.938142584
9.31784468
0.2554123522
0.05569139486
3.08861177
3.857107678
9.486503959
0.1700252409
2.108327227
3.534186131
2.924536115
2.192753511
7.741592474
8.582615292
2.770003269
1.60200694
2.649128606
5.425638577
0.02043217547
0.08894405207
5.207625295
3.066701023
22.79284552
30.39222394
1.010834014
10.34809467
2.029047064
0.03581365341
0.01780248456
9.379146032
189.8207814
0.8522027419
0.446644714
0.03507410296
0.04514609326
0.1744321337
0.1456748302
13.05740542
1.642782271
1.72030912
6.976779289
6.937847719
0.08302346917
12.01038952
0.7761949162
0.8271985208
8.563968242
6.783889771
1.169089069
0.153718514
4.387497161
9.047906812
1.110281987
2.108776229
1.319768799
0.500048205
4.453476506
0.02280996852
0.01197391759
1.969147418
0.07057769897
1.03122222
1.16776237
33.6762671
2.288804873
0.04117141187
2.078902219
0.02961900131
0.9682577256
0.04330617631
5.0789985
1.093450007
87.52147952
0.1350106646
0.6434464438
6.104810164
3.348502701
0.6937026311
0.9808513679
4.33509889
1.628559739
2.461924683
1.533864677
22.08226074
3.167530882
0.3125256818
5.027320909
3.028722187
7.54498733
3.005055629
3.991800363
2.98527541
0.2114335483
6.267918113
7.0666398
1.771325707
5.443384162
9.318294333
1.350426619
13.00731911
0.0100761088
7.204345373
7.734363299
3.7245413
17.41737893
8.020600515
0.001721201324
16.82732573
12.11212171
0.05853737821
3.064357913
70.20903789
5.297389684
4.335160581
14.46259187
7.771908021
1.537456791
20.17004678
10.37053917
1.167387448
3.257385825
0.02708012874
5.686672723
0.02639447398
0.9403997808
3.875631127
33.02178068
5.514986436
2.514884901
1.754758691
2.30534785
2.196252075
6.971503697
1.564949309
4.300336245
0.03658823084
7.480892209
0.9550208265
1.21805323
0.08656689526
2.231494971
134.4801741
1.892482728
6.469167027
10.84699262
0.2184334957
4.882211705
10.07434805
10.71922312
3.814534017
7.984223906
0.4657457594
0.1165941332
7.513252531
30.3352963
0.1249072991
1.775970122
16.05345914
0.566841621
14.73213413
11.73870392
3.022897877
12.22694296
15.79107491
6.759980583
0.0563274111
4.257603071
14.52634025
8.900942856
5.575088778
10.61373712
22.65444792
13.03303295
7.790597208
28.06053428
14.92892206
16.39765544
14.21810857
3.993303383
11.41628528
1.689501953
0.2376736331
13.63580766
9.186855345
34.55671997
12.03618661
12.96036935
12.08341454
2.37683536
3.75687374
4.959933573
6.644332845
8.064155128
7.893433712
1.023823916
50.57867356
6.110907344
0.1287987596
0.1010732426
9.465165624
6.050777361
12.84677145
1.464011288
23.49492542
6.920292681
21.97867201
25.5365526
7.432021785
5.692722558
3.592444843
6.12626955
10.97541865
3.508958894
9.46267699
4.197642096
9.300861209
7.398040471
4.857930309
3.866984911
15.84141765
22.14888379
6.940489115
6.47558389
6.982987343
2.015338209
8.655601733
11.08902381
15.78051357
26.32437331
10.98858753
6.226105652
1.016832165
1.763505392
5.455561413
7.434771484
0.2386057474
2.075616198
3.499981382
1.520507114
2.02679426
12.99680315
15.64361572
5.963780714
1.709202515
13.28330568
2.068689972
3.392816197
0.8987242966
4.413529564
0.12214867
6.237289297
24.25398467
4.745095697
18.61429867
5.951042402
6.511203386
10.80414385
1.691187662
7.598636417
2.335103382
2.149174092
1.533411953
0.06730237905
5.490865945
14.56730316
0.3389370157
25.74658186
0.1068303763
1.873145124
0.3147806225
58.39351382
4.273727588
26.50279071
22.51753868
18.1395583
3.965196245
0.3747887905
8.402129304
0.04433427968
2.686884039
2.294208218
2.694059008
23.22932734
4.677099131
21.50343219
4.755914549
2.612040625
10.11248438
0.04152752136
0.5065633342
2.108331319
1.882552897
7.178563133
12.52137082
0.1145437162
9.436342114
9.873053606
0.0745157977
3.237546382
0.03986260142
0.2181953938
3.788950672
0.9753554746
7.942750972
0.06413805571
8.22834917
0.08957605103
5.453991327
3.70805552
13.73834343
0.06872197742
1.626366666
3.841266286
5.651022136
3.208128893
10.34463291
5.370938538
0.04195514154
1.887372302
14.88259331
10.15606043
9.174731096
12.75990218
6.387749954
7.947005504
0.01537556287
0.144612042
4.187403545
4.880935701
0.1260654334
0.06251221318
3.813568477
1.008468537
5.072673378
3.805782623
7.064234332
0.07957477129
5.751522684
3.066819789
0.1064515559
2.14622498
0.8515445058
0.05661296356
3.094964926
7.04118813
6.375427029
8.493626022
11.36415576
14.40360443
0.09524446756
0.1030537343
10.24248449
5.714394106
11.34313617
3.102455835
4.836463421
2.445839049
2.087884049
4.857828261
33.50385222
24.29946263
5.132518773
7.822819819
0.09339910801
0.2220081395
5.559952803
0.1696440053
5.879650991
8.735028503
0.2937051557
3.707469755
12.01653064
7.044986214
0.1032384998
0.258300934
0.1225237886
3.651757691
5.681193388
5.257824734
6.835629549
1.968995855
3.957870858
6.467713703
0.1204327436
3.210081048
0.1701217995
10.51247255
26.17386784
0.03787608055
2.236094523
13.58158286
0.08646070606
1.767181882
0.05892129945
5.899935408
9.062002706
7.232771528
8.239070779
0.6209505848
7.060132945
5.452530018
26.03732689
17.47250071
2.510988488
10.25361986
0.07289870404
34.1771835
9.912845323
0.03690969984
29.97841811
22.94190763
37.83811811
2.117239824
8.908877022
4.443975017
1.785596161
1.06213698
10.53014481
0.3648169877
10.27005461
18.60253796
39.42248999
4.811339543
0.4529911873
0.7772633823
0.1858969875
12.80283368
1.239986008
39.63632569
49.34177048
1.561271281
14.374203
4.227261666
2.747165682
0.4503045966
4.992483739
12.90669355
4.426659171
0.9830047946
0.06942881875
3.297896736
0.01000775245
4.854855449
5.738055202
2.856652885
3.525720394
12.19362986
6.311786221
2.269069405
2.276262825
4.149569122
1.967153423
9.779888692
9.483862191
11.6871804
2.617292374
4.98376607
3.730204509
21.32466037
3.813163136
1.827648637
6.952076183
10.36458958
7.266273002
10.7773787
0.0208232885
11.67152777
10.35064721
10.42898851
0.01091103771
0.2423236604
1.535906999
6.849462256
7.31848069
15.40816843
0.7512802926
0.1372803321
7.368652078
3.344041359
28.211618
0.1070570807
2.787814738
2.599215388
2.471737482
4.03483462
12.80300831
5.259660901
4.79856255
0.8599057481
4.356963044
8.999478634
3.061388211
0.01362176506
0.01206299315
0.009128563379
1.065300815
4.044515148
5.788251622
0.2433023755
0.004119427059
0.6799908751
0.2970772002
13.24837391
3.265955191
11.09057182
13.06418912
0.01868843237
0.01809277651
3.844735804
0.7958646882
3.076637139
0.01058765284
1.240658904
6.925692682
0.08558796231
2.857660466
9.784113083
2.857353253
5.2361327
1.682183612
5.743471472
9.10859324
0.05444553422
0.02168658155
2.717066817
64.40524584
7.824402103
9.690425214
0.5667401353
5.488839869
3.252652747
5.811490299
1.15181651
2.011798467
9.133237314
122.8015009
9.436787361
4.953541137
14.92283726
3.462909619
0.9846017176
8.011701721
0.07703184784
12.86868195
1.262911387
1.861013588
1.892813331
12.76037071
34.27889673
0.02753077831
3.804199156
5.547042276
5.48825561
3.307836419e-05
0.07304325585
0.001351809615
2.766200633
0.1471955051
7.683115365
12.18902943
11.34664074
18.54653837
0.04750784467
2.391231178
0.0750047522
1.655367889
13.12450612
7.325250149
8.844578675
1.07335096
0.01760906269
0.05341212699
8.81900647
9.972557503
1.096349402
5.419019284
6.333556275
0.01313624119
0.04314491421
1.408564809
6.026216525
110.3474606
7.406124511
2.236085694
0.05634213059
0.0820924548
0.3428034689
6.326058965
0.06592919599
5.68601037
0.08763965749
4.026462405
1.951952957
0.223563645
1.770349136
10.01637496
1.474881581
15.76764932
3.007869603
1.015711935
3.453664964
1.546099817
2.513252893
1.757913487
2.889578286
2.771100121
1.743298524
0.2000480219
0.07096785671
4.602527406
5.342269052
1.632718919
2.041832644
2.172913239
3.205492165
3.421010929
1.359292945
1.860511332
0.04452251968
1.663073228
0.03895107711
0.3478658171
0.02175036046
0.07622595423
4.489250155
0.2681869442
4.899062695
18.80822363
0.08242089843
0.8976580077
0.7850722461
0.08775503463
3.866464575
8.51506403
0.08723079426
0.03153487883
0.01566673822
2.228622716
7.474332318
6.618635419
1.931524748
0.03563087023
3.237717341
3.073938857
7.523453605
4.250928255
3.298015153
26.89112097
27.14886069
17.39919152
2.950872042
4.0704902
4.899458464
18.2175869
75.62984677
25.26420436
0.10127452
0.01063278475
0.08984999988
0.1459229493
6.274769641
8.226559196
1.162448593
0.1700828834
5.486628628
0.03211681709
2.958021483
43.05963043
0.5778190987
1.548328791
0.06938451991
0.05636477448
6.505172427
2.119189681
0.02522210562
0.03820952912
0.0003016054728
43.8092782
0.02557357708
5.691064404
2.239055613
1.741317481
2.861393899
50.21191778
18.74885503
0.08509576345
0.1230321688
0.0446248097
3.841246273
0.1572911892
0.1914827222
0.01808847064
2.009969124
2.369692608
0.01632322488
4.909490157
2.462450666
8.783896792
6.909135965
4.254544765
1.582892638
1.917109924
3.955428454
11.19833451
0.01551662774
29.49026715
0.08007009538
0.002986970883
2.806219958
3.582474152
1.888544922
1.816612926
8.86188215
0.04081947908
0.000967095995
0.1119930409
0.03453896962
0.0444985972
0.1066649794
0.0001558611506
0.0601454298
4.567611751
0.004230829459
2.43894991
1.624982167e-13
0.0578218126
0.03456255612
3.088701731
0.01247195183
2.476858855
0.007923568548
6.013299163
95.96526694
0.05107155089
0.6195281139
2.585349201
1.059494097
0.009232270318
3.259929079
0.05070095376
4.171424758
0.2932601132
86.97701728
7.273433818
0.05948004596
5.313108418
8.817690119
10.53757367
0.03502887851
2.475104237
0.003595891382
3.402926894
0.02270356816
0.0007190576194
4.53708266
3.987237164
0.003752126397
0.1286498982
3.341839707
0.1903416392
2.948062563
1.190605517
0.03007112688
0.008326522087
1.992484934
0.03664084223
4.277354311
1.082091035
0.008917853209
0.0287816079
4.91495542
4.910477554
16.43654763
1.867644521
0.1122357345
5.939386813
0.266990788
1.976029878
0.0975848968
6.514699141
2.648940067
3.907794208
0.01347870408
3.891701355
0.03454930158
0.01641079033
2.430466316
4.53550497
1.814540371
1.266386708
14.74333158
19.98969658
1.667093737
7.423398122
5.853883722
6.601491219
2.543466461
0.03133632638
0.01505938373
3.011011316
6.41629821
0.01882280174
0.06882729238
0.1952097378
0.1403805161
4.108053913
0.04406903657
5.744622489
0.05234085315
7.470829781
3.533275553
0.01250299469
0.01111512586
3.982968667
2.655065141
8.115190299
0.3662270453
2.285654185
0.003691814351
303.0074383
86.83219182
3.664091071
3.473833635
10.39974369
6.881049417
40.66000021
7.0380496
7.403661313
3.639552036
0.01302139213
9.986553525
8.586935183
0.04731306191
2.281394439
12.93061836
2.71834307
27.06206805
7.147389202
7.409339276
5.403388078
1.671519261
0.1117456947
10.60333317
0.1976359046
6.961432502
4.899449363
6.516901125
0.0219914654
7.270499227
7.379665615
4.671240466
0.03580049842
0.2858263232
2.070458081
5.208429849
0.0148105638
2.564485029
17.54325782
6.634160017
5.233625472
4.094712443
4.569793316
0.05617067118
0.08276917521
0.01488293454
0.03241432164
8.01443351
14.01984641
3.152556985
7.810461528
2.524992937
0.1489673519
23.67358234
0.008730648848
0.08109045306
6.192471193
54.14462138
0.7633766009
4.302968907
15.24339079
2.601020837
4.972196094
19.0167471
7.202612069
10.61994106
3.498699352
3.317991837
18.88112502
6.848511528
9.756527824
3.78760794
6.559369797
9.279947769
8.813391226
1.81846455
2.552810992
3.543440931
17.6306198
1.712599419
1.76249954
16.21855619
19.54890952
1.966287013
12.95312624
3.195910852
2.826030907
3.18635803
0.008877943819
6.171895697
14.4609675
0.1488039624
1.811391902
1.964319222
6.341595393
3.963376991
10.12341942
15.86753212
7.599197285
5.687885709
21.17936848
6.47351729
8.95311241
9.312317703
3.193462255
1.867101482
6.348508379
10.33080298
0.03970902836
1.833820636
9.647629089
2.296398593
1.766477297
8.49838511
4.906960738
0.06661715259
0.0507786695
4.36960445e-18
0
0.9001413382
0
6.471300367
0.03209683745
6.744815436
9.830796354
0.1782429671
6.663791298
6.165325679
0
0.01938633654
0.05935636333
0.0002369420407
4.13425916
0.002714084559
0.04465393981
0.08184771344
3.947012402
10.90517636
14.90881818
8.710984196
0.2491314436
2.717486251
3.753677841
2.527200432
2.902594987
0.5455003927
3.703316723
5.027724976
0.02271893015
1.918229009
4.489734904
3.959876302
4.439587231
2.323513057
1.824495057
1.785545231
1.85892825
341.485966
13.29546059
5.12677489
0.02026480736
0.1762209092
0.06645219744
3.14443509e-05
4.690340074e-09
0.06972611846
0.03592025743
0.0176765714
5.147845178
0.02750162796
0.0177619848
0.0126368067
0.2125610851
0.04322417385
1.091933924e-07
0.285918046
0.008091596149
0.004996751338
0.03387600026
0.09239035088
3.52992406
7.998423979
0.007377519336
0.05810463628
0.08011120997
0.1894506594
0.02706483998
2.172456822
1.873270645
5.0327177
13.71472007
2.257018681
1.870660563
6.641278248
16.25200846
1.009166288
2.240927807
0.01677129752
1.947409038
0.1271517518
1.231625814
10.44715355
4.877023743
6.451073316
10.35997548
9.6287306
0.02351101361
12.94140136
0.9299949377
0.05601266657
1.8309494
0.04992236584
3.351287843
2.937826191e-11
8.733365088e-05
0
0.09372294341
0.3622657123
0.3985140736
0.02521160968
3.218821501
1.958801363
0.2547803057
0.4608339518
0.01161813598
0.02394206905
0.006884814759
0.03691868247
2.026560204
1.65213242
4.419877722
8.903888353
1.914059317
5.054283184
0.04521363303
0.002239890856
0.01389124816
0.001426275867
0.08576482928
0.005772233127
0.008353854102
135.1149453
2.219624132
0.04075025839
0.05159308577
0.1317167103
0.09748008579
0.8808561756
0.02206269531
1.775327764e-13
0.004307459729
5.650043236
4.400851037
1.280645978
0.06586831624
0.1237305516
18.35097062
59.48710062
2.36448806
6.315861099
2.777799343
0.07527968
6.27205249
0.06036668595
0
0.0002866293401
0.02357856129
0.3462642442
3.985581692
0.02861590192
0.8965024886
0.06913035936
0.02523243915
4.640612241
5.081856898
0.005738596239
0.0008768489693
0.006138427811
4.299227292
0.02555539133
0.06516454553
12.10370746
8.263107941
0
4.641014015
0
2.49186321
4.000860183
0.1154317911
2.702317209
4.389859367
0
0.3525486216
1.83356932
1.621340631
1.521882061
1.664366603
4.62674489
5.977933173
1.692524097
0.01069259057
0
0.02569944917
0.001263694054
0.0297264083
6.923150072
6.543092721
0.03032456532
0.0005676971363
0.004480159901
6.709132131
5.726044251
0.01793523024
0.0004646204304
6.136629543
4.821135837
0.0105871583
3.650037318
6.854936176
0.04464423697
0.000857904164
0.0323058919
0.01429594296
14.76143547
