#################################### 
# Matrix Size= (25,25,400)
# Resol      = (1,1,4000)
# VoxelSize  = (25,25,0.1)
# nbVal      = 4000
#################################### 
0.009240878985
0.00905202729
0.009638102455
0.009547764226
0.009260874062
0.009060310004
0.009137543266
0.008959105832
0.0095474881
0.008890556635
0.009521536008
0.009575747907
0.008471827157
0.00931046018
0.008826417041
0.008637420388
0.009504990611
0.008622929013
0.009166809372
0.009574304082
0.01056361915
0.008889302453
0.009179541277
0.009592531293
0.01053669289
0.01001808439
0.009562602439
0.01000660514
0.009877231141
0.00913358483
0.009297270377
0.008587659571
0.009460373779
0.009058550205
0.009269571151
0.009679474441
0.009054300533
0.009632613066
0.008968417421
0.009213055402
0.008953850376
0.00866214122
0.00908130641
0.00929317852
0.009586285865
0.01094288273
0.009252728606
0.009079168781
0.009273477499
0.008606288918
0.008439386284
0.009439085928
0.008791106326
0.008686087516
0.00970717846
0.008676327199
0.009543837923
0.00908962374
0.008873973703
0.009641218536
0.008684588752
0.008993378834
0.008792339934
0.008673351843
0.00933791168
0.0086062246
0.009838254014
0.009618428441
0.009498992762
0.009279413995
0.009007945704
0.009575741405
0.008840404163
0.008899013486
0.00983206706
0.008697094524
0.009796791097
0.009414209043
0.009257786923
0.009308652843
0.009114542809
0.00961229271
0.009540006043
0.01029333314
0.008991895072
0.009391985413
0.01007571676
0.009000306813
0.009303636921
0.009735843092
0.008858530599
0.009174296509
0.009219987282
0.008619164023
0.008710553333
0.009324799931
0.008646316322
0.009048401079
0.008874398512
0.01112169312
0.009063792904
0.009823647398
0.009333845501
0.008556993915
0.009066592277
0.008976270812
0.01033164364
0.008956283272
0.009081879274
0.009329305369
0.009069990152
0.009914869103
0.008907687701
0.009290735221
0.008690274916
0.009174271255
0.009611555433
0.01020812281
0.009672093831
0.009273584146
0.009052884367
0.009319935968
0.009277772868
0.00929083855
0.009697752057
0.009016533434
0.009541081711
0.009278130608
0.00909506021
0.008696084587
0.01036711762
0.01041030437
0.009962533592
0.009215752768
0.009398645908
0.009280755449
0.009167493202
0.01116165936
0.009081424634
0.008816810438
0.0087911516
0.009049461966
0.01017587648
0.009212519112
0.009452601855
0.009050184386
0.009672736584
0.00931357474
0.00877481359
0.009010405857
0.009415876026
0.01000985884
0.009312323357
0.009260460559
0.0103257612
0.01005457675
0.00935379455
0.009604983935
0.009891715857
0.009515323825
0.009690132167
0.009673838763
0.008897666633
0.008955039908
0.009069309948
0.01003301565
0.009630641039
0.00980042939
0.009689573882
0.009848678237
0.009383957436
0.01020811311
0.009242631843
0.009423808742
0.009510851524
0.009487794212
0.009194817666
0.009252057498
0.009245103235
0.008985202973
0.008912541928
0.009153592731
0.008873358552
0.009774857777
0.009170236611
0.009522970244
0.009245979289
0.009241178018
0.009884170638
0.009237782222
0.008870193386
0.009126904364
0.01001725774
0.009049789199
0.009536649405
0.00942378311
0.009025819918
0.009302648544
0.009021004447
0.008711674595
0.009852830471
0.009399405728
0.009534892187
0.008978035846
0.009141756639
0.009394333411
0.009232032292
0.009060681664
0.009303042504
0.008815903292
0.008792753277
0.009099931903
0.009525447774
0.01003923432
0.009784447235
0.009552073008
0.009292308646
0.009737920441
0.009253351033
0.009243956688
0.009912929909
0.00961168003
0.009712692226
0.009159568558
0.009801675122
0.00912285518
0.009306692368
0.009399083095
0.009508342037
0.01054450966
0.008992848176
0.009054045027
0.009234710151
0.009121628959
0.009659422692
0.008884563443
0.009598316273
0.008864038547
0.01003491362
0.009635568757
0.009022759494
0.009117437781
0.009330221343
0.009542701393
0.009013938706
0.008891402356
0.00866622515
0.008548140733
0.00883333862
0.008919657289
0.009667849886
0.009294781355
0.009121488133
0.009042660085
0.008962448509
0.008815006903
0.009197468728
0.009093624905
0.01063500027
0.009399759031
0.009331178908
0.009466854847
0.01010247171
0.009270926445
0.008953576329
0.008878790522
0.008998066005
0.009120399658
0.00945804486
0.01035807507
0.009962846746
0.0104522271
0.009277982594
0.009769681847
0.009276099827
0.009740191767
0.009330258049
0.009287186946
0.009725345701
0.009448678414
0.009978040178
0.009243283197
0.009432491986
0.009255466893
0.008938971815
0.009585119249
0.008812421905
0.008857357349
0.009745156523
0.009465013082
0.009143339034
0.009971896541
0.009976804155
0.008833280514
0.009791621526
0.009079308568
0.01016723793
0.008965784314
0.009251330201
0.008901659161
0.01023564131
0.009207803449
0.008729385476
0.009502859984
0.01001372161
0.009466854552
0.008957327392
0.00887412054
0.008753773899
0.008806421376
0.009771444826
0.009105826645
0.009045071189
0.009166183952
0.009495612062
0.009499972466
0.009416416485
0.009098405993
0.009574704804
0.00914815541
0.008769420905
0.00886611248
0.00905618959
0.008950383267
0.009176877689
0.009158906642
0.009115629343
0.009110606624
0.009136503219
0.009319562993
0.008885722867
0.008813955772
0.008869340417
0.008967613612
0.008977278636
0.009234383518
0.009399440154
0.008841212665
0.008851351732
0.009277577016
0.009387037179
0.009143235021
0.009709598098
0.009679655696
0.009231967763
0.008815872512
0.008813813369
0.009520468784
0.009547179042
0.009004352555
0.009481162749
0.009262545566
0.009111528957
0.009744504656
0.009063984137
0.009411456016
0.009587416457
0.009854918661
0.009362552703
0.009368252448
0.009163700708
0.009012719823
0.009026952773
0.009125723523
0.009482717419
0.009518471469
0.009562427218
0.009805883352
0.009916888121
0.009237491613
0.009012295592
0.00942565466
0.009014522041
0.009256558393
0.009106276708
0.009302763152
0.009482914322
0.009078513604
0.008889970418
0.009274319496
0.008896403823
0.00949335459
0.009447526282
0.009758605021
0.008908472363
0.009397110483
0.009043263044
0.008962119296
0.009375906686
0.009396950322
0.00915621089
0.008837044097
0.009326545871
0.00956204692
0.009386486365
0.009658523101
0.008678930124
0.008988628969
0.009606742245
0.009158334751
0.009435149056
0.009253897268
0.009198414964
0.00935154261
0.009060624646
0.0091208112
0.009170404649
0.009589877595
0.009461088214
0.009915088048
0.01012412167
0.009642857118
0.008893545605
0.009758030765
0.009582877151
0.009159758992
0.009188888333
0.009225594995
0.009790528287
0.009135861137
0.008973208715
0.009521041359
0.009183850991
0.009275776682
0.009247698104
0.009248891343
0.009606525599
0.009419890944
0.009287521234
0.008788094151
0.009400904116
0.00956660926
0.009544263361
0.009627202574
0.009135322017
0.009342843433
0.009611325644
0.0100574062
0.009123369325
0.008995145177
0.009643817114
0.009235939059
0.009346511402
0.009034248252
0.008913825215
0.009080653764
0.009757107632
0.009479804776
0.008994733548
0.009338604176
0.009753979035
0.01000301469
0.00910452783
0.009212519566
0.009565128016
0.01002992573
0.009308527921
0.009457897787
0.009008702672
0.008845166877
0.009620047747
0.009513173724
0.009400087263
0.009170590366
0.009253489231
0.008991066542
0.008783665023
0.01007442953
0.009403586964
0.009143147511
0.009383842319
0.009105849917
0.009229590249
0.009078805031
0.009081426773
0.009000121573
0.009486496435
0.009833027001
0.009071315807
0.009209790409
0.009382338824
0.00911602119
0.009204701593
0.009030823826
0.009045214148
0.009146842954
0.009217942934
0.009182356587
0.009285972507
0.009126464915
0.009818683686
0.01070646641
0.009254000783
0.009342342785
0.009722267297
0.008986284538
0.009486788288
0.009965205937
0.009740090608
0.009896935258
0.008850819224
0.009076932597
0.00889150629
0.009961638536
0.009986539611
0.00999696139
0.009077361211
0.01005773991
0.009105213275
0.009641583272
0.009326801601
0.009194081195
0.009318022714
0.009236017172
0.008821300353
0.009362891582
0.009541355358
0.00952934962
0.008814144871
0.009142465908
0.008903893736
0.009394225427
0.009447595607
0.009560985383
0.01003544311
0.009406360036
0.009294912934
0.009167825151
0.009108247457
0.009020238885
0.00887517425
0.009538364286
0.009273959271
0.009552620802
0.009534102024
0.009669982948
0.009618026669
0.009604833054
0.009500255522
0.008866279097
0.00912027953
0.009167950399
0.009010284649
0.009026650641
0.008866997231
0.009184231814
0.008918559378
0.009516251271
0.008846853392
0.009394299161
0.009505576844
0.009299867104
0.009232165497
0.008807477223
0.009536990997
0.009505816286
0.009885390781
0.009506972793
0.009834521081
0.009238649225
0.009376720165
0.009038839346
0.009153737489
0.009154176665
0.009297802189
0.009224004573
0.009439899705
0.009465840614
0.009394564572
0.009686358289
0.009754704608
0.009140541979
0.009266602021
0.00935133438
0.009039709007
0.009137926312
0.008882093769
0.009141049211
0.009387654169
0.009272515138
0.009096884936
0.009929227558
0.009063149946
0.008882906079
0.008946393971
0.009466762277
0.008914527093
0.009597609261
0.01013818824
0.009798995392
0.009973351016
0.009380187493
0.008913536845
0.008672457067
0.009010527068
0.009432974981
0.008786030869
0.009109133468
0.008961325996
0.009202225854
0.009089003389
0.009110367889
0.009450868868
0.008856529451
0.009165798741
0.009356613091
0.009912364563
0.009203359021
0.009087232835
0.009362044372
0.009273551355
0.009170507805
0.009149056189
0.009402737352
0.009237818435
0.0087840465
0.009053169853
0.009066318941
0.008954374443
0.009345642808
0.009081819345
0.008857903517
0.009354492939
0.009399523624
0.009646107198
0.009013611801
0.008980469262
0.009055087025
0.008928532898
0.009146681533
0.00973194263
0.009659901582
0.009048730424
0.009259838913
0.008742032702
0.009665079913
0.009173246832
0.009199286558
0.008933081104
0.009490385272
0.009065768443
0.009476971947
0.009003384321
0.009133557224
0.009443077755
0.009288789906
0.009336243288
0.009606781547
0.009271761184
0.009045207004
0.009499686453
0.00912266773
0.009666806894
0.009260372848
0.009211595887
0.009613826238
0.0091148326
0.008924639225
0.009092026793
0.009761617416
0.009209978498
0.008867013394
0.008928116004
0.009180085125
0.009242686123
0.009107825772
0.009094033286
0.009192412786
0.009111027141
0.009709492137
0.009320403889
0.009496815192
0.009351379936
0.00903577613
0.009327175563
0.009029373112
0.009643092184
0.009319902469
0.009367046792
0.009337143505
0.008995764919
0.009483050313
0.009642522492
0.009115256004
0.008919025258
0.008871374277
0.009454114227
0.009141253475
0.008976827805
0.009515064817
0.009456398563
0.009324319143
0.008970971756
0.009357763939
0.009060024375
0.009005639765
0.008900426509
0.009102255205
0.009552709976
0.009103262627
0.008935538527
0.00940203583
0.009360215746
0.009248275548
0.008863284065
0.008817612379
0.008769299221
0.009122592823
0.0101514542
0.009676357353
0.009082551266
0.008932501543
0.009377740547
0.009353363544
0.009210453777
0.008962678203
0.009072111478
0.009099535142
0.009865521165
0.008862685225
0.009253087877
0.008927109468
0.008996125821
0.009440898227
0.0096110558
0.009059914107
0.009685856944
0.00917282328
0.009268093748
0.009635569576
0.009189155042
0.00912234086
0.009437927338
0.00910997517
0.009159902165
0.009326839687
0.008964850148
0.009159352515
0.009208818216
0.008946590014
0.009035275863
0.009345352663
0.008948051269
0.00961241138
0.009647563942
0.00900450591
0.008923698955
0.009140232699
0.0091036809
0.009622316895
0.008930661735
0.00922781151
0.009527370403
0.009333756802
0.008982453364
0.009082497995
0.009050283967
0.009321943325
0.008994156364
0.009081361946
0.009237172172
0.009743174529
0.009637590364
0.009006033569
0.008978473461
0.00894454868
0.009515355463
0.00913140256
0.00936576775
0.009461380503
0.009210634996
0.009343245798
0.009249136848
0.009429743355
0.009193052565
0.009189761868
0.009289434545
0.009566827081
0.009381053072
0.009810416498
0.009346737597
0.009191208157
0.009272735044
0.009109771836
0.01024151266
0.009150687782
0.009329478534
0.008965780759
0.009006240772
0.009052352841
0.009081916758
0.009116657214
0.00919075988
0.009018154725
0.009379559187
0.009856822573
0.009165532011
0.009168291381
0.009367022956
0.009526283625
0.009282701901
0.009261114247
0.009175691579
0.008928908035
0.008940830505
0.00945950209
0.009459119842
0.009647164606
0.009209057839
0.009467885102
0.009274137108
0.009374086963
0.009599375488
0.00933088472
0.008992049674
0.009314327688
0.009559360705
0.00915045619
0.008820813723
0.009308538869
0.00897521674
0.009659479283
0.009299240623
0.009551155652
0.009658928003
0.009064948305
0.009258374536
0.009141790543
0.008984278688
0.009094187441
0.00973053153
0.008914168014
0.009194235715
0.009127094954
0.009018347222
0.009424463268
0.009276424088
0.00905362232
0.00911165984
0.009557022734
0.009051016029
0.009238964214
0.009393976512
0.00909037778
0.009155482953
0.009548396771
0.009052725397
0.009553978523
0.009751675008
0.008962709475
0.009744518655
0.00939446369
0.009455326347
0.009080994112
0.009109979765
0.009359046326
0.009163374775
0.008983419794
0.009459703785
0.009384749907
0.009791109397
0.009040310312
0.009524220946
0.009053466416
0.008860741539
0.009264712919
0.008888554914
0.008998582209
0.00973175944
0.009260768094
0.009236104884
0.009468998579
0.009264401627
0.009082061615
0.009164889527
0.009315447726
0.009294879397
0.00917076782
0.009126803169
0.009020854759
0.009258878322
0.009102145759
0.009076369726
0.009299495053
0.009017955163
0.009139066994
0.00903246492
0.009300261179
0.009199111467
0.008968288838
0.00968740379
0.009204871384
0.009193358911
0.009264277351
0.009376539006
0.009201328061
0.009345552516
0.009185860992
0.009787026256
0.009206534951
0.00930936861
0.009399302898
0.009133231996
0.009390231293
0.009019777356
0.009173968672
0.009657485365
0.009223873645
0.008969390418
0.009449895727
0.009017173894
0.009168833294
0.008949032602
0.009256962852
0.009396430188
0.00921674977
0.009318946118
0.009320130665
0.009129264904
0.009203758078
0.009088599534
0.008996330136
0.009061427723
0.009068577908
0.009346429219
0.009072429841
0.009191777917
0.009233841905
0.009084123357
0.009097515696
0.009024178937
0.009000935875
0.009029766744
0.0090476754
0.009255722479
0.009186016941
0.009154554223
0.009161797029
0.009152361718
0.008962498652
0.008992840355
0.009422565223
0.009215683335
0.00899389943
0.009286176288
0.009102763968
0.009019504334
0.009575861481
0.009753489329
0.009459412449
0.009095479395
0.009090098885
0.009121122315
0.009150440938
0.008855876379
0.00918567652
0.0090588298
0.00904002046
0.009089143752
0.009286217001
0.009022798215
0.009030108041
0.009350447391
0.009813530909
0.009290982799
0.009269215517
0.009082111405
0.009169202175
0.009212159817
0.009396936213
0.009256793616
0.009645307352
0.009213565037
0.009249091756
0.008965676517
0.009731124444
0.009209186902
0.009640403942
0.009379916755
0.009398133884
0.009204132765
0.009435062732
0.009302389276
0.009693354545
0.009258292565
0.009176187172
0.009131647123
0.009448038294
0.009134058583
0.009282248304
0.009062621097
0.009636237758
0.009198303141
0.00938180092
0.00907238144
0.009188765994
0.009174745791
0.009195041778
0.009019155378
0.009193390499
0.008930933071
0.009250679475
0.009073094998
0.009218545676
0.009161343134
0.009157232804
0.009225924987
0.0092268761
0.009028830586
0.009227193029
0.009139962871
0.009081830011
0.008965798814
0.009070125697
0.009087686202
0.009153083882
0.009157486892
0.009355238004
0.009058473518
0.009298038653
0.008986011423
0.00916979735
0.009019220347
0.008991517593
0.009012134492
0.009078719267
0.009239878102
0.00941519651
0.009184313166
0.009163928345
0.009326494721
0.009170368681
0.008948663593
0.009198457139
0.009163416693
0.009417805539
0.009133251432
0.009473488008
0.009620139587
0.009287449891
0.009227756329
0.009200134402
0.009204129879
0.009321588484
0.009052540448
0.00899841464
0.009117703158
0.009304887865
0.00957556474
0.009250975446
0.009204328597
0.009477159068
0.009394030497
0.009430740433
0.009166857865
0.009229480567
0.009209492599
0.009040652004
0.009050828921
0.009108675993
0.009091276338
0.009365235675
0.009045308039
0.009109779874
0.009123098912
0.009043583858
0.009090731446
0.00895406212
0.009101610903
0.008945999292
0.009127872639
0.009000136514
0.009187042035
0.009286088266
0.009319419351
0.009165044708
0.009174606085
0.009372258634
0.00921465028
0.009100149464
0.009197375568
0.009113509102
0.009082806536
0.009229679012
0.009153292145
0.009218452434
0.009160857727
0.009216936727
0.00907907093
0.009076841905
0.009255283534
0.009197747304
0.009260628847
0.00919342351
0.009156611676
0.009135510145
0.009062735692
0.009394352072
0.009134826656
0.009527462289
0.009321570442
0.00915991218
0.009026289734
0.009411904417
0.009038009214
0.009245752642
0.009228332051
0.009083295422
0.009101314585
0.009715071847
0.009686319713
0.009418820633
0.009481363503
0.009342982663
0.008988094725
0.009385255988
0.009333127538
0.009130304237
0.009276277741
0.009315123202
0.009374045318
0.009263343865
0.009062323329
0.009072012014
0.00918787528
0.009131505212
0.009499606493
0.009151392766
0.009244689216
0.009497757813
0.00911450945
0.009147727864
0.009107878788
0.009340225001
0.009316689279
0.009448273164
0.009086612105
0.009231813408
0.009128612778
0.00930075046
0.009534177001
0.009325660374
0.009154859779
0.009249685765
0.009228690926
0.009153061922
0.009146356874
0.009264411379
0.009058703428
0.009125169989
0.00934831192
0.009167675389
0.009169104946
0.009118484472
0.009223245453
0.009180545109
0.009242208671
0.009301353301
0.009096203152
0.00957221436
0.009202654495
0.009075811918
0.009246238008
0.009200150423
0.009304049534
0.009111916423
0.009273611434
0.009197087556
0.009225882846
0.009272915943
0.009207961736
0.009282277103
0.009222362369
0.009291702765
0.009211887593
0.009632434301
0.009584371426
0.009086248041
0.009193818706
0.009256521185
0.009391229556
0.009343398834
0.009270592966
0.00908427617
0.009144103309
0.00913678738
0.009298919492
0.009226511447
0.009851440509
0.009331129464
0.009351431908
0.009153802629
0.009504988982
0.009366558264
0.009457248625
0.009182861711
0.009132065452
0.009305391605
0.009154858898
0.009187562261
0.009438268525
0.009361586346
0.009140085417
0.009250354815
0.009291992375
0.009371708515
0.009063099494
0.009394452592
0.009218276741
0.009335911403
0.009402226286
0.009144678809
0.009274559637
0.009214165298
0.009461633468
0.009303373346
0.009535177707
0.009364771537
0.009344937523
0.00917040319
0.009234378291
0.009356251675
0.009345414351
0.009614548834
0.009310922685
0.009222646737
0.009133991454
0.009454021723
0.00911828796
0.009320879389
0.009208872653
0.009316026479
0.009500190623
0.00925964468
0.009529073414
0.00935879214
0.00940372314
0.009329784396
0.009239452762
0.009405228094
0.00924616453
0.009281001866
0.00925439408
0.00926010943
0.009310034967
0.009220162501
0.009427398848
0.009700861246
0.009202092477
0.00951896131
0.00926446581
0.009370196874
0.009484747233
0.009286125317
0.009298711345
0.009254148701
0.009335672608
0.009234385303
0.009338013488
0.00929437401
0.009252992009
0.009347841636
0.009448991962
0.009400437663
0.009431919405
0.009816619182
0.009434041581
0.009454492396
0.009376743597
0.009409124679
0.009322453239
0.009498413538
0.009479286097
0.009462724785
0.009503603136
0.00927503324
0.009559652505
0.009366466229
0.009479933203
0.009307832133
0.009342114377
0.009549685863
0.009475172968
0.009528972337
0.009447224972
0.009479889732
0.00942908768
0.009285821262
0.009648701581
0.009665065201
0.009456499471
0.009456706833
0.009652860133
0.009392533253
0.009442874152
0.009455558305
0.009527495973
0.009381354644
0.009448161078
0.009494760582
0.00957844298
0.009800188755
0.009512580107
0.009433494792
0.009468195102
0.009518431357
0.00957741616
0.009547239577
0.009281879014
0.009590172793
0.009599956172
0.009543828832
0.009452564197
0.009562763411
0.009527066745
0.009505512315
0.009801173423
0.009702436687
0.009512512856
0.009568793119
0.009442655269
0.009549786724
0.009514819098
0.009530242996
0.009635535205
0.00954550789
0.009536057801
0.009429988298
0.009585526328
0.009493869708
0.009783174186
0.009747634389
0.0097060767
0.009580746458
0.009512721102
0.009710820002
0.009687956536
0.009601827431
0.009653013052
0.009632824987
0.009599734166
0.009505459638
0.009681831369
0.009557152113
0.009603197594
0.009556834587
0.009572129626
0.009706244844
0.009698138605
0.009674500678
0.00964729272
0.009625835778
0.009629995483
0.009621462517
0.009664271755
0.009641215418
0.009660568785
0.009646213327
0.009724732532
0.009608830012
0.009583094179
0.009667891738
0.009737361924
0.009650246288
0.009650412956
0.00963446468
0.009613561548
0.009638279469
0.009632391898
0.00960779868
0.00967355128
0.009663361264
0.009664452936
0.009638809984
0.009712275484
0.009673371085
0.009821896698
0.009634310441
0.009590781873
0.009609109643
0.009598221796
0.009625909491
0.009607958618
0.009685561402
0.009717642749
0.009665545042
0.009635727507
0.009602138356
0.009732210855
0.009647352913
0.00961508731
0.009662161049
0.009578631411
0.009766715806
0.009544770663
0.009633956142
0.009593377589
0.009555286216
0.009676431466
0.009645908147
0.009483832241
0.009624527692
0.00958898562
0.009592557253
0.00963582186
0.009516091511
0.009707542984
0.009580588855
0.009532994951
0.009628903513
0.00951122867
0.009546258045
0.009518868702
0.009468941074
0.009370665968
0.00944949998
0.009480274303
0.009387623643
0.009471401213
0.009396692003
0.00932516565
0.009309409882
0.009307962419
0.009346625592
0.009298730905
0.009233398653
0.009252954112
0.009109579887
0.009142401838
0.009116255021
0.009080732308
0.009082620511
0.009060688644
0.008976645269
0.008933963502
0.00896272125
0.00889905225
0.008937047618
0.008799399653
0.008753805012
0.00870011004
0.008622603548
0.008674828009
0.008652301347
0.008615139462
0.008576503328
0.008479854473
0.008436579299
0.008473704477
0.008376205916
0.008356421252
0.008330798859
0.008284733795
0.008312087079
0.008194536047
0.008187513293
0.008152633796
0.008065869316
0.008090422557
0.007987404415
0.007989633641
0.007976318368
0.007953350832
0.007968112814
0.007938307057
0.007880265573
0.007875773991
0.007891225674
0.007887151132
0.007826761923
0.007851633793
0.007887233559
0.007863311534
0.00786466105
0.00785489215
0.007843235244
0.007880920758
0.007925430497
0.007921232042
0.007960792397
0.00793539996
0.008011832251
0.008085212373
0.008121053647
0.008150766934
0.008204338801
0.008248155195
0.008266675277
0.008377921924
0.008477086545
0.008528025767
0.008634483509
0.008738270179
0.008846008581
0.008906583046
0.008960770678
0.009097483977
0.009244833692
0.009455368257
0.009494258665
0.009661045937
0.00981700142
0.01007102684
0.01020898931
0.01033146087
0.01058690907
0.01085121975
0.01101087107
0.01120636528
0.01146981656
0.01181155303
0.01199936337
0.01238385762
0.01267316979
0.01290467525
0.01339823753
0.01369292522
0.0141668827
0.01453722805
0.01478666156
0.01530610753
0.01596366691
0.01631908342
0.01699232105
0.01764220234
0.01838632236
0.01890366454
0.01966523923
0.0202484412
0.02100444913
0.02164726403
0.0223680882
0.0235662247
0.02432399596
0.02509772726
0.02655900891
0.02789371365
0.02943806767
0.03014043976
0.03212557512
0.03317749624
0.03459754967
0.03606268115
0.03747210711
0.03952772269
0.04182038289
0.04427981931
0.04666143923
0.04944555525
0.05188232864
0.05270424844
0.0575004746
0.06045439989
0.06218249175
0.06848130016
0.07162879392
0.07555817656
0.08308584706
0.08395478385
0.0899562159
0.1012879396
0.1002938691
0.09815202628
0.108429512
0.1113374276
0.1222308638
0.1306051326
0.1429294671
0.1431509962
0.1461943743
0.1520695254
0.1500734773
0.1876595896
0.2347975697
0.1646230236
0.1878137478
0.1702965672
0.1843520006
0.1810253897
0.1949653672
0.2062116482
0.2014807963
0.2054655656
0.2060622816
0.193714727
0.2047817619
0.2300647362
0.2001141616
0.236041717
0.2393023552
0.2973057568
0.3284780989
0.2752858141
0.253393919
0.3291221056
0.2356260294
0.2362272848
0.2651496006
0.2391852317
0.2732045649
0.3002729499
0.2827612324
0.2634331954
0.2647243342
0.2547939097
0.2901875797
0.4331561476
0.2325294361
0.234729077
0.2110869755
0.2462808071
0.2901900256
0.300902945
0.2742644108
0.2950032287
0.2736429288
0.2756341798
0.2594583488
0.2737191561
0.2884972694
0.3384636347
0.249645582
0.2937515304
0.2215927039
0.287623974
0.2878608373
0.257704563
0.2792024786
0.2473592948
0.270962136
0.3965489014
0.3022324934
0.3590155223
0.2488142638
0.2597313141
0.3057564477
0.2228622834
0.2857669224
0.2761174382
0.315536348
0.2416755036
0.3914094912
0.360629724
0.3054573826
0.2919925697
0.3785010035
0.2312671187
0.3899316329
0.2651542377
0.2535330986
0.2587627048
0.231078866
0.3034320539
0.2820648566
0.2960773902
0.3173684387
0.2882838164
0.2810093858
0.2511976297
0.3047877293
0.2748602114
0.2752439258
0.2806436212
0.2512578595
0.3985387579
0.3252711077
0.2892265882
0.4131806774
0.2699905198
0.2867361163
0.566267255
0.2721406188
0.2365187764
0.2844793546
0.3105436128
0.2923141765
0.3111203764
0.2581711178
0.290287548
0.3381501724
0.3122904843
0.3219799242
0.3186961177
0.2623019698
0.2949094735
0.2679960468
0.2393422504
0.4608381005
0.2482162779
0.3173664199
0.4000848871
0.3054208131
0.3197117262
0.2896147165
0.3040320714
0.3447149457
0.2698959892
0.2701994285
0.5164692058
0.2972153735
0.2595646268
0.3518259912
0.3251855553
0.3333052649
0.2867769845
0.3164674136
0.3109196384
0.2839513595
0.2791889225
0.3957736653
0.2901454244
0.3217258464
0.3133650742
0.2933214539
0.3020085784
0.3651178528
0.3794906849
0.302930987
0.3037126105
0.3511596785
0.2785156872
0.2801699589
0.2736149578
0.3180415811
0.2578336346
0.394842848
0.3052370953
0.3165869918
0.2894661668
0.3124333816
0.2883675308
0.3141968951
0.2891802304
0.3026330755
0.3609479402
0.3172667034
0.398449264
0.2916797498
0.2985385459
0.2718590137
0.2792890815
0.342853007
0.3311897384
0.3532022726
0.3052147884
0.3360955555
0.3384677618
0.400572887
0.2985748922
0.3138065132
0.3123701739
0.3120884757
0.2945184241
0.3851016102
0.2884903847
0.2829642621
0.289675713
0.3084809735
0.2904610914
0.3478039196
0.330847838
0.3232368681
0.3206699839
0.2834795996
0.2835834649
0.2896967806
0.2780831826
0.3218727353
0.3020396162
0.2671753535
0.317474932
0.3577813374
0.2597503762
0.3810950525
0.329509858
0.2569049812
0.2963054549
0.4186805423
0.3359349211
0.3695547328
0.2909859473
0.3302669241
0.2843135322
0.3313883086
0.3627216265
0.3158195064
0.5188124688
0.3044807298
0.3021582575
0.3531610964
0.3320815899
0.310574252
0.3269338149
0.2524281981
0.2924274326
0.3362974621
0.3253912356
0.4082128165
0.3826721015
0.3756189403
0.3736191747
0.269097387
0.3379237353
0.2702516686
0.3112728169
0.3381062885
0.3609030214
0.4733689678
0.2885029329
0.2836704239
0.2914239757
0.3766183691
0.3700938971
0.3657399051
0.3228599704
0.3311999547
0.3035500923
0.4316297812
0.4173291178
0.3017818021
0.2708882678
0.3106111486
0.291704522
0.3708642575
0.3322669378
0.2890110012
0.3730739452
0.3113183969
0.369077368
0.3447348559
0.3007226909
0.2814479139
0.36075107
0.4011174131
0.3209998506
0.2847499438
0.3696298491
0.5572325254
0.3241802782
0.2607447544
0.2690041306
0.2702148366
0.3327359276
0.3533360621
0.2659195151
0.2635988188
0.3153284243
0.3227555826
0.2806638743
0.3419410232
0.2165732467
0.367224278
0.287581517
0.3089021108
0.2919512385
0.3280926732
0.3063592055
0.3820335803
0.2761769515
0.384612725
0.3248345346
0.3023920881
0.3218945806
0.315750207
0.6668317955
0.3642217959
0.3046422473
0.3039745433
0.3244706338
0.3154961044
0.371197129
0.3112277949
0.3410198601
0.3182235463
0.27761911
0.2977862751
0.2974000901
0.318502502
0.3017488365
0.2783243417
0.3595135592
0.3132948819
0.3602338763
0.321671655
0.2889625063
0.3007381165
0.3151657301
0.2828883266
0.3186438345
0.2814946572
0.2858770904
0.3045175805
0.300231592
0.2973818203
0.4695026553
0.3831034683
0.2857783238
0.3116364834
0.3034321613
0.4407751076
0.3175397227
0.3715104542
0.3634652634
0.3067978821
0.3291971869
0.3477981633
0.3385705697
0.31713425
0.3336626675
0.3817915899
0.321912538
0.3192156521
0.2948033537
0.3081707597
0.3935052905
0.2782484309
0.2723129704
0.3110330786
0.3592848812
0.2979667748
0.3496949815
0.2983511632
0.2952493383
0.3643390166
0.3316760875
0.4014028437
0.3599627594
0.3130151483
0.3292964269
0.3833803758
0.4005557734
0.2786602345
0.2754651201
0.3061071616
0.3210089998
0.4315947898
0.3413193862
0.5877579286
0.4179890359
0.3528878309
0.3466005811
0.3460162699
0.3682606873
0.4230194482
0.3643923712
0.3685077846
0.3194657717
0.283235402
0.3203136911
0.3407656442
0.3278188994
0.3494973889
0.4169058657
0.5028634522
0.3481399551
0.3785818171
0.3084030943
0.2750487346
0.354339086
0.3379975901
0.3990710272
0.4144072863
0.3409933403
0.3809680541
0.3185767143
0.3340446861
0.371207089
0.3647282024
0.371705291
0.3946486526
0.3373155699
0.3498312696
0.3734895416
0.3038694027
0.3687220918
0.3566285258
0.3370161519
0.4846163695
0.3412207282
0.3756412011
0.3246477709
0.313105649
0.4825886202
0.3511737024
0.3149804794
0.3384432904
0.3314761268
0.3542821347
0.3573587112
0.3335558133
0.3077818152
0.3227930307
0.4506474245
0.3101120995
0.3226081452
0.3891088504
0.352907297
0.2982966133
0.3375101923
0.3399801915
0.3280460273
0.3404837594
0.2737827478
0.3824623394
0.4372063029
0.2832731909
0.2947416473
0.3310025795
0.3123813005
0.4476756896
0.6110099668
0.5005870939
0.3239989504
0.304659542
0.5135925902
0.2876027558
0.3346945356
0.3895456868
0.383307143
0.3928845461
0.3582692249
0.3425622691
0.3065508099
0.4035745004
0.4005783681
0.391117446
0.4381431372
0.37945518
0.3036272509
0.3179859358
0.385610703
0.3187543627
0.4001004545
0.4034141041
0.4149008181
0.4283965354
0.4180995226
0.3669567429
0.37267535
0.3094009682
0.3600458221
0.4743467268
0.3510847051
0.3137218575
0.3484221788
0.4345865082
0.3921896171
0.3983811824
0.2929467877
0.485768138
0.5054061172
0.4151331874
0.4599044694
0.4865373248
0.3812293221
0.5200543453
0.2513752257
0.4242244309
0.5460079895
0.310352528
0.2876984232
0.3768267389
0.4146519501
0.3157260171
0.418548688
0.3145047257
0.4388922727
0.3649057807
0.4410260874
0.3455571766
0.4122189002
0.4833793013
0.3614014124
0.3400816864
0.3653141599
0.3985453497
0.4022391619
0.3652888554
0.3104360277
0.4049498495
0.4087493734
0.4032332066
0.3866394105
0.3372393535
0.3376227648
0.3311392876
0.3577433515
0.3801824103
0.3888992631
0.3859474966
0.421329771
0.3493475889
0.3159112462
0.5004300739
0.4059933444
0.4209895344
0.3836271856
0.3332176046
0.543062139
0.3770021385
0.4707134784
0.4926052601
0.4048184866
0.3752769062
0.4110845191
0.3675475292
0.3929370265
0.3695989897
0.4135354215
0.3803190378
0.3568700053
0.3183436064
0.4442523681
0.2967285134
0.4215726565
0.3499170148
0.3978729124
0.3100322953
0.5484229293
0.3429654199
0.4199120456
0.3465038549
0.3993525436
0.3874749646
0.3349052401
0.4751167864
0.3113903428
0.3783772127
0.4708297722
0.4565155008
0.4088431002
0.3241161176
0.399161495
0.3431944408
0.4242465921
0.3055852419
0.2827819581
0.4498406899
0.4028058293
0.4454102094
0.3971146576
0.4364802302
0.4306176599
0.346294804
0.3941759417
0.31422672
0.5003922903
0.4562211976
0.3590319666
0.3802821649
0.4642783102
0.4010428031
0.3042806708
0.38952892
0.6105280616
0.4264233789
0.3615361232
0.5063603114
0.3395636556
0.3166912465
0.3726014631
0.31715509
0.3364826883
0.4174289252
0.5274251797
0.3578439369
0.3993892344
0.4907210671
0.4120961317
0.3808557843
0.3764765691
0.3339211314
0.437067322
0.3912607311
0.5010592267
0.4483059349
0.37718262
0.4275554313
0.4252927633
0.3607896142
0.4686461762
0.316916494
0.3261688745
0.3598702418
0.3246736155
0.3276423371
0.4122552827
0.4295514014
0.4910365667
0.4207221144
0.3644052117
0.289503457
0.5112630582
0.3631102004
0.3543933975
0.3544525582
0.5611540347
0.3986331092
0.4239968598
0.3446743525
0.3902243642
0.5213625959
0.3537575259
0.5132744671
0.4033301776
0.3958020545
0.3034192953
0.4294021277
0.3279650099
0.4866209603
0.4078811503
0.4189379002
0.3676700362
0.4051549483
0.5548636135
0.3538529704
0.4523520368
0.350538905
0.387650442
0.3399773454
0.3245840052
0.3751539933
0.4170281027
0.3538529473
0.3782773189
0.387897251
0.3930892512
0.7381829839
0.476297436
0.3569973269
0.439596448
0.3177495972
0.3417354203
0.5189322616
0.4274372597
0.3339418799
0.365783819
0.4170804545
0.3588633091
0.3944821712
0.4516570776
0.4008331235
0.3915468779
0.4192509383
0.4446735031
0.3877144746
0.3820541347
0.4862249169
0.3612874878
0.3693012141
0.3319779489
0.4062764047
0.3587237325
0.3298272835
0.4941682346
0.3394165501
0.5277888528
0.4290922685
0.329574654
0.3230406335
0.5101668291
0.390550257
0.3418681384
0.3422744957
0.4228846379
0.2878749902
0.4089927235
0.3764780314
0.3962616468
0.3952787829
0.3900296768
0.4143353088
0.4138030234
0.5626173763
0.4555685701
0.3905922505
0.4850505655
0.2890793499
0.3727918817
0.50793314
0.4059460477
0.7589488496
0.458041762
0.4406951902
0.3871060357
0.4525666536
0.3985376712
0.7037635091
0.4544361397
0.4962702956
0.3842814672
0.384815305
0.4174923354
0.4217024068
0.5492746313
0.5359014968
0.6735647295
0.5116387526
0.473183554
0.3083183563
0.4441107491
0.53052558
0.4672010497
0.3718113411
0.3173531063
0.480491674
0.3991303305
0.3778234583
0.3731970117
0.5644805984
0.4208644028
0.4894943858
0.6121055904
0.3648208864
0.4597566187
0.3838001
0.6371950854
0.3794915002
0.4342430341
0.4037183284
0.4057730691
0.3369072487
0.3503056306
0.4189769836
0.6284536689
0.3430945094
0.3877789673
0.4494964414
0.5197387955
0.4195982878
0.4103293113
0.4890836778
0.5284983893
0.5541318963
0.4769920441
0.4125207415
0.4431132612
0.4187601434
0.5523773095
0.4687805995
0.3897863527
0.3698927961
0.3095612908
0.4096217225
0.4557225304
0.383114465
0.5551314859
0.3709529954
0.5170687584
0.4794134267
0.361765798
0.4278933571
0.6328524419
0.3487195767
0.8186103916
0.394452096
0.5385675766
0.4968253966
0.4196154176
0.399328315
0.5840776021
0.3986314469
0.485129393
0.3467867352
0.4162143139
0.4665456725
0.4464562406
0.6084860842
0.370882916
0.6625439038
0.4578562828
0.3921335694
0.4038895671
0.4346657178
0.3838750344
0.4277977894
0.5734059843
0.5193540256
0.4379396445
0.5256114711
0.4425471739
0.4720129209
0.3493996287
0.5025787654
0.4677163162
0.4626539126
0.5185311879
0.412898222
0.403566031
0.5521551854
0.4692613056
0.3930032709
0.3451803803
0.4598881764
0.550040173
0.4752184025
0.751522273
0.8815815721
0.6320326289
0.4556156425
0.4795594328
0.445163435
0.7009980162
0.7054409339
0.3827482887
0.4818561945
0.6082960959
0.7125457622
0.5978921891
0.4905007566
0.5357570591
0.4150076952
0.5344431923
0.4873161792
0.5264702921
0.3841006334
0.429388216
0.4745608373
0.5011820109
0.6638203636
0.398640177
0.4300101919
0.3220306757
0.4624107181
0.4973087688
0.5003034024
0.4208003275
0.4038377836
0.4936402196
0.4515789738
0.5283737841
0.4531321253
0.438016256
0.488948902
0.418839331
0.58092892
0.5010366764
0.5900538368
0.4869019221
0.5330003469
0.3526088337
0.3492626972
0.4594962741
0.4230576575
0.4145079971
0.3541634872
0.4080878192
0.4163895698
0.388367465
0.4001020913
0.4539292004
0.3909473934
0.5638367563
0.4211361697
0.2754902738
0.4516231003
0.3980286167
0.3464269662
0.4693910224
0.5340503752
0.4632174006
0.4036319616
0.5097994265
0.5199566467
0.4284001234
0.4147147673
0.342872112
0.3968906409
0.3960805191
0.4923591406
0.4415735091
0.3827899847
0.3980038228
0.4767137619
0.4086356446
0.4062025163
0.4332918826
0.4941234013
0.564405322
0.2863891769
0.557910182
0.4292299817
0.4386500794
0.3219924439
0.3961032303
0.6091596908
0.4758690772
0.3270776547
0.4651546652
0.5750793664
0.5232158302
0.5351749461
0.4581808699
0.3949619898
0.4164416871
0.5343561125
0.5900348569
0.4328023755
0.3696318664
0.4245336427
0.4666864927
0.635493137
0.5256909691
0.5601658674
0.5508642916
0.4707818397
0.5597191123
0.3756141073
0.5050500697
0.3709884018
0.3807566388
0.2596569399
0.4826365373
0.53562019
0.4703635957
0.440577233
0.5622239819
0.3407995154
0.7586060359
0.5599211585
0.5267342958
0.4327133367
0.4610250895
0.4698875719
0.5194737488
0.4066097896
0.4290742496
0.4207890492
0.4101979635
0.4355746786
0.4262283448
0.4268031229
0.5431741072
0.8841778909
0.4335072958
0.4122900722
0.4539068693
0.4586531809
0.4553389938
0.4101361902
0.3653111843
0.4873705668
0.5143795162
0.4682088036
0.4505792638
0.5851999638
0.5487501006
0.6106584041
0.6374682937
0.5047019308
0.6107539595
0.5867332782
0.5117037874
0.6618744494
0.4821194319
0.5107366677
0.5318968499
0.5111849258
0.439912222
0.5190976069
0.5129738898
0.6336597669
0.4815182547
0.2976296492
0.5630322183
0.7395528312
0.4809880667
0.5047330622
0.4024534811
0.5868494652
0.4664278376
0.7085372658
0.600520078
0.5655693221
0.4518890451
0.5505653065
0.5502065257
0.492451534
0.5085711743
0.6636626225
0.641366016
0.6517583116
0.4707608244
0.6532315965
0.5015142544
0.8641093527
0.7805022114
0.3487315984
0.4057523906
0.5879714369
0.5916520592
0.7056176454
0.5926889907
0.3273681492
0.4788980276
0.5441573923
0.5673782842
0.5278665803
0.9704581349
0.5582050319
0.4989513566
0.7612622142
0.6666822874
0.381493693
0.4809339709
0.7883025364
0.5832979025
0.467048207
0.7925105361
0.4906440152
0.727787023
0.5370866532
0.4312756111
0.8374848286
0.6358921683
0.6805051622
0.4892163146
0.6739344963
0.4107333776
0.4266081935
0.5368791544
0.4791538706
0.591022581
0.4600564782
0.573473544
0.6505043809
0.5172751904
0.797367683
0.5012489413
0.5268486643
0.6180518502
0.6110897726
0.6274859238
0.4299413876
0.5262479476
0.5200651655
0.762185646
0.9135485676
0.3360196079
0.6888406182
0.580460149
0.7978857494
0.5743665527
0.5351539015
0.3502620855
0.5575614663
0.8577589597
0.5111022452
0.3675113975
0.5224825483
0.8117131081
0.5412633912
0.6367412661
0.7897673052
0.5672488996
0.4491001283
0.7242915952
0.3541579287
0.7445993152
0.5394450663
0.5176361786
0.7880179196
0.6397579043
0.5139995785
0.4853545496
0.5042610211
0.5098559039
0.6275624812
0.4787918036
0.5745116952
0.5008688691
0.5941923177
0.428345377
0.4470288995
0.4720812127
0.5849502406
0.4839912289
0.7135027094
0.5536477034
0.5106726159
0.5338319692
0.7746776581
0.6179458168
0.8369010042
0.3793734325
0.6869222436
0.6346849104
0.7748322047
0.6051029054
0.6115134548
0.5745659192
0.6501344861
0.542202272
0.7765500249
0.5462890629
0.4219873843
0.5260155752
0.5354249038
0.6105826642
0.5676982608
0.5323923611
0.5742113856
0.6309072863
0.5006009814
0.8344907598
0.9112866153
0.6520398876
0.5477106851
0.5559734118
0.5569480978
0.5217569838
0.5736717301
0.5524779005
0.5564133505
0.5726816355
0.60676297
0.9348801755
0.5467743027
0.7056941128
0.6114653266
0.4731672455
0.4722407191
0.5529864122
0.5084388263
0.4262903596
0.3804501929
0.4556080902
0.5291302936
0.4931844702
0.5379205097
0.5843307049
0.4725556547
0.4555766431
0.6177992089
0.4612852837
0.5213511032
0.7758988752
0.4279143535
0.6010147318
0.570037161
0.4224708184
0.4626674044
0.5808472771
0.8547296119
0.7582523259
0.4253280162
0.554167533
0.4577124482
0.416050722
0.51647623
0.4272011597
0.3633270716
0.459517196
0.4728809618
0.5774853535
0.4984122996
0.4669025134
0.539077385
0.4941057407
0.4707401405
0.486124116
0.5451549873
0.582694577
0.4954196351
0.5441096856
0.5348097419
0.6284061366
0.6152410179
0.5914917595
0.6509294146
0.4570374899
0.4717979038
0.6089579585
0.5426379797
0.3250036207
0.4881669604
0.373197741
0.6120357112
0.4422715381
0.4003594106
0.424561772
0.9314217196
0.6079639531
0.3818724391
0.4884703295
0.6710687619
0.534188531
0.4597941952
0.6253646329
0.5552528803
0.7305462035
0.4423105984
0.5481893786
0.8498343267
0.7782558327
0.4522545686
0.5380173504
0.4867620446
0.4833802301
0.4798379763
0.8918260747
0.4219426069
0.4619688831
0.7675243459
0.4625555702
0.9214712885
0.5206614912
0.4706284497
0.4919406991
0.5922724626
0.5748298522
0.7156862732
0.481269637
0.6036628526
0.4207538457
0.5821032362
0.8680777641
0.7219649173
0.4034273349
0.4106481895
0.8968093897
0.3730883404
0.5939376518
0.4463328905
0.7427937787
0.8056017683
0.6350129165
0.4637175184
0.3866989607
0.5371732965
0.3416448696
0.517682254
0.4249335312
0.5312591582
0.5212182651
0.5220534386
0.5966363155
0.6911949116
0.6454482356
0.8008737455
0.5259673173
0.4013418711
0.4101113685
0.7228429945
0.5791461967
0.5232239604
0.3741436037
0.4640986466
0.8213392028
0.3414213781
0.702330299
0.6687400055
0.6060300779
0.5595307891
0.5124569774
0.6476797801
0.5797433873
0.6371768692
0.6200673204
0.4302334724
0.3961107779
0.5795332725
0.8139200285
0.5256017337
0.4381788569
0.7278307718
0.5003066279
0.5258940982
0.5750620182
0.6968585154
0.5818764923
0.7295013418
0.8493488802
0.6996311784
0.7339405537
0.6898926391
0.5513308602
0.5803455607
0.7066335782
0.5713662106
0.6238374591
0.54056853
0.7734086729
0.4796562247
0.5347447674
0.511917937
0.8986310185
0.894853614
0.7951914408
0.9213314426
0.7143199432
0.6964976649
0.591931732
0.4837456307
0.4910819781
0.6509959167
0.5298175316
0.8283522146
0.9538537854
0.5583509394
0.5067582985
0.9508984549
0.8930433885
0.9152105761
0.5971498464
0.8027291319
0.5414615203
0.5192737638
0.6838590964
0.6620628147
0.7635252587
0.6530451628
0.510566015
0.6188189613
0.7019698014
0.6123199283
0.6460979096
0.3954308424
0.4414652407
0.5726385112
0.75997279
0.4867328428
0.5292993228
0.641234096
0.6323344327
0.6500657643
0.4695568254
0.4988019263
0.5526371798
0.8941790373
0.3570952691
0.4926821649
0.4944366478
0.5853487287
0.411197081
0.6211796029
0.6897200275
0.5665473729
0.6691049076
0.7321568139
0.9053144698
0.830368862
0.6472797039
0.5762504494
0.6495041281
0.5216004698
0.8666913152
0.5201742105
0.6543670659
0.7427704193
0.5161233436
0.5195469629
0.9002578736
0.6216855122
0.6184393487
0.7488879008
0.5426488384
0.9999874875
0.5730386957
0.5452086334
0.622259921
0.5083970916
0.4705334688
0.9794226606
0.8927904502
0.5186379612
0.4430088622
0.5759376991
0.6768334789
0.5187771012
0.5800019131
0.5679181602
0.4827261026
0.9276040698
0.5058805857
0.6097459288
0.6051888085
0.8015203376
0.547060921
0.5861446288
0.5933412006
0.766810942
0.6205017788
0.4787376355
0.7285704447
0.5269122916
0.76846049
0.6054397912
0.5516687955
0.7013322227
0.5594980643
0.6336792286
0.5343839921
0.6578764504
0.8840162517
0.7119836378
0.4472333444
0.7165747295
0.8695771516
0.7176630217
0.6296883058
0.6173997977
0.4483056693
0.5718645624
0.5638903641
0.4636036567
0.5610968521
0.4846762983
0.4315049807
0.3973822962
0.6096366382
0.4612804123
0.5476543463
0.739540613
0.4128061668
0.4145111692
0.5454428119
0.6708206557
0.7521924066
0.55350983
0.7530323443
0.615151769
0.7227684778
0.5241902359
0.4162081714
0.5367981411
0.5553084936
0.4033159848
0.4007235832
0.4215962833
0.4375316395
0.610095365
0.481855011
0.4352558587
0.5570774453
0.4862804657
0.4597044704
0.574733576
0.6616994008
0.4807215023
0.6438187649
0.4424149637
0.3689483089
0.4337121121
0.5636061033
0.8394458186
0.561067171
0.8015193951
0.5526989823
0.6290878328
0.6929559916
0.7118478554
0.4679390432
0.4888144792
0.5106676584
0.4790346845
0.4370583976
0.7075216939
0.437445067
0.9750256913
0.6100021271
0.475047511
0.468433376
0.425936165
0.7055111243
0.5953666777
0.7450606981
0.5352334559
0.5569940876
0.7785391858
0.5822431532
0.8619626857
0.5233659382
0.5915361289
0.5302068599
0.5359527871
0.4830444412
0.4654048062
0.5108439395
0.4626379107
0.4447330799
0.7142059923
0.4842995815
0.4798330481
0.4558217801
0.5371576573
0.4892488415
0.6738802769
0.7139771318
0.5953704233
0.4854207209
0.6966070287
0.32136486
0.6218604431
0.5982134484
0.8515855806
0.7186300941
0.5159105041
0.4538603122
0.6280954125
0.8126352693
0.5380331654
0.7410637282
0.7936169169
0.6147728172
0.5319889111
0.5559934095
0.6141636279
0.9476616524
0.6293266868
0.6363464242
0.5965278141
0.5255291038
0.6964047609
0.5439070635
0.5255988993
0.8488810355
0.8614392213
0.9257577176
0.4637500098
0.6160844169
0.6060491476
0.7636960395
0.9733566556
0.4218448048
0.625680569
0.4578448186
0.8088977239
0.7728931821
0.9258299668
0.5856725175
0.7159964844
0.8646140332
0.5744322727
0.4695725156
0.555168678
0.6394287877
0.7608448288
0.6472983149
0.7384698391
0.6489034572
0.8943873209
0.9226531078
0.6325883178
0.5226795231
0.4520926518
0.4938780875
0.6240701059
0.8289373804
0.6841744572
0.5316420679
0.4574194589
0.9071006159
0.6123809496
0.5441885551
0.7983671499
0.5317674521
0.372852533
0.5889759201
0.6460585229
0.5336367574
0.5032550309
0.5536513522
0.5649128227
0.5922465331
0.6571809289
0.5332183765
0.4420026353
0.6167650474
0.5529564847
0.6184789174
0.5764949241
0.5798071575
0.563921157
0.5603003789
0.8978915594
0.6742047924
0.6491118169
0.6527484473
0.7202186945
0.6163964988
0.4956165929
0.5819452272
0.3624578052
0.8514475894
0.5678056952
0.4093689426
0.4834846148
0.7930536087
0.5872266269
0.6176059444
0.7108804978
0.626927101
0.4056199756
0.809968145
0.5776326308
0.3872209105
0.6246377904
0.569027192
0.6118061311
0.6115292064
0.6570815843
0.5205518238
0.6380689966
0.6183101781
0.4922653274
0.66163742
0.4118636906
0.4634018616
0.815075737
0.5927155965
0.601558983
0.7251637872
0.7832074407
0.6568163247
0.4646216464
0.4560484995
0.5726934441
0.5667418117
0.6013478033
0.3888752382
0.514542805
0.710985683
0.3214024543
0.5881685075
0.5277929598
0.4803562569
0.797389112
0.4740687703
0.6799687258
0.3917858146
0.4704694778
0.4629432222
0.5724955988
0.8123185518
0.5412093135
0.5405544821
0.6693044894
0.5836083246
0.5024744917
0.43364325
0.5638628611
0.504439141
0.5309121753
0.4304027197
0.4459284781
0.6612863716
0.5483620192
0.489622939
0.9257510784
0.4658717833
0.6088004693
0.5376726347
0.8338716173
0.7874047726
0.8468300917
0.6767051319
0.7651796437
0.4376352993
0.5212511993
0.5249868269
0.6542132052
0.5679057417
0.7722623424
0.5886716791
0.5529424414
0.7244540617
0.4439948582
0.6362532132
0.8286662036
0.8937369153
0.5705235194
0.8581381215
0.6061418017
0.6111977929
0.9212515841
0.5198696425
0.4472023539
0.8258858143
0.8564100206
0.45994215
0.630799869
0.5651852013
0.633020409
0.6795315386
0.5638614744
0.9682329469
0.7517105636
0.6285045387
0.7460924484
0.7319576336
0.6340042819
0.7507424358
0.5497680684
0.5910419669
0.6500854385
0.5657500585
0.8688032524
0.6556500948
0.5699606387
0.6047512565
0.8374512053
0.5710411029
0.4969095688
0.6668997704
0.9182384474
0.7809078714
0.6397983846
0.5871898992
0.4909746431
0.4861092018
0.4249951475
0.8681724175
0.4831239647
0.9307471884
0.5601061784
0.626169385
0.7986646783
0.5780068998
0.5614693502
0.764022431
0.6071543927
0.7362062639
0.7595665371
0.6550114859
0.5330792467
0.6543804643
0.6854284308
0.878779115
0.7425348878
0.9481702764
0.7805425289
0.8453654338
0.451389204
0.6711580079
0.5764282397
0.700194213
0.6380274725
0.8187237141
0.6877248527
0.6196352273
0.4716415382
0.6110355294
0.8148800663
0.6751083253
0.9962580223
0.9447032432
0.6751968693
0.86220775
0.7353464612
0.9999393601
0.9999905455
0.7859763787
0.707137112
0.6768338952
0.6017417071
0.6498574697
0.8049689341
0.7594747352
0.5435144075
0.6916740932
0.5363746864
0.9423997544
0.7297266807
0.5384234721
0.8601486961
0.6438617155
0.9018654083
0.5352509847
0.5150293662
0.6314501831
0.5944010176
0.6443639558
0.6815341179
0.6034499968
0.844874888
0.9583028256
0.656488583
0.5945301497
0.5762903326
0.5898167303
0.527896119
0.6997801075
0.8573769035
0.522378656
0.5863608041
0.5322733245
0.7239756983
0.535176827
0.6496355021
0.8808019566
0.672448541
0.7403964338
0.6752222527
0.7457262562
0.6541266555
0.6858738669
0.6961744854
0.5830795316
0.5760088388
0.6815656385
0.75501747
0.8239854364
0.8373316985
0.6676405293
0.5907800579
0.5845130065
0.7495794951
0.6859948076
0.6699865344
0.9983674681
0.7070443622
0.7506827865
0.7030390883
0.7386871559
0.5038831095
0.5347507731
0.6403233507
0.5610573873
0.6808496423
0.6440821207
0.4419453502
0.7990650829
0.4967603108
0.7017275522
0.742547645
0.7625949436
0.7309123956
0.8412871551
0.6634445153
0.7015395002
0.7522894923
0.8702572409
0.5797620727
0.6824328921
0.7155613207
0.7770685552
0.6308820556
0.8056343484
0.9370707744
0.8186797224
0.5019080568
0.4300391972
0.7657041617
0.6811862737
0.5173082541
0.4855416483
0.4625983907
0.5714086115
0.6747536672
0.5269996904
0.7503274693
0.6249989435
0.692474197
0.6471724897
0.5442142145
0.5348106304
0.8300957091
0.6818942443
0.7066976158
0.6540935542
0.7050331045
0.7089707185
0.7040658327
0.4554810324
0.392278569
0.5829523616
0.561645392
0.7019977914
0.5872243691
0.7540376221
0.629204742
0.7281558528
0.8283177978
0.7100022649
0.4886722961
0.846539064
0.6856155245
0.548283246
0.4705198625
0.5173189172
0.5834006763
0.4659028117
0.5513161047
0.9281599931
0.3975001983
0.4244216116
0.7242765159
0.4511346397
0.7845361789
0.5236951119
0.4173809524
0.5423647399
0.5818855055
0.7462866421
0.5058067582
0.583606052
0.5645728134
0.4554967312
0.6179644264
0.6191158622
0.7204107956
0.7538086653
0.5156781964
0.5614403927
0.7755238028
0.5931841049
0.8043905444
0.7192838758
0.7695690737
0.5733269347
0.6159813433
0.583499563
0.67306415
0.5867750272
0.705139605
0.4524795408
0.8632719528
0.8770888552
0.7430568072
0.5290487523
0.6955056399
0.631639638
0.5048959204
0.8292109665
0.8442861943
0.6375380396
0.5869373414
0.510375936
0.8184970699
0.8253602989
0.5403579363
0.565013833
0.7079777223
0.6976181558
0.7850338381
0.7459490837
0.7045726251
0.9169760423
0.6127385722
0.9071688119
0.6386207193
0.5896978507
0.4944275834
0.5444202399
0.8556664893
0.4248752009
0.4575856772
0.5436556407
0.8404349973
0.7896457469
0.6132434241
0.6254785794
0.6970147106
0.6445618845
0.7007661562
0.7071871246
0.8190227458
0.8244387046
0.9628136967
0.9990227279
0.999771444
0.7412711234
0.5412913893
0.7279025471
0.9953267407
0.707757741
0.9133251977
0.7954607892
0.5770812266
0.8009512253
1
0.9999659586
0.678237497
0.7153108501
0.8088301307
0.7258042388
0.7226064565
0.6550679872
0.9995624345
0.9057071281
1
0.5878181633
0.6004976411
0.787933158
0.7842193581
0.9026590986
0.7433070573
0.9396228463
0.976893785
0.4883312021
0.7796353071
0.7413403387
0.9085185742
0.6477775863
0.8803997156
0.5996672442
0.634541965
0.6981199371
0.8326418449
0.5438716995
0.7029914669
0.6221271802
0.7506657926
0.6450178461
0.6716714859
0.9167981788
0.749058973
0.9986837688
0.7824915508
0.9701095283
0.638234333
0.9572275879
0.7232139632
0.9999206067
0.8867135662
0.7889933583
0.828255109
0.9391988204
0.7028055683
0.7598321736
0.7666545721
0.7007304658
0.9715131237
0.896649892
0.7098471048
0.7981051303
0.708411267
0.9526293617
0.4980578138
0.8193330288
0.5971234345
0.7179674419
0.7853727648
0.7521006902
0.5409497546
0.8461477623
0.7885690407
0.7275121182
0.5241475299
0.6796270698
0.6550372537
1
0.6825588387
0.6555131455
0.8432612039
0.9995445504
0.5850918199
0.788044652
0.7128759366
0.5441006504
0.9078007569
0.8257303517
0.9219977189
0.6729811374
0.825655967
0.5062584146
0.63373161
0.7072841309
0.6484854194
0.7384737062
0.4988382681
0.8223884105
0.4543444752
0.6455440234
0.4813814035
0.8505908401
0.910404246
0.718059323
0.709201566
0.9775431497
0.8824584843
0.6706433025
0.6704781192
0.8497319199
0.6518643537
0.75277751
0.6664802473
0.6429844249
0.6401088582
0.5545786795
0.6379272544
0.7118550053
0.8662081065
0.601268199
0.6438474454
0.7184617489
0.6402946116
0.5709875493
0.4349327763
0.8962473366
0.9859125919
0.5694855186
0.9417579584
0.5266742255
0.6669311891
0.5257452518
0.7481227517
0.8005310375
0.5928726103
0.5581447486
0.9254543262
0.5615461131
0.9542495083
0.7424330858
0.6050532955
0.7103005172
0.9046716345
0.6257618652
0.5389086368
0.7355262493
0.5630949957
0.8606871487
0.8209748078
0.4431236992
0.8726497074
0.8259561531
0.758011844
0.9327239327
0.6608864137
0.5311401948
0.5414762699
0.5798976046
0.6457213987
0.557451469
0.8540264397
0.9271974031
0.818459605
0.6323379738
0.5205714216
0.5202525281
0.5443621189
0.6617264117
0.5522742506
0.673889451
0.6899154845
0.5130016321
0.7579558581
0.569180643
0.4952352666
0.6549529466
0.6909860188
0.8451246755
0.7585457483
0.5654786205
0.8336558875
0.5508697124
0.6683725225
0.6948069296
0.6584644184
0.6625695619
0.6384413849
0.7642274369
0.6421589234
0.4897126321
0.9216687086
0.8813382157
0.5723524591
0.4795929966
0.8198463046
0.5559464084
0.8993219127
0.8434607884
0.8074721417
0.7588779168
0.628059984
0.5081431631
0.7307455863
0.7660162257
0.9635446478
0.6956685629
0.6551601851
0.5948575096
0.5854570142
0.4983831674
0.7037922703
0.5114781145
0.5523028087
0.7368572606
0.5971516586
0.8869615826
0.6089833277
0.7151922452
0.727828181
0.8372142339
0.8469051819
0.5869107915
0.6914495787
0.8240950285
0.9404739046
0.9439281015
0.7232066294
0.9995429535
1
1
0.8862863199
1
0.9993865011
0.7619505239
0.978878208
0.6856272068
1
0.7133251957
0.949634061
1
0.9601495674
0.5691571364
0.7631174939
0.9999918293
0.8178724797
0.7281572694
0.6266101806
0.9568528831
0.940380524
0.9949482383
0.7086298675
0.6596149681
0.9609735493
0.9329783433
0.817774295
0.7595046737
0.7320610429
0.8012028701
0.6603173007
0.7133266914
0.8233814224
0.5410115111
0.6697820412
0.6088236841
0.6799723546
0.7594656546
0.7953133662
0.9257278361
0.8439993378
0.613343501
0.8447318932
0.7772181509
0.5225336334
0.5035520649
1
1
0.8068008844
0.6112388477
0.7426611911
0.8375608978
0.5253164714
0.806019843
0.7165689396
0.6213639253
0.6082000052
0.9999712214
0.8212639635
1
1
0.5827127738
0.6789175981
0.701099987
0.9585762033
0.6807882336
0.7905703868
0.8096051675
0.8169651274
0.7950732272
0.9694408352
0.896705143
0.6024406931
0.9685253898
0.8984916466
0.7700199746
0.9377314826
0.5700877317
0.6689846899
0.7875512585
0.5113948091
0.847979314
0.4535231828
0.7173948674
0.5953801446
0.699092156
0.9681008583
0.9912825153
0.7074036073
0.7176032584
0.7585081697
0.8736659
0.7422013677
0.8838115574
1
0.9999979513
1
0.8646491423
1
0.7769937152
0.9999980942
0.8738955866
1
1
0.9129001611
0.6966518782
0.6887498263
0.9999144596
0.8905400225
0.9996569397
0.6599558097
0.810335196
0.8747500386
0.9873117496
0.5362367726
0.9579596016
0.6960639708
0.6435731443
0.7821803746
0.7615523833
0.7076244196
0.5939048093
0.7675806916
0.999851017
0.8407338089
0.7208686263
0.5958774136
0.6135968557
0.7588464983
0.4660597237
0.8844259312
0.6236058306
1
0.9149974085
0.9311374712
0.6586372739
0.8731132534
0.6262847046
0.5655324183
0.9468328519
0.7572396723
0.8677740001
0.8967143633
0.9282410827
0.8678965814
0.9674445379
0.7216364326
1
0.9999973683
0.710983375
1
0.7881850929
0.5990845067
0.8942081379
1
0.8267065805
0.6799844103
0.9340754941
0.7129456561
1
1
0.971225544
0.7392557639
0.7176249978
0.7160243541
0.6016537223
1
0.9578098861
1
0.8801140359
0.9336259363
0.6237608569
0.9319794449
0.9503152259
1
0.755417181
0.9235881455
0.9956680639
0.9967884431
0.9439514744
0.899790273
1
0.8755199539
0.8082897216
1
0.6216556749
1
0.7389765159
1
0.9591046294
0.6753559274
0.9999994597
1
0.9945110223
0.9933359039
0.7514048077
0.9999995636
0.9389971809
0.9538913465
0.9908550073
0.8469905076
0.9105797437
1
1
1
0.7965440973
0.5860507187
