#################################### 
# Matrix Size= (25,25,400)
# Resol      = (1,1,4000)
# VoxelSize  = (25,25,0.1)
# nbVal      = 4000
#################################### 
7300.93915
7414.932028
7476.492231
7643.494945
7578.176014
7667.091774
7698.016421
7681.629439
7698.120634
7673.156762
7751.682111
7670.681615
7696.285252
7775.159399
7617.567918
7664.780627
7711.197101
7635.07944
7717.40527
7705.870916
7824.29165
7748.68328
7761.976781
7838.020232
7958.418769
7916.575183
7792.932231
7896.069756
7884.885941
7791.750556
7747.246188
7709.528612
7815.517861
7884.632137
7830.230824
7927.344766
7780.931663
7883.361258
7670.74714
7814.958236
7779.13574
7813.679425
7875.418393
7810.846749
7855.264275
7888.402061
7931.364408
7913.629681
7822.766748
7854.611888
7830.346636
8014.963888
7738.90006
7737.42249
7839.483934
7843.008315
7925.266018
7939.429763
7915.747968
7898.090806
7754.532668
7852.705657
7983.066882
7934.180894
7866.635575
8020.476826
7953.443967
7867.829969
7874.485575
7955.681169
8061.785579
7992.00128
7865.940437
7954.055701
7941.27026
7775.203725
7862.27216
7956.734082
7974.848322
7956.213372
8002.816695
8066.978326
8012.307765
7926.395858
8032.846905
8069.283413
8032.108626
7954.493993
8010.483083
8124.130666
7929.374202
7941.036717
8014.299313
7903.964478
7978.52801
8148.061541
7948.1399
7924.388986
7949.934217
8222.295384
8134.122284
8021.505559
7974.399274
7918.647035
8063.173354
8112.824449
8040.802475
8035.957451
8029.825094
8050.754
8089.691531
8017.918456
8073.27551
8131.608825
8011.409516
8035.415761
8119.143773
8232.629703
8097.54431
8098.93702
8096.398936
7998.526471
8072.052214
8095.894196
8158.783659
8248.909484
8123.82471
8070.549902
8075.524391
8190.463781
8246.736093
8237.713919
8091.381716
8082.311422
8101.349519
8056.672363
8144.399279
8201.123341
8086.733072
8213.141748
8134.500615
8154.317444
8110.148377
8196.005057
8183.636674
8088.425353
8205.205964
8169.459938
8178.631519
8044.177055
8028.246517
8293.64394
8223.256025
8184.858668
8230.689655
8320.005013
8247.888739
8266.975373
8164.06579
8111.200995
8291.039811
8136.569794
8035.583333
8378.784138
8227.32911
8243.1447
8275.587753
8251.681161
8244.757164
8406.165312
8400.789613
8360.416626
8167.607158
8250.010019
8094.071909
8287.828406
8308.071942
8156.251318
8206.347568
8210.5105
8247.62174
8296.416717
8235.837109
8094.373193
8202.223196
8284.605855
8489.05311
8332.237633
8390.502764
8259.992579
8183.422087
8392.880965
8357.156708
8359.396004
8387.81465
8321.555578
8357.22365
8268.952812
8335.254993
8265.013801
8400.876665
8423.156204
8283.028668
8211.139564
8309.341529
8351.370558
8328.798626
8311.351184
8441.467708
8180.28173
8365.91055
8311.752947
8437.661371
8428.485917
8327.745385
8391.27013
8320.914522
8327.325316
8441.331511
8381.92966
8400.88402
8365.77333
8460.336536
8364.031035
8447.458359
8264.192789
8375.746171
8306.300376
8457.552127
8471.511333
8285.074192
8381.507548
8416.346469
8422.737471
8381.427971
8418.303635
8510.579237
8405.092124
8415.981175
8503.673185
8534.766132
8443.10341
8503.864177
8412.685765
8456.763483
8415.255602
8352.360211
8305.944426
8432.492805
8458.199163
8429.371484
8424.088879
8429.965512
8433.368329
8524.062136
8429.382865
8417.219794
8338.122846
8471.002073
8342.005159
8518.973565
8606.541024
8582.205479
8463.616511
8488.288084
8357.207867
8400.947248
8521.624032
8511.382703
8506.639359
8500.705977
8626.437913
8539.867752
8560.175158
8637.460052
8602.137263
8598.636428
8554.190216
8668.060717
8508.416658
8520.397706
8533.645344
8642.662146
8462.369582
8536.438588
8572.62398
8417.366086
8431.418632
8436.842682
8449.959456
8711.339316
8502.98762
8495.667017
8468.630257
8575.784321
8525.697728
8573.645576
8485.726959
8512.450621
8505.816142
8525.624757
8488.865655
8648.074596
8608.662457
8588.551798
8561.136686
8564.015771
8418.328179
8566.25809
8555.409258
8583.746319
8558.590721
8576.743139
8655.229959
8556.296727
8681.286356
8653.388755
8667.965682
8604.600961
8667.256764
8651.718802
8428.007678
8593.395263
8637.511577
8708.128171
8771.635999
8638.941723
8515.113132
8530.316424
8738.396999
8595.006715
8683.142317
8469.705205
8699.148848
8568.312739
8638.448226
8681.974579
8558.674878
8559.109454
8641.065919
8558.509414
8666.856734
8644.963373
8739.348789
8736.316804
8651.673385
8681.534083
8682.490185
8744.588538
8671.454622
8599.849843
8631.069701
8811.433136
8760.632813
8635.814175
8762.909538
8714.117536
8690.22684
8786.813585
8799.227816
8683.438615
8584.146072
8639.076138
8786.883264
8782.610158
8701.342675
8724.471198
8736.96013
8791.998158
8721.399613
8957.300424
8705.693959
8748.467896
8797.11743
8717.889119
8621.963114
8679.837244
8766.67665
8729.912657
8890.003231
8735.171445
8783.106015
8780.49958
8618.411177
8637.392988
8793.813271
8637.964485
8653.190293
8580.47806
8827.540744
8955.863281
8782.434829
8787.172879
8752.605787
8782.891115
8854.415745
8748.73396
8808.13249
8820.395835
8743.706485
8886.914251
8799.831999
8751.520343
8792.592946
8743.415082
8703.287463
8862.573855
8792.038095
8957.526807
8845.725694
8761.344763
8782.217732
8845.913461
8823.927237
8750.986286
8819.280971
8799.703798
8868.514108
9025.55753
8754.470383
8775.761417
8867.860095
8867.850138
8936.50475
8782.481856
8866.359799
8966.239504
8710.071247
8901.037804
8676.612865
8745.609941
8881.132355
8927.74119
8863.187791
8794.808612
8988.615664
8898.461582
8911.089052
8871.77901
8692.414821
8968.536558
8842.245911
8877.767371
8783.146024
8789.525848
8977.858493
8947.961737
8803.574494
8926.367588
8876.345167
8838.423436
8946.178229
8836.519723
8865.116461
8835.845993
9054.742678
8909.986598
8960.891696
8875.730071
8850.969204
8910.657378
8922.942128
8958.804319
8956.393133
8925.727494
9022.163895
8925.324609
8983.803962
8964.022429
8967.886178
9030.055338
8876.531939
8985.062507
9015.992477
8964.482811
9042.913671
8989.911884
9095.258434
8983.799704
8970.062017
8976.095426
8970.012235
9168.606362
8910.035694
8871.751815
9003.660494
9132.366514
9008.680702
9007.401916
8998.685292
9041.621851
8956.463625
9055.851194
9209.454803
9063.686158
9066.744499
9110.903638
9063.136314
9141.815065
9129.084989
9090.591684
8996.668741
9070.629974
9100.683004
8943.465028
9169.802796
9150.54721
9297.538942
9090.542914
9068.52554
8988.018905
9158.187954
9161.812498
9046.834073
9074.192406
9095.027778
9038.776205
9263.802852
9033.056349
9066.163976
9080.248157
9067.124826
9216.25845
9320.183388
9168.462529
9077.159219
9174.441588
9150.451315
9080.515966
9190.299518
9093.882617
8970.358851
9109.583395
9224.554531
9340.571525
9127.679022
9175.001895
9191.862105
9233.183449
9245.794244
9050.519537
9288.142506
9148.252957
9037.556224
9142.171414
9110.127274
9171.618185
9261.753273
9077.442635
9090.783494
9156.512178
9203.168556
9136.908278
9215.406143
9174.528515
9266.297827
9343.067914
9353.789001
9197.878553
9193.360954
9091.538559
9257.472314
9336.997909
9294.423682
9197.782871
9175.464568
9289.231897
9076.310322
9289.956553
9241.819226
9265.010048
9226.209213
9254.883824
9338.883376
9258.072718
9293.988392
9363.001806
9247.950338
9182.81261
9247.689346
9185.720882
9348.314994
9107.234565
9209.906549
9238.315914
9359.420194
9357.114821
9319.124685
9372.272483
9397.199159
9357.136831
9219.756673
9355.096145
9319.83322
9216.265807
9228.191103
9420.723541
9383.399629
9367.291186
9470.000343
9384.844809
9288.516559
9272.722651
9247.494765
9321.109356
9438.991735
9391.848248
9333.189754
9377.047417
9278.122459
9224.420081
9225.427838
9399.696777
9319.008804
9361.503633
9384.44048
9296.585721
9569.491833
9272.747699
9304.923311
9229.691361
9312.390539
9344.976281
9461.430931
9474.216129
9272.190466
9349.277186
9402.343495
9509.325399
9432.550556
9468.195812
9450.961982
9335.185207
9424.75614
9349.17232
9516.890031
9401.317932
9500.300902
9262.481306
9334.371708
9422.857222
9398.709353
9518.441068
9364.929963
9464.930733
9560.128886
9494.017225
9572.950882
9526.758795
9492.588304
9587.757646
9615.842853
9539.053335
9388.096994
9480.077633
9452.257016
9590.13051
9449.924769
9702.300001
9496.795943
9468.195076
9431.876469
9395.664792
9407.574276
9475.616725
9549.19536
9534.624652
9471.481242
9690.955465
9577.601213
9573.115263
9749.002434
9684.565078
9534.47526
9633.432577
9596.133845
9579.635309
9475.116011
9680.042113
9726.938214
9590.137166
9535.669213
9627.852653
9606.935295
9673.573386
9550.37308
9764.46151
9720.0941
9546.139606
9487.442472
9663.923307
9690.281049
9563.659738
9581.85132
9842.47763
9577.455488
9541.069007
9709.689733
9568.299176
9613.722273
9724.432695
9537.508325
9751.780637
9645.297493
9677.112016
9674.660399
9697.942197
9685.383006
9707.829341
9790.040941
9719.877761
9580.521669
9711.181198
9782.78133
9805.856404
9704.378432
9665.429727
9820.878137
9832.938867
9884.701381
9782.830111
9799.324569
9618.558582
9821.648229
9687.139941
9855.038342
9788.134338
9767.538501
9892.251532
9772.950743
9715.818248
9802.484352
9745.082511
9786.014146
9930.159924
9867.818737
9859.493845
9921.015973
9688.228666
9800.090425
9730.549838
9940.277146
9811.260874
9779.423833
9846.851245
9990.085573
9777.8295
9813.955315
9996.532056
9978.140191
9904.540783
9850.655956
9989.164736
9860.389977
9903.126858
9814.842136
9916.787113
9881.21996
10020.79679
10056.37778
10043.13549
9811.640619
9992.105499
10050.15142
9871.101377
10066.00851
10021.74072
10009.6127
10047.21687
9996.109525
9932.559286
9960.054043
10065.87486
9908.410051
10051.64808
10039.61106
9960.027902
10121.65469
10147.10411
10154.20195
9973.824098
9975.483492
10000.92299
9972.008461
9977.888356
10137.56636
9945.308623
10060.04988
9914.666573
9866.663567
9979.221525
10200.55433
10155.89719
10105.54662
10056.10115
10115.46177
9967.450039
10094.0874
10089.7319
10146.71705
9993.977617
10160.70452
9865.072481
10099.37162
10194.12741
10098.71199
10095.19219
10176.21822
10059.26525
10164.3383
10100.70942
10387.89141
10289.24053
10150.22313
10186.81818
10202.64905
10208.90702
10133.88623
10134.49708
10019.84005
10193.97352
10234.99283
10249.00082
10312.95597
10286.42764
10231.59746
10152.54332
10187.70084
10212.0952
10129.16437
10253.16655
10326.35022
10216.43596
10419.7093
10279.2118
10324.16166
10247.03799
10381.53263
10239.54631
10173.79072
10294.45642
10315.00698
10184.86879
10276.95297
10401.68241
10332.74074
10302.26215
10355.74185
10299.9336
10474.04431
10558.15448
10231.8493
10447.96124
10099.83851
10215.84066
10431.77114
10270.48946
10434.84275
10458.18893
10379.66815
10472.04546
10406.22695
10486.27917
10336.44739
10226.29741
10286.59778
10438.20399
10441.47327
10578.80781
10323.5446
10541.0101
10373.37449
10365.26804
10464.66136
10479.25569
10589.65048
10419.16881
10462.03599
10424.43798
10496.73987
10593.07689
10407.01001
10512.308
10407.82147
10506.86884
10433.77546
10514.51026
10547.7078
10415.82893
10550.95616
10698.6906
10382.42898
10701.78153
10417.55915
10517.26331
10651.44807
10498.17013
10506.47177
10586.16669
10548.34718
10423.2119
10621.40577
10454.45338
10757.16468
10525.08092
10600.45593
10699.67736
10541.39669
10630.08354
10570.52803
10479.8872
10555.11421
10452.09843
10490.07576
10707.8118
10519.87633
10636.46986
10817.49465
10550.16227
10741.72654
10753.02956
10571.43021
10547.0794
10770.20499
10650.61443
10584.15021
10716.20848
10650.20118
10688.74343
10630.48504
10813.22856
10863.14806
10709.28065
10712.48413
10642.32359
10725.83534
10750.81796
10750.26123
10774.86188
10861.97738
10853.97455
10722.12683
10811.69173
10786.14589
10754.1231
10796.54908
10785.86866
10896.06833
10758.74221
10753.26478
10996.19372
10831.12611
10898.69882
10849.05797
10987.94718
10778.75301
10611.77025
10854.31751
10925.50561
10831.67926
10887.03046
10992.79816
10982.63104
11053.13947
10809.22627
11052.79803
10998.94245
10992.66145
10708.73634
10971.26878
10961.40322
11121.53965
10868.43937
11126.57837
10831.60655
10866.65944
10906.06248
11135.69835
11120.2216
10955.70486
10964.68912
11073.27246
11197.5054
11139.67088
11022.31099
11261.16408
11176.95263
11102.3946
11066.904
11071.319
11043.82863
11240.25991
11365.28086
11102.48894
10997.38431
11052.40855
11096.6126
11143.00665
11246.55839
11085.75562
11200.90222
11024.66781
11010.35748
11285.07564
11323.80354
11232.40276
11236.08051
11361.42211
11446.4394
11191.96575
11175.44311
11227.58375
11194.64333
11211.14101
11173.46551
11234.30526
11171.96927
11403.62467
11236.25488
11181.79254
11275.90031
11500.1401
11282.061
11292.09098
11406.73351
11336.33192
11568.32669
11456.44241
11320.80859
11441.23866
11330.39853
11307.08437
11483.73214
11414.60796
11522.31813
11477.3004
11484.38722
11457.26268
11653.04162
11490.94248
11453.73197
11490.5773
11563.63443
11539.1449
11537.52789
11689.51065
11619.80331
11665.88769
11638.02171
11467.76264
11645.36125
11642.84461
11546.47527
11510.20006
11528.89415
11622.1077
11820.86314
11774.61088
11463.43895
11648.05378
11604.42708
11583.59683
11710.19367
11614.11388
11604.61991
11854.93624
11779.60461
11717.3355
11789.46864
11636.0058
11825.42295
11627.40729
11763.94107
11736.25689
11798.93188
11846.16453
11943.72715
12059.24469
11539.18314
11825.18127
11907.69417
11729.35362
11796.58008
11852.51854
11867.25565
11932.50782
11949.04426
11857.04191
11863.35236
11969.08083
12122.16871
11939.32754
11989.50258
11937.96793
11936.48862
11889.64892
11900.06511
11864.05331
11962.02275
12045.13244
11867.90848
12040.50846
12022.35761
12052.93386
12099.07011
12224.49327
11979.91782
11993.31438
12247.63704
12276.83205
12246.11441
12127.56164
11863.25164
11924.00205
12210.81352
12212.3343
12218.34972
12201.04033
12251.85866
12285.89153
12282.6553
12183.98902
12271.10573
12348.01757
12149.67578
12345.46292
12578.45018
12319.09617
12309.26284
12382.80042
12483.73245
12459.46503
12475.28471
12429.06559
12463.08812
12463.93248
12590.0565
12492.6309
12572.79435
12521.98563
12415.95466
12553.25917
12437.13578
12627.17458
12589.19069
12513.10058
12359.53296
12384.55558
12503.83692
12595.9247
12597.52551
12426.31572
12847.60462
12686.0257
12709.07282
12671.70758
12744.41489
12855.84269
12641.23298
12646.01523
12708.61457
12697.4303
12845.54596
12824.92746
12867.8207
12930.04248
12818.4044
12885.13043
12833.91864
12980.12928
12959.01274
13150.44807
13007.31015
12788.75655
12835.61965
12932.52597
12902.96005
13127.57067
12902.39428
12838.31507
13000.26924
13025.97284
13190.93546
13109.65323
13090.71993
13112.2836
13078.86163
12968.38789
13182.23959
13067.99559
13118.95955
13321.40553
13247.4084
13159.34291
13146.05757
13251.14534
13335.47279
13320.18331
13098.22269
13298.18065
13297.88668
13262.13393
13272.40758
13467.66209
13110.20741
13472.05235
13639.81299
13244.6695
13343.56103
13478.106
13302.18414
13359.5491
13307.52039
13631.22071
13494.64024
13760.49751
13861.84091
13811.5749
13462.26881
13659.30626
13437.91798
13950.57919
13774.43765
13618.40812
13793.01145
13585.13788
13904.68403
13579.6947
13864.9739
14107.24139
13962.89475
13756.43628
13919.64747
13848.9313
13888.42984
13803.22788
13666.47292
14065.23129
14061.15063
14005.45359
14107.4661
14154.95767
14188.81693
13981.80469
14140.7028
14368.57928
14018.3698
14374.30427
14210.29254
14342.91072
14145.28645
14180.82291
14573.11719
14305.34907
14395.95488
14472.08252
14022.05937
14362.49204
14209.43474
14434.01464
14472.41492
14447.63595
14532.66443
14509.0279
14797.23374
14573.56534
14677.48162
14502.64827
14549.35169
14733.70397
14695.11665
14551.24228
14634.00865
14850.05587
14669.08241
15028.12593
14857.68781
14988.32761
15184.59685
14875.97568
15151.15647
14917.78646
14864.97481
15027.78739
15121.91487
15160.69024
14983.8207
15320.2528
15070.97855
15047.37339
15439.99024
15327.96376
15441.04074
15519.43718
15220.77526
15513.2483
15586.74068
15590.11176
15368.56944
15629.81514
15643.03877
15757.09531
15577.55367
15869.95519
15500.17124
15823.67398
15585.89129
15985.56714
16153.30058
15824.32735
15899.12851
15845.09577
16062.2694
16157.94483
15899.20574
16201.36784
16004.25294
16400.22157
16202.74222
16065.45982
16325.43621
16471.98045
16237.78033
16414.97961
16415.55359
16471.68572
16619.21413
16714.24199
16589.23613
16682.16295
16644.52206
16675.81317
16727.25081
16696.41615
16959.63114
17053.29093
16822.39854
17056.99043
17106.30551
17137.20345
17190.79936
17328.0485
17102.35173
17585.81565
17444.90566
17312.34801
17594.62096
17378.63398
17362.87257
17601.41279
17815.60246
17798.89436
17558.97714
17855.82097
17761.49901
17935.09428
17917.30666
18228.88852
18093.49166
18127.23014
18345.45922
18139.17282
18443.30998
18177.29843
18485.38663
18373.01395
18716.2342
18913.12545
18844.38303
18782.00812
18836.22266
19092.78103
18920.89915
19240.1886
18890.66702
19101.39165
18960.44556
19562.02116
19786.46836
19560.78527
19673.93979
19510.38719
19687.4356
19635.05416
19805.4451
20058.31517
19868.01232
20286.88878
20028.08556
20387.82255
20419.80978
20490.71396
20721.9186
20408.85473
21186.16155
20878.66427
21101.08199
21447.53393
20839.04343
21054.00661
22071.47786
21560.8152
21731.36027
21791.06425
21695.21683
22336.51043
21567.04701
22357.54843
22618.58542
22269.61446
22628.3494
22707.75555
22893.72476
23125.57616
23788.81267
23440.61577
23592.79871
23993.47582
23578.57727
24061.09666
24422.70282
24553.2461
24861.33636
24637.9648
24912.84632
25266.76626
25148.01374
26018.55942
25839.79736
26062.34669
26380.15316
26235.70505
26264.10022
26825.76727
27254.02725
27016.17809
27340.20838
27300.93549
27862.08969
28244.06273
28439.0564
29072.16255
28746.45395
28875.26003
29135.59174
29138.05074
29814.76863
30003.65191
30069.76198
30432.41614
30513.7105
30638.03243
30735.84079
30548.29498
31212.56009
31204.83046
31232.92623
31921.33549
31729.46606
32399.56525
32010.16294
32320.1672
32380.08147
32129.5174
32128.9602
32612.688
32446.63471
32015.22323
32164.61543
32311.50041
32098.53787
31901.99544
31684.35226
31742.10465
31575.34886
31716.99235
31041.99016
30763.0457
30709.16678
30145.66991
30135.71634
29589.09079
29095.17239
28788.20848
28333.00004
28061.0996
27640.60849
27290.78642
26637.46532
25928.13522
25521.8787
24802.15707
24047.76985
23625.06555
22966.69795
22790.19814
22082.6538
21285.93048
20361.87043
20120.14085
19329.87143
18713.699
17738.87178
17395.30702
16867.0177
16069.42044
15180.70177
14627.64164
14199.26491
13556.99135
12845.50173
12279.10803
11605.07236
11141.12714
10650.00771
9784.405215
9503.041083
8825.976952
8297.386525
8069.354107
7524.070256
6975.003741
6667.056763
6095.46847
5633.846604
5394.516821
4969.547649
4551.043969
4270.78803
4023.824196
3765.431588
3485.55247
3167.251899
2973.228013
2792.001476
2531.714775
2252.752279
2052.276635
1971.417025
1698.986853
1545.73432
1464.579954
1362.873919
1225.140446
1150.643936
997.9322762
888.4256297
811.4309938
722.1394848
629.691437
616.6177336
545.7280002
481.13446
461.577438
374.777905
371.2859655
320.0975931
251.2903169
251.5881486
223.490988
214.6329934
176.6539706
191.2964768
151.3920901
142.1975518
124.7070144
113.1445131
83.50846768
79.75491824
56.70446306
74.55803683
76.0347544
55.7463283
62.89298591
54.4347101
58.14063471
50.91038989
39.05314841
58.67118437
39.19580116
38.71701192
29.72840768
30.74429573
32.97685405
46.16234981
32.57515896
59.7892646
33.45192994
28.77455673
18.58459657
26.15293012
26.15891084
27.40017028
35.68707117
21.31278462
15.75341944
25.85080459
26.47656124
24.21542956
31.06136153
21.77159959
22.72100587
22.5343986
22.64701329
30.39760909
11.52495359
16.08490593
24.80202487
28.69707539
32.05618586
26.51473792
36.532756
21.97282757
19.21422195
27.20696118
28.77149882
15.96499424
20.06820211
16.03956623
15.71655505
21.62944059
16.40453908
20.07460588
23.16292077
23.33597027
18.24943958
32.61176106
18.04182081
20.31043994
20.49524586
28.927333
20.23000843
25.26691345
31.40289873
25.45920974
19.1918451
31.00307206
16.02778504
27.62414101
35.79396341
37.03387001
24.65535585
31.57609228
25.04039095
15.86777143
18.90230894
23.4689358
27.03952223
33.77118003
18.98227444
21.82631775
26.02141984
17.50448491
32.31551775
11.28454961
14.94521525
16.70502779
15.77479139
11.43172008
17.13938473
16.82820999
16.02367932
8.554144083
16.8258902
12.44693722
11.03376789
19.74156058
35.35927625
12.91720809
16.4754747
35.94973473
15.54823296
29.11733985
17.8915622
19.63555518
26.23808236
17.34363798
32.16919115
24.57567795
22.61472293
9.595756779
11.78887519
10.66267987
19.95614323
16.52981435
25.7158332
24.35559641
47.25963618
32.59677165
37.36541817
21.97255532
26.1374905
16.01244929
29.40283877
20.23126167
26.88809197
22.35853819
22.18686325
16.41898697
16.60551579
10.74246681
12.10425248
26.04712578
7.879444512
26.07636094
15.03299071
18.98952019
21.69740463
17.50818698
10.08266719
14.1357232
9.712666188
16.07645079
8.404828241
26.16324502
25.57440364
30.76429687
15.81200671
17.8810964
26.94603852
15.82482908
19.9851834
24.64119801
10.14302172
19.25765441
18.5651993
16.91229531
25.73528724
23.67030819
33.18653028
26.28813887
21.17010605
32.21482541
21.0049684
18.88858476
23.06987698
25.08482309
26.55708999
21.7333633
22.71928271
15.69143885
13.84742694
16.48341672
14.17888798
22.92758405
10.41646876
27.76180852
19.83216462
23.20230301
22.39076549
17.39630758
16.13432073
20.45459214
16.14175384
14.97950505
22.31616899
13.89428087
8.834897606
17.21754035
11.32329016
15.42751298
14.14026923
29.82528839
28.70727937
16.95123541
11.01998164
16.14372218
19.611365
15.45264101
20.91961393
20.08525018
12.26923928
23.36860729
18.15723574
12.42270437
21.83567599
23.20597722
22.54308835
14.68280158
7.694119003
11.47480812
10.07978013
16.28492544
11.81877838
18.5592188
23.89296841
24.63584264
17.12812496
14.01242415
9.087213728
16.246742
14.1180588
25.44959201
10.93427009
16.63203877
20.46234853
11.71661289
7.113650063
10.80437011
15.00401614
12.59869473
12.05655239
16.86151237
13.15197354
12.58866574
15.7908334
11.76777181
20.70776169
25.29191991
11.09339919
15.1915838
13.5360849
21.78816584
11.38912108
14.55514615
10.66700888
21.18604484
18.02802509
29.72774559
15.13332746
20.24135486
22.55571755
17.47078569
15.04274744
21.87781128
17.87565331
11.02331461
10.99790627
15.32962546
22.85436346
16.53287026
19.69067346
8.975509491
28.68474298
11.15684252
21.55849334
19.43399929
28.31338212
30.5006741
21.70644953
23.36042052
17.7262642
12.60128007
24.86891147
26.03369081
19.9671901
15.52654648
16.29212407
9.321506194
10.70848297
3.505201385
5.502603273
13.79165042
17.30342571
21.95045124
16.92219659
15.18161448
25.03952897
24.46981376
15.22934425
19.23432897
13.58103256
13.06671596
10.25224412
27.49415
26.97914831
11.8526789
9.830860426
16.82675788
22.08192086
11.6773565
20.64495273
11.79860532
14.59994864
14.07077253
16.21326558
12.99629113
12.08152356
25.44164393
21.3349101
25.66325482
20.5317685
13.70938006
10.25288258
16.22666445
12.56771149
13.69932811
13.5132379
15.83645637
16.17434345
15.05558442
14.44258047
28.98237914
22.05655308
11.90863943
7.697495269
11.54999054
21.54691748
12.48886578
12.389767
14.24064373
9.730972056
9.559820353
9.442934133
14.02143951
10.36426099
11.4166246
10.3313176
19.76262737
15.05191267
9.631804172
14.9390105
10.46217524
15.87300068
19.95077894
16.50584066
16.09372674
13.30175823
12.51781761
8.84511762
21.66934471
12.83911579
16.75274703
18.68232993
15.63482815
18.66213304
18.53670894
19.46827066
14.25394142
12.73303659
9.316348972
13.24545089
20.09921653
18.01303929
26.11264373
15.87110919
18.72589776
7.366104032
13.28412445
12.97446956
12.61656632
20.86988617
12.2979918
9.425780323
11.83757549
19.44817557
16.28828016
15.26122866
11.75074056
14.26628653
14.46790119
11.73061802
6.516951896
5.260010153
16.48313369
9.180016842
22.28620978
17.97037939
12.46721696
12.73449976
15.95840552
7.068223534
14.68876734
9.249768308
15.593299
7.87253236
10.61126422
11.80499684
18.55014112
26.00319382
10.75656715
11.64548144
6.753247725
18.55907097
15.96707539
6.510725538
13.9453555
11.9007297
14.55326115
10.67708608
20.14141218
13.4631639
7.756250629
10.12155955
10.89289788
13.11731716
16.93676041
13.45959551
15.20934233
15.3670327
16.15782673
11.4406404
6.66475843
19.96376974
18.84388107
7.855512535
8.287944556
15.51168386
10.49572431
11.73949276
7.87325254
13.23707242
21.43955845
8.85929377
6.279171108
19.02573696
10.74786785
15.98688914
13.08147451
18.86545503
37.22655222
13.58768706
16.38930504
19.03653394
17.04538648
16.18569478
7.544494553
16.00134944
5.534300653
5.960613698
6.644604682
12.39137511
12.21330732
8.877464135
12.45385348
11.8133157
10.43023255
12.53867169
15.17108372
13.24591863
10.51120813
13.78649367
4.829622151
10.64383162
8.164481064
5.571921392
19.12316788
12.0713401
7.88571303
15.92122544
8.279803366
9.915577637
13.50098353
10.917742
14.60071994
11.85007906
25.01474397
10.76158927
14.87388255
6.515584344
6.590475003
10.31307474
7.314229296
7.161540175
17.22361402
14.62897331
2.00798717
30.45026302
4.786603103
16.04023668
6.026868642
7.766524892
10.08355543
14.71642318
10.90630103
14.69929154
8.327936547
11.39195834
5.742308424
13.83593495
8.393302485
24.99839336
9.707446051
22.59088214
13.53757955
22.55285403
6.992956114
17.20017899
7.313349253
7.178881936
9.252887347
8.782199657
11.54466439
9.923381499
17.53387982
24.79631255
6.237242849
6.221821441
12.26007186
13.95833214
8.22551508
9.541812042
10.61408863
15.64658522
9.737770851
9.995600877
9.516955389
7.919114964
4.247987112
7.685312502
15.90835067
18.34939116
7.513435966
21.16675335
10.43286893
5.774751264
8.352180941
4.657905936
7.587074633
7.652946281
7.427742166
14.05583847
13.36078897
18.61025428
8.594277826
13.7922694
9.428007098
16.63883816
10.78532001
11.70151061
9.408608613
25.23641327
10.91071086
14.78295059
11.37767148
14.54269779
11.47978986
18.4005253
7.500560224
14.68879058
28.04823344
11.26796125
12.97025862
13.70322247
22.58224367
20.64959146
21.41817688
9.641922731
21.92053185
8.58816693
5.333526201
11.47088945
14.76632347
8.511322273
7.795860417
16.15463853
3.470283238
6.906005792
11.52533198
8.524399046
13.10836211
12.82481678
18.73272337
8.007548726
9.272657987
9.376837413
12.2097181
16.2966833
12.69333423
21.56180984
16.24724832
18.88126582
13.41492792
10.83461807
26.35268145
10.89071081
8.207922508
2.336074267
8.108621673
15.26147409
10.15352468
17.99330916
9.051319721
11.78282604
3.724337841
6.802149434
8.020689057
7.033538781
5.772940429
12.56993307
7.238740779
18.69333045
13.14254305
12.30836025
22.45560619
17.19747628
6.666029363
10.53762574
6.95947303
11.51074167
10.75428074
1.935388163
2.964976892
9.543998849
13.70757
7.808914036
4.52784461
15.09517723
11.17179136
14.56457969
7.611624743
15.13428544
10.23832405
9.189237227
10.07194845
7.739477865
17.57737855
6.448557275
13.7297644
19.92772966
12.33814766
6.517831847
5.426134982
7.27537854
15.10867364
12.48962852
14.72835395
15.41094629
4.659575457
10.9150772
15.98063799
14.02422238
9.428352219
4.151557947
10.61660845
9.725266164
10.42257657
9.214557935
10.86648023
12.53161127
5.497561103
12.53265632
11.2536919
5.615097339
8.923214086
15.91599485
7.714952633
9.981508309
13.05057518
11.8155687
7.305024299
11.8290616
10.29772397
8.974362913
8.035639864
9.637804485
14.53705269
14.5751614
9.298962945
7.638433519
13.56564941
10.64048545
10.53636431
12.23923126
6.452544072
8.974954908
12.27887212
11.24368398
13.8829882
9.476344106
10.23448082
10.28540048
20.53164767
12.09190774
5.02200639
1.468060818
7.865081516
11.4252012
9.778619616
8.828135519
6.308619201
6.076250217
7.135274473
5.878287986
10.52960073
7.683186586
6.309627799
1.874440269
8.85203475
3.377120482
1.783735499
9.508638125
8.107337438
4.055911532
8.041775951
3.73891471
10.89770765
3.188668219
13.02024734
8.547517234
12.44349654
5.315648315
5.529486459
4.314341923
8.867269324
3.579153714
7.796906736
4.503015822
2.551591118
2.163805914
8.176933093
3.326707013
5.747627679
3.266245547
1.319992174
3.536685655
11.15177515
12.52513301
3.196433669
5.486631956
11.08922485
13.20954744
4.547628164
4.809847319
5.720604832
11.82467517
7.158927897
8.531758332
6.493112165
12.6771449
5.514624819
12.88556364
16.98695179
8.491001852
11.3257473
12.76570961
7.87730893
7.473522536
4.539854803
9.994125927
16.69290775
13.76978922
13.87542691
5.670780769
5.495435425
1.866013023
7.19920119
9.535733747
7.481262567
3.869836192
9.693534201
12.45824661
1.430543354
10.43754455
4.338830198
13.38066664
5.400205842
8.269698516
3.462034891
7.87980408
1.882100362
8.412479702
3.751952882
11.90835144
14.00141688
7.933941413
5.703400422
11.41849908
6.407514822
6.959435089
5.637553877
4.967801185
9.665465713
10.45161902
4.228984735
6.223313835
16.10794391
9.458717711
11.0209151
2.095703957
9.242404113
9.919667075
11.33893468
9.648845658
14.27346313
6.849193774
2.457388976
13.21597507
8.571752916
5.727344947
9.619696737
9.379051251
9.571073938
7.894966092
6.094386877
7.144253149
2.8246327
1.900341615
8.928810006
4.112804539
5.818170765
16.27809434
1.111532436
12.25846226
9.706959791
5.371298088
11.5896818
5.112005953
10.06631165
5.096805285
8.608276959
7.239259701
18.35609674
3.594805116
9.211888547
8.264382137
3.399749853
3.90513312
4.742595021
5.051717061
4.180140697
7.000675656
5.686812464
6.500425663
3.929570622
12.24521843
10.81470352
4.149170104
5.117552554
4.665477044
11.58516744
7.597714183
11.27856125
6.857729012
5.725728248
4.705014701
8.47348773
10.66411944
6.422526124
13.60700591
5.380169116
5.062166381
5.239177367
6.813184543
10.9422491
3.195221392
10.37805992
5.277505348
11.98449992
4.470230076
16.87274242
11.95435983
6.705354061
7.051911978
9.954612554
13.999101
16.60741296
14.97891293
14.31953634
11.58527094
9.532568361
18.05255035
9.682881581
7.243153984
1.362857113
10.86156456
19.14242407
14.88399448
8.402465139
12.17351962
7.731616287
8.301398404
5.990125051
18.95224475
6.90327132
10.57040635
12.11101883
11.057164
8.317435173
8.401105767
11.66742848
7.375270528
7.085472928
6.527577925
8.578273578
10.47136935
10.51872045
4.949428265
5.329853067
1.702201102
2.906401859
5.510408853
4.398658713
1.001354621
2.312459236
3.982601226
4.102405584
1.392309844
2.382889552
3.478797881
3.617781673
2.80176668
6.715925128
9.828362424
10.27593457
4.463261877
3.286733571
7.121241141
2.550316701
2.503905218
2.802097222
3.696698766
4.747078737
3.174447872
3.538682503
7.565183013
5.25888804
12.95492963
13.44675307
12.25774749
1.511107397
2.058874744
7.178028155
5.671497512
9.814762589
5.755330979
2.64409609
2.344544408
1.835890008
4.312605439
5.450614327
7.565285913
4.640132441
3.504288794
7.113100646
7.006441067
9.340470898
18.75394598
8.278696145
12.85363359
10.09753385
6.128767271
5.535867685
7.777455806
11.12727236
8.972967233
7.314652499
4.594293452
9.115288407
10.22840677
14.29369762
7.648469909
7.607077899
7.240598758
4.993535541
2.740536396
6.09061412
12.40067876
2.153585536
7.281372272
4.642163418
4.978590601
4.165916191
3.672354254
4.481633886
7.201891853
6.39059932
7.370423143
2.315444986
8.02213749
3.544178196
2.21236689
5.489034836
2.00746888
0.6904211721
2.917961111
2.117804669
4.425036505
6.460442873
3.943680326
1.642488042
5.689538404
3.690734672
3.13584211
0.6988283995
3.153695533
2.494514362
4.343229533
3.96155064
2.168972463
4.322259972
0.9622072739
4.316832701
2.006331674
0.5355606113
3.231715627
3.221787913
0.8277082649
1.566713271
2.106252639
3.185565996
2.033635089
2.353233576
1.486273418
5.602470747
4.672891717
3.347522638
3.762629031
10.31665
7.139343448
0.6145239049
9.054126916
8.074846657
1.496942983
5.50852924
6.650155877
5.839382115
8.646768477
2.99229375
6.383602068
7.52209305
5.819749372
10.36893525
3.199097588
5.171973202
2.707796638
4.589550519
2.62233648
0.7500366545
6.683847316
3.839309889
11.56219156
5.315433512
8.38552864
5.214884011
5.019933411
12.08727595
3.327362114
4.687073591
3.181325172
5.108378474
2.390804181
4.669093931
6.349699569
4.10333824
4.301950167
8.806421212
2.856125096
0.3789926364
2.676145058
2.576872831
3.28452827
5.577785181
0.3399515557
1.330616124
4.664575939
2.67863532
0.7147006402
1.535996785
0.7743037527
3.634276005
0.3835607008
2.310409111
1.84611167
4.015347814
0.761716597
3.276143485
1.403078554
2.484795842
5.747015389
1.345182523
1.808042306
4.09723631
0.6416216081
2.81985967
6.083795946
8.106646257
2.114310732
5.353904779
5.035838076
4.633533356
2.777533825
5.735311984
9.739611012
4.008019783
4.542534404
8.74936627
2.638286168
5.383128486
0.4623952221
5.982419445
2.836670169
4.263693364
2.40686597
1.07457732
8.589428472
20.22946223
3.438709271
5.013661459
4.797386847
5.603895557
4.501260048
3.601550278
1.980080672
5.242036075
0.4865093306
6.512193539
4.370496285
4.961583267
3.610723367
2.823034006
4.357328249
1.399167909
7.151775602
1.942022114
5.915445395
0.2410681517
3.764931053
2.542127641
3.77305163
7.630647879
5.573786548
6.291969617
6.705973285
2.304142998
2.326229742
5.912531837
4.642262422
3.489286442
4.917163857
0.2138052534
1.286622776
3.747034296
1.806823392
10.68389871
0.6755932431
10.38201475
10.51573467
8.077379616
3.153116672
3.690168475
7.066826813
4.87103358
4.82856079
7.265479126
3.949681155
3.661158378
5.195217685
5.645822237
2.440318118
9.129127916
3.009441429
4.809174108
3.011876313
3.956733163
7.924884311
7.847028575
5.32660613
14.17836669
3.798269211
8.329909132
1.919866853
6.533689316
6.940981367
7.280939633
4.780145403
6.204873687
3.91240433
4.471513841
5.699446505
0.5820850227
0.8520414146
3.777866333
4.534299714
3.499181146
4.120983869
2.968699601
5.144282763
5.275440928
8.714572083
1.424566386
1.207172352
1.585019749
0.4786636739
1.978199229
0.6102707046
0.9341027976
2.898828453
3.178254548
2.657442311
0.6371081289
12.29756115
2.941299699
2.040348918
3.449116925
1.894463732
7.049038091
1.162456215
2.082007314
3.268791829
3.056124302
0.8430246616
0.3013113383
0.1358753234
8.140297978
0.7623482675
2.598368201
1.572330004
5.195843778
0.5131862029
3.236114433
1.415921055
2.132261358
1.861914043
0.779966653
9.12826005
2.075924241
0.7263306579
0.5959787383
3.239521433
0.5900580414
1.616340839
0.306642032
1.96124385
1.227185107
3.739367652
3.363170451
1.876475935
0.8444303111
0.666848216
1.724711958
1.033323383
0.4856560215
0.5838527869
1.122206286
2.633722298
3.684770731
0.459349785
0.5858907542
0.4083078608
0.9393066067
1.09343107
1.104782222
5.507526776
4.476645041
3.026165402
5.249735298
3.918920684
1.848020014
2.750629293
0.6250564465
0.7038215054
0.4403877277
3.634608196
3.753748642
3.938505655
1.162287296
1.844542519
1.973705736
1.094993889
3.52262493
2.418978585
5.029484087
6.455994836
2.794021549
4.399318806
5.202949491
2.184905985
4.922874614
1.174671505
0.5957677624
3.032516293
2.412954369
5.85997978
0.9410332673
1.994979932
3.757580003
3.251846284
2.57501686
3.992734799
5.034761117
2.281465901
1.490205116
2.326388758
3.17368985
0.2071933031
0.5409361272
3.932176965
2.478228664
8.355733319
8.837098132
1.859897409
4.159308274
2.969721569
0.3538975767
0.2606392145
3.408005024
15.39642405
1.160913134
0.7253793594
0.2621805326
0.3050635681
0.7055722478
0.7889963025
7.358244595
1.968845515
2.475578689
3.188690892
2.761407925
0.5160514793
6.838761647
0.9265124246
1.018432609
3.197543636
4.361701451
1.346960114
0.724094612
4.03377665
4.398527879
1.591539267
1.901917998
1.759161105
1.38501293
3.410247142
0.2151512329
0.1787061991
2.171904265
0.6718352969
2.30027266
1.887107054
7.635964078
3.108232519
0.383350784
2.248538463
0.2721687543
1.513694009
0.4431864831
4.518150589
1.892165857
10.46243621
1.028962259
1.628130213
4.997182436
3.126155009
2.025518863
1.594352324
3.018746105
2.252503445
2.34500124
1.691567576
5.190656492
2.143331472
0.8636758295
3.890961034
2.679462631
5.266124106
2.000146421
3.840921178
2.640405762
0.6190593545
4.850739537
5.116600057
1.478367026
3.752870955
4.935952607
1.551738817
6.646222041
0.1003810787
4.683959859
5.100930291
3.101447637
8.208959918
6.018838196
0.04235899862
4.594708842
6.710356834
0.5461399207
3.039443618
12.37982748
4.436596846
3.589822917
6.696334768
5.775143828
1.336714941
8.877797396
5.281431321
1.785321752
2.251749185
0.300808082
4.068405094
0.2738116147
1.264642892
3.172693152
12.00334892
3.223299128
3.009681499
1.723800917
2.507824533
2.686349457
3.764777924
2.235894925
3.272514864
0.357945646
4.157500051
1.10546794
1.5501119
0.6578720803
2.084665596
13.33585878
1.916881759
4.039228705
5.334430631
1.04252169
3.863802953
5.628771864
7.062110981
3.480829543
5.829943364
1.581569661
0.8592696017
4.496170908
11.94012407
0.6453379441
1.802003951
9.705944075
1.816328007
7.036933364
5.107443359
2.3114406
6.317328214
5.277061568
4.226592014
0.3283678473
3.936347829
9.157294015
5.557850037
4.251981979
8.077711831
11.87767564
8.562993972
6.379337891
8.682606525
8.018582582
9.303491025
6.768698615
4.109406422
7.349933491
2.261583531
0.7367661564
7.681510779
4.707818446
13.28728199
9.403260613
8.300549161
6.16763969
1.836567308
3.454604101
2.778586069
4.663767166
4.514067415
4.054406136
1.421429694
15.19827075
5.057181694
0.7027765814
0.6636680288
7.03921667
3.476688282
8.193570023
1.240955333
7.946128133
5.537642766
10.00812303
11.86414077
3.864110596
4.007516818
2.543919366
4.624391756
5.947847179
2.406071987
5.283265995
2.376918072
5.827146483
4.598084435
4.157000843
3.669099806
8.239667668
10.11218012
5.157112297
5.500446985
5.94183927
1.987698044
6.074832428
6.939948692
8.714956379
9.551620763
6.775492986
3.702758694
1.412343275
2.230493737
4.811729213
3.914225874
1.519992465
2.316756973
3.127350552
1.44799113
1.981067917
6.98785204
8.714572414
3.888079179
1.608796294
6.773979196
1.94085052
2.32096829
1.542050036
3.949028398
0.6286002738
4.066434033
5.196826695
3.461355682
6.779998917
4.089457444
4.855496761
4.719906229
2.390952948
5.244609963
1.800139647
1.701810237
1.337617891
0.5594110133
3.803470727
6.297694798
0.7623228025
5.213000698
0.7748084346
2.187423798
1.225421282
9.446885535
2.674754292
5.560509124
8.102246926
5.948430546
2.30308538
1.065747489
6.172935726
0.3792666976
2.563493216
1.990766251
2.535706449
6.526577422
3.332791155
5.184755009
2.363624919
2.5548693
6.084056704
0.4507547118
1.44110921
2.326676145
1.65520518
3.916082419
6.655894298
0.7398960779
3.386463207
5.131022924
0.5016197202
2.253747715
0.3754575856
1.252810091
3.304926459
1.528655073
5.281284397
0.5032335146
5.181074386
0.5298029464
3.943252256
2.930137948
6.951233767
0.5930928206
2.067708726
3.544427418
3.843602678
3.106921433
5.54720003
4.10966619
0.3655708183
1.530047389
5.721993826
4.909565103
4.640349879
4.959743482
4.100281488
5.68794904
0.2130753741
1.049166208
2.403335826
3.890914135
0.8673267877
0.5171297719
2.462425989
1.710114933
3.646757334
2.744260399
4.239507351
0.6954533403
2.960897966
3.031742173
0.8425909586
2.345358597
1.621699953
0.3889054229
2.876805769
4.038346533
4.850544268
4.567502766
5.452078198
7.709675856
0.4664442317
0.7794315938
6.906286947
2.932831368
5.682246684
2.928022838
3.03268833
1.996811581
2.199931481
4.743745445
12.69217541
8.60747906
3.997420783
4.651101392
0.785888019
0.9157200807
3.31645895
1.281502453
4.122625354
5.599746705
1.128215577
2.414729377
7.312198167
3.903471845
0.8201092982
1.080267425
0.7561051797
3.33794115
2.934224759
4.236796613
4.836705127
2.096517895
3.408860206
5.061289275
0.8002752521
3.177491174
0.8176566899
6.107023174
11.88662679
0.4364324315
2.26128558
6.720593979
0.6005475546
1.435973371
0.52103811
3.989776124
5.598787477
3.225173998
3.645365086
0.9305339219
3.926511591
3.051655983
11.65965091
8.019185732
3.018378957
4.894622514
0.475426617
7.570128092
5.348424701
0.3474482804
7.557765959
10.78789046
9.667956089
1.755922594
3.339656249
3.694980083
1.557164165
1.700262219
5.30927564
0.6556306769
6.164412937
9.64454468
7.602422217
2.561245668
1.463327033
1.397630598
0.7628606962
5.652430502
1.638697118
11.16539563
7.254834388
1.662219897
6.032305917
2.755731266
2.264417065
1.058426955
2.976235608
6.534732594
3.559750737
1.525131464
0.465741703
2.090244382
0.1525794527
3.865833426
3.961005597
2.018223195
3.288186295
7.027306941
3.767172284
1.640470419
1.932018836
3.183891489
2.388583361
6.369534071
6.335173908
8.04397244
1.863460161
4.62083016
2.075078722
8.244618032
3.118535919
1.692707173
4.561672415
5.733896424
3.528171557
5.407011664
0.1960085828
4.497777601
4.911732893
6.057998155
0.1596256233
0.7181839811
1.410271441
3.524612003
2.853146821
5.028968219
1.025313046
0.8208290344
4.044540243
3.172418147
7.585695489
0.5128238486
2.039363065
2.344263011
2.537259898
4.258930658
5.855843056
2.814395592
3.244755895
0.9307940403
2.209512806
4.443018984
2.029304674
0.1587174307
0.1098383188
0.09554441895
1.313187048
2.843999596
3.554606378
0.8197150962
0.09876434649
1.024406636
0.7176641909
6.696842033
2.612784089
6.208812093
3.835359305
0.1873381157
0.2498207154
2.279605469
1.385565029
1.944896044
0.1922393066
2.162688671
4.167661188
0.4921830652
2.623457134
4.589581081
2.801177001
2.708400538
1.353424157
3.650563951
5.076350942
0.4048924251
0.249676879
3.122493211
11.46829757
3.262524445
5.959170352
1.283887335
4.401547529
2.491120846
4.50449675
1.652044722
1.610326518
4.494208614
14.96709308
4.549516576
2.98454681
5.905596326
2.71316522
1.425319133
4.854387594
0.4818433443
5.263313795
1.488433323
1.655599178
1.643070997
5.350432173
9.910314931
0.2838670116
2.602039399
3.433284778
3.496640648
0.00576078399
0.3822463311
0.04897802315
2.365714284
0.519381727
5.500962238
6.52879393
5.260587013
7.675805979
0.3201336797
2.400874377
0.6196914771
1.6101453
7.29280118
3.856937724
4.005107624
1.358553986
0.1815527073
0.2747107461
4.47615514
4.501435907
1.391840408
2.67493159
4.340840945
0.1679482655
0.290280511
1.527316468
3.891115138
13.03896617
2.904177131
1.826544058
0.4729249764
0.6662592626
0.7646479796
3.692331166
0.4963514371
4.911081041
0.6399498659
3.511679673
2.070567215
0.8972016065
1.773285077
5.063792378
1.753779148
6.135688853
3.186834054
1.884451941
2.238782486
1.823482738
2.243284713
2.027023496
2.411057955
2.347998086
1.875307707
0.9819662416
0.6791033367
3.680145461
4.115290723
1.820203279
2.433357194
1.954916098
2.845478198
2.540111742
1.40753598
1.921128233
0.4317893417
1.523381418
0.2878584691
1.075723692
0.3134404293
0.5336946839
3.631782525
1.111535208
4.014723627
4.672518542
0.7222390012
2.232326091
1.22334892
0.6566433685
2.50636315
5.57205311
0.7076230067
0.3274190636
0.2151055484
2.000380216
5.405070505
4.408230575
2.461671075
0.4144075638
2.911761995
2.831884685
3.807398586
2.735147219
3.521659431
9.236355523
6.71862845
7.031935781
2.13554237
2.804936051
2.876248357
7.444626808
14.11818711
8.614144199
0.4728175087
0.1757323639
0.4250929077
0.8442334801
2.901691499
3.270133624
1.450991279
0.7795328551
3.367844641
0.2837244509
3.406423097
7.913526828
0.900339345
1.951755385
0.4487861189
0.4651719213
3.116106136
1.763767381
0.2939063437
0.3459605731
0.02453013536
9.487792932
0.20370764
3.198066629
2.123765695
1.439066877
2.76066356
7.8111554
6.780227493
0.494679928
0.7094248953
0.3880196809
2.290506484
0.933448767
0.9562954753
0.2473869884
1.686904645
1.949457011
0.2083387058
3.542465612
2.251343426
4.598105059
3.750927547
2.916702483
1.536136226
1.679442353
2.065639364
3.3496648
0.1245942334
7.325920675
0.5227618422
0.0750830993
1.683042883
2.67427973
1.504659411
1.694386105
5.158529209
0.2522479344
0.03109816707
0.3346650058
0.2740140346
0.2949023806
0.403788148
0.01720082882
0.3393902896
3.262557077
0.06507330036
1.724303219
4.031106755e-07
0.4090747865
0.3095932568
2.230481187
0.1424064331
1.74351966
0.1197545698
2.609773566
10.02789292
0.4627802511
1.009575876
2.168911913
1.132962264
0.1483297412
2.050804026
0.3754893372
3.218709269
0.7757046269
11.2006697
4.958760267
0.3469249386
3.705058322
3.955767284
5.032670298
0.2786481196
1.716022552
0.08005477016
1.84713364
0.192560567
0.02764146593
3.337398587
2.086031302
0.08469774765
0.3587064656
2.061623874
0.5529597388
2.073023338
1.161786691
0.2467400132
0.1200920027
1.841186332
0.2731691486
2.128819977
1.160136208
0.1330348037
0.2125677533
3.129494984
2.326150954
8.140017225
1.667963763
0.5610496945
3.394423197
0.6579187399
1.869049101
0.5774763469
3.016483424
2.063936348
2.717224653
0.2214982681
2.902678926
0.2837615448
0.128104607
2.284044839
3.248862432
1.597427542
1.125851254
6.5625655
5.673515305
1.811198228
5.007511544
2.665210342
3.111592692
1.72974924
0.2630395553
0.1486293034
3.427549449
3.997024336
0.1939760661
0.4045572858
0.5982953702
0.7510925185
2.464569396
0.4620417801
3.712827576
0.4752595471
3.213391877
2.064688148
0.1557208014
0.1486577088
2.041585182
1.846474383
4.247737533
0.9025899813
1.779193983
0.09321001889
23.1238399
13.98147559
2.977025633
2.911726415
5.81497679
4.112028119
8.957608447
3.062696017
4.525378499
2.963063014
0.1588272403
4.935462606
5.132066845
0.5001129266
1.685280879
3.647297857
2.895138185
5.523841172
5.076115111
4.08139495
4.421376835
1.728155322
0.4175775912
5.492368695
0.7965002565
2.850980889
3.941740722
2.675214527
0.1997421445
4.456443043
3.824512986
2.38904936
0.3023676544
0.9920550921
1.956297876
4.052953173
0.1413970836
1.950608976
9.452133547
2.951569414
2.769773741
2.669535244
2.291897273
0.3586145362
0.5416577496
0.2253018111
0.3104681193
4.384207848
6.716830718
2.079027001
3.014158808
1.941479452
0.6103742124
9.34655301
0.1796010479
0.5231145451
3.760567907
13.3236342
1.296524348
3.006686391
7.61065162
2.127786005
3.917633918
8.805546783
4.097649576
4.716194571
2.213260336
2.401351997
7.684181071
3.139144028
5.670202677
2.911815357
3.686097676
4.626369962
4.480638963
2.112181738
2.090675614
2.93136551
8.574173235
1.419884572
1.506336097
7.036268332
9.219092945
1.710373569
6.473724427
1.987843251
1.993074473
2.210648531
0.1241607216
3.955560707
7.483631261
0.5278870206
1.756985555
1.45456852
3.619901969
3.038680918
5.348728261
6.803925361
5.531211623
3.388682378
8.997653063
4.606729792
4.060725105
5.1102732
2.014772733
2.243770512
3.523002754
4.416091956
0.2380170104
1.598982126
5.292222154
2.191608826
1.61278584
3.099712714
2.346752921
0.3568868683
0.2254442675
2.090359885e-09
0
1.070486729
0
2.545436691
0.2351279715
2.653116812
4.573052903
0.4221883076
3.618870642
2.614699117
0
0.1450136811
0.4280567064
0.02017110085
2.033304385
0.06369803811
0.2902048309
0.4565682603
2.076295052
3.511662026
3.880798744
4.164991199
0.7566998993
1.715426986
2.076619485
1.943955649
2.24317273
1.008904769
2.401888769
3.395728712
0.2113028688
1.682089613
3.916549942
2.971031266
3.460824967
2.241719236
1.778538021
1.680146318
1.472814254
21.894967
5.944944514
2.680422185
0.1831589976
0.8033675335
0.5119294087
0.005607526273
6.848605752e-05
0.3272889481
0.3100692156
0.1790227513
2.708920838
0.3156879413
0.1653483915
0.1568774868
0.7419860298
0.3418352207
0.0003304537449
0.6510854377
0.08995329982
0.07068770288
0.3158576388
0.447709343
2.679801632
2.950363733
0.1261662089
0.3049051835
0.3496015392
0.5327758194
0.206916708
1.520387404
1.526337539
3.723804381
3.823688094
1.672066384
1.776214678
2.748193647
7.071502097
1.501637478
1.900794027
0.253236797
1.645672092
0.7862513471
1.54696703
5.428808345
3.158951295
2.623586447
3.246997218
4.386490323
0.2136737669
4.742751139
1.103811424
0.3188756192
1.531011576
0.223433135
1.83065605
5.42017176e-06
0.01080813768
0
0.3940083323
0.6018862792
0.7223742609
0.1587816415
1.794107439
1.533105002
0.7245477933
0.9856225962
0.1077966784
0.1737510262
0.08300325899
0.2911442026
1.756770438
1.469394582
2.129368474
5.564588847
1.44421049
3.229836617
0.3303974502
0.06050711796
0.1547643047
0.05337020649
0.4931029932
0.09898008887
0.09141303967
13.82589176
2.066728972
0.3387724835
0.370179621
0.4782626325
0.6699094701
1.061184784
0.2381875201
4.213463853e-07
0.07172833251
2.552772251
3.18509166
1.296116208
0.4097947248
0.6219862949
4.524349992
10.18539763
1.771992605
2.802606606
1.795517482
0.3161337629
2.588682335
0.3404710183
0
0.01693017569
0.2159728376
0.5884422182
2.532897392
0.2823680157
1.058856516
0.2629265284
0.1921446025
3.168025003
2.413399547
0.1062542567
0.02961163571
0.07834811938
2.134888032
0.2162452061
0.3557198157
4.858825995
4.777767121
0
2.249195045
0
1.793589823
2.14241583
0.544683834
1.763850687
2.204741152
0
0.7860000939
1.466122654
1.278858679
1.237620528
1.36670511
2.390542483
2.444981221
1.485940295
0.1279305816
0
0.2578765729
0.03554847471
0.233313851
2.631187958
2.667015525
0.2578484291
0.02382640866
0.0669339966
2.604495257
2.408969025
0.1782294442
0.0215550652
2.638157108
2.301843367
0.103843566
2.255641523
2.875303599
0.2112918289
0.02929000109
0.1797383985
0.1501054766
6.555849195
