#################################### 
# Matrix Size= (25,25,400)
# Resol      = (1,1,4000)
# VoxelSize  = (25,25,0.1)
# nbVal      = 4000
#################################### 
0.01065921575
0.01058098496
0.01036317399
0.01037249043
0.01029886723
0.01023517418
0.01045689525
0.0100279324
0.01152569811
0.009818392075
0.01107168608
0.009699396752
0.009529384377
0.01066328224
0.009846508808
0.009682030665
0.01087357863
0.009535352308
0.01045901692
0.01090521292
0.01270347684
0.009943760208
0.01050788147
0.01106847042
0.01210535733
0.01193992651
0.01083421248
0.01093778991
0.01108675337
0.0106956565
0.01042989503
0.009723872716
0.01071943461
0.01028392875
0.009962502411
0.01142333783
0.01025545213
0.01094505115
0.01017760886
0.01031610865
0.009874536808
0.009832143177
0.009888346513
0.01049302644
0.01089947645
0.01264142711
0.01070096703
0.01023911862
0.01044160311
0.009841635351
0.009476006501
0.01087208213
0.009904328351
0.009743617299
0.009687182079
0.009946889525
0.01059232573
0.01017511484
0.009929288407
0.01055319238
0.009863258768
0.01017845149
0.009896217818
0.009879018705
0.01056044281
0.009810601994
0.0108682193
0.01076200088
0.01058729242
0.01078050789
0.0103614543
0.01110349178
0.01004730018
0.01032460197
0.01109495616
0.009884516752
0.01081612602
0.01104285357
0.01062607531
0.009714246536
0.01050333012
0.01105089697
0.01075491921
0.0119381276
0.01037729032
0.01067061278
0.01125817851
0.01015008085
0.009734449784
0.01080233395
0.0101716494
0.01040431429
0.01058822032
0.009692785725
0.009809525869
0.01037633533
0.009788756822
0.01030423063
0.009650338419
0.01278509309
0.01031473577
0.01139458728
0.01042993059
0.009702652433
0.01049355597
0.01048015717
0.01154550715
0.01035381045
0.01035933921
0.01038265468
0.01063649691
0.01127513801
0.009954232784
0.01071398112
0.00978075922
0.01020772153
0.0101854954
0.01152349214
0.01065295006
0.01047755973
0.01028527954
0.01037301114
0.01055792196
0.01020715751
0.01122679
0.01040513025
0.01085166337
0.01058520024
0.01019661154
0.01011952387
0.01179411496
0.01244941508
0.011325746
0.01060058877
0.01062047411
0.01043829995
0.0101647658
0.01319565682
0.01024789089
0.009722428219
0.009963871197
0.01021616552
0.01163629821
0.01056129325
0.01081552136
0.01023395415
0.01087097694
0.01001377091
0.009812862199
0.009901081512
0.01045699935
0.01144038621
0.01070039099
0.0102639187
0.01018022495
0.01127699554
0.01082971469
0.01133204313
0.01139501266
0.0106805705
0.01118447856
0.01078584653
0.00989179887
0.01037257312
0.01022312508
0.01153765574
0.01066996774
0.01057054412
0.01114908522
0.01140304126
0.01055664013
0.01194495018
0.01034635857
0.01013809116
0.009958702041
0.01040583054
0.01037682824
0.01012820897
0.01036182497
0.009792341463
0.009963762508
0.01028702394
0.01004458592
0.01082463751
0.01026774148
0.01092553348
0.01075322056
0.01044986678
0.01141728355
0.01061142468
0.01005556721
0.01051356466
0.01138258939
0.0103909509
0.01025081405
0.0108396572
0.009992307702
0.01053170577
0.01023332521
0.009909923365
0.0112384888
0.01100133051
0.01093785849
0.01011765326
0.01018439787
0.01077255684
0.0103996689
0.010068557
0.01075765769
0.00999527178
0.009819895836
0.01019535363
0.01101155291
0.01118036412
0.01114814877
0.010892874
0.01041789456
0.01092206282
0.01067942771
0.01037985348
0.0114940543
0.01114656299
0.01118735408
0.01032183664
0.01077711038
0.01004397653
0.01084754288
0.01073862515
0.01029686682
0.01185405428
0.0101355294
0.01040143496
0.01041891132
0.01046631893
0.01136960533
0.01014143674
0.01068031202
0.01004113452
0.01102004002
0.01057370068
0.01003111601
0.009967770227
0.01059631683
0.01086988069
0.01003940313
0.01012207869
0.009779029307
0.009642391145
0.0100222314
0.01008139195
0.01100464653
0.01033210018
0.01056330857
0.01011022518
0.0100327366
0.009966307428
0.01057451564
0.01023812596
0.01084912263
0.009810997702
0.01044735942
0.01063677542
0.01172645155
0.01055887228
0.01013310166
0.01007256917
0.009934160257
0.01029501838
0.01121583012
0.0113936288
0.01152387124
0.01190278006
0.0104961329
0.01072763006
0.01062623659
0.01104204797
0.01036939331
0.01055262429
0.01143780261
0.01103773613
0.01093057108
0.01027305524
0.009967260559
0.01032266448
0.0102213498
0.0107534516
0.009725670518
0.00983704441
0.01103015156
0.01070893334
0.01011245529
0.01140248516
0.01042173906
0.009672815214
0.01131635954
0.01031640624
0.01164225548
0.01019161647
0.01053160189
0.01022654188
0.01149322715
0.01015469364
0.009951627143
0.010650677
0.01151600002
0.01042946156
0.01010766973
0.009870765397
0.009870489824
0.009909376839
0.01082553629
0.01033822356
0.01037875399
0.0104127451
0.0106029923
0.01098942878
0.010809334
0.01021385629
0.01096121075
0.01026244266
0.01004365149
0.009986550693
0.01009274623
0.009860202998
0.01037008318
0.01026929068
0.009950574959
0.009982278433
0.009851710443
0.01059992738
0.0099026877
0.009817981916
0.009934923235
0.01012238056
0.009993444492
0.01037298353
0.01099015806
0.009857807165
0.009957091065
0.01016400234
0.01067948771
0.01024831738
0.01068418197
0.01127230041
0.01049896885
0.0100297583
0.009859014892
0.01027602205
0.0105930629
0.01026948143
0.01090260372
0.01014218167
0.01045097196
0.01120264959
0.01018292247
0.01060729534
0.01111550139
0.01087345446
0.01082273671
0.0107873139
0.01028187679
0.01024576867
0.01000687157
0.01042121599
0.01049334365
0.01080228999
0.01100192827
0.01101164225
0.01154546116
0.01002373795
0.01018147107
0.01034109468
0.01029519752
0.01050434332
0.01033339628
0.01034982298
0.01052063528
0.01010903035
0.009952636245
0.01050070677
0.01009064337
0.01081393571
0.01065638809
0.01085778251
0.01016503334
0.01055276796
0.01018127459
0.01017967594
0.01062241111
0.01084186754
0.01050799634
0.009990295689
0.01052818001
0.01089597166
0.01071930594
0.01056604142
0.009905144078
0.01021154159
0.01110232014
0.0102834626
0.01082198588
0.01041401055
0.01009853689
0.01078393175
0.0101228062
0.01047502759
0.009904329649
0.01081589218
0.01090035085
0.01139921147
0.01140574893
0.0108260235
0.01004973484
0.01000782891
0.01078546382
0.01032736707
0.01055122112
0.01066404686
0.01126424752
0.01054493156
0.01008352592
0.01049674618
0.01026838343
0.01041226507
0.01048436766
0.01030592033
0.01075044025
0.01062988051
0.01062326195
0.009903688354
0.01070102311
0.0108325765
0.0107675276
0.01110302143
0.0106272501
0.01029567331
0.01026959996
0.01148147488
0.01017798256
0.01019382473
0.01032546784
0.01057177842
0.0101744608
0.01000908194
0.00996948417
0.01019062386
0.01134496003
0.01078612453
0.0101790617
0.01063676536
0.01146529318
0.01146670699
0.01042831058
0.01067142093
0.01017755763
0.011082083
0.01018931688
0.01079037912
0.009969432195
0.01003740317
0.01087457899
0.01063813966
0.0105896826
0.01049708285
0.01027835273
0.01027197914
0.010089359
0.01129922807
0.0107054523
0.01025644693
0.01033789685
0.01026996722
0.0105212045
0.01031455641
0.01017344316
0.00999096512
0.01067187024
0.01028688305
0.01025620876
0.01063292534
0.009932803233
0.009939411177
0.0104309759
0.01008861317
0.01012272639
0.009826371902
0.01011691363
0.01063930587
0.01025756542
0.01024590279
0.0104875489
0.01248094146
0.01053200256
0.01032077971
0.01057716477
0.01040331482
0.01066666615
0.01106004471
0.01077504286
0.01103374105
0.009982865097
0.01026176953
0.009968408898
0.01034204357
0.01143628821
0.01137222964
0.01043422979
0.01149915651
0.01009323274
0.01074132156
0.01053438691
0.01034072406
0.01070884775
0.01056078234
0.009983988504
0.01089911012
0.01007135803
0.01084212325
0.009974954656
0.0104278977
0.0100797475
0.01069781695
0.01054845268
0.01080754854
0.01156892083
0.01052825199
0.0103976845
0.01038780978
0.01031830241
0.01033133566
0.01000292083
0.01048149001
0.01033437346
0.01116550239
0.01087261017
0.01128257939
0.01063861539
0.01080432588
0.01042944815
0.01005838442
0.01010744037
0.01022258206
0.01020471891
0.01028440691
0.01005868546
0.01055389653
0.01024601935
0.01083230438
0.01002171394
0.01040866594
0.01050208253
0.01069417206
0.01056548337
0.009824799306
0.01060221091
0.01039436582
0.01108228851
0.01089094371
0.01103895043
0.01064921422
0.01047116464
0.01011767484
0.01030522412
0.01042837286
0.01052190377
0.01042126033
0.01061103189
0.01067783402
0.01077411473
0.01096353834
0.01066305568
0.01028384706
0.01053314525
0.01049967809
0.01037682645
0.01034209599
0.01010084145
0.01037344875
0.01042948768
0.01058314199
0.01043912815
0.01087243742
0.01009140525
0.009992674831
0.01003089751
0.01089001754
0.01031240591
0.01073650532
0.01178701304
0.01086176969
0.01113094393
0.01048899113
0.01006181728
0.00977132011
0.01016768508
0.01049749703
0.01013174314
0.01029768112
0.01016634341
0.01087010892
0.01007362202
0.01032175872
0.01038333903
0.01004827207
0.01039278102
0.01047997481
0.01161203907
0.01049948975
0.01032720514
0.01063180921
0.01025965827
0.01005364816
0.010163056
0.01068966198
0.0104979896
0.01016574989
0.01035335502
0.01033370842
0.009932252942
0.01051237795
0.009909042611
0.009958503373
0.01040198529
0.01046783968
0.01079497162
0.009999522817
0.01007507418
0.01030146378
0.009980175547
0.01026560363
0.01104304248
0.01082394724
0.01001923093
0.0105507819
0.009882554444
0.01084967126
0.01038627403
0.01059101071
0.01007283326
0.01074264907
0.01009798575
0.01083885995
0.01033051381
0.009983538994
0.01005645083
0.01065962957
0.01059219156
0.01100147968
0.01061933731
0.01028959781
0.01061440835
0.01029218917
0.01102653676
0.01051984985
0.01035870172
0.01114514366
0.01035186165
0.01018266966
0.0103527616
0.01081490017
0.01020612747
0.01004017563
0.01011211949
0.01055796032
0.01017883213
0.01039216747
0.0103067201
0.01039991032
0.01026012474
0.01098871464
0.01038484478
0.01055325336
0.01059556656
0.01030665546
0.01039702659
0.01010049842
0.01122710551
0.01018888969
0.01057607616
0.01071008373
0.009982601997
0.0107959969
0.01099480674
0.01031212074
0.01021123815
0.009873176433
0.01027960244
0.01062184459
0.01002017194
0.01063494257
0.0104812238
0.01024464806
0.01008559289
0.01017001763
0.0102988789
0.01006716862
0.01008331084
0.01019920596
0.01048374514
0.0103038037
0.01016975871
0.01065584971
0.01067203415
0.01040988305
0.0100663519
0.01001951866
0.00998713818
0.01025594987
0.01187479171
0.01110477776
0.01020822245
0.01003529294
0.01042338467
0.01064608696
0.01035629217
0.0100349789
0.01017121158
0.01024504379
0.01131761035
0.01006163446
0.01053272788
0.01023633041
0.01006879504
0.01078759225
0.01115696911
0.01018453825
0.01108808713
0.01032899286
0.01019210927
0.0106892817
0.01025893476
0.0103505802
0.0107672758
0.01041214184
0.01044855236
0.01074788629
0.01005807284
0.01029586427
0.01039563931
0.01014599668
0.0101020037
0.01083339759
0.010031186
0.01094781807
0.01038217439
0.01025057355
0.01010207685
0.01024640919
0.010397578
0.01089964808
0.01013760394
0.0104202836
0.01082690733
0.01052122196
0.01008218993
0.009991505989
0.01016075147
0.01033892552
0.01013083932
0.01012348514
0.01050780282
0.01048988621
0.01101180564
0.0101796367
0.01025982236
0.01018417738
0.010538743
0.01053928834
0.01051165792
0.01071998991
0.01025028902
0.01051999586
0.01040851382
0.01060685995
0.01043949412
0.01032169563
0.01042262236
0.01047409918
0.01057260031
0.01113286843
0.01068628889
0.01043360482
0.01034044869
0.01016796948
0.01171936489
0.01023623681
0.01050824051
0.01009673735
0.009959271094
0.01013497716
0.01009218427
0.01032365467
0.01018844271
0.01010607186
0.01066102093
0.01098243373
0.01026222959
0.01039562588
0.01024164858
0.01079794618
0.01009999314
0.01013420896
0.01036337206
0.0100646971
0.01020300181
0.01048725786
0.01043999491
0.01102988733
0.01050429231
0.01069372905
0.0101475486
0.01055075826
0.01061452041
0.01062387019
0.01021311169
0.01075139521
0.01074352659
0.0103923194
0.01009104568
0.01029451799
0.01021414554
0.01055873057
0.0107123389
0.01016782258
0.01093961816
0.01030186305
0.01043401875
0.01015633298
0.01017647408
0.01006596991
0.01030725463
0.01010011591
0.01043847068
0.01054377032
0.01007526409
0.01053769182
0.01021626148
0.01021470978
0.01011407744
0.01063638916
0.01020927802
0.01053412688
0.01059586205
0.01021987732
0.01021016167
0.01107124045
0.01002788859
0.01049568646
0.01095456852
0.01032936801
0.01113648542
0.01056745483
0.01082645885
0.01018255187
0.01003162502
0.01028244536
0.0103627097
0.01033309606
0.01047157349
0.01071312183
0.01117365867
0.01012510206
0.01089040064
0.01040794749
0.009953923535
0.01041171293
0.01008917556
0.01004614108
0.011124225
0.01048475848
0.01051547725
0.01072746601
0.01046037471
0.01036889201
0.01026034046
0.01039068451
0.01074958447
0.01021398219
0.0102084342
0.01008652651
0.01055000583
0.01033112986
0.01028445152
0.01034783257
0.01017354803
0.01020874713
0.01037783463
0.01023320711
0.01023935762
0.009982655648
0.01105645918
0.01041925524
0.01056794872
0.01051981018
0.01048644013
0.01053725322
0.01063296683
0.01039563192
0.0111930272
0.01028367463
0.01051884737
0.01040621601
0.01024004355
0.01075088548
0.01022798761
0.01035479652
0.01111830668
0.01023976287
0.01019112109
0.01049973876
0.01011796425
0.01026895639
0.01007095227
0.01062362573
0.0104429527
0.01041800592
0.0104254231
0.01038406335
0.01047359939
0.01039713242
0.01033935547
0.01017701436
0.01024320413
0.01024933498
0.01064063388
0.01010300974
0.01052185249
0.0103898946
0.01030073101
0.01025410488
0.0101058096
0.01012812342
0.01018710409
0.01019231806
0.01061900774
0.01029529457
0.01033731614
0.01021585864
0.01041222587
0.01020964882
0.01023649135
0.01039262427
0.01043418524
0.009970245649
0.01033558288
0.01040216925
0.01021484717
0.01105815295
0.01119991145
0.01093511559
0.01027966053
0.01023464225
0.01021061794
0.01038741661
0.01002803665
0.0103909536
0.01022628675
0.01021060817
0.01038998318
0.01030720935
0.01027780926
0.01023662897
0.01031402359
0.01116253735
0.01025940267
0.0103268752
0.01011209306
0.01048467218
0.01024670203
0.01078774017
0.01059244538
0.01105872737
0.01043727751
0.01063925252
0.01003030827
0.01093797165
0.01033579442
0.010874061
0.0103199757
0.0105263178
0.01035812641
0.0102617163
0.01026507001
0.01081193843
0.01067003415
0.01025264019
0.01034905486
0.0102266457
0.01039150664
0.01039918766
0.01024293129
0.01072002455
0.01056383617
0.01074515435
0.01006927498
0.01014701239
0.0104531286
0.01032446482
0.01017250355
0.01029755713
0.01016955286
0.01043927132
0.01019318977
0.01048937259
0.0104845448
0.01020498502
0.01025654826
0.01033906719
0.0104742745
0.01055486606
0.01030721866
0.01022424154
0.01010983715
0.01025129961
0.010233984
0.01029580613
0.0102160243
0.01094414263
0.010223416
0.01020171311
0.01007656492
0.01030321738
0.01015574861
0.01009459295
0.01026501011
0.01045754932
0.0104980183
0.0103999181
0.01017945428
0.01034563088
0.01050990075
0.01019447022
0.01010672478
0.01043292806
0.01019342222
0.01057610355
0.01026491211
0.01051493448
0.01074760219
0.01055924356
0.01035527148
0.01026599655
0.01049186031
0.01055362207
0.01024791151
0.01023713414
0.01036800231
0.01048551793
0.0108852833
0.01059679082
0.01046105953
0.0108193704
0.01065922176
0.01052600256
0.01020686208
0.01051339591
0.01061045771
0.01033627295
0.01023654601
0.01016149913
0.01026082257
0.01066490077
0.010143706
0.01024290677
0.01024196468
0.0102922556
0.01031590684
0.0102488185
0.0103172948
0.009976353213
0.01029421408
0.01016482979
0.01044012661
0.01050300066
0.01051068859
0.01029686668
0.01039849909
0.01086048411
0.01023827954
0.01034989947
0.01040927829
0.01027087994
0.01024177812
0.01051252292
0.01034392531
0.01048863593
0.01047124411
0.01038652508
0.01021605483
0.01032347818
0.01048929155
0.01030440504
0.01045284204
0.01048178659
0.01026338707
0.01034458912
0.01027503843
0.01037719154
0.01025378413
0.01099061181
0.01041090648
0.01028793034
0.01024512883
0.01075185703
0.01009130019
0.01048028397
0.01033604079
0.01026481067
0.01031251036
0.01113067399
0.01090209951
0.01043818664
0.0101731899
0.01034236121
0.01019729065
0.01072059554
0.01041235315
0.01037186034
0.01055698605
0.01038940625
0.01070877796
0.01024377467
0.01026881911
0.01019310038
0.01039493498
0.01046608842
0.01078368484
0.01032408678
0.01032717421
0.01062732925
0.01030772488
0.01043861626
0.01040205311
0.01034435693
0.0105962152
0.01075324009
0.0102214495
0.01036082291
0.01043128876
0.01054707176
0.01078714046
0.01062034724
0.01032649754
0.01021309417
0.01053874498
0.01031711672
0.01017280013
0.0103036526
0.01023374305
0.01034635339
0.01060132062
0.01021814535
0.01035029148
0.01025676374
0.01018711677
0.01037510141
0.01037479811
0.0106611626
0.01020320083
0.01053563652
0.01032731837
0.01020971505
0.01047614506
0.01036593493
0.01059306094
0.01033441646
0.01039137147
0.01030934108
0.0102909743
0.0107006162
0.01041988768
0.01036837831
0.01035696975
0.01039153519
0.01033854374
0.01084616898
0.01040528829
0.01015925457
0.01020539267
0.01043305187
0.01061844664
0.01063261401
0.01033976374
0.01039827281
0.01043488627
0.01030498186
0.01044044786
0.01037775058
0.01136447333
0.01036930692
0.01026670874
0.01048912482
0.01061979887
0.01041557445
0.01068926047
0.010328047
0.01025259312
0.01047522562
0.01019158088
0.01026424925
0.01031999021
0.01039465614
0.01024540144
0.01061734815
0.01044153244
0.01056913811
0.01028088205
0.0103960075
0.01034936353
0.01058888625
0.01060123575
0.0102162751
0.01041737896
0.01026680197
0.01057027613
0.01058251305
0.01057999098
0.01038386588
0.01046093177
0.01030823151
0.0103519855
0.01045442367
0.01051247996
0.01083087078
0.01065403338
0.01038882485
0.01032907364
0.01050764448
0.01036354511
0.01049414187
0.01047194721
0.01050595543
0.01080050165
0.01054353319
0.01070240772
0.01045021523
0.01047429479
0.01060123823
0.01041117157
0.01050845675
0.01045232724
0.01039224332
0.01046637899
0.01034456351
0.01050647566
0.01038679624
0.01057494515
0.01094814839
0.01042133308
0.01084740867
0.01038841519
0.01057974729
0.01077221589
0.01043534187
0.01054467538
0.01064222463
0.01034682118
0.01040933577
0.01054065751
0.01053284287
0.01042002004
0.01054312153
0.01056994379
0.01051516821
0.01072670264
0.01091014406
0.01070686354
0.01049880104
0.01058417908
0.01055021464
0.01051156392
0.01064905473
0.01070966844
0.01086590792
0.0107186004
0.01054107356
0.01056567712
0.01058533743
0.01066539072
0.0105371889
0.01065899161
0.01076594082
0.01061617291
0.01053690022
0.01070110718
0.01071249339
0.01063288149
0.01054390827
0.01071074271
0.01062378747
0.01069095199
0.01062953751
0.01065969471
0.01063199483
0.0106452351
0.01071103028
0.01090713237
0.01060829917
0.01059854813
0.01076058062
0.01084852535
0.01115911351
0.01070207291
0.01075488205
0.01063686703
0.01054883878
0.01062424707
0.01083963264
0.01056586836
0.01082093716
0.01079100202
0.01065061553
0.01071567035
0.01073684156
0.01061171951
0.01072093007
0.01067575815
0.01114848132
0.0107474119
0.01084123428
0.01065883827
0.01088082988
0.01066424205
0.01079276088
0.01088190772
0.01076059112
0.01068494343
0.0107569151
0.01096047882
0.01073181899
0.01097840264
0.01101976459
0.01096447166
0.01080771765
0.01074897513
0.010913715
0.01080946914
0.01085523671
0.01086127598
0.01090708147
0.01082185379
0.01078162277
0.01093898018
0.01079394384
0.01089666114
0.01074940506
0.01076946346
0.01086397219
0.01099270878
0.01091252627
0.01098464898
0.01092368572
0.01079915033
0.01087730928
0.01084924575
0.01087606845
0.01096163252
0.01080880801
0.01098950504
0.01075105177
0.010896081
0.01095881138
0.01087122459
0.01073247449
0.01081852638
0.01089632163
0.01093611605
0.01096890584
0.01098888318
0.01088554034
0.01096835833
0.01090006681
0.01085496576
0.01082871564
0.01086900909
0.01088869966
0.01104144241
0.01101242682
0.0108400417
0.01085076245
0.01085646955
0.01080312289
0.01085776435
0.01093378926
0.01101596163
0.01086678305
0.01083472786
0.01092000432
0.01086761977
0.01089470245
0.01075545917
0.0109564544
0.01083377377
0.01093427405
0.01098851652
0.01079686323
0.01091309308
0.01084907626
0.0108284879
0.01082728524
0.01080224615
0.01093753554
0.01077408262
0.01084702384
0.01075826392
0.01082073453
0.01087421015
0.0109085742
0.01077131824
0.01088765962
0.01062361863
0.01070274369
0.01081112754
0.01061278752
0.01071780779
0.01069060216
0.01067710224
0.01070723744
0.01064406259
0.01045384781
0.01057770825
0.01060294528
0.01047832362
0.0105781854
0.0104523578
0.01053190307
0.01036471368
0.01037869479
0.01031521978
0.01021062578
0.01036116166
0.01015006484
0.01018287009
0.01013443977
0.01010575826
0.01009805745
0.01005479208
0.01004099699
0.009995565093
0.009887580741
0.009808252951
0.009850756727
0.009833456015
0.009740385598
0.009660714366
0.009650370956
0.009616826861
0.009586653136
0.009590539151
0.009405242822
0.009404582625
0.009386552302
0.009363507297
0.009340130763
0.00923846015
0.009125852244
0.009213676957
0.009123810771
0.009055362723
0.009132422926
0.009030291788
0.008984497015
0.008968917545
0.008915616902
0.00891569764
0.00889812077
0.008812368549
0.008894432428
0.008811885715
0.00884895565
0.008808805206
0.008904300528
0.008810018307
0.008901510649
0.008885851256
0.008848179973
0.008899413752
0.008974371766
0.008909385628
0.008979961511
0.009050159355
0.009079525587
0.009072006733
0.009189714433
0.009149892241
0.009311384019
0.009254749912
0.009400731141
0.00948504429
0.009545094072
0.009611827954
0.009738101187
0.009844559789
0.01001061202
0.01004446484
0.0101171474
0.01030978238
0.01046093675
0.01053269654
0.01080783118
0.01095081057
0.01108686892
0.01137681147
0.01157129135
0.01179847726
0.01203704852
0.01227517042
0.01236551981
0.01265665191
0.01286848998
0.01336936105
0.01365479194
0.01382139944
0.01427144108
0.01462322417
0.01500150437
0.01546652625
0.01592884657
0.01634154968
0.01658121691
0.01735261103
0.01749757646
0.01841791467
0.01922447953
0.01965642076
0.02038191538
0.02121593651
0.02213273906
0.02314146682
0.02354351496
0.02458895438
0.02556187528
0.02607585809
0.02758369793
0.02820524103
0.02974293752
0.03122960753
0.03268848323
0.03436712153
0.03548383525
0.03742255373
0.03874204491
0.04085920744
0.04249083205
0.04584749303
0.04785465465
0.05049062885
0.0515992115
0.05795127667
0.05869578298
0.06241163582
0.06405485852
0.07009155854
0.06948125039
0.07921825529
0.080855436
0.08605531758
0.08971706236
0.09627387215
0.1062237585
0.108059346
0.1053545111
0.118572116
0.1173392806
0.1252061501
0.1446485512
0.1451242521
0.158993037
0.1702537658
0.1715253594
0.1829090821
0.1844401235
0.2406210354
0.2405635659
0.2093506472
0.203419649
0.1979318612
0.2021239082
0.1987997816
0.2132772309
0.2148815299
0.2441275401
0.2396894103
0.2171596971
0.250717679
0.2230855121
0.2641891161
0.2580098513
0.2499533675
0.2838110971
0.328732597
0.4076561943
0.3204821174
0.2877554091
0.3670602495
0.2556218726
0.2758381536
0.3191389859
0.2729628921
0.2556671945
0.3187368984
0.2982804211
0.2999427508
0.3610935023
0.2908936608
0.4537634692
0.422110668
0.2856838658
0.272938337
0.2367784627
0.2462034233
0.3092512058
0.354229084
0.2876412512
0.2796999912
0.3567073095
0.3074964262
0.3079082538
0.2979340724
0.2841622534
0.443499895
0.2484317679
0.2997185444
0.3216858153
0.2762423505
0.3325026252
0.2992940124
0.3850624752
0.2984357181
0.2831822156
0.4234103736
0.3382288354
0.3338740936
0.3206404087
0.278511637
0.3223971984
0.2757206176
0.3113638698
0.2956997557
0.3586370802
0.3090685478
0.4010829674
0.3797387358
0.3677846404
0.3749662122
0.3564302571
0.2364640759
0.3147752785
0.3177292148
0.2710664851
0.2821014452
0.2898676647
0.3276853321
0.2959843549
0.3104096909
0.3457526434
0.2684913159
0.3090856967
0.3012209956
0.3488068955
0.3183368475
0.3678170389
0.3208477319
0.1866565901
0.3056666642
0.3402665309
0.3228174411
0.2799027901
0.3033936631
0.3245772605
0.6532826112
0.3209093679
0.280808485
0.3004116645
0.3022451533
0.3186968041
0.3883101703
0.2881034902
0.3164831433
0.27010668
0.3620060077
0.3854095501
0.3241031877
0.2888343397
0.2846018728
0.273072958
0.2962862813
0.4576933129
0.2812677343
0.3514323786
0.432295001
0.3166492093
0.3099185999
0.3204863032
0.2944168413
0.3040086657
0.2755028085
0.3044610507
0.3064657519
0.3757025779
0.3506792297
0.3770948077
0.3907879016
0.3360242806
0.3249376962
0.425089608
0.35341692
0.3419533161
0.3001251492
0.3893739066
0.3396216417
0.3637505188
0.3682837677
0.3227669686
0.3424036511
0.3296361912
0.46252292
0.3141273537
0.2921556548
0.4675639854
0.3255150705
0.2850266635
0.2795380455
0.3483457081
0.3468858676
0.4039388559
0.3337468723
0.3500064133
0.3256511695
0.3668883146
0.2827872492
0.3474349831
0.3215810574
0.3605221058
0.4061502045
0.298045172
0.5304162836
0.3039169525
0.3533277113
0.3191974758
0.2976140771
0.3750943684
0.4529713137
0.3696094764
0.3907136942
0.3671381195
0.3482288006
0.3234949697
0.4091346545
0.413972004
0.3402294333
0.3734243332
0.31314161
0.3638978023
0.3352947523
0.3597233362
0.4534262445
0.3088599883
0.4019756472
0.4151042489
0.3362052415
0.3507795811
0.3889294235
0.3189895344
0.4140633933
0.374952392
0.3961894522
0.3858664545
0.5294116624
0.4126768242
0.3658577433
0.371669623
0.3212163446
0.3624028198
0.3688321067
0.2999211646
0.3300861182
0.4233513891
0.3820692282
0.3085419639
0.339710837
0.3885697129
0.369110262
0.3258554712
0.4811174127
0.5178090988
0.520313717
0.311374259
0.3465227282
0.3337864916
0.3696853862
0.3337362115
0.4691311695
0.3279097436
0.3010998153
0.373126954
0.3620499646
0.3566089447
0.4187747515
0.411401275
0.3557462193
0.3407113546
0.3764248424
0.2860140818
0.33247464
0.4368932653
0.4759490088
0.4369984388
0.3728356357
0.3719449249
0.3655832885
0.3836882216
0.3634992073
0.5501058744
0.3214561752
0.3631781812
0.3993354323
0.3823494778
0.4919708058
0.3132129613
0.3462886333
0.3862929797
0.3356597808
0.4114083043
0.390302232
0.4191455029
0.3546308818
0.3320408209
0.3104402294
0.3920294331
0.386754118
0.314034757
0.4530658406
0.7084284588
0.3547092911
0.3229879548
0.4146951969
0.3428435678
0.3955793514
0.3456030319
0.4071831977
0.2911568624
0.361186068
0.4119330435
0.2895531494
0.3171927535
0.4077499836
0.4725046867
0.303075138
0.375975911
0.4603765745
0.343917634
0.3204975367
0.3667280658
0.3515563714
0.2996803183
0.3320257121
0.3926008236
0.3311522272
0.3926062601
0.3947008759
0.3574988749
0.3044171681
0.3404772141
0.6451998531
0.3470854469
0.3914047336
0.3477831179
0.3841567741
0.3995541765
0.3217073619
0.3773659278
0.3236276974
0.4482697701
0.375984205
0.3069019791
0.2738049278
0.3036816909
0.3010095955
0.358105667
0.4272598357
0.3399738805
0.3248063568
0.3085879339
0.3089018635
0.3509722723
0.4508884218
0.3551899764
0.3701563119
0.2772984994
0.3033335133
0.3485823569
0.3280014358
0.3026655412
0.3921394396
0.3787862831
0.2779585332
0.3250458067
0.387167532
0.3713792095
0.3135942643
0.3894933008
0.418499015
0.3280831152
0.378470327
0.381078852
0.4058841124
0.4313543105
0.3640356009
0.3947438085
0.5420523455
0.3544912189
0.4071270057
0.3564540738
0.475068364
0.3227595524
0.3776316629
0.3518402369
0.3531064581
0.3185814045
0.3665326854
0.3147810317
0.4103511508
0.483645079
0.3472009987
0.4316142511
0.3923499246
0.4144579527
0.339340792
0.4053363768
0.490001978
0.3863714613
0.3061042649
0.3183271528
0.3058518426
0.4012967003
0.5040744737
0.4469475196
0.3734225891
0.4045247897
0.3780441475
0.42909886
0.4105702863
0.4975266442
0.5032222876
0.4171379906
0.3766507497
0.342759175
0.3740489024
0.313052781
0.3559705889
0.4170717081
0.435158708
0.3559464726
0.4104763179
0.4448493024
0.4145654624
0.350154039
0.3583758307
0.3976348194
0.4430240436
0.360078207
0.4286458647
0.4724060827
0.3631432923
0.3219324648
0.4524530562
0.3877275454
0.3944171787
0.3832784624
0.4118634098
0.5697461371
0.3728320394
0.3344012197
0.3955100205
0.4796607245
0.378125274
0.4874930221
0.4496421929
0.3769048559
0.3705900456
0.4237422686
0.3797596141
0.4287127226
0.3126221174
0.3909978121
0.4929762288
0.3913884538
0.404416733
0.4741602949
0.420228589
0.3341483805
0.4711279506
0.4067799452
0.3480552757
0.4566118516
0.4218333335
0.3939834525
0.4258731448
0.3402103225
0.3498096229
0.3258990239
0.3240432327
0.4378468977
0.3748262141
0.3246640398
0.3429879754
0.3261420018
0.3499542174
0.4396040546
0.8269860733
0.5462414339
0.3715779724
0.3491938897
0.4868729379
0.3429248965
0.362494196
0.3818596852
0.4686908089
0.3909128157
0.4484349843
0.4814580053
0.3806301275
0.382269884
0.4020798098
0.4540489196
0.4651716655
0.4096020455
0.4144201509
0.3564865822
0.3510423661
0.3451066057
0.4941595289
0.367331527
0.4027945994
0.4328424616
0.4077150227
0.3573353581
0.4328503735
0.3648697394
0.3946733709
0.3910733761
0.4087421941
0.4268186634
0.3719980331
0.5947590976
0.4071275458
0.4641224877
0.5031658467
0.3060471893
0.4532498903
0.3759327198
0.3594320092
0.568355194
0.4924989478
0.5598758704
0.5068621377
0.4646136746
0.4247064156
0.401520235
0.4105887184
0.3526574207
0.4075337475
0.4146448482
0.3683114975
0.3605762012
0.3987371353
0.3917396965
0.4524921733
0.3850050727
0.5658516251
0.5306126844
0.360347666
0.3852221503
0.3875060731
0.4077575907
0.4509054468
0.4444841514
0.4151563276
0.4393984972
0.4453383115
0.4504078926
0.4224132963
0.3551048213
0.4431185331
0.3793702184
0.4534299102
0.4431020265
0.4698751074
0.3832450127
0.4455540622
0.3624949926
0.4112458756
0.5890686365
0.4533841469
0.4939479688
0.4596513443
0.4499776391
0.5015354202
0.399424866
0.5248577598
0.4932043047
0.4651622728
0.4673537912
0.4163164605
0.5366825968
0.5075081448
0.5031560109
0.4262595687
0.4921553218
0.4260416864
0.3371641626
0.5579080759
0.4229479391
0.3858305463
0.4718176166
0.3669596473
0.3657702933
0.4860380746
0.3659161093
0.4682751804
0.3725060032
0.4430196165
0.3624313361
0.4566994296
0.542478725
0.5418059556
0.3865088458
0.4339568251
0.4400330024
0.4912128738
0.392329542
0.3863382724
0.3471490694
0.4778325456
0.3557934378
0.3540461175
0.4089341607
0.4550217773
0.4787442321
0.5721053348
0.3877595924
0.440337384
0.5164004614
0.451620819
0.4117497872
0.5411853413
0.4684919437
0.3919567861
0.4078304572
0.461982418
0.3639390055
0.3679031774
0.468900333
0.4969401885
0.3453123334
0.3316280694
0.6156120984
0.3450460008
0.3835658784
0.4163569442
0.5990811175
0.3854824975
0.5742090915
0.6462869734
0.4336388304
0.3213932319
0.4439534439
0.5027571385
0.409275073
0.4704912456
0.4630756487
0.3960403956
0.803146234
0.5359717154
0.514256516
0.3945153145
0.4058273474
0.576508659
0.4546049435
0.5601332654
0.4779761998
0.39544307
0.4078152812
0.5168127248
0.4688302567
0.5358004668
0.5462389916
0.6733451521
0.3976820749
0.4762808551
0.5126279569
0.6115335284
0.3998829463
0.4099750136
0.5096466857
0.2586876606
0.7356212791
0.3531945991
0.3938705996
0.3975740028
0.4842381176
0.5919314237
0.4536926639
0.4715597892
0.7029511082
0.418732683
0.4192016556
0.3891953535
0.5085562862
0.4164103469
0.4006920246
0.4582317854
0.41656804
0.4607119514
0.3741369141
0.4953668995
0.5938232643
0.4655784423
0.4203207057
0.3544040655
0.4950560043
0.3913060434
0.4513018253
0.4366512579
0.4985926119
0.4312552675
0.6047251052
0.4797910998
0.4765748603
0.4131752677
0.3217349745
0.3801536577
0.5641540821
0.4654194176
0.3895641798
0.4003520028
0.3865673575
0.4015165121
0.3312384078
0.3344174812
0.5020084161
0.563273533
0.4550587487
0.3764338335
0.4111969555
0.4076501317
0.5552334748
0.3940866105
0.3477617089
0.3875527841
0.4558451625
0.3918971872
0.4257171656
0.3833027447
0.3525169688
0.5296335515
0.3324772043
0.5697302863
0.4638690514
0.4011314782
0.3751106636
0.4300444309
0.3797052552
0.4674859767
0.4807407996
0.6794610612
0.3916125327
0.4825360896
0.4055316281
0.4077612591
0.5011099621
0.5374080868
0.4733031457
0.4005130157
0.5317131532
0.2720843125
0.4872253447
0.484686616
0.3529431215
0.4543465206
0.4507165123
0.6769948228
0.4885022153
0.4561500143
0.6746776775
0.3395655129
0.4468923187
0.493591141
0.4621306907
0.4853542601
0.4688658605
0.6962943728
0.5443354861
0.6768607942
0.4369066935
0.5021615473
0.5008320693
0.378551447
0.5885796309
0.4643476611
0.4153654371
0.4837562485
0.7413188452
0.4711182005
0.4347689785
0.4640472782
0.5698022001
0.6562843107
0.4209964795
0.3698420992
0.7213127377
0.5370473815
0.3826973485
0.5468526479
0.3560100939
0.6090585148
0.3973696605
0.4291096821
0.3595069488
0.4229998121
0.404795472
0.5413176736
0.4736288563
0.6157346098
0.4746131645
0.5318199939
0.5004123732
0.4142818454
0.493124042
0.4938125555
0.6314811038
0.4083919773
0.3901577842
0.540368107
0.5861692179
0.5554535069
0.4265192658
0.430574064
0.3171065826
0.4286542936
0.4580961254
0.5188938941
0.4416530079
0.5576497178
0.5061171347
0.4782745168
0.3903675714
0.6109665316
0.4482114422
0.5059994141
0.6265730199
0.4791425403
0.3983786585
0.5907854975
0.4662363024
0.4649932142
0.4108966756
0.4373167188
0.4268666841
0.5943457268
0.4418536311
0.4793653891
0.4635209679
0.4335808929
0.4227882415
0.5413638049
0.5252703739
0.451012627
0.6475412664
0.4306879048
0.4217771911
0.3829716721
0.3602605493
0.4638843228
0.3894184603
0.3882316097
0.6229521143
0.661228908
0.491626658
0.6487992056
0.4328088155
0.586121721
0.5658049251
0.4464176764
0.460211607
0.5254577121
0.4983674311
0.4525671597
0.421523101
0.5455037667
0.5664229735
0.4938728922
0.6927938961
0.7120363162
0.5063278654
0.8064930591
0.4877465838
0.6614504599
0.5825855654
0.5364857524
0.5282644078
0.809774578
0.3016635965
0.6121183155
0.5596409563
0.5745814546
0.4577978508
0.6585641723
0.5344018541
0.6186500176
0.4939945009
0.5492162326
0.5382974156
0.6484386494
0.74417899
0.5299424897
0.7308005152
0.5909166443
0.6401443789
0.4218676189
0.6047902623
0.3600868142
0.4656103271
0.6537860946
0.6331745969
0.5138154656
0.515165261
0.6516786175
0.53338851
0.5366730739
0.6998261338
0.5680698704
0.3835274079
0.5296679026
0.5085035365
0.5912253495
0.3976817549
0.5844906059
0.2928958833
0.593098108
0.4199166557
0.3938238563
0.5011464606
0.5289532463
0.4615400198
0.464795115
0.5706341645
0.4445379197
0.5810792386
0.7035440665
0.6891283144
0.5623124102
0.6950070375
0.4239489474
0.4544192086
0.4585985269
0.602648363
0.4924829136
0.6542765555
0.5548623307
0.4994295184
0.594604303
0.5907834972
0.4348668732
0.4841421146
0.4890115169
0.5289026657
0.5597829687
0.3552066581
0.4275591428
0.3979793361
0.3924577394
0.4852851202
0.427868228
0.4440474157
0.5364404882
0.6086505205
0.6257488035
0.6128970005
0.708363457
0.3930070535
0.5537703977
0.5068192261
0.3708247678
0.4085127508
0.3355004894
0.5014377788
0.4570768876
0.3531026372
0.4474347063
0.6109091137
0.4458777245
0.5619610031
0.5719252222
0.393366753
0.5264975677
0.5245838707
0.4701096475
0.5116262024
0.5833939037
0.4414748121
0.3093152856
0.5595505
0.5034856269
0.5104357418
0.4586189283
0.4542590554
0.5484477539
0.4990959679
0.6380717467
0.2896034192
0.559790385
0.511378507
0.6352856554
0.4476658513
0.7747862307
0.4781649298
0.607314226
0.6120155733
0.526201998
0.6158627018
0.4947273804
0.6417955448
0.5243523206
0.3997787357
0.5927914409
0.4046476167
0.5013835733
0.5352360876
0.5125305597
0.3994311081
0.6926110364
0.556178437
0.3618493518
0.4298882283
0.430697457
0.3566606056
0.412388321
0.509544603
0.5026454419
0.4712998352
0.4966418284
0.6024233134
0.5526704733
0.778338385
0.5528351263
0.6098127715
0.8065711141
0.6009788757
0.3902588054
0.3711147302
0.6507630747
0.5188315706
0.4678605491
0.5462868529
0.54208989
0.48762013
0.4796762333
0.5743208468
0.5232789926
0.6487093912
0.5642848513
0.4186347487
0.5729984442
0.7655438254
0.4542471133
0.7134135372
0.4402556348
0.5987005515
0.5452047153
0.6717867705
0.5369729932
0.5081884018
0.6526290498
0.963728473
0.6352922509
0.5945471214
0.6292759784
0.6784469568
0.6594529666
0.9067170186
0.8170822564
0.4940056881
0.7083653757
0.9041380209
0.6708982006
0.4516147913
0.6582195236
0.417693489
0.8100673502
0.5494394565
0.76828676
0.3986617136
0.5292514905
0.5160104359
0.5322287601
0.5911232418
0.8050746248
0.5356089796
0.8170819693
0.6578834892
0.439434035
0.6459534215
0.6220816788
0.4976668454
0.4948307728
0.3862327545
0.6024434796
0.5029459506
0.8413679123
0.5008969229
0.6228598067
0.7101588317
0.5188652798
0.428964112
0.5220923811
0.5864108288
0.5663746538
0.7210727719
0.5435684128
0.5953975257
0.6096330045
0.5020384962
0.5051671353
0.6067853857
0.6126664374
0.6611714464
0.5868175337
0.5154129328
0.5080874118
0.3618064854
0.5291675108
0.6464995522
0.6786491678
0.6799898953
0.8272721249
0.6386434353
0.4810448399
0.5107420991
0.6041266837
0.6904998956
0.7184382038
0.5085861968
0.5794311541
0.6345858582
0.8475357898
0.5873985818
0.4334327851
0.5278399871
0.911615966
0.5909548126
0.634675211
0.4701537272
0.4236620895
0.3760874533
0.7437159361
0.4346377824
0.7052311493
0.6893787495
0.6774905197
0.7495224099
0.6708201625
0.5401285779
0.567413565
0.6271014522
0.445695462
0.6138070212
0.4870644685
0.6591377178
0.4180824341
0.4394210223
0.3578948427
0.4587366841
0.5637617028
0.5707222009
0.4970902122
0.8107161095
0.5781719901
0.486900333
0.6470877908
0.6130379151
0.606970699
0.8381907346
0.4675167433
0.5402976525
0.8770808859
0.7075781331
0.5128520437
0.4690843527
0.6282134034
0.6680857093
0.7513058489
0.6746347471
0.7041496843
0.906302988
0.6759340634
0.6107526687
0.5643441024
0.5650278689
0.5181678017
0.85657923
0.5789178615
0.6616542123
0.5879375271
0.4858907035
0.9427762999
0.6842464169
0.6926681524
0.6568249762
0.700240709
0.3856305073
0.51942662
0.5602608591
0.5592292121
0.622339948
0.8677748133
0.6327714427
0.6254146432
0.5115497153
0.7647902036
0.568924411
0.4824701841
0.5239832316
0.6615678091
0.6443486589
0.5517316475
0.548009284
0.581572006
0.573537397
0.8258103224
0.4024811239
0.6636794493
0.6968945302
0.3957329201
0.6651770349
0.8075211379
0.4833930095
0.4099933402
0.5838278273
0.8260912558
0.5128021241
0.5632383165
0.4515006647
0.8259202687
0.5300657272
0.6340003424
0.5010799443
0.5805583479
0.5168948859
0.5471339486
0.5329589511
0.3952061785
0.4825430125
0.6100291221
0.451680208
0.8136319388
0.5585564155
0.7680659873
0.6376975748
0.3870916433
0.5856429434
0.4838152358
0.5293712798
0.6841629889
0.4971983162
0.6500323871
0.7859470303
0.7780032284
0.5532930294
0.4663760067
0.4455384691
0.4375477095
0.6387475081
0.375388619
0.4076547999
0.5344370221
0.4340739999
0.4901348573
0.4551295743
0.4234928322
0.9549580773
0.6130660846
0.3968017588
0.6892472757
0.3612108904
0.6979164142
0.7346988527
0.445845442
0.7947526399
0.8546866051
0.6565080181
0.7499660482
0.5074993082
0.9217500316
0.5281672796
0.3976732759
0.5906046837
0.505259244
0.6456491064
0.5478651948
0.7395493848
0.5204449235
0.5977064651
0.3751787273
0.941331622
0.4569010415
0.8325431457
0.4515444269
0.3782191939
0.7380146575
0.4308529498
0.7562679852
0.5355366685
0.4365383311
0.6891836919
0.631643995
0.770401196
0.5046038641
0.4298882087
0.9363268129
0.6164237124
0.7809410615
0.6529774347
0.7433661462
0.4011154162
0.5832061332
0.6973809795
0.5873006545
0.4465774355
0.4491819358
0.4175082393
0.3935997068
0.5717161924
0.5623336883
0.6031734189
0.5838068534
0.5735105837
0.6395943131
0.582795255
0.3909718809
0.7554311024
0.690334994
0.6568225317
0.389867734
0.4612127321
0.3535735001
0.5175826493
0.4021971344
0.4580343368
0.6796803559
0.3865572359
0.4657804478
0.7829655572
0.5205465236
0.534200305
0.4990907213
0.8306203754
0.6581160784
0.6898311117
0.7789381845
0.5726453231
0.7706310018
0.7275332616
0.7838394327
0.4704143752
0.6356760286
0.6147784512
0.4151622951
0.8545704043
0.6202876392
0.5000868192
0.8227142443
0.7796007801
0.6158726805
0.6398331732
0.7375962105
0.6641675289
0.7641352943
0.8053851989
0.7650502424
0.5851326151
0.6886129421
0.6244997878
0.9352898121
0.7465550955
0.7496241116
0.8969608468
0.9628745724
0.8079239015
0.957029796
0.5373013879
0.6451116734
0.492613801
0.7026972985
0.6972879941
0.7563034101
0.8466358412
0.7079904685
0.631162447
0.8814646453
0.9600465251
0.7981427606
0.873571223
0.8922296462
0.7526947573
0.6476264235
0.5627412685
0.6645018413
0.7882582023
0.6701604698
0.4812624437
0.5226888595
0.6791603693
0.7254910964
0.5278100577
0.4442983606
0.6641169346
0.5143286701
0.5637704282
0.8297789353
0.6842938832
0.5302904044
0.4176181025
0.6047726355
0.4831675964
0.6432810157
0.5014304635
0.6356002141
0.4514972472
0.522155204
0.4208381236
0.4310769233
0.5994225155
0.533651286
0.3893428581
0.7189183418
0.4420050241
0.4584892373
0.8645396054
0.8111879508
0.4990726064
0.66041269
0.4897805041
0.6157377655
0.4855153655
0.8457125021
0.5505203908
0.7930300189
0.7134208846
0.8923116265
0.6060939678
0.8590970056
0.524582199
0.9040702794
0.5499469276
0.7243871469
0.9999999379
0.6148347792
0.6052822638
0.900270584
0.8194104051
0.8653255344
0.9206294244
0.5211958251
0.6652704576
0.6529527073
0.8376931699
0.7643771122
0.531851126
0.6951416177
0.5235351441
0.5328936785
0.7110364892
0.7846287165
0.503582855
0.8574992835
0.6555612201
0.5679165547
0.8207231499
0.6970539224
0.6868549435
0.717868967
0.621207578
0.8963086453
0.5931578907
0.7156355795
0.6586420643
0.4327015272
0.9694776983
0.9042301807
0.7859655678
0.8565325632
0.6203390765
0.676536267
0.7355145488
0.6691799913
0.5557140762
0.8145733043
0.8963350242
0.5242045721
0.7079670745
0.7031588066
0.5421003836
0.7300703432
0.5111024031
0.6204813354
0.5203223221
0.5667765387
0.5189502493
0.71558174
0.4540071941
0.7802884721
0.6540472788
0.5441196754
0.4099147841
0.6394242522
0.4352265824
0.571455102
0.821487139
0.6366467803
0.7394756315
0.8253446766
0.8276094495
0.4775587068
0.9068717124
0.7195699892
0.6511073549
0.6032301399
0.4848843517
0.4834449936
0.5522593994
0.6401755432
0.4568658602
0.5673287832
0.5603621458
0.5147206675
0.5510021925
0.60710887
0.5123210044
0.5833487466
0.4182120186
0.4457698812
0.4871928717
0.6001451866
0.6883980932
0.7973553839
0.6322827521
0.831844012
0.5458063436
0.7380025785
0.6076512615
0.7595815485
0.9346953769
0.6023806031
0.6394150384
0.5864167509
0.4908168206
0.9424577208
0.6571850042
0.6365590738
0.7381941818
0.4806597921
0.569745402
0.4559077831
0.9999673631
0.680823605
0.6090307298
0.5476227015
0.6775324517
0.9130097397
0.5553937639
0.5414891242
0.6586333237
0.6499289913
0.549706708
0.5037717829
0.5493058952
0.4918823162
0.5242028791
0.4584479308
0.4678300284
0.4819379572
0.6705012828
0.6474825038
0.4679335287
0.6753204859
0.5155358866
0.5983387319
0.5473909083
0.663323352
0.6547519451
0.6100827582
0.7765079832
0.9356103254
0.7842287556
0.6065951275
0.7463118405
0.4895899545
0.7347491157
0.566509649
0.9999995554
0.8107171322
0.462738797
0.5835850299
0.5519792913
0.857786166
0.8494164811
0.6407365245
0.6561168624
0.5628651521
0.7132558095
0.6905336949
0.6977928888
0.5267966015
0.7266970175
0.6870262881
0.562713206
0.8695085396
0.6239894326
0.6594695922
0.9683596842
0.7137967356
0.6626185431
0.7725773443
0.7131813687
0.4378547882
0.9765049137
0.6557940974
0.7101780429
0.6242832825
0.9246748155
0.6495515612
0.5447757822
0.6272259784
0.6618739188
0.6005436849
0.6027462385
0.6225858446
0.73720822
0.7912697857
0.7501154816
0.6903427069
0.6033061031
0.760939499
0.5807285017
0.7247414692
0.774386777
0.7357721051
0.5417775969
0.5986190366
0.8589070026
0.6292256373
0.7462534451
0.5539703551
0.7779538667
0.8591567078
0.5767585751
0.6071482614
0.6406084037
0.8747018171
0.9038381156
0.8649184581
0.5187097271
0.7616224939
0.843986225
0.603552851
0.5793099529
0.6275581733
0.6538706355
0.6726572254
0.6324258625
0.6288634927
0.5288184248
0.8217427611
0.6588020042
0.9039214361
0.7465763767
0.9348777623
0.5491573994
0.6809206021
0.69995578
0.8714142078
0.5059222948
0.3893662774
0.689264782
0.7303188731
0.4662487126
0.6173827116
0.7663153006
0.6472606006
0.6693770591
0.5427201282
0.5152651853
0.566533147
0.5012243545
0.5234533968
0.7469280651
0.5584603848
0.8294430246
0.5947253299
0.9607671659
0.48797267
0.6153330262
0.7943193858
0.5128907591
0.6187466863
0.7665926281
0.6769308478
0.7715485138
0.5057092197
0.6450638462
0.5315729503
0.6023023357
0.4792759129
0.6078766306
0.4981745289
0.5223955273
0.500770622
0.3797900235
0.4719284393
0.4991428221
0.8623013964
0.6383346856
0.6785087458
0.3804789488
0.569756899
0.7505100935
0.7107306833
0.5496231137
0.5297449738
0.4931704713
0.6844137759
0.7141080504
0.5175742836
0.7496203155
0.373113622
0.6486976234
0.4523101785
0.5411565805
0.7786127253
0.5352512534
0.5414599019
0.8114603528
0.5745929405
0.7854711974
0.5345194331
0.9966537136
0.6163395801
0.7190676091
0.8249171322
0.6705602309
0.4979917205
0.5032526156
0.8944820904
0.689319074
0.8407226603
0.7706629149
0.8651056382
0.7915660441
0.4940904102
0.6613771384
0.6623832272
0.8583730948
0.6678239826
0.6906401513
0.8170056452
0.590276735
0.668463763
0.6693160149
0.8436407308
0.48071897
0.6386954381
0.7490273569
1
0.7262606659
0.8697642182
0.6524855585
0.9837605299
0.7284665942
0.4735587824
0.6022256023
0.4837096284
0.6537581072
0.5876065785
0.6634912501
0.946937817
0.9288681296
0.8322769147
0.8409745509
0.5390469327
0.5516043834
0.5393292153
0.6272274795
0.5708533501
0.8938091258
0.6209906833
0.8822025838
0.5623437128
0.6280378446
0.7565133325
0.9714396518
0.5494516299
0.6215697225
0.8516916034
0.6684069667
0.7365706873
0.7298077358
0.6864179588
0.430450241
0.6418495736
0.6346668915
0.8291295124
0.5367077789
0.9619070471
0.5770711677
0.9997323927
0.6332818133
0.5366743963
0.677565198
0.676797875
0.7631953573
0.8987728735
0.7581269834
0.9090840973
0.5726216986
0.8600785642
0.9999999015
0.7300141366
0.4972477318
0.9218587731
0.8730525684
0.7272123122
0.5140360451
0.8263154405
0.7048929029
0.9025020344
0.5679468457
0.9351529464
0.5768188517
0.597422633
0.8032432813
0.9219211531
0.8009814369
0.8142894626
0.9544605661
0.9113901141
0.6745319061
0.8909560394
0.9982856408
0.937175664
0.9540049221
1
0.4387718844
0.9717401213
0.6981830944
0.757588493
0.4630072598
0.6300270641
0.9338370843
0.6736826919
0.6787097232
0.645928586
0.8384109713
0.9087930403
0.7068930384
0.6247839505
0.8249528769
0.6295256476
0.5547534116
0.5895277925
0.8642954607
0.9192983259
0.7307130389
0.8425423255
0.8305173558
0.6922469335
0.7680005272
0.5171869347
0.7035415714
0.992107068
0.6317902957
0.7641004536
0.6622232229
0.8446118514
0.5897860214
0.7063886585
0.5826344986
0.6010824868
0.5136117899
0.9085536276
0.9231735522
0.8808247241
0.7116030735
0.7421785967
0.6917655095
0.9648157154
0.7022235205
0.8430619048
0.9999999998
0.5942467986
0.642654748
0.649625126
0.7146811157
0.6136083148
0.5879589512
0.6164315678
0.5359325193
0.7526189089
0.8364749917
0.9943040874
1
0.7106513743
0.9105542056
0.7512049261
0.9804562923
0.6109366315
0.692257105
0.6580163133
0.6397525728
0.5681064618
0.9999998508
0.75300279
0.6515259554
0.8525778195
0.5646190886
0.8514884256
0.5288692556
0.9832734348
0.7300217104
0.8433655173
0.8917585717
0.8378352284
0.6786541702
0.6057644583
0.9999998535
0.5908264935
0.7335132576
0.8082423589
0.5902361225
0.9124990379
0.6126543196
0.5560345122
0.7035234987
0.9056315197
0.724876067
0.8159026313
0.876386268
0.6481373089
0.5853601802
0.5299091532
0.5166612948
0.8290899042
0.6198608409
0.6259524003
0.7158673447
0.6107258013
0.4707183457
0.7773148256
0.5443699692
0.574049809
0.5398470271
0.7121424509
0.5943630777
0.774645343
0.7576506282
0.5946870239
0.8081155405
0.5086521789
0.3633158354
0.8586117506
0.8625604122
0.747106122
0.4051028532
0.6634646517
0.6821171033
0.5682864702
0.7481604409
0.59420044
0.6189313884
0.8497955273
0.7099991881
0.7800509494
0.6109921582
0.8937694236
0.4949642695
0.6015595986
0.4600578531
0.7058928534
0.7076125653
0.580796507
0.3934288406
0.8716783218
0.8898026855
0.9005181898
0.5414454429
0.6140599879
0.7372452371
0.6461941525
0.6437310283
0.5739583715
0.6861862388
0.5590688387
0.6128985762
0.6432749481
0.8203369555
0.7839192478
0.3741165509
0.9303703933
0.6854490018
0.6620679796
0.7433910709
0.8999483366
0.588331723
0.9711102902
0.5609614996
0.9051307707
0.8633596938
0.9108043267
0.83442855
0.7331453483
1
0.661237726
0.8032380006
0.7673294172
0.581219379
0.7542334213
0.7086828647
0.5406720366
0.8483291348
0.962243028
0.6544515435
0.7065069592
0.9452675409
0.992034843
0.6076519239
0.6937436493
0.6219906207
0.49779155
0.6929784286
0.806523495
0.664591797
0.616334801
0.6650277255
0.541349221
0.8108213352
0.5457573256
0.755603475
0.6317012625
0.8149117694
0.8812574171
0.5473522666
0.7961857875
0.9122879534
0.9496144455
0.5694975154
0.6744829962
0.8049405013
0.8849159381
0.9334438542
0.7163538139
0.9999789388
0.9947167496
0.5317068793
1
0.6978951056
0.7048305841
0.9999997056
0.8302504483
0.904677338
0.8182996669
0.9995722195
0.7486546486
1
0.7231695882
0.8258669781
0.7231344822
1
0.9684075318
0.716069237
0.8904643755
1
0.9999977049
0.9293651681
0.5424299947
0.9762227242
0.6338439732
0.6889862417
0.9607641534
0.9755042787
0.9128158023
0.6115647474
0.755061164
0.9183916439
0.9105102471
0.608661602
0.775805924
0.6456621641
0.8172381349
0.8186684051
1
0.8053949543
1
1
0.7583112147
0.9942902386
0.5823700212
1
0.7132539536
0.6591694972
1
0.9167827549
1
1
0.9540997286
1
0.8274981772
0.9181863488
0.8891150389
0.6174215502
0.831906688
0.9999999917
0.9990584924
0.6969037334
0.7608012169
0.5872250892
0.8907610644
0.5992522202
0.9963023515
0.4747349722
0.8578991737
0.8785599651
0.7363335486
0.9039060968
0.5298151235
0.635832748
0.8383868823
0.7216862747
0.6540995412
0.9432821268
0.667708472
0.5826671932
0.8893989088
0.5801994113
0.6892002141
0.8340883652
0.6005839496
0.6645546245
0.6266286943
0.9182489425
0.5571886191
0.9089100692
0.6969531801
1
0.7651442797
0.6395370646
0.6228290171
0.9057980549
0.880714115
0.6466473847
0.5617417601
0.5966292124
0.5524588462
0.7904092715
0.6366550299
0.6912079983
0.7326231291
0.9856615868
1
1
0.9995598024
0.8325159146
0.6406598265
0.7245985505
1
0.5756896964
0.8717990416
0.5766987001
0.8136754471
0.9477493899
0.6689521259
0.7416111852
0.6606694824
0.7785511662
0.8292624913
0.6481102381
0.8422074341
0.785556692
0.8618722981
0.9250433391
0.9320514935
0.9595222319
0.7414710096
0.6249979898
0.6588952836
0.7624508354
0.6628404076
0.8452032138
0.8124196547
0.7850894958
0.8067941348
0.7163020478
0.8952967888
0.943427352
0.9097483439
0.62622998
0.6764456114
0.8796857927
0.4574343144
0.7845148384
0.8759913332
0.6501415234
0.4819330456
0.9678454841
0.671253451
0.9902010362
0.8621822056
0.653435725
1
0.8704587026
0.550669668
0.9195629496
0.8584500101
0.5734935961
0.9999179488
0.7836249573
0.9571367303
0.7469182504
0.5505734514
0.9013812162
0.6133439557
0.8233635327
0.4964964876
1
0.5766308307
0.9115955557
0.4766154293
0.5483956733
0.6474647113
0.6447244763
0.6211547621
0.9278777711
0.558516554
0.8029074968
0.8033600548
0.895595715
0.6465671329
0.560644445
0.6614508611
0.9999775469
0.4822050658
0.6023385276
0.8238126047
0.821711848
0.6430705463
0.6580127083
0.6170394933
0.5868687374
0.4902200996
0.6696537818
0.5444326442
0.8912738668
0.7291568993
0.9791574306
0.599697432
0.8253264651
0.6856046508
0.6805051899
0.5288175842
0.7845264852
0.5642331472
0.7143043192
0.7031342536
0.5716832409
0.4593150885
0.6637590271
0.569236847
0.6869415913
0.8036102841
0.7307706973
0.8116539267
0.7678490345
0.8916283818
0.6784044363
0.9701601092
0.9261988309
0.9700972998
0.6436359562
0.9893003002
0.7098720248
1
0.7500787192
0.9999911216
1
1
1
0.9999627534
0.9517481678
0.8571550902
0.8889597647
0.9819238823
0.8920640025
1
0.8972015787
1
0.9961192604
0.7278129485
0.9236959007
1
0.9600352605
0.8914441276
0.9341108056
0.8630276496
1
0.972196609
0.963309025
0.8244350631
0.716529627
0.7093437392
0.8722300434
0.7342604495
0.7149091451
0.9367488948
0.8589772159
0.6799937282
0.7513470363
0.5646363852
1
0.6470944384
0.7024289966
0.837332153
0.7786563965
0.9058125032
0.8805710104
0.6447635218
0.9082808114
0.6227924177
0.5829375925
0.521267052
0.6831861818
0.9645530811
0.9901116839
1
0.5890194248
0.890255442
0.7124173662
1
0.6637462059
0.7306571133
1
0.999999843
0.9691030931
0.7238848658
1
0.7215008653
1
0.684873404
1
0.957319964
0.7291104726
0.8263515233
0.9969447695
0.8998158295
0.9397717152
0.7041763213
0.686245799
0.9620891711
0.9254614084
0.9325144908
0.9701483052
0.8847077882
0.9948929867
0.8262938791
0.8408646088
0.9434589009
0.7126227868
0.8530000301
0.9369247289
0.9758947807
0.9999996323
0.9717373418
0.5635465443
0.7108562613
1
0.9173983754
0.7389265055
1
0.9127159103
1
0.905850965
0.8646491423
1
1
0.7898087453
1
1
0.9999874805
0.9455158221
0.6237298761
0.826171018
0.9999982894
0.9908968763
0.9668124998
0.9558103143
0.5411574874
0.8352051845
0.6870937387
0.7515109688
0.574554065
0.968093267
0.6644129725
0.7080961793
0.9435096729
0.926659012
0.6955540918
0.90482705
0.9999906567
0.7379408045
0.7072868351
0.7213281102
0.613818953
0.7707190968
1
0.7331697248
1
1
1
0.9023651934
0.9999972523
0.8731131676
0.8026968389
0.819400216
0.7724227586
0.720430536
1
0.8202301123
1
0.833510625
0.9999999997
1
1
0.9915080909
0.7166899891
1
0.7389830155
0.6635819293
0.6956617474
1
1
0.9558967096
1
0.8943689941
0.7014836137
0.6969214994
1
1
1
1
1
0.9315445861
1
1
0.9999912771
0.6876139866
0.8848238766
1
0.9319794449
1
0.9176417678
1
0.9977926787
0.9306450064
1
1
1
0.7486224659
1
1
0.9999758302
1
1
0.6957617778
0.6446228263
0.9948518858
0.7828113479
1
0.9999943148
1
0.8850957224
0.9918287248
0.7066041745
0.6844184495
0.9999999217
0.743310074
0.883749108
1
1
0.6803623993
0.7462720945
0.8114116483
