#################################### 
# Matrix Size= (25,25,400)
# Resol      = (1,1,4000)
# VoxelSize  = (25,25,0.1)
# nbVal      = 4000
#################################### 
1.871582886e-05
1.90080476e-05
1.916585609e-05
1.959396461e-05
1.942652068e-05
1.965445466e-05
1.973372945e-05
1.969172171e-05
1.97339966e-05
1.967000215e-05
1.98713005e-05
1.966365716e-05
1.972929163e-05
1.993148411e-05
1.952750113e-05
1.964853008e-05
1.976751789e-05
1.957239161e-05
1.978343242e-05
1.975386431e-05
2.005743377e-05
1.986361305e-05
1.989769071e-05
2.009262675e-05
2.040126628e-05
2.029400099e-05
1.997704446e-05
2.024143569e-05
2.021276617e-05
1.997401525e-05
1.985992909e-05
1.976324075e-05
2.003494232e-05
2.021211555e-05
2.007265874e-05
2.032160862e-05
1.994628121e-05
2.020885767e-05
1.966382513e-05
2.003350773e-05
1.99416774e-05
2.003022952e-05
2.018849628e-05
2.002296801e-05
2.013683155e-05
2.022177968e-05
2.03319129e-05
2.028645024e-05
2.005352472e-05
2.013515917e-05
2.007295562e-05
2.05462187e-05
1.983853394e-05
1.983474621e-05
2.009637893e-05
2.010541362e-05
2.031627979e-05
2.03525883e-05
2.029188043e-05
2.024661661e-05
1.987860785e-05
2.013027258e-05
2.046445128e-05
2.033913291e-05
2.016598168e-05
2.056035102e-05
2.038851346e-05
2.016904349e-05
2.018610502e-05
2.039424849e-05
2.066624528e-05
2.048735446e-05
2.016419971e-05
2.039008163e-05
2.035730638e-05
1.993159774e-05
2.015479614e-05
2.039694761e-05
2.044338315e-05
2.039561279e-05
2.051507958e-05
2.067955679e-05
2.053940977e-05
2.031917611e-05
2.05920615e-05
2.068546584e-05
2.059016893e-05
2.039120519e-05
2.053473223e-05
2.082606581e-05
2.032681104e-05
2.03567077e-05
2.054451507e-05
2.026167367e-05
2.045281597e-05
2.088741218e-05
2.037491658e-05
2.031403153e-05
2.037951628e-05
2.107770933e-05
2.085167915e-05
2.056298816e-05
2.044223202e-05
2.029931214e-05
2.066980281e-05
2.079708252e-05
2.061245546e-05
2.060003532e-05
2.058431514e-05
2.063796602e-05
2.073778169e-05
2.055379268e-05
2.069569951e-05
2.084523594e-05
2.053710713e-05
2.059864671e-05
2.0813282e-05
2.110420118e-05
2.075791215e-05
2.076148234e-05
2.075497601e-05
2.050408167e-05
2.069256362e-05
2.075368212e-05
2.091489815e-05
2.114593411e-05
2.08252815e-05
2.068871246e-05
2.070146448e-05
2.099610958e-05
2.114036266e-05
2.111723448e-05
2.074211445e-05
2.071886291e-05
2.076766674e-05
2.065313764e-05
2.087802404e-05
2.102343517e-05
2.073019774e-05
2.105424415e-05
2.085264899e-05
2.090344908e-05
2.079022246e-05
2.101031454e-05
2.097860841e-05
2.073453587e-05
2.103390091e-05
2.09422666e-05
2.096577778e-05
2.062110614e-05
2.058026848e-05
2.12606101e-05
2.108017192e-05
2.098174097e-05
2.10992279e-05
2.132818625e-05
2.114331745e-05
2.11922457e-05
2.092843879e-05
2.079292083e-05
2.125393446e-05
2.085795329e-05
2.059907628e-05
2.14788655e-05
2.10906132e-05
2.113115619e-05
2.121432338e-05
2.115303925e-05
2.113528971e-05
2.154905665e-05
2.153527614e-05
2.14317807e-05
2.093751703e-05
2.114875531e-05
2.074901072e-05
2.124570208e-05
2.129759603e-05
2.090840654e-05
2.103682739e-05
2.104749899e-05
2.1142633e-05
2.126771807e-05
2.111242331e-05
2.074978305e-05
2.102625463e-05
2.123744113e-05
2.176153806e-05
2.135954435e-05
2.150890599e-05
2.117434543e-05
2.097805832e-05
2.151500246e-05
2.142342396e-05
2.142916436e-05
2.150201505e-05
2.133216109e-05
2.142359557e-05
2.119731483e-05
2.13672793e-05
2.118721724e-05
2.15354993e-05
2.159261251e-05
2.123339804e-05
2.104911159e-05
2.130085059e-05
2.140859127e-05
2.135072852e-05
2.130600231e-05
2.163955372e-05
2.097000807e-05
2.144586428e-05
2.130703222e-05
2.162979625e-05
2.160627513e-05
2.134802855e-05
2.151087312e-05
2.133051776e-05
2.134695171e-05
2.163920459e-05
2.148692899e-05
2.153551816e-05
2.144551252e-05
2.168792363e-05
2.144104618e-05
2.165491065e-05
2.118511259e-05
2.147107772e-05
2.129305465e-05
2.168078585e-05
2.171657003e-05
2.12386417e-05
2.148584691e-05
2.157515587e-05
2.159153909e-05
2.148564292e-05
2.158017303e-05
2.181671991e-05
2.154630555e-05
2.157421945e-05
2.179901637e-05
2.187872259e-05
2.164374682e-05
2.179950597e-05
2.156577172e-05
2.167876417e-05
2.157235945e-05
2.141112823e-05
2.129214218e-05
2.161654672e-05
2.168244451e-05
2.160854527e-05
2.15950034e-05
2.161006805e-05
2.161879111e-05
2.185128308e-05
2.160857444e-05
2.157739462e-05
2.137463099e-05
2.171526455e-05
2.138458323e-05
2.183823862e-05
2.206271626e-05
2.200033252e-05
2.169633179e-05
2.175957693e-05
2.142355511e-05
2.153568024e-05
2.184503305e-05
2.181877958e-05
2.18066201e-05
2.179140998e-05
2.211372158e-05
2.18918005e-05
2.194385818e-05
2.214197664e-05
2.20514273e-05
2.204245297e-05
2.192851589e-05
2.222042091e-05
2.181117618e-05
2.184188938e-05
2.187584947e-05
2.215531212e-05
2.169313531e-05
2.18830099e-05
2.197577052e-05
2.157776964e-05
2.16137931e-05
2.162769755e-05
2.166132217e-05
2.233136483e-05
2.179725893e-05
2.17784927e-05
2.170918444e-05
2.198387199e-05
2.18554759e-05
2.197838936e-05
2.175301154e-05
2.182151717e-05
2.18045098e-05
2.185528884e-05
2.176105752e-05
2.216918684e-05
2.206815452e-05
2.20166012e-05
2.194632304e-05
2.195370352e-05
2.158023595e-05
2.195945167e-05
2.193164088e-05
2.200428244e-05
2.19397965e-05
2.198632991e-05
2.218752949e-05
2.193391589e-05
2.22543246e-05
2.218280959e-05
2.222017729e-05
2.205774294e-05
2.221835999e-05
2.21785287e-05
2.160504917e-05
2.202901733e-05
2.214210873e-05
2.232313312e-05
2.248593432e-05
2.214577488e-05
2.182834247e-05
2.186731584e-05
2.240072673e-05
2.203314826e-05
2.225908233e-05
2.171194005e-05
2.230011479e-05
2.196471873e-05
2.214450981e-05
2.225608885e-05
2.194001224e-05
2.194112627e-05
2.215122022e-05
2.193958808e-05
2.221733452e-05
2.216121128e-05
2.240316663e-05
2.239539419e-05
2.217841227e-05
2.225495965e-05
2.22574106e-05
2.241659863e-05
2.222912113e-05
2.204556354e-05
2.212559509e-05
2.258795358e-05
2.245772785e-05
2.213775747e-05
2.246356419e-05
2.233848675e-05
2.227724338e-05
2.252484179e-05
2.255666546e-05
2.225984188e-05
2.20053072e-05
2.214611945e-05
2.252502041e-05
2.251406638e-05
2.230573862e-05
2.236502818e-05
2.239704334e-05
2.253813236e-05
2.235715423e-05
2.29618818e-05
2.231689306e-05
2.24265433e-05
2.255125552e-05
2.234815514e-05
2.210225052e-05
2.225060983e-05
2.247322112e-05
2.237897727e-05
2.278936663e-05
2.239245808e-05
2.251533751e-05
2.250865595e-05
2.209314519e-05
2.214180473e-05
2.254278536e-05
2.214326975e-05
2.218230084e-05
2.199590431e-05
2.262924515e-05
2.295819771e-05
2.251361693e-05
2.252576284e-05
2.243715071e-05
2.251478661e-05
2.269813874e-05
2.242722535e-05
2.257949243e-05
2.26109293e-05
2.24143375e-05
2.278144809e-05
2.255821427e-05
2.243436819e-05
2.253965709e-05
2.24135905e-05
2.231072405e-05
2.271905191e-05
2.253823473e-05
2.296246213e-05
2.267586195e-05
2.245955292e-05
2.251306041e-05
2.267634329e-05
2.261998199e-05
2.243299915e-05
2.260807137e-05
2.255788563e-05
2.273427964e-05
2.313685769e-05
2.244193057e-05
2.249650976e-05
2.273260309e-05
2.273257757e-05
2.290857246e-05
2.251373748e-05
2.272875711e-05
2.298479698e-05
2.232811416e-05
2.281765357e-05
2.224234419e-05
2.241921698e-05
2.27666263e-05
2.288610723e-05
2.272062573e-05
2.25453369e-05
2.304215787e-05
2.281104947e-05
2.284341976e-05
2.274264916e-05
2.228285223e-05
2.299068543e-05
2.266694159e-05
2.275800022e-05
2.251544007e-05
2.253179463e-05
2.301458205e-05
2.293794224e-05
2.256780809e-05
2.288258602e-05
2.275435443e-05
2.265714274e-05
2.293337025e-05
2.26522626e-05
2.272556984e-05
2.265053551e-05
2.32116733e-05
2.284059364e-05
2.297108797e-05
2.275277764e-05
2.268930359e-05
2.284231318e-05
2.287380492e-05
2.296573701e-05
2.295955598e-05
2.288094515e-05
2.312815817e-05
2.287991236e-05
2.302982315e-05
2.297911354e-05
2.29890182e-05
2.314838774e-05
2.275483321e-05
2.303304941e-05
2.311233785e-05
2.298029372e-05
2.318134985e-05
2.30454807e-05
2.331553473e-05
2.302981224e-05
2.299459592e-05
2.301006246e-05
2.299446831e-05
2.350356085e-05
2.28407195e-05
2.274257945e-05
2.308072502e-05
2.341066064e-05
2.309359424e-05
2.309031609e-05
2.306797118e-05
2.317803829e-05
2.295973668e-05
2.321451496e-05
2.360827511e-05
2.323459976e-05
2.324243976e-05
2.335564094e-05
2.323319024e-05
2.343488183e-05
2.340224851e-05
2.33035716e-05
2.306280179e-05
2.325240011e-05
2.332944052e-05
2.292641501e-05
2.350662789e-05
2.345726653e-05
2.383407725e-05
2.330344658e-05
2.324700543e-05
2.304062809e-05
2.347685345e-05
2.34861449e-05
2.319139973e-05
2.326153234e-05
2.331494345e-05
2.317074353e-05
2.374759538e-05
2.315608078e-05
2.32409516e-05
2.327705615e-05
2.324341472e-05
2.362571614e-05
2.389212589e-05
2.350319214e-05
2.326913771e-05
2.351851935e-05
2.345702071e-05
2.327774267e-05
2.355917087e-05
2.331200785e-05
2.299535685e-05
2.335225651e-05
2.3646983e-05
2.394439052e-05
2.339864434e-05
2.351995569e-05
2.356317654e-05
2.366910307e-05
2.370143063e-05
2.320084735e-05
2.380998965e-05
2.345138526e-05
2.316761613e-05
2.343579533e-05
2.335365074e-05
2.351128161e-05
2.374234132e-05
2.326986424e-05
2.33040633e-05
2.347255762e-05
2.359216043e-05
2.342230337e-05
2.362353127e-05
2.351874219e-05
2.37539912e-05
2.395078996e-05
2.397827328e-05
2.35785996e-05
2.356701881e-05
2.33059989e-05
2.373136715e-05
2.393522961e-05
2.382609133e-05
2.357835432e-05
2.352114174e-05
2.381278228e-05
2.326696158e-05
2.381463993e-05
2.369124074e-05
2.375069e-05
2.365122474e-05
2.37247316e-05
2.394006298e-05
2.373290628e-05
2.382497548e-05
2.400189015e-05
2.370695773e-05
2.353997832e-05
2.370628869e-05
2.354743362e-05
2.396424076e-05
2.334623533e-05
2.360943315e-05
2.368226006e-05
2.399270875e-05
2.398679896e-05
2.388941192e-05
2.402565536e-05
2.408955446e-05
2.398685539e-05
2.363468377e-05
2.398162412e-05
2.389122824e-05
2.3625735e-05
2.365630528e-05
2.41498588e-05
2.405417961e-05
2.40128859e-05
2.427617901e-05
2.40578843e-05
2.381094853e-05
2.377046112e-05
2.370578988e-05
2.389449959e-05
2.419668899e-05
2.407583749e-05
2.392546748e-05
2.403789582e-05
2.378430344e-05
2.364663834e-05
2.36492217e-05
2.409595706e-05
2.388911486e-05
2.399804961e-05
2.405684781e-05
2.383163368e-05
2.453122369e-05
2.377052533e-05
2.385300695e-05
2.366015117e-05
2.387214905e-05
2.395568203e-05
2.425421147e-05
2.42869861e-05
2.376909688e-05
2.396670732e-05
2.410274187e-05
2.43769881e-05
2.418017714e-05
2.427155313e-05
2.422737451e-05
2.393058278e-05
2.416019629e-05
2.39664385e-05
2.43963799e-05
2.410011286e-05
2.435385396e-05
2.374420761e-05
2.39284974e-05
2.415532845e-05
2.409342581e-05
2.440035596e-05
2.400683294e-05
2.426318316e-05
2.450722194e-05
2.433774586e-05
2.45400909e-05
2.44216783e-05
2.433408285e-05
2.457804778e-05
2.465004371e-05
2.445319514e-05
2.406622122e-05
2.430201197e-05
2.42306943e-05
2.458413058e-05
2.422471563e-05
2.487167509e-05
2.434486906e-05
2.427155124e-05
2.417844913e-05
2.408562113e-05
2.411615089e-05
2.429057651e-05
2.447919404e-05
2.444184229e-05
2.427997527e-05
2.484259357e-05
2.455201195e-05
2.454051229e-05
2.499139595e-05
2.482621193e-05
2.444145932e-05
2.469513466e-05
2.459952002e-05
2.455722631e-05
2.428929294e-05
2.481461739e-05
2.493483471e-05
2.458414764e-05
2.444452e-05
2.468083063e-05
2.462720935e-05
2.479803492e-05
2.448221311e-05
2.503102502e-05
2.491728995e-05
2.447136067e-05
2.43208916e-05
2.477329711e-05
2.484086472e-05
2.451627322e-05
2.456290702e-05
2.523101797e-05
2.455163838e-05
2.445836228e-05
2.489061854e-05
2.452816634e-05
2.464460765e-05
2.492841186e-05
2.444923453e-05
2.499851783e-05
2.472555016e-05
2.480710614e-05
2.480082146e-05
2.486050394e-05
2.482830867e-05
2.488584946e-05
2.509659744e-05
2.491673537e-05
2.455949848e-05
2.489444188e-05
2.507798756e-05
2.51371401e-05
2.487700311e-05
2.477715879e-05
2.517564805e-05
2.520656552e-05
2.533925781e-05
2.507811261e-05
2.512039586e-05
2.465700544e-05
2.517762217e-05
2.483281254e-05
2.526321714e-05
2.50917099e-05
2.503891284e-05
2.535861249e-05
2.505278702e-05
2.490632888e-05
2.512849591e-05
2.49813473e-05
2.508627483e-05
2.545578999e-05
2.529597945e-05
2.527463874e-05
2.543234963e-05
2.483560347e-05
2.512235912e-05
2.494409305e-05
2.548172531e-05
2.515099437e-05
2.506938068e-05
2.524222966e-05
2.560940833e-05
2.506529363e-05
2.515790152e-05
2.562593378e-05
2.557878656e-05
2.539011577e-05
2.525198297e-05
2.560704778e-05
2.527693596e-05
2.53864912e-05
2.516017487e-05
2.542150902e-05
2.533033325e-05
2.5688136e-05
2.577934723e-05
2.574540086e-05
2.515196784e-05
2.561458638e-05
2.576338608e-05
2.530439444e-05
2.580403544e-05
2.569055574e-05
2.565946578e-05
2.575586341e-05
2.562485063e-05
2.546194071e-05
2.553242304e-05
2.580369284e-05
2.540003457e-05
2.576722273e-05
2.573636604e-05
2.553235602e-05
2.594668345e-05
2.601192259e-05
2.603011776e-05
2.556772233e-05
2.557197615e-05
2.563718986e-05
2.556306797e-05
2.557814098e-05
2.598747272e-05
2.549462341e-05
2.57887606e-05
2.541607306e-05
2.52930182e-05
2.558155854e-05
2.614894129e-05
2.603446349e-05
2.59053907e-05
2.577863811e-05
2.5930808e-05
2.555138254e-05
2.587601519e-05
2.586484995e-05
2.601093037e-05
2.561938552e-05
2.6046787e-05
2.528893947e-05
2.588956119e-05
2.6132466e-05
2.588787023e-05
2.58788473e-05
2.608655608e-05
2.578674921e-05
2.605610212e-05
2.589299062e-05
2.662917659e-05
2.637628679e-05
2.601991814e-05
2.611372891e-05
2.615431106e-05
2.617035327e-05
2.597803879e-05
2.597960469e-05
2.568568342e-05
2.613207148e-05
2.623722377e-05
2.6273133e-05
2.643708091e-05
2.636907599e-05
2.622851979e-05
2.602586591e-05
2.611599159e-05
2.617852609e-05
2.596593438e-05
2.628381178e-05
2.647141684e-05
2.618965356e-05
2.671074118e-05
2.635057831e-05
2.646580649e-05
2.626810132e-05
2.661287597e-05
2.624889653e-05
2.608033324e-05
2.638965763e-05
2.644233863e-05
2.610873168e-05
2.634478785e-05
2.666452957e-05
2.648779881e-05
2.64096675e-05
2.654676176e-05
2.640369828e-05
2.685002803e-05
2.706564297e-05
2.62291654e-05
2.678316454e-05
2.589075804e-05
2.618812751e-05
2.674166151e-05
2.632821875e-05
2.674953551e-05
2.680938305e-05
2.660809641e-05
2.684490402e-05
2.667617941e-05
2.688139187e-05
2.649730074e-05
2.621493322e-05
2.636951216e-05
2.675815199e-05
2.676653274e-05
2.71185874e-05
2.646422467e-05
2.702169365e-05
2.659196272e-05
2.657118198e-05
2.682597501e-05
2.686338732e-05
2.714638241e-05
2.670935565e-05
2.68192449e-05
2.672286307e-05
2.690820771e-05
2.715516594e-05
2.667818677e-05
2.694811631e-05
2.668026693e-05
2.693417312e-05
2.674679954e-05
2.695376178e-05
2.703886308e-05
2.670079393e-05
2.704719021e-05
2.742590484e-05
2.661517373e-05
2.743382837e-05
2.670522932e-05
2.696081917e-05
2.730479945e-05
2.691187414e-05
2.693315526e-05
2.713745178e-05
2.704050212e-05
2.671972005e-05
2.722778655e-05
2.679980701e-05
2.757580211e-05
2.698085948e-05
2.717408199e-05
2.742843438e-05
2.702268466e-05
2.725003186e-05
2.709736233e-05
2.686500618e-05
2.705784928e-05
2.679377014e-05
2.689112436e-05
2.744928688e-05
2.696751761e-05
2.726640307e-05
2.773045692e-05
2.704515506e-05
2.75362267e-05
2.756520179e-05
2.709967507e-05
2.70372522e-05
2.76092307e-05
2.730266241e-05
2.713228256e-05
2.747081161e-05
2.730160305e-05
2.740040543e-05
2.725106109e-05
2.771952087e-05
2.784748862e-05
2.745305225e-05
2.746126431e-05
2.728140899e-05
2.749548991e-05
2.755953239e-05
2.755810522e-05
2.762116858e-05
2.784448763e-05
2.78239725e-05
2.748598319e-05
2.771558125e-05
2.765009494e-05
2.756800507e-05
2.767676332e-05
2.764938426e-05
2.793187917e-05
2.757984609e-05
2.756580478e-05
2.818854885e-05
2.776540092e-05
2.793862237e-05
2.781136893e-05
2.816740899e-05
2.763114341e-05
2.720308604e-05
2.782485167e-05
2.800734113e-05
2.776681891e-05
2.790871076e-05
2.817984438e-05
2.815378115e-05
2.833452828e-05
2.770926108e-05
2.833365299e-05
2.819559517e-05
2.817949392e-05
2.74516569e-05
2.812465419e-05
2.8099364e-05
2.850987093e-05
2.78610528e-05
2.852278758e-05
2.776663252e-05
2.785649e-05
2.7957499e-05
2.854616651e-05
2.850649212e-05
2.808475637e-05
2.810778736e-05
2.838613883e-05
2.870460778e-05
2.855635e-05
2.825550001e-05
2.886779569e-05
2.865192112e-05
2.846079292e-05
2.836981339e-05
2.838113116e-05
2.831066009e-05
2.881420822e-05
2.913469721e-05
2.846103477e-05
2.81916009e-05
2.833265456e-05
2.844597087e-05
2.856490121e-05
2.883035426e-05
2.841813919e-05
2.871331548e-05
2.826154166e-05
2.822485739e-05
2.892909255e-05
2.902837084e-05
2.879406655e-05
2.880349439e-05
2.912480539e-05
2.93427457e-05
2.869040699e-05
2.86480515e-05
2.87817131e-05
2.869727093e-05
2.873956244e-05
2.864298194e-05
2.879894359e-05
2.863914636e-05
2.92329909e-05
2.880394139e-05
2.866432816e-05
2.890557175e-05
2.948040649e-05
2.892136457e-05
2.894707626e-05
2.924096034e-05
2.906048711e-05
2.965520164e-05
2.936838825e-05
2.902069334e-05
2.932941369e-05
2.904527697e-05
2.898551153e-05
2.9438345e-05
2.926114636e-05
2.95372595e-05
2.942185735e-05
2.944002427e-05
2.937049099e-05
2.987236686e-05
2.945682857e-05
2.936144009e-05
2.945589245e-05
2.96431731e-05
2.958039463e-05
2.957624943e-05
2.996585456e-05
2.978716104e-05
2.990529752e-05
2.983386358e-05
2.939740745e-05
2.985267838e-05
2.984622701e-05
2.959918589e-05
2.950619502e-05
2.955411701e-05
2.97930683e-05
3.030257436e-05
3.018400752e-05
2.938632375e-05
2.985958061e-05
2.974774434e-05
2.969434637e-05
3.001887512e-05
2.977257629e-05
2.974823866e-05
3.038992017e-05
3.019680884e-05
3.003718309e-05
3.022209512e-05
2.982869584e-05
3.031426336e-05
2.980665372e-05
3.015665563e-05
3.008568774e-05
3.024635396e-05
3.036743403e-05
3.061753409e-05
3.091366126e-05
2.958049264e-05
3.031364381e-05
3.052516418e-05
3.006799132e-05
3.024032517e-05
3.038372242e-05
3.042150076e-05
3.058877352e-05
3.063116442e-05
3.0395318e-05
3.041149472e-05
3.068252779e-05
3.107496589e-05
3.060625577e-05
3.073487859e-05
3.060277043e-05
3.059897824e-05
3.047890549e-05
3.050560721e-05
3.041329161e-05
3.066443453e-05
3.087748476e-05
3.042317427e-05
3.086563126e-05
3.081910189e-05
3.089748358e-05
3.101575304e-05
3.133727309e-05
3.071030823e-05
3.074465008e-05
3.139660173e-05
3.147144263e-05
3.139269849e-05
3.108879057e-05
3.041123654e-05
3.056696914e-05
3.13022053e-05
3.130610379e-05
3.13215242e-05
3.127715189e-05
3.140742378e-05
3.149466646e-05
3.148637044e-05
3.123344116e-05
3.145676332e-05
3.165392546e-05
3.114547978e-05
3.164737667e-05
3.224463539e-05
3.157978596e-05
3.15545784e-05
3.174309067e-05
3.200182816e-05
3.193961907e-05
3.198017252e-05
3.186169064e-05
3.194890678e-05
3.195107129e-05
3.2274388e-05
3.202463918e-05
3.223013678e-05
3.209988953e-05
3.182808099e-05
3.218005869e-05
3.188237841e-05
3.236953953e-05
3.227216849e-05
3.207711284e-05
3.168344497e-05
3.174759e-05
3.205336561e-05
3.228943102e-05
3.229353466e-05
3.185464137e-05
3.293460806e-05
3.252040335e-05
3.257948422e-05
3.248369908e-05
3.267008301e-05
3.295572621e-05
3.2405578e-05
3.241783721e-05
3.257830953e-05
3.254963883e-05
3.292933072e-05
3.287647557e-05
3.298643163e-05
3.314593605e-05
3.285975382e-05
3.303080482e-05
3.289952429e-05
3.32743327e-05
3.32202008e-05
3.37109419e-05
3.334401038e-05
3.278375207e-05
3.29038848e-05
3.315230245e-05
3.307651072e-05
3.365229609e-05
3.307506039e-05
3.291079445e-05
3.332596113e-05
3.339185185e-05
3.38147306e-05
3.360636505e-05
3.355782987e-05
3.361310797e-05
3.352743132e-05
3.324423383e-05
3.379243892e-05
3.349957643e-05
3.363022163e-05
3.414918834e-05
3.395949801e-05
3.373374367e-05
3.369968693e-05
3.396907759e-05
3.418524951e-05
3.41460552e-05
3.357706306e-05
3.408965177e-05
3.408889819e-05
3.399724665e-05
3.402358297e-05
3.452411447e-05
3.360778567e-05
3.45353688e-05
3.496542026e-05
3.395247687e-05
3.420598357e-05
3.455088724e-05
3.409991465e-05
3.424696871e-05
3.411359402e-05
3.494339409e-05
3.459327248e-05
3.52747929e-05
3.553458491e-05
3.540572887e-05
3.451028888e-05
3.501539091e-05
3.444786597e-05
3.576206393e-05
3.531052819e-05
3.491054925e-05
3.53581418e-05
3.482526159e-05
3.56444125e-05
3.481130809e-05
3.554261627e-05
3.616366471e-05
3.579363466e-05
3.526438201e-05
3.568277102e-05
3.550149136e-05
3.560274517e-05
3.538433144e-05
3.503376253e-05
3.605597256e-05
3.604551186e-05
3.590273348e-05
3.616424077e-05
3.628598457e-05
3.637278218e-05
3.584210994e-05
3.624944245e-05
3.683359979e-05
3.593584397e-05
3.684827571e-05
3.642783454e-05
3.676779891e-05
3.626119256e-05
3.635228966e-05
3.735792913e-05
3.667151027e-05
3.690377667e-05
3.709892854e-05
3.594530211e-05
3.681799527e-05
3.642563557e-05
3.700134218e-05
3.709978062e-05
3.703626018e-05
3.72542292e-05
3.719363736e-05
3.793244796e-05
3.735907794e-05
3.762546551e-05
3.717728329e-05
3.72970067e-05
3.776959049e-05
3.76706726e-05
3.730185319e-05
3.751402331e-05
3.806785655e-05
3.760393427e-05
3.852433603e-05
3.80874209e-05
3.842231373e-05
3.892544646e-05
3.813430152e-05
3.883972262e-05
3.824148273e-05
3.8106101e-05
3.852346817e-05
3.87647623e-05
3.886416228e-05
3.841076033e-05
3.92731981e-05
3.863418796e-05
3.857367653e-05
3.95801429e-05
3.929296501e-05
3.958283585e-05
3.978380375e-05
3.901818918e-05
3.976793867e-05
3.995633507e-05
3.996497679e-05
3.939705694e-05
4.006675571e-05
4.010065425e-05
4.039303618e-05
3.993278435e-05
4.068235048e-05
3.973441586e-05
4.056370943e-05
3.995415769e-05
4.097871969e-05
4.140870141e-05
4.056538434e-05
4.075713578e-05
4.06186238e-05
4.117534457e-05
4.142060685e-05
4.075733376e-05
4.153192097e-05
4.102662041e-05
4.204167902e-05
4.153544418e-05
4.118352315e-05
4.184996805e-05
4.222563163e-05
4.162526374e-05
4.207951099e-05
4.208098236e-05
4.222487609e-05
4.260306258e-05
4.284666483e-05
4.252621451e-05
4.276443077e-05
4.266793901e-05
4.274815322e-05
4.288001271e-05
4.280096861e-05
4.347571558e-05
4.37158108e-05
4.312392224e-05
4.37252944e-05
4.385171275e-05
4.393091908e-05
4.406831125e-05
4.4420147e-05
4.38415773e-05
4.508092854e-05
4.471970827e-05
4.437989908e-05
4.510350079e-05
4.454982197e-05
4.450941789e-05
4.512091155e-05
4.566998297e-05
4.562715206e-05
4.50121285e-05
4.577308242e-05
4.553128973e-05
4.597629815e-05
4.59306999e-05
4.67294345e-05
4.638234705e-05
4.646883504e-05
4.702826144e-05
4.64994499e-05
4.727910016e-05
4.659718423e-05
4.73869629e-05
4.709889752e-05
4.797873657e-05
4.848346384e-05
4.830724386e-05
4.814734687e-05
4.828632487e-05
4.894400774e-05
4.850339157e-05
4.932188444e-05
4.842589203e-05
4.896608092e-05
4.860476809e-05
5.014689655e-05
5.072226298e-05
5.014372835e-05
5.043379798e-05
5.001453378e-05
5.046839426e-05
5.033411534e-05
5.077090952e-05
5.14191375e-05
5.093129948e-05
5.200508192e-05
5.134164442e-05
5.226382387e-05
5.234582255e-05
5.252758417e-05
5.312027319e-05
5.231773947e-05
5.431035182e-05
5.352208796e-05
5.409225186e-05
5.498037529e-05
5.342052064e-05
5.397157495e-05
5.657984457e-05
5.527076985e-05
5.570795914e-05
5.586100922e-05
5.561530606e-05
5.725925089e-05
5.528674499e-05
5.731318144e-05
5.798234517e-05
5.708776426e-05
5.800737496e-05
5.821093123e-05
5.868766001e-05
5.928200701e-05
6.09822021e-05
6.008960549e-05
6.047972377e-05
6.150685248e-05
6.044326735e-05
6.168019732e-05
6.260716832e-05
6.294181373e-05
6.373159768e-05
6.315898863e-05
6.386364255e-05
6.477091009e-05
6.446649009e-05
6.66981186e-05
6.623986521e-05
6.68103665e-05
6.762505778e-05
6.725476759e-05
6.732755812e-05
6.87673817e-05
6.986521861e-05
6.925549648e-05
7.008614242e-05
6.998546706e-05
7.142397597e-05
7.240315713e-05
7.290301997e-05
7.452597641e-05
7.369102817e-05
7.402122029e-05
7.468857602e-05
7.469487963e-05
7.642963402e-05
7.691383297e-05
7.708330499e-05
7.801296253e-05
7.822135918e-05
7.854005628e-05
7.879078626e-05
7.831001589e-05
8.001284779e-05
7.999303303e-05
8.006505605e-05
8.182978105e-05
8.133792714e-05
8.30557146e-05
8.205748866e-05
8.285217912e-05
8.300576828e-05
8.236345171e-05
8.236202333e-05
8.360205103e-05
8.317637634e-05
8.207046062e-05
8.24534249e-05
8.282996194e-05
8.228403622e-05
8.178020316e-05
8.122227872e-05
8.137032595e-05
8.094285042e-05
8.130595101e-05
7.957559478e-05
7.886052559e-05
7.872240793e-05
7.727789362e-05
7.725237783e-05
7.585111285e-05
7.458496174e-05
7.379806516e-05
7.263114637e-05
7.193413437e-05
7.085621282e-05
6.995945011e-05
6.828467298e-05
6.646631777e-05
6.542488632e-05
6.357989261e-05
6.164603427e-05
6.056243926e-05
5.887472551e-05
5.842227135e-05
5.66084939e-05
5.456610771e-05
5.219729606e-05
5.157762655e-05
4.95517848e-05
4.797223763e-05
4.547328524e-05
4.459256302e-05
4.323830266e-05
4.119367615e-05
3.89154615e-05
3.74977016e-05
3.63995654e-05
3.475310843e-05
3.292921734e-05
3.147727707e-05
2.974939852e-05
2.856008311e-05
2.730110709e-05
2.508215036e-05
2.436087837e-05
2.26252364e-05
2.127020415e-05
2.068564706e-05
1.928782152e-05
1.788029918e-05
1.709088253e-05
1.562562602e-05
1.44422665e-05
1.382874881e-05
1.273934783e-05
1.166652102e-05
1.094808986e-05
1.031500242e-05
9.652617526e-06
8.935152338e-06
8.119194434e-06
7.62181762e-06
7.157246586e-06
6.490006216e-06
5.774890771e-06
5.260974992e-06
5.053692805e-06
4.35532286e-06
3.962462693e-06
3.754424904e-06
3.493703277e-06
3.140625945e-06
2.949655454e-06
2.558181806e-06
2.277463447e-06
2.080089054e-06
1.851191845e-06
1.614202903e-06
1.580688695e-06
1.398964112e-06
1.23337971e-06
1.183245629e-06
9.607365556e-07
9.517850301e-07
8.205645394e-07
6.441782994e-07
6.449417858e-07
5.729152096e-07
5.502078966e-07
4.528493408e-07
4.903851474e-07
3.880909553e-07
3.645209185e-07
3.196842341e-07
2.900439657e-07
2.140724854e-07
2.044503276e-07
1.453608919e-07
1.911282136e-07
1.949137531e-07
1.429047303e-07
1.612250611e-07
1.395424202e-07
1.490424926e-07
1.305078874e-07
1.001120578e-07
1.504025473e-07
1.004777456e-07
9.925037782e-08
7.620824926e-08
7.881246035e-08
8.453558428e-08
1.183363703e-07
8.350584601e-08
1.532687263e-07
8.575343296e-08
7.376306915e-08
4.764128582e-08
6.704257552e-08
6.7057907e-08
7.023985371e-08
9.14831781e-08
5.463494783e-08
4.038361315e-08
6.626808206e-08
6.78721982e-08
6.207582697e-08
7.962525295e-08
5.581111191e-08
5.824489817e-08
5.776653374e-08
5.805521951e-08
7.792373527e-08
2.954401545e-08
4.123337292e-08
6.357955372e-08
7.356444711e-08
8.21754676e-08
6.797006345e-08
9.365107627e-08
5.63269563e-08
4.925531941e-08
6.974456558e-08
7.375523026e-08
4.092598141e-08
5.14444825e-08
4.111714541e-08
4.028911194e-08
5.544668981e-08
4.205274687e-08
5.146089844e-08
5.937773923e-08
5.98213486e-08
4.67821168e-08
8.359967483e-08
4.624988973e-08
5.206545491e-08
5.253920163e-08
7.415470843e-08
5.185927014e-08
6.477128741e-08
8.050077755e-08
6.526423557e-08
4.919795674e-08
7.947582893e-08
4.108694453e-08
7.081399872e-08
9.175719447e-08
9.49356732e-08
6.320357028e-08
8.094475615e-08
6.419060098e-08
4.067675245e-08
4.84557359e-08
6.016220338e-08
6.931533878e-08
8.657182494e-08
4.866072604e-08
5.595138097e-08
6.670545123e-08
4.487243863e-08
8.284026032e-08
2.892774409e-08
3.831179593e-08
4.282304438e-08
4.043839977e-08
2.930501299e-08
4.393651075e-08
4.313881978e-08
4.107641958e-08
2.192839763e-08
4.313287304e-08
3.190750424e-08
2.828486956e-08
5.060714268e-08
9.064288162e-08
3.311303533e-08
4.223458909e-08
9.215651151e-08
3.985762121e-08
7.464178763e-08
4.586470443e-08
5.03353997e-08
6.72608618e-08
4.446011036e-08
8.246515467e-08
6.299931737e-08
5.797244374e-08
2.459855342e-08
3.022057382e-08
2.733359197e-08
5.115722154e-08
4.237388782e-08
6.592208527e-08
6.243514224e-08
1.211492446e-07
8.356124975e-08
9.578559107e-08
5.632625838e-08
6.700299634e-08
4.10476316e-08
7.53736591e-08
5.18624828e-08
6.892714997e-08
5.731571868e-08
5.6875633e-08
4.208978378e-08
4.256794713e-08
2.753812438e-08
3.102903795e-08
6.677134797e-08
2.019881716e-08
6.684629178e-08
3.853680679e-08
4.867930039e-08
5.562091445e-08
4.488192881e-08
2.584673969e-08
3.623667735e-08
2.489824863e-08
4.121169832e-08
2.15456291e-08
6.70690176e-08
6.55595331e-08
7.886373293e-08
4.053380058e-08
4.583787553e-08
6.907569495e-08
4.056667049e-08
5.123166548e-08
6.31672769e-08
2.600145745e-08
4.936665774e-08
4.759156126e-08
4.335437102e-08
6.597195537e-08
6.067841796e-08
8.507308559e-08
6.738918078e-08
5.426919382e-08
8.258213728e-08
5.384586637e-08
4.842055421e-08
5.913922312e-08
6.430450199e-08
6.807863224e-08
5.571309385e-08
5.824048089e-08
4.0224727e-08
3.549763496e-08
4.22549483e-08
3.63473295e-08
5.87744577e-08
2.670243413e-08
7.116690696e-08
5.083940454e-08
5.947869492e-08
5.73983328e-08
4.459512794e-08
4.136004688e-08
5.243498652e-08
4.137910153e-08
3.839969725e-08
5.720710598e-08
3.561774418e-08
2.264810434e-08
4.413686131e-08
2.902705481e-08
3.954815768e-08
3.6248331e-08
7.645660123e-08
7.359060482e-08
4.345419328e-08
2.824952876e-08
4.138414733e-08
5.027338862e-08
3.961257294e-08
5.362706168e-08
5.148818493e-08
3.145197869e-08
5.990501301e-08
4.654575387e-08
3.184538376e-08
5.597537064e-08
5.948811368e-08
5.778880976e-08
3.763910313e-08
1.972373849e-08
2.941546841e-08
2.583933876e-08
4.174611941e-08
3.029723012e-08
4.757623037e-08
6.124920351e-08
6.315354852e-08
4.390764651e-08
3.592060239e-08
2.329491227e-08
4.164823685e-08
3.619139497e-08
6.523958069e-08
2.802980872e-08
4.263593831e-08
5.24548699e-08
3.003533068e-08
1.823571659e-08
2.76968124e-08
3.8462531e-08
3.229653194e-08
3.09067596e-08
4.322418984e-08
3.371485241e-08
3.227082279e-08
4.047952318e-08
3.016647567e-08
5.308398221e-08
6.483539103e-08
2.843773334e-08
3.89433574e-08
3.469951514e-08
5.585357921e-08
2.919581121e-08
3.731186068e-08
2.73446893e-08
5.431005264e-08
4.621452465e-08
7.620655199e-08
3.879401829e-08
5.188835652e-08
5.78211845e-08
4.478605126e-08
3.856181799e-08
5.60833837e-08
4.582392229e-08
2.825807277e-08
2.819293892e-08
3.929722474e-08
5.858675802e-08
4.238172158e-08
5.047669445e-08
2.300856042e-08
7.353283318e-08
2.86003692e-08
5.526481779e-08
4.981871474e-08
7.258085615e-08
7.818794061e-08
5.564410088e-08
5.988402637e-08
4.544096593e-08
3.230315941e-08
6.375101634e-08
6.673690765e-08
5.118554e-08
3.980202831e-08
4.176457297e-08
2.389551688e-08
2.745100739e-08
8.985521986e-09
1.410582653e-08
3.535465283e-08
4.435702691e-08
5.626959498e-08
4.337975278e-08
3.891780122e-08
6.41883913e-08
6.27279364e-08
3.904015562e-08
4.93068634e-08
3.481473765e-08
3.349629611e-08
2.628144716e-08
7.048076907e-08
6.91605713e-08
3.038413351e-08
2.520123748e-08
4.313509733e-08
5.660661502e-08
2.993469761e-08
5.292297255e-08
3.024551685e-08
3.742671107e-08
3.607017744e-08
4.156242064e-08
3.33157633e-08
3.097077277e-08
6.521920592e-08
5.469166609e-08
6.578730152e-08
5.263282676e-08
3.514375421e-08
2.628308382e-08
4.159676839e-08
3.221710695e-08
3.511798623e-08
3.464094723e-08
4.059647686e-08
4.146264444e-08
3.859472536e-08
3.702330055e-08
7.429581822e-08
5.654158517e-08
3.052758735e-08
1.973239349e-08
2.960819724e-08
5.523514329e-08
3.201498735e-08
3.176094939e-08
3.650563927e-08
2.49451754e-08
2.450643102e-08
2.420679526e-08
3.59437131e-08
2.656860043e-08
2.9266316e-08
2.648415062e-08
5.066114702e-08
3.85853129e-08
2.469096027e-08
3.829589019e-08
2.681960187e-08
4.069015754e-08
5.114347028e-08
4.23124317e-08
4.125598492e-08
3.409882283e-08
3.208920487e-08
2.267430316e-08
5.554898333e-08
3.29128471e-08
4.294537181e-08
4.789182359e-08
4.007960647e-08
4.784004921e-08
4.751852674e-08
4.99065688e-08
3.653972766e-08
3.264091492e-08
2.388229643e-08
3.395447995e-08
5.152398741e-08
4.617610881e-08
6.693930207e-08
4.068530874e-08
4.800350894e-08
1.888287789e-08
3.405361895e-08
3.325982409e-08
3.234234544e-08
5.349958546e-08
3.152568527e-08
2.416282177e-08
3.034541618e-08
4.985505539e-08
4.175471918e-08
3.912189076e-08
3.012281637e-08
3.657137415e-08
3.708820977e-08
3.007123258e-08
1.670609135e-08
1.348394334e-08
4.225422277e-08
2.353281141e-08
5.713030607e-08
4.606675092e-08
3.195949098e-08
3.264466573e-08
4.090909136e-08
1.811926648e-08
3.765439624e-08
2.371161807e-08
3.997314723e-08
2.018109799e-08
2.720178885e-08
3.02619014e-08
4.75529599e-08
6.665872915e-08
2.757427036e-08
2.985298646e-08
1.731183155e-08
4.757585139e-08
4.09313164e-08
1.669013019e-08
3.57486731e-08
3.050731089e-08
3.730702851e-08
2.737052202e-08
5.163215522e-08
3.451258341e-08
1.988301182e-08
2.594643955e-08
2.792375177e-08
3.362601139e-08
4.341708688e-08
3.450343593e-08
3.898888107e-08
3.939311755e-08
4.142030411e-08
2.932788007e-08
1.70849908e-08
5.117677196e-08
4.830595708e-08
2.013746796e-08
2.124599983e-08
3.976392826e-08
2.690560433e-08
3.009398284e-08
2.018294415e-08
3.393300189e-08
5.495993031e-08
2.271064347e-08
1.609654449e-08
4.877214144e-08
2.755196985e-08
4.09821086e-08
3.353412939e-08
4.836126155e-08
9.542961064e-08
3.483179635e-08
4.201369467e-08
4.879981931e-08
4.369554788e-08
4.149174336e-08
1.934017885e-08
4.101917732e-08
1.418708221e-08
1.527992818e-08
1.703332702e-08
3.176507176e-08
3.130859812e-08
2.275722288e-08
3.192523394e-08
3.028322663e-08
2.673771736e-08
3.214266393e-08
3.889080578e-08
3.395567901e-08
2.694529681e-08
3.534143358e-08
1.238065128e-08
2.728527481e-08
2.092950334e-08
1.428352231e-08
4.902190389e-08
3.094466763e-08
2.02148864e-08
4.081378086e-08
2.122513003e-08
2.541840855e-08
3.460953338e-08
2.798743923e-08
3.742868829e-08
3.037746885e-08
6.412485538e-08
2.758714446e-08
3.812893582e-08
1.670258566e-08
1.689456654e-08
2.643738537e-08
1.874989792e-08
1.835848205e-08
4.415243106e-08
3.75011153e-08
5.147439727e-09
7.80587127e-08
1.227037271e-08
4.111886408e-08
1.544977157e-08
1.990934971e-08
2.584901666e-08
3.77252915e-08
2.79581105e-08
3.768137484e-08
2.134851859e-08
2.920308446e-08
1.472030646e-08
3.546817545e-08
2.151608302e-08
6.408294089e-08
2.48848669e-08
5.79113283e-08
3.470334662e-08
5.781384389e-08
1.792631978e-08
4.409235575e-08
1.874764194e-08
1.840293734e-08
2.371961367e-08
2.251301407e-08
2.959454375e-08
2.543841362e-08
4.494779196e-08
6.356491029e-08
1.598906214e-08
1.594952963e-08
3.142847819e-08
3.578193849e-08
2.108596297e-08
2.446026704e-08
2.720902918e-08
4.01097455e-08
2.496260399e-08
2.562354672e-08
2.439654744e-08
2.030051167e-08
1.088964011e-08
1.970116318e-08
4.078077663e-08
4.70383409e-08
1.926056071e-08
5.426059924e-08
2.674447567e-08
1.480347311e-08
2.141066867e-08
1.194045979e-08
1.944933213e-08
1.961819294e-08
1.904088616e-08
3.603189425e-08
3.425014711e-08
4.770705891e-08
2.203127977e-08
3.535623959e-08
2.416853007e-08
4.265336843e-08
2.76479778e-08
2.999661626e-08
2.411880239e-08
6.469310073e-08
2.796941504e-08
3.789583336e-08
2.916646034e-08
3.727994952e-08
2.942823903e-08
4.716942238e-08
1.922755397e-08
3.765445581e-08
7.19011522e-08
2.888522012e-08
3.324902943e-08
3.512796934e-08
5.788918372e-08
5.293486385e-08
5.490511903e-08
2.471689902e-08
5.619289714e-08
2.201561459e-08
1.367240043e-08
2.940542298e-08
3.785321002e-08
2.181862467e-08
1.998455081e-08
4.141213121e-08
8.89600993e-09
1.770342416e-08
2.954498544e-08
2.185214675e-08
3.36030553e-08
3.287619183e-08
4.802100626e-08
2.052721006e-08
2.377029536e-08
2.403735748e-08
3.12993972e-08
4.177626049e-08
3.253913864e-08
5.527331959e-08
4.164953477e-08
4.840179223e-08
3.438893133e-08
2.777435251e-08
6.755463455e-08
2.791814525e-08
2.104086472e-08
5.988485221e-09
2.078630878e-08
3.912251991e-08
2.60283816e-08
4.612553097e-08
2.320289861e-08
3.020506693e-08
9.54727443e-09
1.743719022e-08
2.056089507e-08
1.803035273e-08
1.479883107e-08
3.222280194e-08
1.855638444e-08
4.792002322e-08
3.369067752e-08
3.155226461e-08
5.756455078e-08
4.408542741e-08
1.708824881e-08
2.701301792e-08
1.784048648e-08
2.950758345e-08
2.756840918e-08
4.961333453e-09
7.600666018e-09
2.446587288e-08
3.513911417e-08
2.001801353e-08
1.160704987e-08
3.869622084e-08
2.863869029e-08
3.733604339e-08
1.95122659e-08
3.879647405e-08
2.624576329e-08
2.355644771e-08
2.581926237e-08
1.984001513e-08
4.505930019e-08
1.653076295e-08
3.519600912e-08
5.108438383e-08
3.162862413e-08
1.670834709e-08
1.390980141e-08
1.865030469e-08
3.873081864e-08
3.201694263e-08
3.775587582e-08
3.950568925e-08
1.194473958e-08
2.798060807e-08
4.096608391e-08
3.595084696e-08
2.416941478e-08
1.064244564e-08
2.72154887e-08
2.493054844e-08
2.671809137e-08
2.36213569e-08
2.785603061e-08
3.212456467e-08
1.409290102e-08
3.212724363e-08
2.884864088e-08
1.439420309e-08
2.287450207e-08
4.080037234e-08
1.977714513e-08
2.558742067e-08
3.345491951e-08
3.028900216e-08
1.872630107e-08
3.032359099e-08
2.639803393e-08
2.300562119e-08
2.05992212e-08
2.470634197e-08
3.726547841e-08
3.736316942e-08
2.383772766e-08
1.958098973e-08
3.477530322e-08
2.727669695e-08
2.700978425e-08
3.137505368e-08
1.654098303e-08
2.300713876e-08
3.14766723e-08
2.882298576e-08
3.558879562e-08
2.429244113e-08
2.623591124e-08
2.63664429e-08
5.263251702e-08
3.099739242e-08
1.287382489e-08
3.763348038e-09
2.016199788e-08
2.928830197e-08
2.506731908e-08
2.263076984e-08
1.617203416e-08
1.557636036e-08
1.829115038e-08
1.506888767e-08
2.699244594e-08
1.969571343e-08
1.617461968e-08
4.805094601e-09
2.26920351e-08
8.657188849e-09
4.572574521e-09
2.437522628e-08
2.078301666e-08
1.039725774e-08
2.061495095e-08
9.584641978e-09
2.793608154e-08
8.174094794e-09
3.337717462e-08
2.191140982e-08
3.189868412e-08
1.362657079e-08
1.41747411e-08
1.10597395e-08
2.273108866e-08
9.175097479e-09
1.998723303e-08
1.154340171e-08
6.54095887e-09
5.546878334e-09
2.09614239e-08
8.527954808e-09
1.473394228e-08
8.372962905e-09
3.383776679e-09
9.066231356e-09
2.85873791e-08
3.210795776e-08
8.194001387e-09
1.406488434e-08
2.84270325e-08
3.386244211e-08
1.165776467e-08
1.232995885e-08
1.466466969e-08
3.031234645e-08
1.835178552e-08
2.187101215e-08
1.664497862e-08
3.249763757e-08
1.413664355e-08
3.303191533e-08
4.35457516e-08
2.176653363e-08
2.903335362e-08
3.272467164e-08
2.019334264e-08
1.915824333e-08
1.163783779e-08
2.561976571e-08
4.279197488e-08
3.529861202e-08
3.556941238e-08
1.453694658e-08
1.408745188e-08
4.783491504e-09
1.845502539e-08
2.444468543e-08
1.917808477e-08
9.92025689e-09
2.484920412e-08
3.193649566e-08
3.667172681e-09
2.675646154e-08
1.112251476e-08
3.430110317e-08
1.384333252e-08
2.119922643e-08
8.874865439e-09
2.019973891e-08
4.824731115e-09
2.156524348e-08
9.618065101e-09
3.052684907e-08
3.589238545e-08
2.033851901e-08
1.462056648e-08
2.92711212e-08
1.642555134e-08
1.784038922e-08
1.445177003e-08
1.27348708e-08
2.477725104e-08
2.67925412e-08
1.084092785e-08
1.595335536e-08
4.129243039e-08
2.424725618e-08
2.825192165e-08
5.372300166e-09
2.369274008e-08
2.542889175e-08
2.906715925e-08
2.473464582e-08
3.658977124e-08
1.755778755e-08
6.299473339e-09
3.387891923e-08
2.197353756e-08
1.468194785e-08
2.465992308e-08
2.404303262e-08
2.453527939e-08
2.023860646e-08
1.562285337e-08
1.831416706e-08
7.240896155e-09
4.871492245e-09
2.288884712e-08
1.054310197e-08
1.491477824e-08
4.172860801e-08
2.849393813e-09
3.1424352e-08
2.488362038e-08
1.3769228e-08
2.970994507e-08
1.310453718e-08
2.580481253e-08
1.306557054e-08
2.20671663e-08
1.855771468e-08
4.705553055e-08
9.215219572e-09
2.361451397e-08
2.118559798e-08
8.715198843e-09
1.001073994e-08
1.215755877e-08
1.294998767e-08
1.071571702e-08
1.794610869e-08
1.457804354e-08
1.666372664e-08
1.007338505e-08
3.139040166e-08
2.77233019e-08
1.063632445e-08
1.31187558e-08
1.195986819e-08
2.969837258e-08
1.947660643e-08
2.891239301e-08
1.757966748e-08
1.467780347e-08
1.206122228e-08
2.172163649e-08
2.733728227e-08
1.646403255e-08
3.488131987e-08
1.379196873e-08
1.297677432e-08
1.343053886e-08
1.746547852e-08
2.805026275e-08
8.190893736e-09
2.660397373e-08
1.352879197e-08
3.072205437e-08
1.145935603e-08
4.325297789e-08
3.064479077e-08
1.718905698e-08
1.80774521e-08
2.551847387e-08
3.588644874e-08
4.257281048e-08
3.839817935e-08
3.670787909e-08
2.969863792e-08
2.443657102e-08
4.627739472e-08
2.482189631e-08
1.856769761e-08
3.493660194e-09
2.784342937e-08
4.90712668e-08
3.815485759e-08
2.153957133e-08
3.120660305e-08
1.981986212e-08
2.128048853e-08
1.535558002e-08
4.858374546e-08
1.769641439e-08
2.709705041e-08
3.104638337e-08
2.834484509e-08
2.132159851e-08
2.15360866e-08
2.990924731e-08
1.890637604e-08
1.8163485e-08
1.673333099e-08
2.199025316e-08
2.684317081e-08
2.696455453e-08
1.268777214e-08
1.366298442e-08
4.363562531e-09
7.450509953e-09
1.4125836e-08
1.12758841e-08
2.566954928e-09
5.927948505e-09
1.020932807e-08
1.051644443e-08
3.569161752e-09
6.108495378e-09
8.91783707e-09
9.27411957e-09
7.182279516e-09
1.721615573e-08
2.519483389e-08
2.634217721e-08
1.144149317e-08
8.425483594e-09
1.825517618e-08
6.537691924e-09
6.418716907e-09
7.183126854e-09
9.476422149e-09
1.216905269e-08
8.137641183e-09
9.071350242e-09
1.939321335e-08
1.348106683e-08
3.320973384e-08
3.447051455e-08
3.142251969e-08
3.873697185e-09
5.277889126e-09
1.840074869e-08
1.453878394e-08
2.515997095e-08
1.475368955e-08
6.778093734e-09
6.010198276e-09
4.706271686e-09
1.105528805e-08
1.397255378e-08
1.939347713e-08
1.189489775e-08
8.983182574e-09
1.823430817e-08
1.796088822e-08
2.394413256e-08
4.807541005e-08
2.122229169e-08
3.295006321e-08
2.588485009e-08
1.57109869e-08
1.419109926e-08
1.993737091e-08
2.852456663e-08
2.300204339e-08
1.875098279e-08
1.177739031e-08
2.336688121e-08
2.622034053e-08
3.664164199e-08
1.960671784e-08
1.950061015e-08
1.856114733e-08
1.280084037e-08
7.025316761e-09
1.561318198e-08
3.178892148e-08
5.520678572e-09
1.866566952e-08
1.190010412e-08
1.276252928e-08
1.067925275e-08
9.414015419e-09
1.14885895e-08
1.846192286e-08
1.638218875e-08
1.889394985e-08
5.935602422e-09
2.05646081e-08
9.085438355e-09
5.67136354e-09
1.407104408e-08
5.1461111e-09
1.769882509e-09
7.48014189e-09
5.428954952e-09
1.134350311e-08
1.656123147e-08
1.010955502e-08
4.210489155e-09
1.458503145e-08
9.461133299e-09
8.038675994e-09
1.791434288e-09
8.084442928e-09
6.394643612e-09
1.113379238e-08
1.015536526e-08
5.56012269e-09
1.108003728e-08
2.466601392e-09
1.106612456e-08
5.143195894e-09
1.37290019e-09
8.284446065e-09
8.258996546e-09
2.121815552e-09
4.016241865e-09
5.399341526e-09
8.166142298e-09
5.213187716e-09
6.032472805e-09
3.810035719e-09
1.436183504e-08
1.197887558e-08
8.581315295e-09
9.64543322e-09
2.64465505e-08
1.830158113e-08
1.575321202e-09
2.321009481e-08
2.069972712e-08
3.837386959e-09
1.412101764e-08
1.704755741e-08
1.496915316e-08
2.216583863e-08
7.670692302e-09
1.636425142e-08
1.928275299e-08
1.491882497e-08
2.658058281e-08
8.200830295e-09
1.325826217e-08
6.941388969e-09
1.176523188e-08
6.72231336e-09
1.922705748e-09
1.713392482e-08
9.842003247e-09
2.963947433e-08
1.362602015e-08
2.149615491e-08
1.336826327e-08
1.286851085e-08
3.098551891e-08
8.529634148e-09
1.201523056e-08
8.15527102e-09
1.30952382e-08
6.12878439e-09
1.196914002e-08
1.627734296e-08
1.051883527e-08
1.102797345e-08
2.25751056e-08
7.321626355e-09
9.715409453e-10
6.860250701e-09
6.605768097e-09
8.419830345e-09
1.429855403e-08
8.714598228e-10
3.411010989e-09
1.195755823e-08
6.866634442e-09
1.832122498e-09
3.937500692e-09
1.984914026e-09
9.3164025e-09
9.832510979e-10
5.922693044e-09
4.732474737e-09
1.029327337e-08
1.952647074e-09
8.398336094e-09
3.596767151e-09
6.369730357e-09
1.473237268e-08
3.448351695e-09
4.634884592e-09
1.050319308e-08
1.644785687e-09
7.228660577e-09
1.559570371e-08
2.078124484e-08
5.419998306e-09
1.372464056e-08
1.290928217e-08
1.187798111e-08
7.120159019e-09
1.470237121e-08
2.496732121e-08
1.027448809e-08
1.16447069e-08
2.242884626e-08
6.763200104e-09
1.379955502e-08
1.185342004e-09
1.533582683e-08
7.271753995e-09
1.092990281e-08
6.169958503e-09
2.754660024e-09
2.201884854e-08
5.185786998e-08
8.815070623e-09
1.285243281e-08
1.229801665e-08
1.436548752e-08
1.153890082e-08
9.232510676e-09
5.075901912e-09
1.343786711e-08
1.247158096e-09
1.669389339e-08
1.120369021e-08
1.271893128e-08
9.256025728e-09
7.236797931e-09
1.116993419e-08
3.58674228e-09
1.833345074e-08
4.978339468e-09
1.516414004e-08
6.179739592e-10
9.651334414e-09
6.516699414e-09
9.67215137e-09
1.956103138e-08
1.42883036e-08
1.612935324e-08
1.719064435e-08
5.906629974e-09
5.963248953e-09
1.515667118e-08
1.190035792e-08
8.94472431e-09
1.26050629e-08
5.480859998e-10
3.298234815e-09
9.605456393e-09
4.631759927e-09
2.738798608e-08
1.731871374e-09
2.661411187e-08
2.695690052e-08
2.070622032e-08
8.082959027e-09
9.459681861e-09
1.811568601e-08
1.248680875e-08
1.23779305e-08
1.862492772e-08
1.012493804e-08
9.38531499e-09
1.331784899e-08
1.447296582e-08
6.255712495e-09
2.340235855e-08
7.714650075e-09
1.232823309e-08
7.720891858e-09
1.014301574e-08
2.031530129e-08
2.011571948e-08
1.365466096e-08
3.634599319e-08
9.736796195e-09
2.135357528e-08
4.921544848e-09
1.674899743e-08
1.779308343e-08
1.866456045e-08
1.225381851e-08
1.590608436e-08
1.002937956e-08
1.146264694e-08
1.461043069e-08
1.492164699e-09
2.184193153e-09
9.684493776e-09
1.162359742e-08
8.970089208e-09
1.056406953e-08
7.610209116e-09
1.318727822e-08
1.352349986e-08
2.233965198e-08
3.651850828e-09
3.094565053e-09
4.063170197e-09
1.227045894e-09
5.071078867e-09
1.564418198e-09
2.394556062e-09
7.431095659e-09
8.14739953e-09
6.812306539e-09
1.633215462e-09
3.152458131e-08
7.53996995e-09
5.230398497e-09
8.841750462e-09
4.856424395e-09
1.807008494e-08
2.979936023e-09
5.337189064e-09
8.379490254e-09
7.834320797e-09
2.161078865e-09
7.724063063e-10
3.483139973e-10
2.086751043e-08
1.954266351e-09
6.660871097e-09
4.030640261e-09
1.331945397e-08
1.315543788e-09
8.295722327e-09
3.629688675e-09
5.466014419e-09
4.77298384e-09
1.999430771e-09
2.340013379e-08
5.321595211e-09
1.861935843e-09
1.527780994e-09
8.304456109e-09
1.512603392e-09
4.14346126e-09
7.860714457e-10
5.027614052e-09
3.145867398e-09
9.585803086e-09
8.62142819e-09
4.810312995e-09
2.164682223e-09
1.709453651e-09
4.421268713e-09
2.648906285e-09
1.244970653e-09
1.496696331e-09
2.876756039e-09
6.751500703e-09
9.44584484e-09
1.17753508e-09
1.501920625e-09
1.046690006e-09
2.407895935e-09
2.802991281e-09
2.832089759e-09
1.411844784e-08
1.147580068e-08
7.757521684e-09
1.345760393e-08
1.004608412e-08
4.737366743e-09
7.051189726e-09
1.602321187e-09
1.804234027e-09
1.12892618e-09
9.317254065e-09
9.6226685e-09
1.009628985e-08
2.979503004e-09
4.728452245e-09
5.059559876e-09
2.806997539e-09
9.030186938e-09
6.201008979e-09
1.289299383e-08
1.6549829e-08
7.162425009e-09
1.127757624e-08
1.333766934e-08
5.600967993e-09
1.261970233e-08
3.011249705e-09
1.527240161e-09
7.773802082e-09
6.185566008e-09
1.502195491e-08
2.412322199e-09
5.114095902e-09
9.632490127e-09
8.336050648e-09
6.601010346e-09
1.02353053e-08
1.290652141e-08
5.848497636e-09
3.820114557e-09
5.963656588e-09
8.135698009e-09
5.311363815e-10
1.38668023e-09
1.008006636e-08
6.352895512e-09
2.141977513e-08
2.265374535e-08
4.767814234e-09
1.066231347e-08
7.612828913e-09
9.07210202e-10
6.681440337e-10
8.736360828e-09
3.946846176e-08
2.975980363e-09
1.859497206e-09
6.720951755e-10
7.820250815e-10
1.808722024e-09
2.022578119e-09
1.886273036e-08
5.047100785e-09
6.346102348e-09
8.174152915e-09
7.078820557e-09
1.322888874e-09
1.753104498e-08
2.375098274e-09
2.610734048e-09
8.196846767e-09
1.118114481e-08
3.452908518e-09
1.856203779e-09
1.034051536e-08
1.127554871e-08
4.079882868e-09
4.875533274e-09
4.509578494e-09
3.55045624e-09
8.742108457e-09
5.515363945e-10
4.581101923e-10
5.567638313e-09
1.722237945e-09
5.896708431e-09
4.83756568e-09
1.957465936e-08
7.967899293e-09
9.827129798e-10
5.764088729e-09
6.976998058e-10
3.880327919e-09
1.13610074e-09
1.158219942e-08
4.850533833e-09
2.682027086e-08
2.63772662e-09
4.173683112e-09
1.281018912e-08
8.01384328e-09
5.192381915e-09
4.087094088e-09
7.738502449e-09
5.774252889e-09
6.011369358e-09
4.336303674e-09
1.330615645e-08
5.494392461e-09
2.21401777e-09
9.974410048e-09
6.868755241e-09
1.349961635e-08
5.127340105e-09
9.84613376e-09
6.768633646e-09
1.586947747e-09
1.243478533e-08
1.311631409e-08
3.789767822e-09
9.620418563e-09
1.265322753e-08
3.977855115e-09
1.703747309e-08
2.573251264e-10
1.200724856e-08
1.307614492e-08
7.950506366e-09
2.10435241e-08
1.542918566e-08
1.085865466e-10
1.177845515e-08
1.72018815e-08
1.400020063e-09
7.791560158e-09
3.173546961e-08
1.137313784e-08
9.202447791e-09
1.716593618e-08
1.480447944e-08
3.426645197e-09
2.275807719e-08
1.353885613e-08
4.576640852e-09
5.772319359e-09
7.711162177e-10
1.042928477e-08
7.019112494e-10
3.24188977e-09
8.133142989e-09
3.077037344e-08
8.262870519e-09
7.715265491e-09
4.418933276e-09
6.428764001e-09
6.886409497e-09
9.65094187e-09
5.731677242e-09
8.389034189e-09
9.175873563e-10
1.065767812e-08
2.833847584e-09
3.973684542e-09
1.686443486e-09
5.344003523e-09
3.4186239e-08
4.913892613e-09
1.035449161e-08
1.367471892e-08
2.672485981e-09
9.904790786e-09
1.442925749e-08
1.810359706e-08
8.923045199e-09
1.494495709e-08
4.054325957e-09
2.202722483e-09
1.15258549e-08
3.060829766e-08
1.654312448e-09
4.619405374e-09
2.488101661e-08
4.65612484e-09
1.803905468e-08
1.309284105e-08
5.925337249e-09
1.619435956e-08
1.352765434e-08
1.083479415e-08
8.417651905e-10
1.00907583e-08
2.347456185e-08
1.424745064e-08
1.089988088e-08
2.070707194e-08
3.04482122e-08
2.195108416e-08
1.635332027e-08
2.225770883e-08
2.055549515e-08
2.384933531e-08
1.735143963e-08
1.053439095e-08
1.884142499e-08
5.797529531e-09
1.888687059e-09
1.969141753e-08
1.206840963e-08
3.406171324e-08
2.410509289e-08
2.127831151e-08
1.581063567e-08
4.708007933e-09
8.855816739e-09
7.122856427e-09
1.195548495e-08
1.157173228e-08
1.039339869e-08
3.643809974e-09
3.896049926e-08
1.296399616e-08
1.801555383e-09
1.701301297e-09
1.80449079e-08
8.912429148e-09
2.100407238e-08
3.181167129e-09
2.036975945e-08
1.419564965e-08
2.565564703e-08
3.041351581e-08
9.905579423e-09
1.027319875e-08
6.521292468e-09
1.185454678e-08
1.524720144e-08
6.167923141e-09
1.354355928e-08
6.093187593e-09
1.493778733e-08
1.178710843e-08
1.065639841e-08
9.405672699e-09
2.112224288e-08
2.592239554e-08
1.32201665e-08
1.410029892e-08
1.523180027e-08
5.09542891e-09
1.557272589e-08
1.779043618e-08
2.234063711e-08
2.448541152e-08
1.736885688e-08
9.491956667e-09
3.6205171e-09
5.717831392e-09
1.233478305e-08
1.003404906e-08
3.896473902e-09
5.938965678e-09
8.016908034e-09
3.711899747e-09
5.078432698e-09
1.791323557e-08
2.233965282e-08
9.967022465e-09
4.12412095e-09
1.736497631e-08
4.975336109e-09
5.949761315e-09
3.953018095e-09
1.012326471e-08
1.611405725e-09
1.042423199e-08
1.332197366e-08
8.8731243e-09
1.738040776e-08
1.04832521e-08
1.244698039e-08
1.209939645e-08
6.129165751e-09
1.344446523e-08
4.614626265e-09
4.362560556e-09
3.428959893e-09
1.434040275e-09
9.750130189e-09
1.614402964e-08
1.954201072e-09
1.336343543e-08
1.986207769e-09
5.607422362e-09
3.141345862e-09
2.421692461e-08
6.856685497e-09
1.425426716e-08
2.076996723e-08
1.524869689e-08
5.903918791e-09
2.732024909e-09
1.582421196e-08
9.722434963e-10
6.571469687e-09
5.103294206e-09
6.5002388e-09
1.673076622e-08
8.543551399e-09
1.329102811e-08
6.05911083e-09
6.549362432e-09
1.559637215e-08
1.155501761e-09
3.694258067e-09
5.964393299e-09
4.243089313e-09
1.003880828e-08
1.706226775e-08
1.896710558e-09
8.68113876e-09
1.315328685e-08
1.285893314e-09
5.777442555e-09
9.624789049e-10
3.211556594e-09
8.472120742e-09
3.918680343e-09
1.353847949e-08
1.290030247e-09
1.328159289e-08
1.358140517e-09
1.010845767e-08
7.511356998e-09
1.781936528e-08
1.520382995e-09
5.300534884e-09
9.086077229e-09
9.853007739e-09
7.964538348e-09
1.422014953e-08
1.053505686e-08
9.371343512e-10
3.922249522e-09
1.466823035e-08
1.258558363e-08
1.189545515e-08
1.271421502e-08
1.051099934e-08
1.458095714e-08
5.46214967e-10
2.689519088e-09
6.160909042e-09
9.974289825e-09
2.223376937e-09
1.325653058e-09
6.312385633e-09
4.383849498e-09
9.348398167e-09
7.034863177e-09
1.086790239e-08
1.782782384e-09
7.590209761e-09
7.77181764e-09
2.159967075e-09
6.012285436e-09
4.157199253e-09
9.969521988e-10
7.374640898e-09
1.035223018e-08
1.243428476e-08
1.170871286e-08
1.397630639e-08
1.976361821e-08
1.195721569e-09
1.998059157e-09
1.770414489e-08
7.518261534e-09
1.456633925e-08
7.505934952e-09
7.774243095e-09
5.118791304e-09
5.639485587e-09
1.216050786e-08
3.253616801e-08
2.20651209e-08
1.024731774e-08
1.192301646e-08
2.014610089e-09
2.347432291e-09
8.501684081e-09
3.285108956e-09
1.056827745e-08
1.435485201e-08
2.892160753e-09
6.190116208e-09
1.874469115e-08
1.000648129e-08
2.102335735e-09
2.769246509e-09
1.938262305e-09
8.556753322e-09
7.521833466e-09
1.086095346e-08
1.239880837e-08
5.374386681e-09
8.738553071e-09
1.297452587e-08
2.051491507e-09
8.145442634e-09
2.096048517e-09
1.56552463e-08
3.047115833e-08
1.118786848e-09
5.796765739e-09
1.722812424e-08
1.539493074e-09
3.681092434e-09
1.335672014e-09
1.022772079e-08
1.435239304e-08
8.267676713e-09
9.344829164e-09
2.385407312e-09
1.006554328e-08
7.82286634e-09
2.988930964e-08
2.055704132e-08
7.73756127e-09
1.254727857e-08
1.218747755e-09
1.940588997e-08
1.371059248e-08
8.906775446e-10
1.937419986e-08
2.76545671e-08
2.478363508e-08
4.50127663e-09
8.561149947e-09
9.472016335e-09
3.991762897e-09
4.358592239e-09
1.361023455e-08
1.680697688e-09
1.580236394e-08
2.472362034e-08
1.948867539e-08
6.565708138e-09
3.751213065e-09
3.582801411e-09
1.955579952e-09
1.448990599e-08
4.200771186e-09
2.862229495e-08
1.859764012e-08
4.261071415e-09
1.546370992e-08
7.064268543e-09
5.804793246e-09
2.713258848e-09
7.629527538e-09
1.675167186e-08
9.125358289e-09
3.909647635e-09
1.193920649e-09
5.358304642e-09
3.911347385e-10
9.909995867e-09
1.015396805e-08
5.173679598e-09
8.429207627e-09
1.801437752e-08
9.657079769e-09
4.205317012e-09
4.952696241e-09
8.161849729e-09
6.123091356e-09
1.632818835e-08
1.624010668e-08
2.062058161e-08
4.776947287e-09
1.184541669e-08
5.31942774e-09
2.113493305e-08
7.994311878e-09
4.339225011e-09
1.169376686e-08
1.469874245e-08
9.044405618e-09
1.386077912e-08
5.024645482e-10
1.152997363e-08
1.259114072e-08
1.552957152e-08
4.091974727e-10
1.841051981e-09
3.61520599e-09
9.035280762e-09
7.313991601e-09
1.289167141e-08
2.628371927e-09
2.104180766e-09
1.036810764e-08
8.132438019e-09
1.944579672e-08
1.3146149e-09
5.227871282e-09
6.009476921e-09
6.50422104e-09
1.09176937e-08
1.501135049e-08
7.214653508e-09
8.317874561e-09
2.386074121e-09
5.664047146e-09
1.138960087e-08
5.202086773e-09
4.068693369e-10
2.815685949e-10
2.449264344e-10
3.366331858e-09
7.29054285e-09
9.112170814e-09
2.101325205e-09
2.531806619e-10
2.62604836e-09
1.839719508e-09
1.716723655e-08
6.697825972e-09
1.59161804e-08
9.831875997e-09
4.802379585e-10
6.404110019e-10
5.843728452e-09
3.551871537e-09
4.985706738e-09
4.928020749e-10
5.5440143e-09
1.068372602e-08
1.261702615e-09
6.725186134e-09
1.176531023e-08
7.180767884e-09
6.942937054e-09
3.469478977e-09
9.358156363e-09
1.301313619e-08
1.037934597e-09
6.400422798e-10
8.004456325e-09
2.939877873e-08
8.363423927e-09
1.527622819e-08
3.291222561e-09
1.128328953e-08
6.385944394e-09
1.154719805e-08
4.234987534e-09
4.128043655e-09
1.152082459e-08
3.836787937e-08
1.166260558e-08
7.650833158e-09
1.513889212e-08
6.955151233e-09
3.653780483e-09
1.244413706e-08
1.235196923e-09
1.349241217e-08
3.815572595e-09
4.244099319e-09
4.21198355e-09
1.37157386e-08
2.54049177e-08
7.276880822e-10
6.670282149e-09
8.801165032e-09
8.963576689e-09
1.476766825e-11
9.798817343e-10
1.255542993e-10
6.064466881e-09
1.331425905e-09
1.410161977e-08
1.67364482e-08
1.348542211e-08
1.967679337e-08
8.206570468e-10
6.154599159e-09
1.588568182e-09
4.127579105e-09
1.869496732e-08
9.887191893e-09
1.026702282e-08
3.482629205e-09
4.654071661e-10
7.042161571e-10
1.147454483e-08
1.153935163e-08
3.56795836e-09
6.857139996e-09
1.112766927e-08
4.305324191e-10
7.44128975e-10
3.915248852e-09
9.974805093e-09
3.342516001e-08
7.444806902e-09
4.682313508e-09
1.212334844e-09
1.70794388e-09
1.960161622e-09
9.465225883e-09
1.272388163e-09
1.258946971e-08
1.640500205e-09
9.002128963e-09
5.30786257e-09
2.299960509e-09
4.545785049e-09
1.298094253e-08
4.495781943e-09
1.572873026e-08
8.169392943e-09
4.830759344e-09
5.739079454e-09
4.674465867e-09
5.750620834e-09
5.196239015e-09
6.180704583e-09
6.019051719e-09
4.807318262e-09
2.517253157e-09
1.740869437e-09
9.433988043e-09
1.054947525e-08
4.666059031e-09
6.237868289e-09
5.011392969e-09
7.29433322e-09
6.511531691e-09
3.608193683e-09
4.924778374e-09
1.106884369e-09
3.905161423e-09
7.379201133e-10
2.75759873e-09
8.034990173e-10
1.368116918e-09
9.310010507e-09
2.849400919e-09
1.029167328e-08
1.197791895e-08
1.851446953e-09
5.722528598e-09
3.1360334e-09
1.683293705e-09
6.42501777e-09
1.428385996e-08
1.813979109e-09
8.393330001e-10
5.51419283e-10
5.127939435e-09
1.3855803e-08
1.13004214e-08
6.310450423e-09
1.062326488e-09
7.464250566e-09
7.25948649e-09
9.760199185e-09
7.0115017e-09
9.027711897e-09
2.367723463e-08
1.722308564e-08
1.802624347e-08
5.474425237e-09
7.190404143e-09
7.373211983e-09
1.908416964e-08
3.619172388e-08
2.208220687e-08
1.212059352e-09
4.504868183e-10
1.089718178e-09
2.16417765e-09
7.438435028e-09
8.382929924e-09
3.719590576e-09
1.998318738e-09
8.633410394e-09
7.273226304e-10
8.732305585e-09
2.028618658e-08
2.308004046e-09
5.003290538e-09
1.150455308e-09
1.192460024e-09
7.988083172e-09
4.521386603e-09
7.534237333e-10
8.868638331e-10
6.288256977e-11
2.432179e-08
5.222009456e-10
8.198187451e-09
5.444235937e-09
3.689022582e-09
7.076912391e-09
2.002375923e-08
1.738099371e-08
1.268103279e-09
1.818598218e-09
9.946816147e-10
5.871673011e-09
2.392879466e-09
2.4514466e-09
6.341721857e-10
4.324350332e-09
4.997398696e-09
5.340726011e-10
9.081048175e-09
5.771279203e-09
1.17871613e-08
9.615436673e-09
7.47691542e-09
3.937858146e-09
4.305220879e-09
5.295230112e-09
8.586806691e-09
3.19395122e-10
1.877986856e-08
1.340090771e-09
1.92474202e-10
4.314450775e-09
6.855468965e-09
3.857167887e-09
4.343528923e-09
1.322379873e-08
6.466331349e-10
7.971960331e-11
8.579078453e-10
7.024301493e-10
7.559770562e-10
1.035103802e-09
4.409402159e-11
8.70021027e-10
8.363507579e-09
1.668142588e-10
4.420220918e-09
1.033367114e-15
1.048656007e-09
7.936368586e-10
5.717799221e-09
3.650563819e-10
4.469481926e-09
3.069887294e-10
6.69010855e-09
2.57063268e-08
1.186329019e-09
2.588029967e-09
5.55996747e-09
2.904328799e-09
3.802406778e-10
5.257199984e-09
9.625602994e-10
8.251104495e-09
1.988505143e-09
2.871271941e-08
1.271169457e-08
8.893359671e-10
9.497851723e-09
1.014053973e-08
1.290116163e-08
7.143095446e-10
4.398993576e-09
2.052189927e-10
4.735094539e-09
4.936256206e-10
7.085841084e-11
8.55536247e-09
5.347504485e-09
2.171211837e-10
9.19537704e-10
5.284936473e-09
1.417502547e-09
5.314158798e-09
2.978219712e-09
6.325136761e-10
3.078537327e-10
4.71984872e-09
7.00264299e-10
5.457192501e-09
2.973988726e-09
3.410323751e-10
5.449136901e-10
8.022405248e-09
5.963046983e-09
2.086679072e-08
4.275795715e-09
1.438241006e-09
8.701544053e-09
1.686563097e-09
4.791274437e-09
1.48035044e-09
7.732702103e-09
5.290864461e-09
6.965557518e-09
5.678069072e-10
7.440966278e-09
7.2741772e-10
3.283939027e-10
5.855108697e-09
8.328401596e-09
4.094977356e-09
2.886099853e-09
1.682302102e-08
1.454395651e-08
4.642974744e-09
1.283666761e-08
6.832219749e-09
7.976513036e-09
4.434181696e-09
6.742972651e-10
3.810086002e-10
8.786462616e-09
1.024630145e-08
4.972542275e-10
1.037075474e-09
1.533719639e-09
1.925412436e-09
6.317880218e-09
1.184435962e-09
9.517768068e-09
1.218319475e-09
8.237473454e-09
5.292791685e-09
3.991875304e-10
3.81081417e-10
5.23356764e-09
4.733404545e-09
1.088900032e-08
2.313773513e-09
4.560932423e-09
2.38942241e-10
5.927755613e-08
3.58412663e-08
7.631552752e-09
7.464159358e-09
1.490659054e-08
1.054111163e-08
2.296267141e-08
7.851167272e-09
1.160072804e-08
7.595759824e-09
4.071508318e-10
1.265197142e-08
1.315596293e-08
1.282030675e-09
4.320187838e-09
9.349783788e-09
7.421635722e-09
1.416026951e-08
1.301253164e-08
1.046258404e-08
1.133412161e-08
4.430095717e-09
1.070452797e-09
1.407959037e-08
2.041814373e-09
7.308439274e-09
1.010458288e-08
6.8578653e-09
5.120354678e-10
1.142401322e-08
9.804071648e-09
6.124285937e-09
7.75114154e-10
2.543115748e-09
5.014935132e-09
1.038967404e-08
3.624689323e-10
5.000351739e-09
2.423037779e-08
7.566296183e-09
7.10026618e-09
6.843306559e-09
5.875238274e-09
9.193020445e-10
1.388530097e-09
5.775572228e-10
7.958795532e-10
1.123883956e-08
1.721847719e-08
5.329549084e-09
7.726742992e-09
4.976948364e-09
1.564683538e-09
2.395972395e-08
4.604041215e-10
1.340994919e-09
9.640149566e-09
3.41549015e-08
3.32361732e-09
7.707587583e-09
1.950977132e-08
5.454541931e-09
1.004278552e-08
2.257286402e-08
1.050425248e-08
1.208988168e-08
5.673653873e-09
6.15582353e-09
1.969826277e-08
8.047140402e-09
1.453546465e-08
7.46438736e-09
9.449246439e-09
1.185961788e-08
1.148603903e-08
5.414540666e-09
5.359410097e-09
7.514503832e-09
2.197974201e-08
3.63984908e-09
3.861466041e-09
1.803734988e-08
2.363298232e-08
4.384512506e-09
1.65952785e-08
5.095801146e-09
5.109211291e-09
5.666958557e-09
3.182838219e-10
1.014001017e-08
1.918415687e-08
1.353229075e-09
4.504001512e-09
3.72876077e-09
9.279554912e-09
7.78960499e-09
1.371137065e-08
1.744174277e-08
1.417916353e-08
8.686827564e-09
2.306532508e-08
1.180927065e-08
1.040959725e-08
1.31000953e-08
5.164834399e-09
5.751866169e-09
9.031155481e-09
1.132057391e-08
6.10152412e-10
4.098962505e-09
1.356651824e-08
5.618150608e-09
4.134348082e-09
7.946058923e-09
6.015859762e-09
9.148731982e-10
5.779224072e-10
5.358600732e-18
0
2.744173867e-09
0
6.525182105e-09
6.027464118e-10
6.801218198e-09
1.172294054e-08
1.082272287e-09
9.276911125e-09
6.702735114e-09
0
3.717400163e-10
1.097315824e-09
5.170826161e-11
5.212339961e-09
1.632887983e-10
7.439349703e-10
1.17040469e-09
5.32254578e-09
9.002083725e-09
9.948359197e-09
1.067688155e-08
1.939786858e-09
4.397466851e-09
5.323377458e-09
4.983296053e-09
5.750333767e-09
2.586309597e-09
6.157199535e-09
8.704890718e-09
5.41671181e-10
4.312007082e-09
1.004000676e-08
7.616186299e-09
8.87176382e-09
5.74660776e-09
4.559250878e-09
4.307025481e-09
3.775533388e-09
5.61273621e-08
1.523976051e-08
6.871215039e-09
4.695248628e-10
2.059418516e-09
1.312322019e-09
1.437479479e-11
1.755628017e-13
8.389994513e-10
7.948569704e-10
4.589216684e-10
6.944270834e-09
8.09260475e-10
4.238676879e-10
4.021526731e-10
1.902068113e-09
8.762885648e-10
8.471123523e-13
1.669046047e-09
2.30593699e-10
1.812066807e-10
8.096954915e-10
1.147695012e-09
6.869624264e-09
7.563205443e-09
3.234248534e-10
7.816190652e-10
8.961973855e-10
1.365761425e-09
5.304273349e-10
3.897486319e-09
3.912739387e-09
9.545906914e-09
9.801957054e-09
4.286312713e-09
4.553295028e-09
7.044945988e-09
1.812767102e-08
3.849421215e-09
4.872651996e-09
6.491680669e-10
4.218651411e-09
2.015541474e-09
3.965622724e-09
1.391665453e-08
8.097915982e-09
6.725517628e-09
8.323620153e-09
1.124469065e-08
5.477489363e-10
1.215795897e-08
2.829601136e-09
8.174320309e-10
3.924721198e-09
5.727669046e-10
4.692854528e-09
1.38945148e-14
2.77064705e-11
0
1.010033417e-09
1.542924871e-09
1.851793689e-09
4.070339401e-10
4.599162805e-09
3.930087658e-09
1.857365501e-09
2.526626158e-09
2.763348857e-10
4.454076941e-10
2.127773918e-10
7.463430332e-10
4.503450063e-09
3.76676712e-09
5.458598563e-09
1.426472546e-08
3.702208142e-09
8.279629255e-09
8.469680418e-10
1.551089307e-10
3.96735568e-10
1.368135839e-10
1.264060834e-09
2.537337137e-10
2.343357164e-10
3.54424299e-08
5.298023302e-09
8.68437292e-10
9.489489357e-10
1.226017831e-09
1.717301122e-09
2.720328494e-09
6.105895108e-10
1.080114034e-15
1.838743165e-10
6.543986684e-09
8.164926348e-09
3.322571062e-09
1.050501556e-09
1.594450907e-09
1.159809148e-08
2.611008736e-08
4.542471819e-09
7.184432649e-09
4.602777427e-09
8.104033307e-10
6.636041552e-09
8.72791456e-10
0
4.340020705e-11
5.536425636e-10
1.508461258e-09
6.493037832e-09
7.238454326e-10
2.714360022e-09
6.740075227e-10
4.925593027e-10
8.121176272e-09
6.186707212e-09
2.723809147e-10
7.590890636e-11
2.008440235e-10
5.47274785e-09
5.543407754e-10
9.118814796e-10
1.245551482e-08
1.224772183e-08
0
5.765771865e-09
0
4.597835906e-09
5.492045229e-09
1.396287411e-09
4.521600155e-09
5.651815094e-09
0
2.014897391e-09
3.758379589e-09
3.27833169e-09
3.172618416e-09
3.503524468e-09
6.128113531e-09
6.267666279e-09
3.809181762e-09
3.279477916e-10
0
6.610620508e-10
9.112788853e-11
5.980959459e-10
6.745003968e-09
6.836847303e-09
6.609899045e-10
6.107857877e-11
1.715841209e-10
6.676577698e-09
6.175349647e-09
4.568880397e-10
5.525602983e-11
6.76286926e-09
5.90073491e-09
2.662011517e-10
5.782297298e-09
7.37079011e-09
5.416428803e-10
7.508440169e-11
4.607562175e-10
3.847927444e-10
1.680580389e-08
