#################################### 
# Matrix Size= (25,25,400)
# Resol      = (1,1,4000)
# VoxelSize  = (25,25,0.1)
# nbVal      = 4000
#################################### 
3.002869874e-14
2.972553895e-14
3.424482831e-14
3.51263483e-14
3.249215664e-14
3.183962197e-14
3.264430725e-14
3.125333787e-14
3.562816329e-14
3.071101838e-14
3.593025771e-14
3.558358939e-14
2.806657113e-14
3.456911324e-14
2.983433278e-14
2.893105009e-14
3.543291896e-14
2.861144972e-14
3.301861886e-14
3.590002896e-14
4.502683469e-14
3.130976954e-14
3.349359528e-14
3.728293912e-14
4.634733058e-14
4.147101049e-14
3.662644433e-14
4.116227256e-14
3.999476261e-14
3.34152727e-14
3.422454651e-14
2.893505845e-14
3.60584574e-14
3.365901554e-14
3.475445364e-14
3.88295131e-14
3.274883158e-14
3.803023437e-14
3.122939712e-14
3.419978634e-14
3.201436125e-14
3.023759953e-14
3.374864041e-14
3.475828417e-14
3.739859852e-14
4.91031486e-14
3.552905228e-14
3.406095352e-14
3.471735619e-14
3.016420809e-14
2.883181915e-14
3.77524663e-14
3.054746723e-14
2.981371261e-14
3.819047835e-14
3.056444618e-14
3.773295139e-14
3.436209136e-14
3.256230832e-14
3.824047154e-14
2.993542795e-14
3.291024515e-14
3.251454039e-14
3.12578264e-14
3.559550536e-14
3.145113926e-14
4.037384519e-14
3.776945084e-14
3.690298122e-14
3.59529338e-14
3.479805326e-14
3.862712119e-14
3.19120328e-14
3.306326146e-14
4.019991106e-14
3.018159165e-14
3.912281388e-14
3.701078006e-14
3.595882996e-14
3.618382715e-14
3.510388163e-14
3.965520945e-14
3.853548115e-14
4.38821879e-14
3.442617187e-14
3.788640023e-14
4.318125031e-14
3.382078671e-14
3.663976722e-14
4.125589866e-14
3.256136387e-14
3.501684722e-14
3.602068033e-14
3.063550657e-14
3.187875534e-14
3.80811343e-14
3.117352372e-14
3.39234761e-14
3.284730494e-14
5.510072126e-14
3.586414292e-14
4.094636412e-14
3.65456917e-14
3.03094128e-14
3.526291392e-14
3.499367507e-14
4.549380273e-14
3.418160088e-14
3.508938458e-14
3.721280086e-14
3.552174332e-14
4.167042141e-14
3.412798712e-14
3.765195556e-14
3.199323019e-14
3.585394573e-14
4.0163592e-14
4.656037483e-14
4.045320322e-14
3.721275957e-14
3.544713106e-14
3.665808649e-14
3.69993831e-14
3.73227685e-14
4.128479062e-14
3.650142598e-14
3.962453709e-14
3.698845356e-14
3.559259816e-14
3.348383136e-14
4.818208898e-14
4.847686527e-14
4.284514524e-14
3.660113065e-14
3.82420869e-14
3.688213665e-14
3.677891721e-14
5.521094629e-14
3.558496056e-14
3.460672087e-14
3.375071502e-14
3.592902437e-14
4.490116155e-14
3.7611802e-14
3.947054241e-14
3.535633295e-14
4.154155398e-14
3.818965483e-14
3.399176224e-14
3.466505725e-14
3.769234538e-14
4.54411808e-14
3.868391288e-14
3.789944912e-14
4.76137914e-14
4.6138653e-14
3.926207106e-14
4.158277261e-14
4.300250823e-14
3.92892687e-14
4.256737941e-14
4.085875121e-14
3.373434916e-14
3.715002015e-14
3.673526773e-14
4.509673658e-14
4.189157012e-14
4.312610261e-14
4.208862944e-14
4.519622857e-14
4.099337352e-14
4.801692263e-14
3.759523811e-14
3.987029424e-14
3.90868698e-14
4.078286625e-14
3.849959762e-14
3.756697761e-14
3.79729459e-14
3.591253437e-14
3.565659144e-14
3.804951577e-14
3.524413086e-14
4.128196269e-14
3.732526115e-14
4.105277069e-14
4.064198964e-14
3.911383035e-14
4.535197673e-14
3.841035981e-14
3.477223726e-14
3.871364408e-14
4.620783174e-14
3.776167716e-14
4.220254489e-14
4.056459752e-14
3.754320031e-14
3.903411991e-14
3.730640298e-14
3.421797363e-14
4.517731648e-14
4.134723832e-14
4.113957904e-14
3.586099529e-14
3.806990887e-14
4.060179329e-14
3.900453285e-14
3.741841014e-14
4.068327758e-14
3.432332442e-14
3.571126009e-14
3.774563528e-14
4.260573608e-14
4.720574181e-14
4.378219239e-14
4.237355578e-14
3.943875737e-14
4.336386435e-14
4.025018944e-14
3.960547196e-14
4.572832308e-14
4.264179603e-14
4.45294074e-14
3.872254641e-14
4.52082266e-14
3.750238641e-14
4.008357254e-14
4.020521232e-14
4.265380425e-14
5.259387248e-14
3.662977409e-14
3.799727713e-14
3.985185071e-14
3.8944691e-14
4.322626107e-14
3.691577495e-14
4.400858394e-14
3.663087786e-14
4.702540394e-14
4.427767328e-14
3.912885379e-14
3.909744307e-14
4.152759942e-14
4.25068917e-14
3.834212259e-14
3.694562125e-14
3.458296063e-14
3.32781024e-14
3.66162269e-14
3.756024704e-14
4.379825281e-14
4.044428822e-14
3.901036134e-14
3.837265741e-14
3.851284382e-14
3.643816004e-14
3.954052602e-14
3.793309422e-14
5.349130194e-14
4.055741171e-14
4.16838224e-14
4.378663282e-14
4.95598234e-14
4.061624649e-14
3.811499686e-14
3.63348219e-14
3.770506652e-14
3.98538126e-14
4.274435833e-14
5.117783116e-14
4.729262718e-14
5.358759643e-14
4.141411712e-14
4.612121504e-14
4.234894748e-14
4.629472544e-14
4.245870786e-14
4.163531675e-14
4.686432785e-14
4.263032646e-14
4.765652349e-14
4.104623327e-14
4.383616321e-14
4.046949742e-14
3.842351076e-14
4.453033347e-14
3.631312697e-14
3.680539707e-14
4.457791509e-14
4.219151696e-14
4.185701146e-14
4.740373212e-14
4.736857773e-14
3.693025329e-14
4.64969822e-14
3.953470802e-14
5.009515423e-14
3.819551531e-14
4.091346406e-14
3.78318456e-14
5.020218745e-14
4.030658875e-14
3.761510949e-14
4.414084823e-14
4.87677505e-14
4.332585062e-14
3.883049201e-14
3.682962391e-14
3.711235962e-14
3.746309788e-14
4.639224258e-14
4.007248009e-14
3.970956901e-14
4.152546286e-14
4.353922507e-14
4.486157145e-14
4.379594083e-14
4.103654389e-14
4.476607628e-14
4.147795025e-14
3.799141973e-14
3.684805419e-14
3.996157996e-14
3.943886611e-14
4.213234553e-14
4.258251595e-14
4.091604191e-14
3.97078671e-14
4.007574425e-14
4.375006813e-14
3.849179145e-14
3.865588138e-14
3.724055489e-14
4.015727732e-14
3.904209663e-14
4.197997255e-14
4.392755055e-14
3.778725259e-14
3.787744884e-14
4.239776167e-14
4.257490143e-14
4.142969632e-14
4.646459772e-14
4.719334972e-14
4.291420371e-14
3.839282195e-14
3.864032026e-14
4.506714232e-14
4.597002638e-14
4.022826059e-14
4.385033471e-14
4.216329675e-14
4.252814033e-14
4.805879823e-14
4.042629039e-14
4.486442627e-14
4.603441379e-14
4.836340578e-14
4.464370788e-14
4.482426472e-14
4.177402504e-14
3.949526211e-14
4.012826773e-14
4.242283635e-14
4.574885999e-14
4.524414538e-14
4.590450717e-14
4.840136494e-14
5.012519314e-14
4.281877267e-14
4.299959494e-14
4.441368063e-14
4.103814922e-14
4.374482085e-14
4.158216952e-14
4.243911764e-14
4.468627948e-14
4.179390023e-14
3.974741047e-14
4.484440614e-14
3.985268775e-14
4.585635276e-14
4.538936307e-14
4.664530416e-14
3.907083346e-14
4.504431092e-14
4.026245452e-14
3.968561451e-14
4.269270978e-14
4.538895476e-14
4.436396433e-14
3.975156584e-14
4.430590498e-14
4.619738794e-14
4.483132828e-14
4.823373012e-14
3.805405947e-14
4.136215647e-14
4.735378802e-14
4.230651324e-14
4.637491972e-14
4.374675573e-14
4.275246158e-14
4.459777658e-14
4.140938814e-14
4.157486311e-14
4.357880098e-14
4.688533785e-14
4.737325278e-14
5.072133472e-14
5.187126736e-14
4.729709595e-14
4.084342847e-14
4.889071733e-14
4.638098205e-14
4.305434459e-14
4.313538786e-14
4.416198459e-14
5.149066448e-14
4.22036749e-14
4.091851653e-14
4.70176728e-14
4.375824278e-14
4.532896016e-14
4.351628471e-14
4.43628687e-14
4.893050837e-14
4.440420284e-14
4.508338337e-14
3.837256121e-14
4.458768645e-14
4.760934375e-14
4.788669231e-14
4.801752644e-14
4.258849028e-14
4.652213042e-14
4.824154974e-14
5.295694145e-14
4.322432404e-14
4.03406828e-14
4.933503044e-14
4.399887695e-14
4.541728147e-14
4.154462652e-14
4.050771862e-14
4.385229716e-14
5.026537439e-14
4.593939878e-14
4.253753371e-14
4.532623331e-14
4.90109036e-14
5.280095842e-14
4.270520418e-14
4.400364366e-14
4.711050672e-14
5.438070484e-14
4.537787417e-14
4.737700091e-14
4.218648326e-14
4.044833575e-14
4.846139622e-14
4.752522712e-14
4.677993785e-14
4.450813122e-14
4.500348901e-14
4.342016489e-14
4.056321762e-14
5.400649444e-14
4.686919706e-14
4.435682061e-14
4.736348509e-14
4.310528848e-14
4.536946624e-14
4.42076853e-14
4.372914176e-14
4.37076599e-14
4.79721005e-14
5.27423814e-14
4.38204567e-14
4.502505937e-14
4.678418804e-14
4.411596509e-14
4.698853141e-14
4.272141019e-14
4.248961601e-14
4.474742554e-14
4.675150538e-14
4.514449293e-14
4.615194396e-14
4.449983465e-14
5.197072366e-14
6.06020132e-14
4.633032245e-14
4.883098053e-14
5.120757452e-14
4.380388251e-14
4.927508645e-14
5.378305196e-14
5.228470353e-14
5.382597868e-14
4.272241821e-14
4.400030815e-14
4.292530231e-14
5.419090902e-14
5.259583398e-14
5.540674897e-14
4.552261887e-14
5.765355134e-14
4.520256418e-14
5.041793988e-14
4.635696019e-14
4.677410623e-14
4.807673564e-14
4.605926265e-14
4.228614606e-14
4.783401229e-14
4.905544296e-14
5.139926599e-14
4.183595968e-14
4.53276159e-14
4.313582242e-14
4.78584854e-14
5.000705463e-14
5.237156081e-14
5.581638832e-14
4.808799772e-14
4.797144988e-14
4.642983937e-14
4.513284593e-14
4.534521996e-14
4.298797256e-14
4.828544406e-14
4.708340516e-14
5.121296729e-14
5.230662451e-14
5.1378102e-14
5.13578591e-14
5.140597034e-14
5.074988142e-14
4.434752803e-14
4.495321535e-14
4.783895799e-14
4.483254288e-14
4.391257249e-14
4.336603744e-14
4.61857443e-14
4.415278323e-14
5.123590115e-14
4.25609115e-14
4.810931598e-14
4.99662608e-14
4.832361017e-14
4.694197645e-14
4.347651821e-14
5.049396768e-14
5.117419314e-14
5.624787424e-14
5.215775778e-14
5.395559721e-14
4.759034844e-14
4.793807538e-14
4.619968311e-14
4.819436062e-14
4.776042009e-14
4.824571937e-14
4.725565833e-14
5.071966775e-14
4.868668653e-14
5.024332421e-14
5.284899177e-14
5.38640835e-14
4.692240425e-14
4.852059224e-14
5.030948922e-14
4.621453151e-14
4.758721705e-14
4.564072865e-14
4.714901726e-14
4.901914175e-14
4.85067919e-14
4.607000521e-14
5.680989857e-14
4.495217801e-14
4.416842376e-14
4.507618286e-14
5.178138854e-14
4.591545701e-14
5.276010465e-14
5.952195912e-14
5.591464027e-14
5.74224423e-14
4.933608209e-14
4.588549456e-14
4.312028715e-14
4.550407599e-14
4.998214977e-14
4.52153388e-14
4.820324139e-14
4.649776428e-14
5.010170101e-14
4.80060655e-14
4.724607819e-14
5.065662952e-14
4.426674022e-14
4.815663219e-14
5.145167583e-14
5.714629257e-14
4.867648451e-14
4.790773161e-14
4.977034497e-14
4.827373689e-14
4.722133996e-14
4.879404607e-14
5.064573787e-14
4.933824227e-14
4.484754617e-14
4.673815119e-14
4.966585025e-14
4.549353192e-14
4.988371543e-14
4.63588046e-14
4.490408943e-14
5.04090633e-14
5.217005547e-14
5.508131634e-14
4.608940463e-14
4.651638593e-14
4.782775262e-14
4.75699081e-14
4.911032954e-14
5.599121379e-14
5.496757509e-14
4.708104997e-14
5.024498123e-14
4.408814704e-14
5.579669652e-14
4.906831218e-14
5.039074858e-14
4.517811332e-14
5.176100799e-14
4.814961459e-14
5.232931161e-14
4.846028595e-14
4.827045374e-14
5.269179001e-14
5.202126261e-14
5.182776941e-14
5.577939206e-14
5.147022559e-14
4.864437711e-14
5.471600235e-14
5.077091179e-14
5.60768455e-14
4.986059641e-14
5.031028583e-14
5.446124635e-14
5.041339472e-14
4.69366735e-14
5.134274018e-14
5.667282629e-14
5.016669225e-14
4.61581937e-14
4.64352229e-14
4.920663394e-14
5.060147897e-14
4.990742589e-14
4.96052614e-14
5.001095939e-14
5.143619574e-14
5.702954688e-14
5.251699108e-14
5.653781487e-14
5.410338817e-14
4.897275449e-14
5.325787236e-14
4.953821029e-14
5.627883849e-14
5.144175548e-14
5.423344292e-14
5.441244353e-14
4.911018738e-14
5.393439336e-14
5.68401102e-14
5.059490968e-14
4.912303542e-14
4.737165363e-14
5.621024175e-14
5.208851041e-14
4.845678923e-14
5.374998815e-14
5.508519277e-14
5.38554187e-14
4.857164698e-14
5.303390322e-14
5.246723526e-14
4.908754123e-14
4.758826143e-14
5.153627613e-14
5.510191667e-14
5.053371381e-14
4.982414641e-14
5.304064003e-14
5.49603219e-14
5.249314167e-14
4.854899954e-14
4.802771608e-14
4.773400937e-14
5.150705792e-14
6.402709844e-14
5.918296276e-14
5.142202731e-14
4.832764103e-14
5.470715088e-14
5.522966857e-14
5.381418624e-14
4.99194729e-14
5.073118293e-14
5.269196704e-14
6.205147574e-14
5.064743041e-14
5.40568124e-14
5.049952239e-14
4.940565322e-14
5.671227518e-14
5.716868989e-14
5.259996012e-14
5.927571646e-14
5.296072917e-14
5.545155435e-14
5.848212743e-14
5.258737287e-14
5.275717903e-14
5.579650634e-14
5.24381583e-14
5.458541707e-14
5.587697093e-14
5.155293266e-14
5.447842322e-14
5.251227449e-14
5.072716992e-14
5.100207044e-14
5.692503666e-14
5.085941756e-14
5.827948289e-14
5.951729497e-14
5.339498789e-14
5.023997213e-14
5.30875324e-14
5.464325323e-14
6.079666493e-14
5.163067415e-14
5.451110774e-14
5.973885546e-14
5.587534184e-14
5.221384421e-14
5.243112204e-14
5.314846797e-14
5.597025647e-14
5.360086187e-14
5.502973992e-14
5.677675473e-14
6.026526348e-14
6.115996892e-14
5.405726025e-14
5.183091284e-14
5.349308792e-14
5.997811618e-14
5.511917989e-14
5.840984765e-14
5.899914506e-14
5.521601675e-14
5.71261066e-14
5.718142049e-14
5.75828567e-14
5.633316367e-14
5.615825693e-14
5.647217959e-14
6.184124854e-14
5.977090303e-14
6.543777947e-14
5.732683477e-14
5.546051554e-14
5.673313382e-14
5.444797332e-14
6.884049913e-14
5.677548269e-14
5.678999571e-14
5.368268031e-14
5.261201671e-14
5.263651651e-14
5.419515688e-14
5.705814095e-14
5.747915669e-14
5.4801432e-14
5.868499114e-14
6.555310884e-14
5.506350581e-14
5.650544116e-14
5.89209491e-14
6.162414752e-14
5.677574738e-14
5.841430926e-14
5.405734893e-14
5.366089877e-14
5.481804662e-14
6.01927045e-14
6.01459097e-14
6.356022521e-14
5.661442501e-14
6.108529231e-14
5.788835104e-14
6.254860002e-14
6.434003555e-14
5.917208796e-14
5.536581977e-14
5.957374241e-14
6.28142278e-14
5.673140877e-14
5.273984258e-14
5.738688353e-14
5.523709328e-14
6.446022158e-14
5.992242575e-14
6.399156258e-14
6.510231954e-14
5.675919421e-14
5.828614161e-14
5.722742353e-14
5.554518986e-14
5.598638707e-14
6.564111273e-14
5.591571117e-14
5.821029063e-14
5.967208276e-14
5.670356714e-14
6.244679892e-14
5.960702618e-14
5.828955685e-14
5.743242416e-14
6.235243804e-14
5.728297694e-14
5.991544806e-14
6.038202998e-14
5.758395188e-14
5.983479842e-14
6.420035593e-14
5.7391463e-14
6.456164114e-14
6.652845999e-14
5.815223018e-14
6.980382455e-14
6.094666947e-14
6.437139262e-14
5.550193435e-14
5.714581209e-14
6.287665215e-14
5.843517592e-14
5.798369195e-14
6.455699431e-14
6.259122522e-14
6.932579061e-14
5.83957857e-14
6.578929803e-14
5.778239075e-14
5.41847957e-14
5.991716592e-14
5.680713296e-14
5.82527432e-14
6.989443227e-14
6.02971712e-14
6.253114866e-14
6.363855561e-14
6.083307193e-14
5.959794802e-14
6.085495569e-14
6.419427232e-14
6.187092256e-14
6.073264885e-14
5.972245243e-14
5.916162741e-14
6.346100311e-14
5.920302142e-14
6.006683715e-14
6.179732427e-14
5.92379152e-14
5.998974507e-14
5.951438843e-14
6.348007976e-14
6.056856688e-14
5.908258686e-14
7.083965526e-14
6.025583562e-14
6.386024552e-14
6.14467641e-14
6.414969559e-14
6.337024366e-14
6.349683081e-14
6.145062612e-14
7.078613601e-14
6.221947677e-14
6.211140031e-14
6.574327472e-14
6.015118225e-14
6.730501266e-14
5.94673803e-14
6.239370946e-14
7.041730469e-14
6.237085901e-14
5.998676791e-14
6.58151696e-14
5.892389063e-14
6.179212882e-14
5.773292684e-14
6.220723778e-14
6.677659671e-14
6.202092017e-14
6.481162988e-14
6.705347232e-14
6.120458085e-14
6.448292239e-14
6.301807921e-14
5.968205889e-14
6.026674326e-14
6.294244049e-14
6.536651487e-14
6.08380101e-14
6.401060504e-14
6.380218566e-14
6.22057626e-14
6.171033672e-14
6.282908256e-14
6.308562997e-14
6.170296445e-14
6.198402562e-14
6.400894155e-14
6.404562309e-14
6.390603963e-14
6.400017092e-14
6.41615853e-14
6.253670612e-14
6.286635519e-14
6.732683129e-14
6.549439445e-14
6.209764518e-14
6.579000352e-14
6.372657958e-14
6.244705911e-14
7.180120637e-14
7.261438236e-14
6.824712535e-14
6.599983668e-14
6.39577845e-14
6.519930748e-14
6.502107367e-14
6.248829856e-14
6.467436628e-14
6.097347058e-14
6.352903032e-14
6.506364227e-14
6.674293169e-14
6.367023672e-14
6.501815371e-14
6.956498787e-14
7.758593679e-14
6.653449324e-14
6.924247912e-14
6.583965571e-14
6.702669353e-14
6.420404843e-14
7.011051064e-14
6.792038791e-14
7.588846979e-14
6.615342007e-14
6.986681245e-14
6.223140678e-14
7.37402766e-14
6.654917398e-14
7.600475816e-14
7.176747177e-14
6.992948837e-14
6.719305614e-14
7.199879799e-14
7.157507482e-14
7.689381458e-14
6.869945074e-14
7.04478077e-14
6.872870964e-14
7.257647159e-14
6.741741345e-14
6.966947895e-14
6.609468421e-14
7.737211443e-14
7.210144008e-14
7.156740368e-14
6.568061343e-14
6.804558325e-14
6.838263784e-14
6.92598522e-14
6.789027246e-14
6.852546574e-14
6.603457674e-14
6.861628559e-14
6.584598116e-14
7.139938217e-14
7.100433893e-14
6.980030579e-14
7.089367516e-14
7.249906203e-14
7.047524064e-14
7.035734771e-14
6.883484691e-14
6.86011655e-14
6.64746697e-14
6.822489978e-14
6.802872448e-14
6.976094651e-14
6.905505255e-14
7.507700963e-14
6.835564388e-14
7.130785065e-14
6.774636776e-14
7.336763304e-14
6.832055489e-14
6.802400149e-14
6.972960592e-14
6.988880724e-14
7.537484436e-14
7.674478336e-14
7.132168853e-14
7.252544906e-14
7.36629142e-14
7.093383073e-14
6.968624021e-14
7.273108708e-14
7.354882773e-14
7.706702038e-14
7.258702596e-14
7.770556694e-14
8.288258543e-14
7.513458033e-14
7.369594016e-14
7.372919988e-14
7.473433672e-14
7.632212958e-14
7.197637259e-14
7.30078187e-14
7.405712921e-14
7.772973824e-14
8.190748891e-14
7.424740041e-14
7.579771047e-14
8.030523764e-14
7.760695876e-14
7.772173788e-14
7.368789815e-14
7.590685081e-14
7.818686566e-14
7.476885727e-14
7.102818259e-14
7.427097117e-14
7.343543041e-14
7.763047213e-14
7.402887897e-14
7.385660939e-14
7.395081734e-14
7.584143683e-14
7.566025685e-14
7.263740622e-14
7.596780076e-14
7.150414389e-14
7.687180309e-14
7.226166974e-14
7.706007472e-14
7.83539537e-14
7.976038503e-14
7.776877272e-14
7.921940451e-14
8.426247656e-14
7.458817189e-14
7.640429684e-14
7.913191713e-14
7.539098905e-14
7.574677418e-14
7.894980681e-14
7.78466996e-14
7.982523558e-14
7.905343315e-14
7.879292006e-14
7.654395357e-14
7.787628288e-14
8.304000011e-14
7.955931674e-14
8.13258446e-14
7.946672541e-14
7.881456484e-14
7.78386574e-14
7.674265632e-14
8.194031051e-14
7.877742739e-14
8.686204551e-14
8.073278387e-14
8.02517936e-14
7.770188456e-14
8.488525071e-14
7.89003062e-14
8.427465468e-14
8.063269725e-14
7.83027294e-14
8.198181705e-14
9.381154695e-14
9.279294231e-14
8.606554375e-14
8.344820218e-14
8.187116129e-14
7.948282222e-14
8.665438509e-14
8.578251513e-14
8.187623444e-14
8.521009869e-14
8.640049643e-14
8.744671015e-14
8.403474338e-14
8.15954959e-14
8.279758063e-14
8.221131381e-14
8.384799538e-14
9.417318262e-14
8.385283611e-14
8.542791762e-14
9.123097146e-14
8.541912942e-14
8.570621546e-14
8.517998928e-14
8.890135756e-14
8.894052185e-14
9.147327322e-14
8.635145251e-14
8.77480878e-14
8.69095444e-14
8.947736891e-14
9.242231352e-14
9.040534432e-14
8.553197802e-14
8.999442425e-14
8.904976531e-14
8.65461431e-14
8.431172539e-14
8.684412366e-14
8.465249673e-14
8.716409447e-14
9.148518699e-14
8.562149093e-14
9.155398289e-14
8.828656579e-14
9.064716401e-14
8.928571473e-14
9.15257605e-14
9.432438512e-14
8.723802073e-14
9.664287157e-14
9.023794537e-14
8.76227983e-14
9.306487622e-14
9.184746301e-14
9.455481857e-14
9.158407927e-14
9.321940297e-14
9.265031256e-14
9.248949709e-14
9.557218679e-14
9.39367282e-14
9.829413832e-14
9.493331241e-14
9.314967064e-14
9.223464355e-14
1.023426837e-13
1.008647877e-13
9.387465561e-14
9.283298399e-14
9.316621348e-14
9.832149096e-14
9.771151465e-14
9.865245538e-14
9.357811107e-14
9.453611081e-14
9.469670958e-14
9.757450123e-14
9.445061415e-14
1.112058135e-13
9.80858521e-14
9.928138205e-14
9.810428004e-14
1.045743142e-13
1.002157452e-13
1.019522395e-13
9.768701013e-14
9.784707249e-14
1.013488599e-13
9.486640008e-14
9.848207535e-14
1.039040566e-13
1.016798589e-13
9.709343499e-14
1.023882775e-13
9.7897314e-14
1.051503533e-13
1.008299868e-13
1.021228523e-13
9.981682617e-14
1.04445435e-13
1.031816184e-13
9.847108362e-14
1.004896014e-13
1.040743705e-13
1.075299553e-13
1.081132815e-13
1.152256719e-13
1.103542036e-13
1.044009404e-13
1.035172413e-13
1.01586071e-13
1.123826753e-13
1.093099761e-13
1.130665837e-13
1.0880048e-13
1.035615213e-13
1.064230477e-13
1.087152335e-13
1.054539661e-13
1.140569088e-13
1.090757258e-13
1.083424533e-13
1.153407216e-13
1.084842816e-13
1.155206233e-13
1.100806848e-13
1.089449404e-13
1.135945328e-13
1.113492332e-13
1.144529542e-13
1.122462459e-13
1.138530817e-13
1.137459415e-13
1.105870271e-13
1.143331339e-13
1.157883577e-13
1.152033512e-13
1.282302145e-13
1.128095791e-13
1.229444616e-13
1.132943262e-13
1.164679676e-13
1.260152769e-13
1.164131586e-13
1.182110393e-13
1.183266742e-13
1.130402731e-13
1.160460735e-13
1.161395494e-13
1.187265036e-13
1.183026452e-13
1.203179257e-13
1.24377083e-13
1.227067422e-13
1.284830982e-13
1.349632998e-13
1.264685978e-13
1.240075422e-13
1.227708522e-13
1.267695535e-13
1.238025438e-13
1.259982293e-13
1.269247993e-13
1.302455293e-13
1.281866759e-13
1.281683155e-13
1.330541431e-13
1.300066012e-13
1.366738649e-13
1.264725531e-13
1.321593866e-13
1.338541909e-13
1.308496758e-13
1.352490208e-13
1.346175288e-13
1.362426003e-13
1.316649648e-13
1.335084292e-13
1.39454774e-13
1.39488519e-13
1.406148542e-13
1.385878201e-13
1.465131357e-13
1.401573289e-13
1.362582984e-13
1.419242198e-13
1.454522932e-13
1.41101574e-13
1.390723092e-13
1.452576789e-13
1.480701876e-13
1.572484614e-13
1.448280085e-13
1.478362227e-13
1.420626005e-13
1.496238587e-13
1.469588981e-13
1.536234732e-13
1.482968613e-13
1.518920644e-13
1.536433077e-13
1.508280067e-13
1.520515244e-13
1.574634529e-13
1.513288817e-13
1.564278895e-13
1.622526725e-13
1.669770116e-13
1.566841166e-13
1.55861686e-13
1.56746894e-13
1.632014367e-13
1.574385338e-13
1.614136034e-13
1.649983959e-13
1.630499202e-13
1.656564194e-13
1.638630798e-13
1.667700007e-13
1.654454902e-13
1.748528275e-13
1.742424402e-13
1.738325274e-13
1.687640764e-13
1.716720834e-13
1.808511123e-13
1.75162204e-13
1.769051606e-13
1.798247995e-13
1.797235922e-13
1.796135669e-13
1.789391356e-13
1.808126635e-13
1.863050333e-13
1.850957436e-13
1.80543871e-13
1.870745004e-13
1.876411878e-13
1.869893647e-13
1.912302778e-13
1.948162254e-13
1.935900582e-13
1.885685895e-13
1.946540074e-13
1.943145154e-13
1.971905243e-13
1.975876413e-13
2.039142776e-13
2.041684818e-13
2.00091913e-13
2.038462414e-13
2.028173494e-13
2.126889864e-13
2.029306783e-13
2.098751679e-13
2.066489979e-13
2.135156167e-13
2.191501249e-13
2.172951929e-13
2.147621736e-13
2.189597509e-13
2.244930246e-13
2.205188809e-13
2.268200294e-13
2.21987789e-13
2.251596453e-13
2.286895761e-13
2.342534992e-13
2.375068289e-13
2.330045471e-13
2.351761696e-13
2.326137613e-13
2.359752478e-13
2.385144893e-13
2.442766177e-13
2.478842525e-13
2.417100842e-13
2.502618278e-13
2.505463911e-13
2.551356746e-13
2.542338852e-13
2.585063082e-13
2.598378027e-13
2.620051836e-13
2.697007869e-13
2.668285104e-13
2.702608772e-13
2.7700353e-13
2.681574551e-13
2.720003012e-13
2.889998539e-13
2.839943723e-13
2.86385648e-13
2.881752016e-13
2.882188581e-13
2.979916441e-13
2.890640086e-13
3.025990839e-13
3.066480303e-13
3.032481626e-13
3.055180288e-13
3.099280798e-13
3.132267714e-13
3.162715077e-13
3.277875698e-13
3.236193137e-13
3.299658582e-13
3.346553551e-13
3.289538261e-13
3.371923928e-13
3.421548182e-13
3.446591846e-13
3.532534538e-13
3.498113094e-13
3.540182083e-13
3.590688457e-13
3.57203972e-13
3.706506002e-13
3.682034741e-13
3.724422479e-13
3.786247021e-13
3.746447605e-13
3.736524075e-13
3.82635964e-13
3.912192446e-13
3.868891217e-13
3.906392198e-13
3.928370542e-13
3.966976335e-13
4.034536664e-13
4.040626799e-13
4.147962117e-13
4.104594922e-13
4.120074469e-13
4.158904411e-13
4.122547549e-13
4.219964129e-13
4.230295515e-13
4.286260801e-13
4.290288822e-13
4.292985283e-13
4.301663741e-13
4.281657053e-13
4.2574043e-13
4.320346184e-13
4.310844898e-13
4.282075823e-13
4.378692758e-13
4.352457369e-13
4.423982753e-13
4.320678512e-13
4.3901782e-13
4.381262126e-13
4.329662144e-13
4.297351199e-13
4.36355449e-13
4.314335936e-13
4.216781168e-13
4.251855628e-13
4.225672268e-13
4.196555949e-13
4.182794316e-13
4.101060201e-13
4.117429517e-13
4.064220637e-13
4.088668758e-13
3.954013557e-13
3.927023821e-13
3.909157055e-13
3.804532551e-13
3.77793146e-13
3.712247331e-13
3.655057037e-13
3.609973856e-13
3.522217737e-13
3.500277249e-13
3.432353985e-13
3.360992978e-13
3.288338691e-13
3.189379387e-13
3.127294544e-13
3.027258961e-13
2.914424701e-13
2.882354162e-13
2.761219767e-13
2.751988585e-13
2.662877977e-13
2.554668363e-13
2.444944325e-13
2.406842671e-13
2.299932029e-13
2.225548416e-13
2.104190162e-13
2.079107722e-13
2.001772582e-13
1.907607388e-13
1.788253329e-13
1.70940477e-13
1.668295659e-13
1.592938899e-13
1.516397601e-13
1.429930188e-13
1.360225979e-13
1.312773225e-13
1.243720985e-13
1.131437112e-13
1.114678499e-13
1.029094843e-13
9.576148095e-14
9.370007465e-14
8.727969408e-14
8.157976064e-14
7.788675481e-14
7.057992567e-14
6.49891752e-14
6.471178616e-14
5.80485224e-14
5.268114876e-14
4.918273714e-14
4.697741532e-14
4.369229912e-14
3.997152822e-14
3.663248281e-14
3.438993963e-14
3.228422527e-14
2.972480341e-14
2.595888886e-14
2.399484483e-14
2.321004744e-14
1.958315374e-14
1.728816665e-14
1.687711875e-14
1.587812487e-14
1.385324765e-14
1.359686124e-14
1.144778439e-14
1.01715747e-14
9.422072816e-15
8.379467792e-15
7.014695137e-15
6.941221637e-15
6.471420845e-15
5.560180522e-15
5.414063589e-15
4.328957763e-15
4.64816019e-15
3.844267845e-15
2.864752519e-15
2.931921381e-15
2.656200197e-15
3.105868594e-15
2.06286353e-15
2.316797294e-15
1.77081918e-15
1.647171469e-15
1.526911071e-15
1.435015195e-15
9.362076666e-16
8.565866283e-16
4.516095406e-16
8.447731419e-16
8.556558857e-16
7.191818188e-16
1.433028331e-15
5.277142808e-16
7.83572034e-16
4.939581475e-16
3.406219271e-16
7.412993823e-16
3.837588223e-16
4.188842042e-16
2.357624891e-16
2.62223223e-16
3.03444584e-16
5.254912384e-16
2.924284474e-16
1.243396953e-15
2.944843013e-16
3.031502571e-16
1.29976033e-16
3.972917164e-16
4.851924367e-16
3.738837813e-16
5.373744005e-16
3.233377134e-16
9.054392948e-17
2.450594015e-16
3.238677462e-16
2.20453062e-16
4.732377142e-16
2.808505196e-16
2.7124215e-16
2.315770718e-16
2.361958122e-16
3.942027915e-16
7.350184803e-17
3.189975264e-16
2.185714129e-16
2.981756779e-16
3.008917961e-16
2.80219742e-16
7.385707117e-16
2.872677674e-16
1.824933197e-16
4.233268393e-16
4.073389082e-16
1.272524369e-16
1.781619311e-16
1.266654247e-16
1.351015706e-16
3.521894921e-16
1.102144875e-16
2.285159597e-16
1.73125497e-16
2.960493888e-16
1.813537368e-16
4.641468724e-16
1.667483919e-16
1.658662492e-16
2.026683724e-16
8.647125083e-16
2.456611885e-16
5.407449707e-16
4.01192579e-16
2.873433415e-16
2.262803201e-16
3.137227797e-16
1.378584003e-16
3.823205676e-16
8.382631041e-16
5.264128316e-16
6.119933859e-16
8.521213475e-16
3.844550257e-16
1.410709849e-16
3.36376249e-16
1.935877214e-16
7.305272906e-16
5.269291254e-16
1.522048897e-16
2.096172415e-16
2.37599583e-16
1.853888821e-16
5.459873031e-16
7.335692669e-17
1.478406232e-16
1.52404293e-16
1.291312225e-16
5.418973911e-17
1.793277497e-16
1.40592464e-16
1.278269468e-16
3.787266266e-17
1.174514097e-16
1.617065322e-16
8.464485419e-17
2.142405377e-16
1.402646128e-15
7.992761543e-17
1.46657055e-16
2.723298567e-15
1.176552461e-16
3.116719759e-16
1.702395059e-16
2.443394556e-16
3.865682317e-16
1.91337165e-16
4.532713749e-16
3.344491331e-16
3.842939639e-16
5.901167992e-17
9.468130863e-17
7.588365498e-17
1.800607112e-16
1.561620827e-16
3.12119225e-16
2.233054556e-16
3.117013717e-15
4.302021495e-16
9.241098622e-16
5.07839946e-16
4.187811395e-16
1.722243721e-16
4.765209863e-16
2.486261619e-16
5.645493908e-16
2.392997192e-16
2.361691555e-16
4.725444336e-16
1.600698161e-16
5.109303864e-17
1.191772845e-16
4.714590794e-16
4.532495506e-17
3.674894228e-16
1.487341676e-16
2.290795475e-16
2.494398317e-16
1.570149853e-16
1.046420172e-16
1.10542623e-16
6.416685545e-17
1.667798334e-16
3.993995345e-17
4.102833479e-16
5.729791021e-16
8.956900722e-16
1.507729685e-16
1.938099351e-16
5.883839811e-16
1.276555713e-16
2.060258817e-16
2.987210108e-16
6.838557109e-17
1.620125378e-16
3.531093683e-16
1.751224454e-16
4.362205742e-16
3.085074821e-16
7.064811309e-16
3.776371117e-16
2.907447223e-16
5.703100466e-16
2.655455065e-16
3.054566708e-16
3.520477035e-16
6.564922195e-16
3.943081539e-16
2.766411991e-16
2.506912596e-16
1.262106017e-16
1.481207323e-16
1.958439089e-16
1.648135866e-16
3.218027977e-16
8.054310733e-17
5.802189652e-16
4.14729348e-16
3.153776472e-16
3.244320777e-16
1.940507322e-16
1.666168234e-16
2.384892355e-16
2.539297666e-16
1.227212813e-16
2.620383137e-16
1.064531631e-16
4.881146652e-17
1.643540434e-16
1.019238786e-16
1.712025756e-16
1.372837238e-16
6.011015658e-16
4.352011384e-16
1.518542139e-16
6.697478582e-17
1.324400088e-16
2.618460052e-16
1.431513228e-16
2.052875786e-16
2.671993109e-16
1.266287436e-16
2.421255973e-16
3.146499091e-16
1.101110708e-16
2.06795486e-16
3.106999574e-16
5.854013726e-16
1.598784668e-16
5.312964618e-17
7.326509779e-17
7.28272879e-17
1.408733784e-16
1.008048411e-16
2.978022076e-16
3.741795932e-16
1.073536264e-15
1.787316064e-16
1.178033384e-16
6.768133043e-17
1.912863624e-16
1.263405892e-16
4.549285744e-16
5.006314509e-17
1.554495328e-16
3.111859235e-16
9.551635922e-17
5.541402087e-17
1.123347247e-16
2.087236045e-16
1.456032218e-16
6.917159085e-17
2.133498005e-16
8.301969456e-17
1.009029395e-16
1.87317518e-16
1.185307826e-16
6.314326856e-16
3.498858092e-16
6.507583132e-17
1.288009e-16
1.70785378e-16
4.272939826e-16
1.140214939e-16
1.451187282e-16
8.202149838e-17
2.717832029e-16
3.979059353e-16
1.011445963e-15
1.370620024e-16
1.975704782e-16
3.225591777e-16
1.706763809e-16
2.045247488e-16
3.472512685e-16
1.753940502e-16
1.111413872e-16
7.703562682e-17
2.103582305e-16
4.079156801e-16
1.624392748e-16
2.018271391e-16
6.889617597e-17
8.699742241e-16
8.428575851e-17
2.47643207e-16
3.390939357e-16
1.635751816e-15
6.424716418e-16
2.105093563e-16
2.595026153e-16
1.507701368e-16
1.155288786e-16
5.074008255e-16
3.149448282e-16
1.820469625e-16
1.57520819e-16
1.817041561e-16
4.497877084e-17
8.810896111e-17
3.787033776e-18
2.683247772e-17
1.033752804e-16
1.877448283e-16
2.698794248e-16
2.025668663e-16
1.421542531e-16
6.013355884e-16
3.001225426e-16
2.254608874e-16
2.565313043e-16
1.108328599e-16
1.162578151e-16
6.886319146e-17
2.208889793e-15
6.345267763e-16
8.567919692e-17
5.868398328e-17
1.958905967e-16
3.189507906e-16
1.234695525e-16
2.712979799e-16
1.063855062e-16
1.418499661e-16
1.002760011e-16
1.531836837e-16
9.817100095e-17
9.730408266e-17
3.872965845e-16
2.317108724e-16
5.593912516e-16
2.719075842e-16
1.602752191e-16
7.147916679e-17
1.444786797e-16
9.387533167e-17
1.225006793e-16
9.603095226e-17
1.673358564e-16
1.362247406e-16
1.217352194e-16
1.271090352e-16
4.975571589e-16
2.827263478e-16
2.054289199e-16
5.714688249e-17
7.159523637e-17
2.962981267e-16
9.436942691e-17
1.959844761e-16
1.343746448e-16
8.588476001e-17
7.933903416e-17
5.51544682e-17
1.400100788e-16
8.538723986e-17
9.818285162e-17
7.054393613e-17
2.857369649e-16
2.170189292e-16
6.317612697e-17
1.49442447e-16
6.25130968e-17
1.572399801e-16
4.050254637e-16
1.386127382e-16
1.262154098e-16
1.124846555e-16
1.329219712e-16
4.564624573e-17
3.773393249e-16
9.642460243e-17
1.6077263e-16
3.044633751e-16
1.767162114e-16
3.687609108e-16
2.925782594e-16
2.440323871e-16
1.447790889e-16
1.565976515e-16
9.151218357e-17
8.952532008e-17
2.014438091e-16
1.997942781e-16
4.617405722e-16
3.083388518e-16
2.684534432e-16
1.231781384e-16
2.026081954e-16
1.377571909e-16
1.256616205e-16
3.426848764e-16
1.347847361e-16
1.044760234e-16
1.222716278e-16
3.375302186e-16
1.779348741e-16
1.227824805e-16
9.309865758e-17
1.553085145e-16
1.478226281e-16
1.104565236e-16
4.850945585e-17
4.597634159e-17
2.163958974e-16
7.937212306e-17
3.104358953e-16
1.605447974e-16
1.28244526e-16
1.21745462e-16
2.665267655e-16
5.63815081e-17
1.648634073e-16
8.160191563e-17
1.621683229e-16
4.544644007e-17
1.019596554e-16
1.218237768e-16
3.124305535e-16
6.920478005e-16
8.65131175e-17
1.090671233e-16
4.18065008e-17
2.09001068e-16
2.277774164e-16
3.542848644e-17
1.45151796e-16
2.185770131e-16
1.620515642e-16
1.057093697e-16
2.809742926e-16
1.167718274e-16
9.20701756e-17
8.302340554e-17
7.735994122e-17
1.295160671e-16
2.071223883e-16
1.494253235e-16
1.941293849e-16
1.726548921e-16
1.625226381e-16
8.962122727e-17
5.927940734e-17
2.518747083e-16
2.42858487e-16
6.13977922e-17
5.621816184e-17
1.406943607e-16
8.246324361e-17
1.046809545e-16
4.38368968e-17
1.334868454e-16
2.264155702e-16
7.544614919e-17
4.95266268e-17
1.908781678e-16
6.594621032e-17
1.840147062e-16
1.097350757e-16
4.687300997e-16
3.399876454e-15
3.040265245e-16
1.852977691e-16
2.210382393e-16
5.036307989e-16
1.424003503e-16
4.190051521e-17
2.553239186e-16
2.957200942e-17
3.603904814e-17
3.724079642e-17
1.184076669e-16
9.211568278e-17
8.43503144e-17
1.635475039e-16
1.402876602e-16
1.372401843e-16
1.487597937e-16
1.39436606e-16
1.165848048e-16
1.079605111e-16
1.269059193e-16
2.453724682e-17
1.211600837e-16
7.540621185e-17
3.744235688e-17
4.200880959e-16
1.289443507e-16
5.675509352e-17
1.594624238e-16
5.840059109e-17
1.453747653e-16
1.476441818e-16
7.709340166e-17
1.700677033e-16
1.742834984e-16
6.324785154e-16
1.207846925e-16
1.247637417e-16
6.583031529e-17
7.290805585e-17
1.204516092e-16
7.435901274e-17
7.978225931e-17
2.83323558e-16
3.803524494e-16
1.674285952e-18
1.096566012e-15
4.488630385e-17
1.62852395e-16
1.975698602e-17
5.628574889e-17
1.148831075e-16
1.418689185e-16
1.369330513e-16
1.404459273e-16
8.779139782e-17
1.135585603e-16
4.214663068e-17
1.502168316e-16
7.866525062e-17
9.595363734e-16
8.088189148e-17
3.878775562e-16
1.607224961e-16
5.309088313e-16
5.199382054e-17
2.594181696e-16
3.387184812e-17
5.553637348e-17
9.400049574e-17
8.241013204e-17
1.309291539e-16
7.359658674e-17
2.302932949e-16
4.430548269e-16
3.271825324e-17
3.676890155e-17
1.493900792e-16
1.907150707e-16
7.892813559e-17
7.301951261e-17
7.388522023e-17
4.028905199e-16
1.02711326e-16
1.163648348e-16
8.759439762e-17
4.575841826e-17
3.497248173e-17
5.51660943e-17
3.684891979e-16
5.369112849e-16
6.079379638e-17
4.146424229e-16
1.208735096e-16
2.960432616e-17
7.077944669e-17
1.94762153e-17
6.468975665e-17
5.566920125e-17
4.617377683e-17
1.315732905e-16
2.31518113e-16
2.003942925e-16
8.62630858e-17
1.530605591e-16
9.246768617e-17
1.748726538e-16
2.299102264e-16
1.058391365e-16
1.025719993e-16
5.024966105e-16
1.247614575e-16
2.156110616e-16
9.541408367e-17
3.13726986e-16
8.397309828e-17
3.185458341e-16
8.195518224e-17
2.95491068e-16
8.641432992e-16
8.765038991e-17
1.761391879e-16
1.453408391e-16
6.03159588e-16
2.616674842e-16
2.410630989e-16
1.236249162e-16
5.123362538e-16
9.615736361e-17
2.947963803e-17
1.647345266e-16
2.656988885e-16
5.708838481e-17
6.205400223e-17
1.693334312e-16
1.981582558e-17
6.523280008e-17
1.125213087e-16
6.905593154e-17
2.433967923e-16
1.738382019e-16
2.135072671e-16
6.393520707e-17
2.106108108e-16
1.050645271e-16
1.28049033e-16
4.474853908e-16
1.22083119e-16
3.064111139e-16
2.408298522e-16
2.356500585e-16
1.338948719e-16
1.344168309e-16
1.269499086e-15
9.98071e-17
7.061884976e-17
8.635824875e-18
7.337574643e-17
2.220115687e-16
9.602208045e-17
2.372311516e-16
1.028446659e-16
1.396667187e-16
2.288428627e-17
6.110863213e-17
6.014343823e-17
5.942838776e-17
3.961242833e-17
1.35156092e-16
7.562709049e-17
2.306348977e-16
1.207551705e-16
1.289299801e-16
3.493055313e-16
2.086370078e-16
4.962817256e-17
1.346409396e-16
7.674348376e-17
1.541198728e-16
1.00923782e-16
2.063031811e-18
1.510054199e-17
7.892221787e-17
1.550793137e-16
5.034533032e-17
4.242366608e-17
2.379493955e-16
1.474457458e-16
1.656058202e-16
5.79755638e-17
4.09133125e-16
8.620467185e-17
1.461905588e-16
1.084450771e-16
6.166530243e-17
1.869204008e-16
5.038657292e-17
1.332425907e-16
6.179572164e-16
1.66428844e-16
4.899671462e-17
2.615527324e-17
5.709721095e-17
4.618342852e-16
1.283531166e-16
2.916908199e-16
1.917753444e-16
2.144049249e-17
9.049307816e-17
1.768089966e-16
1.819023391e-16
1.015929571e-16
1.418174027e-17
1.059872798e-16
9.351857619e-17
1.103046931e-16
3.040449985e-16
1.760335481e-16
1.315241252e-16
3.838042299e-17
1.042121221e-16
9.71922866e-17
5.579521904e-17
9.559797655e-17
1.856398384e-16
5.233317914e-17
1.138920426e-16
1.441381929e-16
1.427662254e-16
7.153559736e-17
1.477369818e-16
1.068344936e-16
9.302864477e-17
8.390439172e-17
9.175753641e-17
2.027048114e-16
3.300367544e-16
7.417140642e-17
5.229156826e-17
1.332789291e-16
1.228082353e-16
9.387791381e-17
1.070886137e-16
6.681480893e-17
6.098069438e-17
2.759932289e-16
1.529607324e-16
1.37573688e-16
6.158257822e-17
1.791501402e-16
1.060370767e-16
3.237625613e-16
1.125642527e-16
2.963873594e-17
1.173703076e-18
6.799844995e-17
1.215817924e-16
9.86689793e-17
8.002145519e-17
3.978555429e-17
4.165206715e-17
5.728884419e-17
7.18768417e-17
1.51214188e-16
5.918225139e-17
6.155206911e-17
1.929477022e-18
7.156170554e-17
1.933602939e-17
3.445553143e-18
3.422334322e-16
9.062079548e-17
2.099494987e-17
6.368326457e-17
1.881557321e-17
1.23956842e-16
3.309275897e-17
2.300622813e-16
1.182436014e-16
1.502606461e-16
2.749657869e-17
3.502095382e-17
2.175217176e-17
1.55890586e-16
2.417640228e-17
1.81244235e-16
3.488147892e-17
9.579495153e-18
2.924808406e-18
8.666120435e-17
2.046929136e-17
4.738556533e-17
9.691801307e-18
1.153161636e-18
1.897692365e-17
1.301903843e-16
1.471648436e-16
9.351241567e-18
6.303339208e-17
1.431357483e-16
2.747466721e-16
5.091942625e-17
2.023408573e-17
4.545703351e-17
1.353474622e-16
1.367419272e-16
6.888786581e-17
5.224356771e-17
1.721318586e-16
3.290484044e-17
1.238481017e-16
2.326948933e-16
8.316863156e-17
3.329209776e-16
1.260605554e-16
6.131768445e-17
7.415910116e-17
3.658602793e-17
1.155628915e-16
3.083120205e-16
2.980451484e-16
3.533792875e-16
6.488928877e-17
4.515310843e-17
3.893877631e-18
6.687432044e-17
1.047852772e-16
1.122231509e-16
2.162646871e-17
9.381645835e-17
1.395491449e-16
1.288716488e-18
1.201224094e-16
2.569256915e-17
1.726927543e-16
5.905726731e-17
6.184131258e-17
2.105816611e-17
9.378046528e-17
3.046507152e-18
8.514917926e-17
3.704934732e-17
1.133228955e-16
8.63294997e-16
6.436176914e-17
6.200249448e-17
2.114884885e-16
4.750545292e-17
5.075392392e-17
7.124977026e-17
2.577110051e-17
1.444847096e-16
8.6328427e-17
2.035952412e-17
5.539785247e-17
3.398593857e-16
2.176841204e-16
1.097919634e-16
1.266922501e-17
1.176764294e-16
9.943143517e-17
1.378260129e-16
1.155906726e-16
1.972876787e-16
5.641794951e-17
1.304767776e-17
3.095896914e-16
9.26038609e-17
5.955214422e-17
1.190976447e-16
1.287913723e-16
7.348994713e-17
1.034593892e-16
5.339323951e-17
7.179386815e-17
1.409726286e-17
4.045859164e-18
8.532529295e-17
3.388905461e-17
4.898505528e-17
2.689434166e-16
9.673825071e-19
2.088515437e-16
1.873338628e-16
4.281600862e-17
4.985256655e-16
1.334653173e-16
2.659993854e-16
3.543680532e-17
1.11989807e-16
6.824778206e-17
1.088065591e-15
4.226032516e-17
8.169310093e-17
1.042117827e-16
2.810508514e-17
5.088127931e-17
5.28370759e-17
4.034767651e-17
3.295934983e-17
5.546941456e-17
6.070185279e-17
6.594264929e-17
2.812541806e-17
1.453732933e-16
1.417068331e-16
2.547812374e-17
4.322914797e-17
6.303098765e-17
1.401613277e-16
7.014306084e-17
8.668896449e-17
6.608115551e-17
5.328129986e-17
3.641245735e-17
8.354835318e-17
1.218779993e-16
6.605321412e-17
2.481154506e-16
5.310500133e-17
3.457671815e-17
3.460731792e-17
7.292700685e-17
1.380287206e-16
2.264169115e-17
1.776775219e-16
6.372378821e-17
2.237607714e-16
3.730574984e-17
2.326052017e-16
1.145562452e-16
6.238334124e-17
5.848900366e-17
1.118860447e-16
1.615360826e-16
3.018371081e-16
2.556357805e-16
2.032380787e-16
1.411937476e-16
1.230431185e-16
3.273220399e-16
1.958740904e-16
6.114512911e-17
9.263511126e-19
1.581241885e-16
3.814906539e-16
1.747125556e-16
1.022219549e-16
2.777523904e-16
8.428911964e-17
7.377938458e-17
6.128180498e-17
6.381409942e-16
5.747386152e-17
1.262826643e-16
1.133150106e-16
1.265583096e-16
7.131933177e-17
1.12434098e-16
1.744285569e-16
5.23767515e-17
5.226050658e-17
6.363274735e-17
8.07483532e-17
1.188922596e-16
1.365048971e-16
3.93044781e-17
5.946667504e-17
1.561698635e-18
1.727829536e-17
3.676284051e-17
2.446460674e-17
6.831704897e-19
5.513487457e-18
3.867736508e-17
2.504455537e-17
1.362810337e-18
8.073535991e-18
2.630116168e-17
2.354547828e-17
1.477462662e-17
6.222240803e-17
9.902261392e-17
1.203406681e-16
3.737897062e-17
2.471412752e-17
6.242405222e-17
5.839674333e-18
7.42542518e-18
1.123771606e-17
3.62669256e-17
4.092370591e-17
2.077928856e-17
2.497085686e-17
8.335649834e-17
5.693628328e-17
1.556021027e-16
3.030852672e-16
1.358950338e-16
2.175440245e-18
1.878115932e-18
7.887000306e-17
6.064156534e-17
1.400516351e-16
4.225187485e-17
1.452225932e-17
4.195431533e-18
1.274637478e-17
3.831723838e-17
5.41670457e-17
7.042268103e-17
3.007260738e-17
1.781758669e-17
8.972349528e-17
5.333496469e-17
1.055513425e-16
4.092375964e-16
7.578308387e-17
2.059863168e-16
1.217241122e-16
4.496377441e-17
5.941697535e-17
3.107528494e-16
1.529084751e-16
8.993718666e-17
7.244061671e-17
2.917880482e-17
1.132065987e-16
1.156467832e-16
1.791747188e-16
9.131221089e-17
1.006153249e-16
7.552475106e-17
3.326748228e-17
1.690210054e-17
7.340614289e-17
3.768326353e-16
1.238517973e-17
8.874778045e-17
5.28243727e-17
5.607318446e-17
2.98620351e-17
3.882408496e-17
3.067913947e-17
8.890953758e-17
7.592749191e-17
9.328289226e-17
6.818082722e-18
1.139565575e-16
2.172114416e-17
1.291479319e-17
4.590697107e-17
2.345914558e-18
9.930147073e-19
3.060259114e-17
6.818699637e-18
3.27807073e-17
4.442397127e-17
3.519798345e-17
3.85686601e-18
1.067923829e-16
3.228060339e-17
2.067002705e-17
6.553389112e-19
1.981153902e-17
1.237896965e-17
3.00617098e-17
2.66744205e-17
1.361644234e-17
5.050036751e-17
2.58446882e-18
2.713890037e-17
1.128757614e-17
4.740726751e-19
5.124652369e-17
4.155305297e-17
5.475186322e-19
2.655599796e-18
1.007846356e-17
2.334355074e-17
1.353149364e-17
1.278335157e-17
1.555722549e-18
4.730493514e-17
4.248949005e-17
2.370573594e-17
2.592341345e-17
6.587061013e-16
1.043674414e-16
6.178102203e-19
3.121925115e-16
1.904439827e-16
2.143121362e-18
4.612149559e-17
1.805968867e-16
7.62387161e-17
1.071746988e-16
3.695551844e-17
6.446526238e-17
1.969458435e-16
6.420344247e-17
1.31413333e-16
4.717040533e-17
7.10788464e-17
2.231288764e-17
3.312861699e-17
2.052452213e-17
6.23657796e-19
5.342847141e-17
2.79203237e-17
2.016933043e-16
6.485544917e-17
9.780125023e-17
5.877289046e-17
7.007405255e-17
2.568983069e-16
4.62570732e-17
3.627200695e-17
1.846073296e-17
6.550536357e-17
1.402681147e-17
5.640714174e-17
4.897632271e-17
3.064195822e-17
3.289329231e-17
2.960610102e-16
4.473819253e-17
1.065743263e-19
2.233148633e-17
1.4702519e-17
4.513237429e-17
6.744702814e-17
2.174966097e-19
1.427425762e-18
4.444990454e-17
3.469112896e-17
8.768493862e-19
2.094034526e-18
1.075541976e-18
5.718757487e-17
2.832347514e-19
1.422213038e-17
1.396931137e-17
3.409216981e-17
7.690143454e-19
3.700100531e-17
1.622630346e-18
2.249507667e-17
6.31597201e-17
3.186197891e-18
1.333982477e-17
4.515171267e-17
7.147342022e-19
1.230932803e-17
6.184736106e-17
1.122634631e-16
1.156944344e-17
4.318131461e-17
5.500500762e-17
3.539433621e-17
1.789920395e-17
3.966099267e-17
1.245706348e-16
2.352633763e-17
4.639757149e-17
1.178390747e-16
2.328605223e-17
5.837104893e-17
3.664147091e-19
6.702300755e-17
3.173368561e-17
4.561772552e-17
2.666322799e-17
1.092120859e-18
2.287728748e-16
1.083292933e-15
4.665165067e-17
6.048245501e-17
5.655648756e-17
6.812723384e-17
5.627758929e-17
2.505893738e-17
1.553693731e-17
5.388973347e-17
2.769763093e-19
7.711038244e-17
3.598484852e-17
6.031015217e-17
2.761115272e-17
1.484420315e-17
4.113818454e-17
5.120727313e-18
8.423105844e-17
1.725886144e-17
1.90961398e-16
1.623636751e-19
2.794328709e-17
1.31269475e-17
2.90185656e-17
1.041646666e-16
6.718750781e-17
7.940796334e-17
9.149128294e-17
1.144211582e-17
1.309194785e-17
2.007795976e-16
4.233860821e-17
3.984437819e-17
5.940649743e-17
6.725541642e-20
2.425998403e-18
2.821403873e-17
5.545872901e-18
1.363113037e-16
4.341379392e-19
1.47030476e-16
2.03453674e-16
1.042847723e-16
1.890502764e-17
3.055418871e-17
7.328515348e-17
3.236133082e-17
5.847779793e-17
7.381233203e-17
2.786414557e-17
5.302834172e-17
3.247749516e-17
7.566334965e-17
1.271628343e-17
9.774923254e-17
1.274004033e-17
5.127738551e-17
4.355043457e-17
5.915096149e-17
7.466123536e-17
1.242663734e-16
3.906140283e-17
2.286684949e-16
2.52890919e-17
8.321597294e-17
3.197417613e-18
5.923545233e-17
7.079565303e-17
1.161763615e-16
3.73010303e-17
5.515431636e-17
2.923147393e-17
3.207820655e-17
4.730303544e-17
5.261727147e-19
1.417824263e-18
3.184462089e-17
3.316102874e-17
2.38213726e-17
3.191989712e-17
2.287042515e-17
6.582655683e-17
6.398466019e-17
2.114563821e-16
2.785673791e-18
2.131629653e-18
6.122163103e-18
4.433455299e-19
2.71630388e-18
5.832341514e-19
7.985993013e-19
2.068518798e-17
1.298424214e-17
7.43856573e-18
4.808054684e-19
8.621670052e-16
2.101334241e-17
3.989394966e-18
1.865320004e-17
1.062105081e-17
9.317724587e-17
1.877333321e-18
1.114017551e-17
2.16479694e-17
3.275655378e-17
9.136850502e-19
1.79288813e-19
8.762145261e-20
2.637461574e-16
7.811492081e-19
1.284265974e-17
3.849301747e-18
4.145253414e-17
3.984743164e-19
5.473546135e-17
2.345558045e-18
6.376282159e-18
1.342036567e-17
8.553445756e-19
4.64943652e-16
7.67706077e-18
7.678675017e-19
5.64869554e-19
2.419166377e-17
7.560126475e-19
8.793708765e-18
1.431203692e-19
9.211132268e-18
1.752014461e-18
3.113560556e-17
5.601131146e-17
1.20608799e-17
7.626401903e-19
4.927824122e-19
1.572150617e-17
9.766915637e-19
5.467643744e-19
4.462577311e-19
4.566071416e-18
2.958295374e-17
3.597882264e-17
2.98164025e-19
3.373189932e-19
3.161297317e-19
6.767469847e-19
2.105573687e-18
1.448293857e-18
5.625836873e-17
3.57771411e-17
1.640122567e-17
6.44696207e-17
4.821640691e-17
9.349686575e-18
3.188988808e-17
7.102594919e-19
5.243429516e-19
2.1435589e-19
4.535905116e-17
3.105759007e-17
2.790610676e-17
1.242696842e-18
4.815696913e-18
1.726913777e-17
9.184733994e-19
4.022318345e-17
1.719647799e-17
6.105147453e-17
8.575023481e-17
1.347210328e-17
5.335221099e-17
5.979044506e-17
1.27363914e-17
6.123167503e-17
1.678427435e-18
3.659727661e-19
2.029663282e-17
2.534675904e-17
6.234000968e-17
1.117310994e-18
1.38547499e-17
2.322469885e-17
1.921841919e-17
1.440955232e-17
5.087342522e-17
5.640015781e-17
1.820291557e-17
1.052749554e-17
1.740859474e-17
3.565426872e-17
1.342688542e-19
5.844906713e-19
3.422160711e-17
2.015264763e-17
1.497818602e-16
1.997207341e-16
6.642637003e-18
6.800190297e-17
1.333376491e-17
2.353473429e-19
1.169879931e-19
6.16345133e-17
1.247396238e-15
5.600200813e-18
2.935099792e-18
2.304874301e-19
2.966749292e-19
1.146270634e-18
9.572936842e-19
8.580598119e-17
1.079544826e-17
1.130491145e-17
4.584749981e-17
4.559166326e-17
5.455839047e-19
7.8925577e-17
5.100719801e-18
5.435887026e-18
5.627761981e-17
4.457993755e-17
7.682600902e-18
1.010152285e-18
2.883218272e-17
5.945779401e-17
7.296153583e-18
1.385770049e-17
8.672783992e-18
3.286037731e-18
2.926576215e-17
1.49894383e-19
7.868590388e-20
1.294013786e-17
4.637972488e-19
6.776616916e-18
7.673882579e-18
2.213016329e-16
1.504074826e-17
2.705555414e-19
1.366138516e-17
1.946395465e-19
6.362849397e-18
2.845840219e-19
3.33763436e-17
7.1855432e-18
5.751423184e-16
8.872147395e-19
4.228370927e-18
4.011740536e-17
2.200449098e-17
4.558626542e-18
6.445607785e-18
2.848785052e-17
1.070198572e-17
1.617839503e-17
1.007970262e-17
1.451122937e-16
2.081524518e-17
2.053744363e-18
3.303674731e-17
1.990307191e-17
4.958144594e-17
1.97475485e-17
2.62318842e-17
1.961756394e-17
1.38942328e-18
4.118925977e-17
4.643801293e-17
1.164016398e-17
3.57708828e-17
6.123462989e-17
8.87425008e-18
8.547684192e-17
6.621456363e-20
4.73429371e-17
5.082591912e-17
2.447560679e-17
1.144572939e-16
5.270691036e-17
1.131077451e-20
1.105797935e-16
7.959410422e-17
3.846749804e-19
2.013725001e-17
4.61374614e-16
3.481148858e-17
2.848825592e-17
9.504008231e-17
5.107264208e-17
1.010330799e-17
1.325462907e-16
6.814939574e-17
7.671418802e-18
2.140572172e-17
1.779554929e-19
3.736963945e-17
1.734497524e-19
6.17978253e-18
2.546848481e-17
2.170007135e-16
3.624141299e-17
1.652642004e-17
1.15312948e-17
1.514945948e-17
1.443254293e-17
4.581283156e-17
1.028397348e-17
2.825940982e-17
2.404374335e-19
4.916024857e-17
6.275863883e-18
8.004366045e-18
5.688693234e-19
1.466413957e-17
8.837286518e-16
1.243634031e-17
4.251175532e-17
7.128038187e-17
1.435423028e-18
3.20831706e-17
6.620299299e-17
7.044075205e-17
2.50669887e-17
5.246786358e-17
3.060621202e-18
7.661915729e-19
4.937290255e-17
1.993466374e-16
8.208210601e-19
1.167068449e-17
1.054943741e-16
3.724966784e-18
9.681136365e-17
7.714021088e-17
1.986479779e-17
8.034864537e-17
1.037701314e-16
4.442281971e-17
3.701523099e-19
2.797859125e-17
9.545900113e-17
5.849202891e-17
3.663637204e-17
6.974755691e-17
1.488723885e-16
8.564581894e-17
5.119545698e-17
1.84398171e-16
9.810454408e-17
1.077562402e-16
9.343347455e-17
2.62417612e-17
7.502145553e-17
1.110246394e-17
1.561858473e-18
8.960691793e-17
6.037088622e-17
2.270874778e-16
7.909510111e-17
8.516831426e-17
7.940545671e-17
1.561923549e-17
2.468807754e-17
3.259391534e-17
4.366284731e-17
5.299312697e-17
5.187124109e-17
6.727999389e-18
3.323748151e-16
4.015747262e-17
8.463935665e-19
6.64196942e-19
6.219978605e-17
3.976233193e-17
8.442181228e-17
9.620665132e-18
1.543955376e-16
4.547630134e-17
1.444315663e-16
1.67811972e-16
4.883909942e-17
3.740939559e-17
2.360754259e-17
4.025842446e-17
7.212432611e-17
2.305891953e-17
6.218343214e-17
2.758456119e-17
6.112006913e-17
4.861579319e-17
3.192360682e-17
2.541166671e-17
1.041009558e-16
1.455501032e-16
4.560902103e-17
4.255392335e-17
4.588829567e-17
1.324367797e-17
5.687978397e-17
7.28708758e-17
1.037007282e-16
1.7298909e-16
7.221086463e-17
4.091449161e-17
6.682053505e-18
1.158877324e-17
3.585090491e-17
4.885716891e-17
1.567983808e-18
1.363979127e-17
2.299992433e-17
9.991924168e-18
1.331896074e-17
8.540773689e-17
1.02801112e-16
3.919063852e-17
1.123192503e-17
8.729047162e-17
1.359427598e-17
2.229569454e-17
5.905914507e-18
2.900325314e-17
8.026928893e-19
4.098798428e-17
1.593836513e-16
3.118212072e-17
1.223227824e-16
3.910692944e-17
4.27879948e-17
7.099880366e-17
1.111354148e-17
4.99339978e-17
1.534499623e-17
1.41231727e-17
1.007672757e-17
4.422736742e-19
3.608290659e-17
9.572818651e-17
2.227304909e-18
1.69192167e-16
7.02029612e-19
1.230926437e-17
2.068562575e-18
3.837295839e-16
2.808455258e-17
1.741615496e-16
1.479726974e-16
1.192030536e-16
2.605705678e-17
2.462902764e-18
5.521410463e-17
2.913401435e-19
1.765670238e-17
1.507625603e-17
1.770385227e-17
1.526501752e-16
3.073528524e-17
1.413085554e-16
3.125321618e-17
1.716487323e-17
6.645360364e-17
2.728956942e-19
3.328851524e-18
1.385477679e-17
1.2371087e-17
4.717351061e-17
8.228346095e-17
7.527173772e-19
6.201037403e-17
6.488019823e-17
4.896762359e-19
2.127534798e-17
2.619547696e-19
1.433858355e-18
2.489886924e-17
6.409491841e-18
5.219532661e-17
4.214795072e-19
5.407211857e-17
5.886438157e-19
3.584058718e-17
2.436727145e-17
9.02807258e-17
4.516024825e-19
1.068757407e-17
2.524265825e-17
3.713536369e-17
2.108203266e-17
6.79791542e-17
3.52948106e-17
2.757057754e-19
1.240275744e-17
9.780009737e-17
6.673996112e-17
6.029121242e-17
8.385095594e-17
4.197672775e-17
5.222328502e-17
1.010396182e-19
9.50309633e-19
2.751727914e-17
3.207478542e-17
8.284316725e-19
4.107953775e-19
2.506064371e-17
6.627092408e-18
3.333477842e-17
2.500947942e-17
4.642220554e-17
5.229209869e-19
3.77957972e-17
2.015342809e-17
6.995402159e-19
1.410379278e-17
5.595875252e-18
3.720288013e-19
2.033838222e-17
4.627075876e-17
4.189574836e-17
5.581537e-17
7.467888939e-17
9.465244975e-17
6.258934857e-19
6.772116283e-19
6.730789185e-17
3.755180891e-17
7.454076038e-17
2.038760829e-17
3.178253841e-17
1.607268923e-17
1.372040874e-17
3.192293622e-17
2.201686186e-16
1.596825071e-16
3.372804896e-17
5.1407206e-17
6.137668126e-19
1.458913592e-18
3.653690686e-17
1.114805726e-18
3.863778493e-17
5.740173237e-17
1.930066369e-18
2.436342212e-17
7.896593303e-17
4.629571765e-17
6.78425804e-19
1.697409583e-18
8.051579592e-19
2.399731353e-17
3.733363232e-17
3.45514898e-17
4.491994249e-17
1.293914188e-17
2.600891843e-17
4.250220488e-17
7.914167781e-19
2.109486113e-17
1.117945523e-18
6.908210269e-17
1.72000052e-16
2.48900463e-19
1.469436526e-17
8.925058282e-17
5.681715072e-19
1.161293308e-17
3.871978965e-19
3.87710828e-17
5.955042436e-17
4.752973793e-17
5.414257501e-17
4.080540696e-18
4.639525351e-17
3.583098427e-17
1.711027811e-16
1.148195234e-16
1.650081498e-17
6.738106727e-17
4.790495988e-19
2.24593376e-16
6.514168719e-17
2.425499484e-19
1.970014331e-16
1.507614133e-16
2.486509951e-16
1.391331851e-17
5.854416782e-17
2.920332367e-17
1.173394144e-17
6.979771461e-18
6.919823488e-17
2.397373642e-18
6.748906725e-17
1.222454976e-16
2.590626028e-16
3.161743831e-17
2.976805272e-18
5.107741164e-18
1.221611254e-18
8.413307776e-17
8.148496019e-18
2.604678117e-16
3.242465784e-16
1.025980352e-17
9.445923998e-17
2.777920447e-17
1.805283969e-17
2.959150497e-18
3.280781687e-17
8.481558691e-17
2.908953359e-17
6.459758904e-18
4.562474492e-19
2.167193682e-17
6.576536389e-20
3.190340055e-17
3.770729642e-17
1.877232849e-17
2.316906675e-17
8.012973025e-17
4.147753649e-17
1.491105778e-17
1.495832892e-17
2.726865243e-17
1.292703444e-17
6.426797041e-17
6.232264946e-17
7.680162704e-17
1.719938479e-17
3.275052922e-17
2.451282224e-17
1.401337668e-16
2.505798004e-17
1.201028685e-17
4.568516478e-17
6.811029831e-17
4.774989092e-17
7.082291807e-17
1.368390307e-19
7.669876675e-17
6.801867684e-17
6.853349214e-17
7.170125047e-20
1.592415858e-18
1.009312362e-17
4.501084332e-17
4.809297071e-17
1.012538838e-16
4.9369948e-18
9.021297276e-19
4.842266907e-17
2.197517353e-17
1.853910088e-16
7.035193866e-19
1.83199626e-17
1.708059293e-17
1.624287928e-17
2.651468132e-17
8.413422534e-17
3.456355607e-17
3.153347504e-17
5.65082067e-18
2.863152954e-17
5.913955105e-17
2.011773479e-17
8.951463779e-20
7.927125876e-20
5.998782395e-20
7.000562419e-18
2.657829634e-17
3.803715928e-17
1.598847427e-18
2.707057561e-20
4.468520534e-18
1.952225563e-18
8.706091951e-17
2.146203481e-17
7.288104842e-17
8.585055985e-17
1.228099477e-19
1.188956298e-19
2.526545799e-17
5.229978565e-18
2.021794223e-17
6.95761456e-20
8.152917915e-18
4.551178714e-17
5.624363224e-19
1.877894974e-17
6.429573075e-17
1.877693092e-17
3.440894187e-17
1.105437189e-17
3.774288913e-17
5.985659134e-17
3.577856653e-19
1.425121108e-19
1.785504675e-17
4.232353316e-16
5.141760389e-17
6.368006636e-17
3.724299876e-18
3.606959234e-17
2.137461857e-17
3.81898709e-17
7.569095284e-18
1.322041676e-17
6.001853845e-17
8.069829293e-16
6.201329994e-17
3.255190782e-17
9.806455814e-17
2.27563094e-17
6.47025299e-18
5.264843244e-17
5.062103132e-19
8.456579585e-17
8.299148817e-18
1.222954268e-17
1.243851285e-17
8.385403484e-17
2.252617785e-16
1.809169103e-19
2.499907376e-17
3.645206608e-17
3.606575292e-17
2.173725487e-22
4.799995126e-19
8.883338359e-21
1.817792677e-17
9.67286711e-19
5.04891463e-17
8.009949884e-17
7.456379046e-17
1.218774995e-16
3.121950414e-19
1.571383678e-17
4.928893719e-19
1.087815392e-17
8.624692953e-17
4.813745582e-17
5.812163497e-17
7.053463481e-18
1.157169325e-19
3.509946897e-19
5.795358871e-17
6.553408231e-17
7.204596407e-18
3.561077042e-17
4.162059713e-17
8.632404587e-20
2.835242974e-19
9.256301819e-18
3.960093182e-17
7.251419272e-16
4.866891699e-17
1.469430724e-17
3.702490382e-19
5.394657978e-19
2.252713082e-18
4.1571329e-17
4.332498815e-19
3.736528683e-17
5.759189181e-19
2.645966379e-17
1.282714546e-17
1.469135506e-18
1.163374651e-17
6.582202617e-17
9.692098634e-18
1.036161915e-16
1.976604036e-17
6.674691978e-18
2.269555868e-17
1.016010513e-17
1.651569539e-17
1.155202636e-17
1.898869584e-17
1.821012347e-17
1.145598498e-17
1.314603955e-18
4.663611477e-19
3.024524148e-17
3.510641074e-17
1.072931753e-17
1.341778461e-17
1.427917312e-17
2.106470555e-17
2.248097459e-17
8.932514623e-18
1.222624214e-17
2.925771517e-19
1.092878911e-17
2.559647405e-19
2.285980009e-18
1.429312303e-19
5.009144302e-19
2.95008466e-17
1.762374925e-18
3.21939059e-17
1.23597149e-16
5.416241461e-19
5.898907452e-18
5.159056659e-18
5.766771123e-19
2.540824735e-17
5.595624862e-17
5.732320971e-19
2.072296243e-19
1.029530601e-19
1.464526472e-17
4.911714063e-17
4.349397817e-17
1.269290268e-17
2.341461939e-19
2.127647142e-17
2.020021063e-17
4.943993831e-17
2.793472809e-17
2.167271499e-17
1.767134393e-16
1.784071609e-16
1.143377763e-16
1.93914842e-17
2.674898989e-17
3.219650668e-17
1.197158141e-16
4.969971446e-16
1.660222513e-16
6.655196249e-19
6.987272734e-20
5.904440547e-19
9.589241843e-19
4.123428418e-17
5.406035586e-17
7.638963398e-18
1.117689788e-18
3.60550613e-17
2.110537978e-19
1.943846634e-17
2.8296386e-16
3.797104641e-18
1.01747527e-17
4.559563419e-19
3.703978412e-19
4.274836271e-17
1.392613188e-17
1.657456019e-19
2.51091701e-19
1.981982844e-21
2.878901267e-16
1.680552762e-19
3.739849913e-17
1.471382389e-17
1.144296667e-17
1.880348378e-17
3.299647008e-16
1.232070116e-16
5.592018662e-19
8.084987501e-19
2.932493447e-19
2.524252674e-17
1.033629912e-18
1.258317585e-18
1.18867334e-19
1.320839533e-17
1.557229732e-17
1.072671241e-19
3.226242937e-17
1.61818515e-17
5.77228675e-17
4.540298563e-17
2.795849377e-17
1.040188702e-17
1.25981765e-17
2.599286831e-17
7.358920472e-17
1.019666178e-19
1.937935775e-16
5.261759804e-19
1.962870564e-20
1.844091144e-17
2.354202078e-17
1.241046324e-17
1.193776631e-17
5.823534375e-17
2.682428355e-19
6.355215151e-21
7.359557626e-19
2.269708325e-19
2.924199465e-19
7.009427159e-19
1.024232497e-21
3.95242198e-19
3.001579528e-17
2.780265001e-20
1.602741765e-17
1.067847591e-30
3.799726825e-19
2.271258297e-19
2.0297224e-17
8.195870695e-20
1.627653408e-17
5.206927042e-20
3.951604613e-17
6.306301769e-16
3.356137298e-19
4.071193011e-18
1.698947209e-17
6.962403912e-18
6.066932808e-20
2.142243457e-17
3.331783723e-19
2.741227547e-17
1.927141798e-18
5.715644164e-16
4.779694781e-17
3.908696667e-19
3.491478332e-17
5.794493839e-17
6.924705322e-17
2.301902402e-19
1.626500371e-17
2.363019132e-20
2.236213641e-17
1.491951793e-19
4.725245375e-21
2.981517513e-17
2.62018974e-17
2.465688065e-20
8.454153325e-19
2.19607055e-17
1.250819025e-18
1.937302187e-17
7.823994991e-18
1.976106634e-19
5.471725619e-20
1.3093499e-17
2.407831662e-19
2.810838537e-17
7.110898377e-18
5.860315431e-20
1.891366644e-19
3.229834403e-17
3.226891799e-17
1.080118179e-16
1.227311747e-17
7.375506094e-19
3.903033541e-17
1.754514453e-18
1.298536556e-17
6.412734805e-19
4.281096696e-17
1.740735577e-17
2.567984263e-17
8.857452087e-20
2.557408938e-17
2.270387283e-19
1.078425554e-19
1.59716682e-17
2.980480744e-17
1.192414664e-17
8.321986688e-18
9.688494702e-17
1.313611298e-16
1.095520965e-17
4.878242952e-17
3.846845682e-17
4.338131605e-17
1.67142421e-17
2.059248484e-19
9.896186537e-20
1.978668595e-17
4.216433096e-17
1.236929482e-19
4.522945536e-19
1.282809452e-18
9.225024066e-19
2.699583765e-17
2.895971138e-19
3.775045297e-17
3.439548759e-19
4.909412392e-17
2.321871504e-17
8.216270327e-20
7.304240389e-20
2.617384722e-17
1.744760634e-17
5.332850163e-17
2.406639753e-18
1.50200437e-17
2.426054355e-20
1.991195778e-15
5.706127043e-16
2.407836162e-17
2.282809593e-17
6.834131152e-17
4.521841651e-17
2.671948294e-16
4.62501341e-17
4.865273023e-17
2.391710478e-17
8.556932194e-20
6.562605635e-17
5.642854573e-17
3.109150379e-19
1.499205102e-17
8.497280739e-17
1.786343357e-17
1.778368081e-16
4.696865294e-17
4.869004263e-17
3.550805086e-17
1.098429172e-17
7.343303413e-19
6.967918796e-17
1.298752866e-18
4.574664928e-17
3.219644687e-17
4.282543717e-17
1.445156374e-19
4.777766332e-17
4.849504389e-17
3.069678537e-17
2.352608956e-19
1.878291079e-18
1.3605895e-17
3.422689419e-17
9.732675964e-20
1.68523644e-17
1.152844996e-16
4.359599716e-17
3.439246576e-17
2.690816495e-17
3.003013131e-17
3.691223026e-19
5.439128267e-19
9.780233978e-20
2.130088316e-19
5.266638424e-17
9.213060622e-17
2.071684509e-17
5.132599421e-17
1.659284441e-17
9.789302993e-19
1.555695711e-16
5.737295173e-20
5.328812016e-19
4.069346471e-17
3.55808234e-16
5.016484987e-18
2.82767102e-17
1.001710571e-16
1.709245733e-17
3.267449779e-17
1.249674489e-16
4.73315468e-17
6.978832577e-17
2.299149955e-17
2.180399061e-17
1.240762162e-16
4.500459567e-17
6.411445582e-17
2.489004555e-17
4.310451758e-17
6.098263768e-17
5.791668846e-17
1.194993415e-17
1.677564914e-17
2.328551623e-17
1.158585938e-16
1.125424759e-17
1.158216334e-17
1.065792998e-16
1.284645233e-16
1.292134088e-17
8.512071664e-17
2.100174251e-17
1.857109794e-17
2.093896669e-17
5.834089207e-20
4.055825404e-17
9.502940789e-17
9.778565948e-19
1.190345666e-17
1.290840965e-17
4.167342573e-17
2.604510165e-17
6.65254626e-17
1.042725656e-16
4.993768351e-17
3.737761052e-17
1.391789896e-16
4.254034281e-17
5.88348581e-17
6.119535482e-17
2.09856517e-17
1.226954893e-17
4.171885402e-17
6.788827164e-17
2.609455731e-19
1.205084578e-17
6.339883412e-17
1.509064996e-17
1.160830294e-17
5.584664406e-17
3.224580744e-17
4.377707483e-19
3.336890768e-19
2.87146018e-35
0
5.915226513e-18
0
4.252577443e-17
2.109225028e-19
4.432316282e-17
6.460250715e-17
1.171313304e-18
4.379071741e-17
4.051507955e-17
0
1.273961844e-19
3.900568935e-19
1.557050856e-21
2.716804391e-17
1.783544902e-20
2.934407714e-19
5.378574942e-19
2.593756271e-17
7.166273294e-17
9.797243258e-17
5.724372661e-17
1.637152809e-18
1.785780304e-17
2.466707588e-17
1.660735083e-17
1.907423434e-17
3.584724141e-18
2.433613071e-17
3.303940261e-17
1.492961297e-19
1.26055305e-17
2.95040321e-17
2.602209709e-17
2.917448959e-17
1.526883108e-17
1.198956328e-17
1.173360676e-17
1.221583901e-17
2.244055188e-15
8.737034689e-17
3.369030336e-17
1.331690043e-19
1.158025468e-18
4.366867552e-19
2.066347253e-22
3.082229733e-26
4.58201137e-19
2.36047885e-19
1.161605621e-19
3.382876554e-17
1.807253505e-19
1.167218513e-19
8.304204113e-20
1.396832823e-18
2.840451475e-19
7.17558035e-25
1.87889383e-18
5.317345404e-20
3.283586115e-20
2.226141678e-19
6.071378237e-19
2.31966909e-17
5.256117854e-17
4.848093974e-20
3.818312419e-19
5.264461626e-19
1.244964003e-18
1.778550237e-19
1.427617381e-17
1.231008922e-17
3.3072212e-17
9.012548621e-17
1.483186715e-17
1.229293722e-17
4.364277421e-17
1.067991295e-16
6.631677637e-18
1.47261269e-17
1.102116074e-19
1.279728536e-17
8.355703504e-19
8.093557488e-18
6.865286266e-17
3.204907822e-17
4.239285355e-17
6.807997704e-17
6.327464379e-17
1.545012602e-19
8.504366724e-17
6.111407708e-18
3.680839845e-19
1.203197762e-17
3.28061927e-19
2.202279338e-17
1.930575415e-28
5.739080134e-22
0
6.158948781e-19
2.380608084e-18
2.618812084e-18
1.656766284e-19
2.115229851e-17
1.287214937e-17
1.674273978e-18
3.028343544e-18
7.63479057e-20
1.573339159e-19
4.524316024e-20
2.426089772e-19
1.331742266e-17
1.085689222e-17
2.904496969e-17
5.851138507e-17
1.257812961e-17
3.321392833e-17
2.97118763e-19
1.471931264e-20
9.128553033e-20
9.372689003e-21
5.635985934e-19
3.793189467e-20
5.489686694e-20
8.879000141e-16
1.458613105e-17
2.677879558e-19
3.39040966e-19
8.655687103e-19
6.40584721e-19
5.788495188e-18
1.449837206e-19
1.166646327e-30
2.830622138e-20
3.71289309e-17
2.891993694e-17
8.415690647e-18
4.328498138e-19
8.130881321e-19
1.205923374e-16
3.90916026e-16
1.553809593e-17
4.150431431e-17
1.825414702e-17
4.94696044e-19
4.121642859e-17
3.966961699e-19
0
1.883568058e-21
1.549451458e-19
2.275455365e-18
2.619101856e-17
1.880477371e-19
5.891314024e-18
4.542861406e-19
1.658135081e-19
3.049551376e-17
3.339512739e-17
3.771085182e-20
5.762162064e-21
4.033832177e-20
2.82521224e-17
1.679357696e-19
4.282250254e-19
7.953881047e-17
5.430053382e-17
0
3.049815399e-17
0
1.637513433e-17
2.629142028e-17
7.585533099e-19
1.775812056e-17
2.884770582e-17
0
2.316752787e-18
1.204919427e-17
1.065454577e-17
1.000095955e-17
1.093728845e-17
3.040438527e-17
3.928364058e-17
1.112232378e-17
7.026573778e-20
0
1.688824373e-19
8.304292069e-21
1.953453653e-19
4.549507852e-17
4.299755372e-17
1.992761194e-19
3.730588753e-21
2.944111053e-20
4.408867205e-17
3.762836716e-17
1.178603236e-19
3.053226168e-21
4.032650456e-17
3.168181409e-17
6.957289574e-20
2.39860082e-17
4.504681487e-17
2.933770098e-19
5.637667377e-21
2.122962919e-19
9.394495867e-20
9.700391565e-17
