#################################### 
# Matrix Size= (25,25,400)
# Resol      = (1,1,4000)
# VoxelSize  = (25,25,0.1)
# nbVal      = 4000
#################################### 
3677.790364
3685.670919
3850.674565
3883.249087
3941.505842
3847.369326
3885.82314
3582.943091
4944.846423
3414.303162
4533.902363
3418.815721
3267.30371
4049.756004
3583.348869
3512.735573
4448.860064
3274.472475
4136.238547
4439.100755
6143.232456
3646.563746
4165.210364
4525.842837
5671.029704
5619.149864
4449.040765
4594.271308
4644.902365
4316.913077
4273.650889
3631.345397
4397.615972
3915.412184
3678.344815
5059.2256
3974.985508
4580.46655
3914.458161
4079.789082
3695.540875
3649.221486
3636.621889
4180.674079
4489.752111
6215.88078
4321.068148
4053.261953
4253.13905
3726.8828
3389.975571
4480.071238
3698.043926
3553.497201
3549.658939
3614.49721
4314.404181
3958.30672
3838.851635
4519.421832
3649.451857
4013.937555
3820.259698
3747.174598
4325.246754
3724.935388
4566.353257
4601.983943
4617.816476
4497.334192
4048.64257
4692.04357
3984.810453
4135.993497
4661.789078
3720.806749
4601.489779
4757.785472
4521.384953
3701.469508
4504.858824
4980.09518
4528.347989
5796.587824
4264.55181
4352.768206
4973.947941
4076.709395
3760.549248
4738.39698
4001.430794
4245.778839
4587.213916
3470.765048
3798.634499
4226.067759
3730.445622
4183.459104
3664.231455
6618.611421
4371.167765
5158.070154
4310.245811
3653.639879
4345.758153
4340.938005
5400.507279
4263.844124
4144.32769
4497.013365
4474.452864
5143.772709
3996.7087
4614.942
3821.666576
4344.229648
4282.371668
5367.232399
4525.599325
4664.27969
4250.378778
4363.288609
4444.396249
4146.151947
5357.035724
4299.670817
4905.807022
4597.100585
4186.006553
4043.890597
5893.719358
6333.148438
5376.32528
4506.6877
4679.555123
4341.929033
4226.017627
7013.67604
4183.625992
3877.335375
4053.346712
4309.764519
5561.389996
4603.823906
4802.552806
4168.042563
4976.93032
4277.803914
3841.648303
3969.904354
4424.737008
5509.535808
4705.215429
4257.210441
4293.777244
5507.617023
4917.792865
5414.946512
5364.50871
4696.861589
5443.264091
4843.089024
4059.547184
4468.699151
4357.406921
5715.633173
4664.563641
4721.48852
5254.790818
5458.043442
4641.324849
6130.793611
4503.606382
4306.007589
4073.964987
4451.42008
4521.617682
4320.355721
4491.071996
4031.283803
4193.34723
4551.949386
4152.324928
4863.094239
4474.264645
5041.450803
4902.669279
4978.668704
5652.097352
4834.686957
4259.586129
4743.643002
5651.510715
4398.12642
4521.325419
5172.635733
4278.200471
4864.302092
4318.176638
4157.549528
5426.801028
5296.274013
5097.925536
4342.441192
4485.829954
5155.548959
4543.356419
4258.892673
4957.700585
4297.74062
3962.465853
4431.284136
5292.654354
5364.680681
5487.615459
5068.185225
4803.185491
5234.460633
5042.801893
4620.500762
5917.97815
5460.220148
5362.224552
4554.980918
5031.867502
4352.935071
5026.758495
5040.621713
4730.487751
6307.682391
4377.759823
4736.569237
4672.812461
4882.064649
5753.620595
4428.307911
4964.699652
4373.650353
5335.028244
5040.443553
4472.238775
4378.937257
4915.413119
5162.103633
4555.823671
4440.698614
4001.731518
4077.590448
4341.62809
4553.732962
5367.933103
4681.480876
4975.0499
4503.42042
4433.414655
4364.804394
4942.987249
4531.812773
5090.287392
4114.511328
4768.337449
5003.485868
6291.814875
5031.259927
4645.79539
4593.375533
4363.137482
4670.132719
5581.601431
5757.897466
6172.317712
6534.637281
4842.771382
5376.657474
5153.54857
5683.362998
4842.866884
4933.279001
6005.98469
5460.364435
5419.661318
4698.843671
4296.07861
4705.492428
4725.095225
5161.599364
4191.072366
4440.181637
5309.194478
5241.10466
4591.767871
6061.208344
4836.065902
4086.522776
5791.700959
4863.947024
6060.180309
4711.432509
4986.221403
4718.210348
6062.626945
4546.356333
4394.254246
5152.496517
6178.890424
5040.316388
4575.221875
4427.764067
4337.215946
4259.901556
5349.104703
4777.777845
4891.502924
5014.179773
5301.904239
5362.875231
5324.578231
4834.54696
5585.119634
4964.432353
4525.046389
4491.715098
4858.470792
4606.953179
4888.747334
4754.217029
4446.304245
4650.45081
4323.487617
5185.656733
4435.629272
4521.744443
4500.323981
4659.441594
4582.10428
5063.92614
5419.365108
4412.984791
4526.970373
4728.17968
5394.986082
4781.42506
5290.959975
6154.547331
5015.173397
4662.993795
4628.947349
4938.965596
5165.751441
4766.374087
5646.293418
4823.682175
5108.704177
5822.652155
4958.074456
5231.336951
5635.848021
5531.259204
5637.474447
5750.446322
4914.210445
4850.118755
4758.423097
5110.165222
4972.654111
5548.992638
5911.086551
5801.479232
6431.004545
4735.314082
4975.211475
5008.467094
5095.22962
5189.205382
4798.017558
5247.833812
5257.274876
4834.900229
4604.772506
5183.717781
4808.221186
5621.441207
5554.636405
5590.671175
4805.205819
5070.887466
4784.283011
4898.143553
5289.325329
5534.51031
5213.298074
4722.563013
5239.451991
5749.707408
5563.155332
5401.987489
4632.230071
5060.176125
5682.588172
5006.682787
5777.372933
5036.937942
4947.062103
5524.295204
4857.823648
5278.082191
4659.604262
5754.918891
5690.506799
6275.21527
6616.696731
5758.092598
4888.357325
4851.808978
5714.654313
5311.612036
5365.903064
5572.72447
6179.920314
5526.198008
4800.275713
5364.610226
5047.6889
5230.934769
5320.012809
4950.560799
5641.624747
5535.792777
5473.194554
4606.503889
5779.670038
5636.682112
5665.155584
6022.190798
5260.182492
5402.984858
5211.82439
6416.15918
5084.361162
4980.011716
5337.70515
5458.611112
4977.865068
4864.656434
4828.651602
5021.474131
6479.284376
5813.255973
4841.179417
5596.857383
6418.58281
6488.857744
5045.094112
5665.354045
5137.805994
6283.633379
5151.498265
5739.807104
5001.36042
4816.724355
5795.43598
5368.209161
5589.573076
5427.905688
5161.435452
5195.48911
4920.905064
6182.287942
5673.75966
5297.506465
5510.644101
5251.065151
5397.10481
5454.121589
5181.829433
4957.500444
5844.625859
5226.772677
5224.056875
5799.224167
5005.570255
5026.029186
5540.896819
5027.853257
5251.614344
4898.114087
5224.591467
5692.35174
5098.390356
5369.010834
5599.319203
7961.035772
5364.605053
5520.402767
5601.360174
5468.691966
5676.813241
6099.41197
5970.729259
6395.415947
4904.978676
5334.609304
5102.730668
5463.719421
6750.638497
6844.061132
5620.658244
6811.383445
5236.324166
6031.268967
5610.354335
5503.030748
6050.197492
5617.726685
4968.533331
5986.494693
5250.224068
5999.790951
5070.512685
5592.124733
5480.472274
5887.789705
5639.173638
6137.891942
7060.259217
5729.82152
5666.70575
5527.145392
5466.177828
5449.286376
5141.222002
5700.824763
5551.451826
6357.027203
6287.452664
6741.699701
6000.647809
6035.703569
5765.094313
5185.383849
5359.938772
5457.27374
5427.745183
5331.083614
5248.828236
5757.959725
5520.964618
6246.404976
5257.790352
5371.527358
5745.92592
6047.267206
5906.46484
5143.229945
5799.688143
5938.17421
6522.351288
6306.85425
6595.575997
6016.755825
5622.493361
5143.654593
5569.037551
5708.611727
5763.495581
5652.058259
6073.409519
6114.555653
6156.723215
6310.412888
6323.023135
5489.219597
5875.144827
5901.204422
5733.078906
5894.92856
5474.963029
5649.667576
5730.250236
5805.613748
5668.667039
6285.385159
5546.428363
5265.47688
5263.77253
6496.793571
5768.709975
6186.583883
7498.475509
6436.127575
6695.825011
5736.369272
5425.276781
5165.158377
5540.984896
6039.705371
5375.417737
5773.475618
5574.546994
6246.708654
5553.443583
5775.463041
5991.471822
5370.154171
5772.247782
6104.056751
7163.712834
5962.661893
5654.707659
6251.471129
5713.923654
5470.334978
5581.247954
6344.299888
5800.506089
5425.644296
5647.749561
5837.066887
5316.555257
5763.566061
5193.968727
5397.993735
5898.697178
6080.837525
6332.808201
5506.833886
5403.279436
5666.125264
5757.158695
5804.426945
6957.033768
6384.931415
5432.478766
6051.330092
5344.143079
6486.598438
5923.669709
6350.695632
5363.815578
6417.449801
5736.546312
6426.709262
5821.906846
5707.886862
5535.013856
6241.171592
6238.812442
6783.573113
6264.897649
5943.799835
6308.359055
5847.53573
6760.148739
6316.378284
6149.113464
6964.884724
6011.907676
5788.880116
6019.607457
6812.596556
5913.607426
5713.268083
5589.273598
6437.680993
5705.17162
6145.07831
5894.569439
6001.913677
6063.527715
6908.804349
6215.455562
6344.732844
6339.488751
5953.989915
6232.829171
5534.870959
7262.761214
6077.800542
6468.757439
6715.192705
5733.207827
7009.757642
7000.952575
6100.280103
5875.103842
5453.524042
5957.370206
6475.821195
5775.113171
6727.460387
6336.274266
6006.834273
5729.217402
5970.174088
5915.660135
5678.921997
5723.171532
6073.180811
6208.515932
6168.345583
6007.788306
6581.820227
6592.763708
6422.452332
6114.27775
5568.985024
5518.837072
6140.248803
8382.180442
7235.555983
6093.508613
6093.901941
6380.682789
6581.579744
6200.717126
5912.40593
6101.539822
6218.27331
7637.945122
5893.102406
6851.5593
6201.80672
6049.903338
6836.445802
7294.763523
5773.847979
7307.518811
6347.660174
6117.074687
7220.931828
6409.440826
6343.95533
6923.096032
6367.459988
6477.462427
6891.113628
5972.040328
6465.050707
6383.24834
6067.141958
6189.208121
6775.424807
6093.789867
7243.309114
6816.540491
6262.042427
5993.01174
6276.300841
6619.462003
7399.880595
6171.73305
6483.918461
7164.660037
6820.489821
6085.635618
5928.089141
6185.041356
6511.701512
6264.011891
6349.031796
6785.116206
6786.222528
7779.501009
6239.172198
6388.360398
6459.538995
6776.04349
6687.876097
6967.912851
7149.007778
6550.172605
6764.692383
6530.320761
7110.229573
6462.825846
6513.5167
6839.030134
7011.851502
7020.173645
7945.749166
7011.929999
6656.185276
6682.919027
6494.068702
8642.130579
6526.473318
6905.285391
6291.036999
6100.298642
6314.976012
6174.605262
6646.180911
6411.170577
6144.812513
7193.735524
7657.38934
6815.339477
6772.167436
6496.28793
7325.713407
6323.812807
6582.506253
6605.386623
6420.476368
6747.58354
6997.360049
6933.893956
7865.312332
6613.335599
7448.096674
6727.150531
7355.372887
7285.978259
7326.287901
6475.617475
7391.557633
7388.905326
6770.578041
6303.74123
6930.246155
6842.660452
7067.156411
7289.863194
6933.642636
7849.318122
6963.611296
6933.240682
6407.956323
6558.019488
6365.434622
6961.370995
6663.79804
7070.382064
7319.848853
6418.944781
7221.866746
7105.591249
6805.403564
6676.069008
7443.938875
6857.102291
7080.045446
7380.861525
6879.875181
6939.314875
7924.148105
6623.203901
7305.321802
7969.670616
7033.47389
8141.188102
7352.063192
7422.415129
6728.461152
6531.736904
7182.181452
7162.325945
7013.631586
7384.784994
7794.794064
8442.165706
7022.116102
8080.212412
7031.2157
6559.524083
7403.997801
6851.233893
6670.827833
8510.32166
7573.683255
7434.108524
8012.7261
7409.106705
7131.738616
7149.543439
7496.726063
7673.423923
6866.731078
6979.582493
7116.145485
7723.118863
7250.081317
7028.780121
7515.107487
6956.928286
7299.313716
7198.480207
7205.205536
7240.09616
6731.135569
8480.095493
7317.670377
7634.086046
7535.009873
7784.037976
7298.054306
7802.303321
7402.521833
8974.529249
7221.149004
7733.816865
7531.898241
7286.836514
8319.24542
7113.351022
7398.950034
8708.091075
7272.704724
7288.398
7609.537619
7193.458177
7422.536289
7005.85951
7561.008136
7697.574959
7435.430299
7703.950398
7727.264188
7629.549712
7451.047067
7435.010578
7247.669555
7471.324061
7487.647631
7968.304548
7284.788067
7883.19071
7560.010605
7381.182532
7448.955474
7120.148573
7145.023881
7398.092551
7416.813178
8342.752965
7669.101426
7500.169621
7677.420587
7889.189992
7254.309797
7533.64171
7895.383058
7943.132558
7501.90097
7874.60524
7578.82314
7433.879622
9039.331604
8999.101072
8408.664825
7765.198539
7605.417255
7619.884349
8030.878825
7293.280088
7937.794313
7485.249909
7656.64028
7800.800105
7718.477998
7760.887536
7830.994218
7715.864942
9226.383366
7884.62731
7813.579649
7758.544194
8139.125688
7658.259698
8822.376832
8328.494064
9030.446647
7986.563094
8611.112124
7662.758139
8972.059459
8027.9217
8854.477861
7830.26003
8335.887321
8254.716685
7790.643805
8010.177796
9148.783574
8747.599042
8080.319902
8110.044567
7905.627728
8223.902221
8573.299805
7707.593072
8711.246444
8441.044652
8596.95733
7974.4128
7981.661894
8300.051393
8360.927635
8109.842627
8407.188748
7833.668027
8349.70358
7965.328075
8663.418151
8571.69801
8125.632426
8409.749542
8434.749086
8167.646467
8588.167879
8375.824786
8270.039029
8273.020491
8177.797143
7921.155239
8429.100063
8513.469993
9227.634498
8363.533624
8405.317185
8117.849278
8509.45157
8152.360478
8269.138631
8404.86861
8326.506157
9133.234635
8805.690065
8419.421891
8295.812438
8917.490028
8253.454679
8196.10269
8838.237445
8726.857479
9261.516119
8781.804926
9084.506831
9714.614947
9065.77808
8929.869641
8647.085585
9231.44748
9121.297436
8743.785647
8688.148688
8988.578606
9121.820017
10097.74475
9251.960556
9385.313608
9939.835486
9454.309176
9346.839985
8587.423205
9293.901777
9528.64833
8935.810337
8765.48246
8780.295944
8889.95927
9763.880301
8817.973418
8981.401475
8832.554739
8774.376978
9153.104643
8842.477855
9165.358977
8760.350188
9097.991066
8765.08397
9445.014605
9474.984905
9763.065503
9321.391825
9557.051325
10458.49782
9114.358863
9229.463653
9271.044211
9254.999014
9033.400297
9679.069439
9584.090565
9520.806176
9628.978132
9556.207419
9323.524783
9094.999648
10153.87884
9368.09043
9691.478765
9463.097099
9514.34451
9253.97612
9238.824409
9612.548986
9312.933445
10699.53472
9755.608723
9779.161575
9454.391429
10533.80621
9391.459599
10131.7388
9709.154333
9581.041911
9788.356423
11213.60897
10566.86069
10061.51657
9560.347724
10051.22257
9504.055455
10684.41186
9967.472083
10017.54005
10230.52947
9871.741616
10821.38883
10229.75435
9636.448536
9838.766526
9891.753376
10315.87314
11489.05841
9799.524059
10128.56575
11145.07613
10330.41487
10070.4003
10203.53426
10348.15314
11038.73623
11093.16144
10539.60403
10565.27026
10093.05161
10852.53601
11056.6827
10892.23214
10339.40628
10548.50357
10786.69666
10355.15671
10331.1215
10229.31373
10043.90894
10095.75014
11247.31314
10474.78245
10542.50234
10595.65287
10725.70711
10635.95382
11022.07516
11341.6562
10299.64009
11313.03522
10637.99747
10529.85069
11074.67249
11336.64819
11480.92631
11081.97646
11104.24856
10766.93021
11155.78345
11489.75745
11109.86072
11097.67846
11225.58387
11302.10885
11096.66593
12326.15282
11313.91185
10938.48123
11459.77831
11826.51466
12030.49654
11794.36103
11481.72739
10747.40464
11239.50964
11658.92179
11735.38486
11364.01412
13488.09875
11392.82796
11685.67573
11600.36992
12675.74776
11536.57164
12436.39561
11865.26065
11566.759
12198.23454
11497.78005
11818.11201
11513.83982
12225.3247
11780.22013
12112.99432
12105.02224
12487.92855
12099.94265
11745.23055
11781.98974
12423.57729
12654.25176
11957.15345
12219.46833
12743.7744
13224.44802
12943.63746
13084.68441
12690.64349
12629.87715
12359.12013
12323.19666
12663.43978
12883.58836
13728.03414
13050.02088
12446.05784
12917.71149
13341.10491
12588.93616
13169.24997
13049.10999
13422.40219
13825.65784
13340.36925
14194.73987
13335.62638
12748.34613
13766.59479
13181.93434
13789.7147
13319.18582
13420.5754
13392.52189
13342.55481
14067.94432
13900.33706
14222.78732
15612.32775
13042.76479
14597.58949
13460.42209
14143.18599
15182.89628
14086.71338
13982.58994
13914.58337
13968.26001
13937.36212
14151.52743
13965.30359
13984.66315
14762.24324
15108.10928
14947.77351
15459.66591
15888.53516
14698.37045
14896.65572
14648.48851
15099.23566
14872.74761
15478.38987
15710.52203
15393.65484
15584.86692
15765.24329
15573.14954
15605.57249
16073.08254
15286.19966
15762.93993
16521.02922
15420.90873
16031.06598
16565.36623
16044.65348
15582.97555
15719.26221
16481.01439
16419.6819
16661.10661
16762.77749
17363.48218
16549.28343
16644.87696
16971.06525
17647.46363
16963.85179
16546.04944
17306.89484
17637.27092
19007.93253
17805.14959
17793.9612
17203.26328
17422.03207
17628.09981
18056.28077
17422.44411
18647.84235
18457.19174
17598.55067
18049.7995
18756.19498
18763.2459
18893.24748
19558.99421
20013.12714
18531.98385
18768.12048
18840.04187
19656.24339
18580.17098
19128.32209
20096.97957
19741.42535
19607.269
19294.20247
20052.46994
19685.68628
21755.23777
21137.08494
21096.78309
20272.12522
20767.2947
21751.11687
21012.83883
21084.66185
21435.25985
21715.25324
21483.8668
20787.50434
21809.67187
22033.60281
22380.8644
21590.37817
22279.87203
22103.22826
22543.93304
23216.80437
23340.71388
22574.88894
23181.74242
23305.26018
23381.28957
23856.06667
24005.45194
24282.03
23756.30139
24150.67119
24141.08355
24656.64832
25453.32981
24651.51089
24969.0705
24981.8738
25019.11676
25987.82915
25610.10222
25699.05719
26261.61307
26415.94464
26299.84439
27085.34047
26974.84313
27443.7747
27834.5863
27723.85698
28215.77032
27935.73507
28376.24182
28208.03529
28157.18332
28696.36637
29851.04582
29983.12625
29423.04707
29638.26931
30478.1598
30652.82876
30599.91993
30805.36413
31122.47127
31991.06263
30936.39018
32539.71377
32138.57546
32435.4354
32979.26995
33338.37201
33705.60501
33735.25623
33652.00129
34601.66897
35132.17494
35031.57752
34966.14353
35468.17892
36541.70723
36499.72313
37369.97
37395.45528
37233.76184
38171.422
38039.6641
38917.41581
39213.77759
39476.73187
39798.72197
41163.36601
40715.9875
40551.79269
42466.85515
41858.71995
42812.95841
42312.24743
43443.48129
42994.89375
44497.04311
44770.939
44282.13318
45439.67555
44885.40789
45689.04594
46448.90767
46385.6792
46597.52208
47300.35248
47337.87546
48224.50697
48181.55858
48939.85185
48964.60234
49377.9775
50544.63443
49410.70631
50158.56596
49646.26636
51056.77281
52233.4587
51610.64729
51647.51089
50902.34662
51339.47935
51823.99553
52488.14149
51226.96612
51800.9822
52441.75235
51171.01846
51793.61463
53163.41453
52493.26384
52261.36375
51838.8132
51917.84244
52238.24396
50740.37519
52066.37221
50222.11389
50195.69488
49917.29517
50018.5946
48833.54844
48533.46087
49161.66571
46957.27942
46702.20265
47528.00269
45584.73552
44516.87992
44801.99511
44238.10008
42495.81384
42552.14363
41073.18888
41267.46986
40256.53459
38921.27077
38843.29579
37349.98578
36739.46986
34931.31407
33652.99038
33142.03708
32481.06216
31250.2191
30520.07065
29722.0591
28809.66145
27203.40305
26503.5592
25071.78638
24438.08078
23099.31502
22479.36985
21366.30141
20820.27441
19881.98101
19292.25333
17762.30338
17034.21841
16512.15826
15748.52786
15053.91884
13810.06774
13324.41044
12441.08148
11734.27738
11429.37281
10304.29775
9926.981654
9156.43191
8286.970139
8185.191351
7458.232435
7088.634807
6455.378705
5658.189546
5611.838825
5014.725371
4684.405823
4545.104447
3824.460186
3849.156961
3510.862498
3133.15957
2915.468268
2592.524252
2468.908971
2087.290658
2039.549097
1845.206632
1647.70529
1453.680894
1378.051943
1247.306615
1108.745726
987.7423805
851.4973996
735.2587643
715.3392363
631.7751979
622.6792459
488.1042172
538.9822955
393.5375034
345.6129527
338.8648643
319.3506627
313.7212618
254.0807122
254.5390628
229.5442856
176.7987368
185.0106848
159.9081608
117.197463
93.12313083
90.37946654
65.13462898
83.55470088
125.8256576
157.8804208
64.28999549
86.59295034
37.0107072
57.7866537
87.45597788
57.85708459
51.8796057
42.17516626
40.54794217
30.95262911
75.05960102
60.52877138
83.06365005
39.58524834
27.07866396
18.5910258
54.88892426
71.98082431
45.62124285
56.63612319
53.17022686
21.36174927
11.92468223
36.33437477
31.39233348
19.50969021
68.7257115
31.7037133
41.67788117
23.00074499
23.26370479
40.71316508
95.6515505
24.79278095
28.90691049
46.78103541
53.38961739
103.4477798
38.36931701
8.892668685
42.63779964
35.01563044
22.49182992
22.39034097
14.17510679
9.397025267
40.85635528
6.57117503
58.54828578
18.96024447
20.32250806
30.86532112
23.88381216
42.9755309
27.81636634
21.58883246
137.9739939
65.4427095
92.57699525
38.71987796
38.14128115
33.57951915
36.86028715
21.78678945
40.72606152
101.2126479
41.43867231
98.74472301
140.4263881
50.18515049
9.544945516
58.79553968
33.97985577
21.78368164
62.70489018
8.97315208
8.323877831
28.44172008
9.490384447
44.19446354
13.60867812
41.43693484
6.010079484
13.04064531
7.290379707
20.69000375
8.185998422
6.794036375
8.942295983
0.7952296048
14.33068928
8.587621367
15.19123552
21.59424872
18.39755992
23.4514404
407.0701609
29.28050757
35.05279325
11.15480531
34.28420756
53.21644978
19.31972022
50.95888288
24.48121249
44.31551252
12.07734761
10.35314241
6.504986391
10.86157211
21.62033144
37.24009856
31.54423829
546.5394742
49.11441136
112.0128455
96.93677874
23.01346672
22.99353641
53.33990032
32.2831923
87.79522438
31.61738061
35.53271306
3.754880674
9.173015126
6.483537927
23.25085712
14.00447838
12.67389649
29.71168887
32.79468035
30.83134065
29.2108592
14.2793992
28.54657467
9.834244792
12.11462905
23.61028088
13.14974194
21.13370864
30.59587498
121.990524
22.86774323
19.09099595
72.50708006
12.10296175
41.02279126
38.72040183
34.72080155
12.66915816
57.89897472
13.90836668
69.60400135
36.30042379
90.89669833
88.61642082
70.58133844
60.656099
22.42080377
18.24696443
53.92994671
86.06801567
67.38760172
19.21436834
34.84281535
22.79101867
15.69608348
11.35397759
17.60630527
26.47926327
24.44625615
87.38286824
35.90911514
30.85934882
46.73624517
27.47388881
23.58060023
14.43266872
38.24313284
18.22381141
16.65278298
10.32490256
40.51223275
4.881452788
7.26697787
24.44224045
19.50072725
67.23803631
28.69503342
10.30448007
18.99079498
18.08143643
11.42002238
9.646531819
54.49759022
24.37820057
16.57781288
28.86472308
55.60921778
3.5684788
15.38653965
41.94823924
11.63437022
34.08151501
9.690456472
3.701619859
11.22048539
13.85440583
15.28587343
36.94404001
47.75013143
136.6413519
16.91127448
13.49775751
7.383578101
27.52549237
15.54446659
47.96542176
11.53496755
5.504752978
51.55847667
10.6383772
24.8504788
14.75301153
28.70608172
6.9421656
13.65180367
16.16748828
16.69302642
18.7867295
20.73469395
6.880968619
106.078824
37.61891853
13.24787204
9.143970613
36.20813504
48.89904028
7.173531487
33.45364945
19.17698726
21.92103542
77.21067203
138.8226542
15.40129906
21.18271624
28.25144543
19.11078841
21.64088234
30.42905025
19.92942405
15.48812231
12.04307457
26.14336798
27.87193724
24.29614944
22.71211639
12.77447186
79.96600899
5.332951403
31.47826835
34.80420869
29.9340155
113.2326813
31.51509689
26.68265611
17.89546345
10.73860619
123.0993933
41.24175798
15.90666291
34.27834962
11.61579725
4.375552765
11.03716734
12.10366688
23.46947695
23.74108401
20.49251566
18.42511844
20.73659596
14.13679269
88.88307767
33.895178
31.19351384
30.73347095
16.78739002
0.2132125787
4.645078921
336.261832
93.15262779
15.41688578
8.687396992
23.05374958
40.8564467
10.33602342
35.45113356
9.759286871
14.15625655
26.83677093
7.35714123
15.68579268
30.2244362
45.66420433
36.60234279
73.08097459
32.83483307
15.02675554
15.89421667
13.92738043
10.64930341
17.6980368
17.78172188
22.13521762
13.56745278
23.25582973
15.41495834
78.34006358
24.89367023
12.48967735
7.168707156
14.56055793
34.0698978
12.62833446
18.35696887
22.10693005
14.50656501
6.788813604
9.168501571
10.93554095
21.31270284
14.74868009
6.441887617
5.009268299
5.927113936
11.87948174
6.886954374
15.47508948
12.15843891
50.45104779
41.9118923
4.921613688
14.72426839
5.825056289
12.7807669
54.86265126
10.84038905
13.24245522
33.46597464
23.63046617
60.72460694
25.80710141
19.93517752
38.6529001
5.216515584
11.19902915
8.296190026
30.52082681
14.39707692
62.82741012
79.66999729
26.2294357
24.76369699
34.84722186
12.44025713
52.11202212
33.73928611
4.516919395
6.897976184
9.521031995
7.884656419
15.56068702
19.15623241
15.88631
13.73517377
33.77687322
4.105571769
30.61468758
15.55538389
5.816063157
10.77111655
15.09198444
15.45571625
13.13260964
31.13060953
37.94487941
11.44665023
7.317417302
8.585857674
15.40134826
11.82166909
3.275491737
17.24015033
12.58759441
26.68970369
22.41877427
8.809868684
20.732417
12.60413686
35.42957955
4.313007441
18.35257561
33.55662351
5.172545684
20.08884816
15.33758084
9.102499154
18.88514332
9.810445963
18.44009849
13.55279459
3.765021567
16.95647624
24.27849304
12.306986
10.24103069
17.39073129
15.46096976
17.15534038
18.17685119
10.64585035
14.84992548
16.99711021
10.02588326
38.40779868
17.03126777
5.797161399
30.22326902
9.855248065
1.882070009
10.98495203
14.04834178
25.28262895
18.41032566
66.72829065
500.3264904
43.33710341
15.25324486
18.2047216
8.233629955
16.26831137
1.012724426
39.17051671
9.698251814
9.296347675
10.92187445
9.517095014
18.97852299
13.18186015
11.51020869
21.65828601
17.54589929
21.41108216
20.75895575
2.39158966
16.9275888
25.63128882
9.179794606
12.76308918
7.281075327
12.12040399
9.780571122
13.22802208
16.91080247
14.21994599
6.805518111
24.98884023
4.949285829
17.45213055
15.23350435
18.66546091
95.06453242
11.5509038
5.202557241
0.6594083795
3.238892955
1.915644004
10.0929282
4.727588098
18.94042815
57.43304324
5.667350666
9.481712433
14.20703646
12.70289846
6.309702948
21.70043201
2.615073295
12.74393966
22.7894324
19.03496778
19.02055032
16.73539924
8.221601405
14.45531014
12.6644724
45.89428767
24.71663126
7.642896654
8.328605292
69.21209044
13.43858609
16.60954964
5.408742929
8.253464845
12.04299924
2.058078964
5.205726695
27.14078012
22.57308948
18.29031675
14.59879081
13.50403543
3.922332748
3.460720065
6.967464525
17.86041676
12.55005156
28.81473443
32.53548742
15.15732675
5.578975357
12.31669419
4.186833603
1.090526303
50.21138655
81.23149697
6.443179929
42.33265406
19.53279042
14.45440885
16.62625343
6.512558542
23.89593253
3.321982008
4.714386556
19.89270261
29.36682208
10.59508064
46.2321104
10.94374283
22.96506137
25.03128976
41.57989798
9.670809124
11.84997174
47.994709
19.47135768
12.99171528
10.29985305
41.71342667
8.039990842
23.14059333
6.593079567
59.15021022
123.12806
17.26412354
20.80243448
10.45549649
84.25967272
28.92102493
21.16422881
36.48409798
63.74680792
5.391939577
8.343837893
25.34788091
36.95293916
0.6669111458
11.25167573
4.212345561
13.2839289
5.048009293
21.42420018
9.70498514
33.90197084
25.69175806
19.58116515
16.13077218
25.90664121
27.55433347
26.34228697
63.00990779
14.39466893
35.8436369
44.92710833
4.611657492
6.960374925
20.69037114
180.6913537
12.09469733
20.45768711
8.53007807
4.662072523
18.59196387
14.47465184
15.75222523
19.28088745
3.205465112
6.274404135
9.227186574
5.581415594
10.44573307
10.19294746
6.671871005
9.684308052
6.314080575
16.47716851
12.26065386
5.59241814
11.84960047
4.387363922
5.821043005
5.269585058
7.758517627
4.836970064
4.146818991
5.046527517
8.039172431
15.81773485
5.657595802
0.2491789783
20.45593661
30.84957985
15.94345415
22.98440239
63.37313723
16.92056285
14.68102475
9.815365187
5.181394686
5.767388446
6.060814303
8.017941604
91.81904003
14.25677456
8.546829525
12.28415902
8.780366441
67.6065761
11.09825512
45.89515283
5.520725515
11.2879994
12.66840424
25.56931238
20.01303463
17.12215778
10.71023844
14.74145087
8.895372481
12.26534645
54.16684507
24.21911847
9.728218989
8.892884814
24.22126375
11.20820427
5.936218651
13.16080228
17.84977664
8.677141892
31.52355176
2.781247315
11.52199617
17.98690476
13.27270253
7.513837349
18.25929632
19.94863672
11.31411112
27.0789634
48.14855394
15.5834102
23.78827809
12.84359149
12.95926566
14.01386276
3.990572648
8.792246006
15.82159683
28.34072909
18.38418375
9.492203039
5.65087724
18.48603361
6.786870435
21.13535767
15.27879773
7.468031549
11.73718275
8.72863281
3.824938257
10.76971472
18.02414797
12.7320254
1.755645106
8.94154222
6.026318457
19.55261393
12.58287513
0.2242220124
4.305356997
4.44106479
0.280367849
0.3947351348
6.422675479
2.137195379
7.691930618
5.495618504
2.645469044
0.3231723467
14.48020092
6.304509604
17.6829067
51.18874049
1.570583711
8.296313408
6.556980867
15.2023793
14.64950695
11.82204558
2.310724861
0.5559058321
8.987121479
1.570030637
0.4453143853
6.946568843
5.641066136
1.147405436
5.40808826
17.38248829
5.048220761
38.92834297
0.06952723067
24.99529127
33.34054008
7.943901545
4.905341414
4.078934173
18.78652974
26.52466982
4.294715219
22.31118325
11.46688547
4.59022132
13.76835361
11.53973924
21.79547172
49.47945418
13.73883188
2.293641442
4.339215188
7.300015483
14.65234303
30.4920372
34.90592707
0.7979221515
24.76828228
5.802554535
5.491100101
3.101600613
9.002834538
8.173169798
0.285574524
13.73145964
8.316943731
19.75190322
7.650181777
5.723831481
3.128004462
15.77926172
10.75375579
6.90171984
19.32709919
7.232894956
1.961433026
0.9990639389
14.41410873
145.7392456
4.163975021
6.757178316
25.20863578
17.48957022
7.657707612
2.338213604
4.837758063
3.362391158
15.42477991
11.46037982
5.584783775
36.11167873
17.0122279
9.194322314
3.655470978
6.205674481
6.769814897
28.33163312
15.83579211
21.49699985
0.8158278
15.36043387
43.72605719
8.434884096
12.172422
15.95836766
31.43264041
4.914582162
10.67867061
8.819689035
8.257822763
2.147465106
2.096317331
0.0712164142
9.137389779
10.74487076
13.84248754
7.229663671
25.42252927
8.869437597
9.091097157
105.6686487
15.59263029
36.33910833
6.682619518
4.06359426
11.93863445
160.721025
0.2037827477
3.830069411
13.58494327
10.06143472
0.05768425984
10.31874984
2.724865541
3.356728398
13.46914016
9.117669429
8.8898797
7.814830647
2.131476433
8.737661928
1.843623981
7.111484073
11.17751765
18.51626916
6.906637703
10.31427559
4.277818256
3.284279695
2.719629774
8.983653728
7.622283691
1.789807435
14.43166491
7.26667199
6.824934739
2.930397661
0.100220444
10.15399845
10.96877762
23.80951397
0.1120553096
27.99205288
0.3001156639
4.689940866
12.41360828
10.98211612
6.054555776
18.99055903
23.2949053
49.745343
13.5493204
42.77593273
4.70793189
6.907994123
40.88961475
3.187903183
2.885747319
9.572271995
22.93934961
26.85752069
24.42290292
7.819780251
41.9367405
3.989052501
6.844921545
6.172939824
95.56606416
5.157765686
4.165104047
7.24351049
1.990369333
2.689039813
22.47666954
0.3460630029
7.95273693
16.08008588
4.289102514
8.579381759
5.374979194
13.99343129
1.869908232
4.929746277
2.179207887
2.542002431
0.2405508077
6.355897374
1.187293962
0.09358675825
0.08937698882
0.3995461497
0.09315255703
0.1510138654
0.2518214203
1.18707547
0.04623488134
7.691642187
8.898792515
10.34707703
0.1118049064
10.05274904
1.141151093
0.8755871674
0.9553143979
4.667445708
0.8209752613
0.4203451614
5.549477141
11.04568597
10.84521695
17.46586548
16.1453106
40.40544397
15.40544942
3.928082068
0.2601132964
1.756373442
7.572746556
2.135082567
4.282275042
9.571081068
9.254911309
3.320120868
5.911307648
5.775548384
2.908547135
4.805551759
2.090793994
5.35141661
12.36443996
3.324777805
67.53679576
5.757557138
49.66563697
6.275631046
20.06283113
2.938502937
27.55423868
17.02433376
6.375482903
9.49698523
0.200387674
25.27001884
4.589949454
6.666327564
11.92717369
5.187763291
6.912888786
3.979443049
8.853330038
1.312469788
62.19200966
1.659750771
0.03388356252
0.06274460192
0.09855496072
1.934284256
0.04989232179
0.2459737581
13.91071812
0.3199621363
17.82724314
0.2748936724
1.921851878
2.592571439
1.977545614
8.145719978
0.1929956959
1.38012031
4.106121022
0.1601942931
3.0245476
5.844124819
1.997797933
5.851074837
18.82108072
0.2489029742
0.06935735886
1.418946362
1.597136962
4.233509606
2.0579099
2.659432962
0.008999384841
8.298791216
5.978672961
1.636774285
0.1187067647
1.649939799
7.783292148
0.009253818746
0.05494919188
8.024123131
0.09529183323
2.237285134
0.05492394386
2.076255983
0.2661181522
3.654376101
0.1154341419
13.70743275
2.080479871
105.3074877
0.01268670686
3.723377296
1.997638776
0.157302787
2.324381536
3.716954057
0.5098287164
10.98770943
0.6977519877
5.167339331
11.66752052
30.16812536
4.144852037
5.966559186
8.831804033
14.13602369
0.1051457494
0.0700482683
1.535208094
5.739966507
2.396577024
2.021319125
23.04000923
4.579659278
4.257692988
0.1084872616
22.06827643
35.26939239
3.096731141
11.68514924
2.822288633
14.71867371
0.1738885692
3.334075024
10.63742855
3.619016338
2.626796425
4.298674716
0.03729372135
0.03970718106
0.03214044063
2.218570513
1.730716167
17.89587421
0.04515744291
5.069866534
6.680386446
5.275402377
0.04322281848
0.06777885782
0.1692021327
8.638035564
0.03189527617
4.946135693
0.06162809138
0.1724198495
0.1779831729
2.160108014
0.2906858524
5.715061096
3.787388536
5.122733351
2.068815934
6.816922707
0.03578970086
1.547142493
10.06885516
8.93708395
8.452077739
7.299239255
1.948185632
12.62356379
11.95817642
0.190475718
6.925515473
7.735704555
1.944628252
17.90652792
2.588426179
9.74575294
0.2355761161
5.760276304
9.671134031
9.81176795
3.872900422
0.2484414691
60.23602344
122.1626378
1.98227732
11.98887566
0.1408846706
10.2264977
4.47344528
2.361261395
2.948493396
2.401151626
1.816944189
1.666639275
5.397395903
13.52549914
8.973726781
6.124427764
7.889948221
0.8005674681
8.509722646
0.05157374247
0.06669407627
4.033161805
2.547093582
0.0315213161
0.2465146911
0.2956858387
0.1690830432
0.08246139956
13.4808979
1.801513233
3.232889523
47.11977817
8.625156935
8.427633467
0.04878036882
6.794204021
2.453749921
0.2064084351
3.979503615
10.93331858
1.927582516
12.50718283
18.56492109
1.995291337
3.508583106
5.388210633
0.3766025889
9.21843267
0.4696219605
0.4655641654
6.643135842
8.036847878
1.083321087
0.1260368012
0.0202062784
1.601256018
5.82731038
0.1862239465
0.0485979345
8.972907419
5.782690199
2.122037481
8.17337631
24.92142845
2.009048863
5.668509758
2.574617935
0.1335184079
6.036318939
9.03137522
0.1086755052
10.39216062
0.1563138658
2.551246825
2.602634845
0.117203882
0.2863227124
0.02318760025
3.143052361
2.168042113
4.834507572
9.050573215
2.299965218
7.811779279
1.0898347
0.09787223373
0.386477675
0.06377193898
3.080312221
0.2319904221
0.1839461112
0.04783031006
0.198711251
1.898983394
0.5351612139
0.088185412
131.1297115
3.142499755
0.5666292837
7.580661238
0.2016718592
11.54499304
2.596339061
0.09308974993
2.784352172
4.235781272
0.1392393172
2.974725086
0.02955491911
39.48240965
0.917616717
0.3818182825
2.046378316
2.381104743
5.755717995
0.07516470529
4.339288216
0.8468192201
2.170899164
0.06051339732
70.73270848
0.1713941554
0.8554587082
0.1261494826
0.1448877396
3.610194243
0.06806496949
3.608702168
2.421146944
0.1678603683
1.210198521
0.0548269554
1.786770482
0.05931341271
0.1306183455
2.394099818
0.03131008486
4.573179334
0.009859986719
0.6955109323
0.04424670361
0.1240439438
5.380343587
0.04382035956
0.02775711159
0.06548864005
0.05226309243
0.2031081271
2.338120571
5.4889942
1.966174579
16.99046526
7.548993997
1.4370989
0.08063387035
0.07039492435
0.03197678196
0.8310851638
7.902024615
0.1710779228
0.1015316867
0.1616771783
0.07088104587
0.1303262295
0.05675501118
6.190445311
0.1051021332
0.1111875827
10.3399016
1.077014385
0.1191278191
11.76438858
1.831949103
5.740038749
3.910428877
2.939292959
1.198591088
3.873845827
0.01488520267
2.542650148
0.1118025794
2.36637328
4.060947318
5.832124078
1.683899792
8.525438664
0.05776617288
1.609130222
1.758754023
6.346435259
0.02946729942
1.038457166
2.797045063
2.940823486
5.46957058
28.55578422
0.7700986618
0.8814741205
0.51998262
9.981833346
0.3225401174
1.62431688
190.0138408
0.8254817764
9.807346826
0.02614767437
0.05008092572
0.16378083
4.068581277
9.735253139
1.089798114
0.3540953047
6.981884589
8.476753254
0.05380567691
2.770629537
6.534301139
9.350943516
1.754154235
4.425492702
1.187927856
2.156711561
2.427302489
10.86360413
1.488481016
0.1371935753
0.1025437963
3.580983435
2.627889172
0.02313717677
0.0258588263
0.2341733849
0.03204408021
3.200812048
1.252564702
34.45316946
1.55397181
0.1194402424
0.08058034852
0.07732091928
0.06188189531
3.785351194
0.9871825894
1.603171026
0.1956551397
5.940232542
0.3472309339
0.2234632246
0.1002991071
2.665019744
0.2175696191
1.310557684
0.1559575817
0.03804164065
2.428094912
22.95976816
0.05223306059
0.320612955
0.174184641
1.873741386
9.89720106
3.021144662
5.48641738
0.02940856587
2.740553237
2.124355271
4.964505117
7.383168008
17.33687584
1.190408627
7.752544999
1.541381
6.314495322
5.119114217
0.002419378368
3.933509655
1.197194228
3.473756694
6.686407086
5.501777357
3.056322667
4.724375413
0.5365400273
67.6200168
5.486534506
4.10471127
5.696629215
14.58612409
6.849621991
1.867726206
20.75591391
1.02621681
0.2099906095
6.990089028
0.1546123223
5.157018951
0.06544435113
0.2226773082
28.20296689
1.500889839
4.076208577
1.769342437
1.756598833
3.737087657
4.814049307
0.001918000149
0.9712375207
2.15458636
1.27403727
6.578598233
0.01367160733
0.8099118041
0.09974435988
0.02978687521
1.818511428
0.0548380264
9.013254608
3.205498853
6.902345145
4.610730283
0.0564480061
4.230698112
0.4511579339
3.092261049
5.252826755
1.758916882
0.118160659
1.898907442
11.08772217
1.088732228
0.6003029855
4.368440351
14.70881648
3.301834181
2.307027898
20.57190346
0.130486211
3.211449372
0.1163382261
10.08896292
4.318524432
9.010039356
3.858860166
22.60332255
11.13755991
16.08569448
18.97609356
2.936531167
13.09385128
3.362278269
11.6110498
10.36158738
0.06342341298
8.16015234
18.00628807
6.616505886
10.64079812
11.09908824
9.504419325
13.38083878
7.239978298
0.8125774607
3.171164451
7.472334888
7.001585696
2.798187494
10.96954316
30.30547053
2.980848697
0.0721786619
9.261778765
3.614552832
12.67613529
1.513628264
3.862372243
5.57770764
8.048300736
10.65585015
15.59627268
17.99138644
1.625978692
13.8258318
5.659968226
5.280376155
0.01460108607
6.277764891
10.74117354
13.15208539
10.73762473
1.988070805
9.086394602
5.609809348
0.02771384908
12.7629309
5.933491711
7.540428699
7.265996497
9.294783531
6.327375009
3.951401338
17.40924735
6.470245205
2.778200919
3.737006122
5.607738977
4.780751946
1.727417649
7.588512591
2.002931517
6.516595803
1.254629376
6.946963253
8.298141955
13.15120501
7.877692995
8.75370445
1.278580728
0.01273358809
0.1246389627
5.970994248
0.3529219705
1.775173757
6.398363123
2.9488043
10.72540483
11.41354262
9.495759126
2.766958965
11.29089667
10.87589656
0.1415269628
4.397032545
5.886573805
0.000150099997
1.639578897
1.741040925
8.354896289
0.3476255659
30.96214274
6.205045807
0.01725946929
0.9716894832
44.55156275
5.9792505
16.56281273
25.00729688
25.56288045
6.739711435
0.4039556985
5.502707727
2.520266942
0.07702267328
0.04202005449
5.359503553
23.23293823
2.748844525
23.67198228
0.0506643742
7.391539789
0.09734195051
4.043956077
0.3986864218
5.413335545
9.237620987
10.89516043
1.881656139
1.845250147
5.144605905
0.005544535421
0.1064058908
3.055029622
6.134843451
6.554873698
3.29176221
3.676813087
3.056994484
3.059237191
3.276872761
4.686130635
0.002535307289
1.857446082
3.767985012
11.0107227
1.996588325
11.01310553
1.203094082
3.819929113
2.23479592
11.20507118
0.007602504701
0.05319286039
8.947166226
3.293323163
17.08864575
10.41620554
2.227190448
1.929620463
4.22991279
0.08380488286
0.08712177616
0.7228674824
3.855872837
0.06436625907
6.609553843
0.9314828394
0.0249822692
7.286037976
0.003701545125
0.009894115802
5.895898808
0.6717795726
0.02383178147
2.079614597
6.072349819
5.706141019
3.068996476
6.785558173
10.95558809
8.569372768
6.648713603
11.9318261
0.08344937388
3.326045036
2.39781218
4.815345718
0.1100465966
3.082198318
15.31407293
2.24206809
0.05027241976
9.546406009
24.25187526
28.10268047
0.7885516323
0.1185182364
0.05139336002
0.1304391454
17.35335621
9.01936173
5.744988373
0.2458224378
0.2749473684
3.59277916
6.956177438
9.406802048
0.03789924016
11.58393116
4.044491235
2.872448311
0.08271180886
2.341254592
0.1280319193
5.451642573
0.08029464919
9.722999621
7.066847094
3.550443294
11.23928007
5.598016243
16.60045188
2.201727767
0.1470580875
0.07221500527
0.05174333774
1.848571925
3.840536852
5.819404416
9.12597622
18.01981573
4.733912178
8.244762124
5.317789562
13.30227172
9.579757206
3.761581854
22.5713477
10.2124862
0.06903688882
2.278876819
9.665930308
7.923733325
27.88354872
37.47700548
7.26034245
7.747018999
2.429524739
0.0169901578
12.42937435
7.016388166
0.058072241
0.04608928406
0.470661012
9.340535442
37.61061117
0.1220273775
0.0868320137
0.07923047241
0.2370853861
12.75967419
0.04576270002
38.50036903
32.72942786
6.387880796
8.340624112
4.132612205
0.06181434032
0.03844616227
0.06346562541
11.33451055
0.3834288831
4.891263765
0.02972136973
4.210674379
0.06032717004
0.1265152072
2.927868224
2.630824078
0.04748481946
9.535418255
2.115992763
0.009085181806
0.01178797625
0.08464001768
9.904038282
0.05067167415
6.172246562
9.616832759
2.632648032
4.869891874
10.69425267
11.60671791
0.02414583481
9.108551606
7.947304164
4.794802037
2.087347395
4.708108989
0.8617928713
11.67923649
1.84450377
17.59378087
0.006135002773
0.2174740144
0.00546322119
0.2837433822
0.02466604898
7.579329916
6.068504234
0.136806815
0.01590025298
15.41686386
24.75378328
0.1431533732
2.750741536
3.329739837
0.1955923625
7.529358553
7.029862308
5.271672833
0.7188189994
0.005066052044
0.8690221929
3.610893828
9.565743183
1.293892609e-09
1.038333288
1.867630631
0
0.04749474063
0.00746339341
0.2274171758
4.412283723
0.05182002334
0.01970664188
1.665060697
5.053679334
2.622280732
7.141875821
1.121411325
6.066891135
0.003461905847
6.311738806
3.101992638
0.03108070848
0.08367111621
0.01239519348
2.334145982
1.928500881
9.025171243
1.979846743
1.72047656
5.719367715
0.001200580287
10.44500571
0.05206829287
0.007843437911
1.427960346
62.99499983
4.1170386
5.043195866
2.611468536
0.01669966478
0.1112096282
2.916283876
2.399206471
0.01015232923
1.852030607
116.0722439
0.1429857618
12.25712094
9.950243916
8.092002155e-05
3.438311417
1.90865038
2.273003956
0.0386486149
3.538774976
2.75213721
4.399882473
14.35254172
33.22939986
0.02985606859
0.07196758218
1.062712884
4.659799291
1.002211344
0.01384442946
5.633677311
1.782189897
1.981588399
0.03890453778
10.51377007
18.88832869
9.052731907
0.3627228553
0.02227111547
0.0058240988
6.825129007
9.754812838
0.07038946263
3.449427278
0.0159212407
0.09201603406
0.0023835137
8.975448172
7.554506099
1.046689077
2.533582616
5.228554854
0.07511107852
0.008426593898
7.806334446
0.1070516961
41.04990034
12.75122629
2.205974201
0.02307252068
0.01677864063
1.399476695
0.02529129093
3.878025994
3.139890617
1.394318864
2.157621454
4.697735239
7.517831329
0.1141574328
1.971455885
3.476723791
15.81362963
2.788955401
0.01748741373
0.03622002857
2.474381264
0.05698822289
3.257425531
0.07740067706
0.1480488941
0.02634261973
1.452681828
3.510128636
0.03203691289
4.5215143
0.09304050655
0.1129133684
0.002393369261
1.560597819
1.881909501
0.04918080105
0.1446167537
4.932219131
0.03612808744
1.762443673
0.3470790315
0.04190565768
1.224324618
0.07600013742
4.009225806
3.209214409
18.89735208
0.02095799354
4.414413895
0.1011018676
1.851563768
0.04133735149
0.2785189849
0.1040374286
3.782436667
10.13107873
4.336878161
0.2242787061
2.321840247
1.53728647
3.093392174
6.234796819
3.169841282
8.512085576
0.01387599979
0.8090966167
21.71425678
7.831706717
10.75774976
0.07755568734
18.09419353
6.206463035
6.38028534
65.08467861
18.26710439
0.1625586768
0.006836511652
0.122701431
5.864679273
1.921401193
8.207298943
1.759271085
6.454014933
0.03171469781
0.04466251011
0.939734378
45.31924687
3.446775185
6.608592477
1.589075613
0.1146006795
2.064259493
0.005448773485
0.03041647659
0.0004917229712
4.729145964
1.765977597
0.03245457763
1.048435112
0.04262158609
0.04148682273
2.822825876
90.67184518
2.854656709
0.0302059663
1.83857882
0.02816530655
2.175395368
0.1178133669
3.960378384
0.04973954522
0.007848799174
2.342262736
0.05224098852
2.308211746
9.257841303
6.693190221
9.628468752
3.659862157
1.603035179
1.90253248
3.966114281
6.034127299
1.832359075
27.04904929
0.04634118436
0.002182114504
4.885193833
3.582601235
1.874621682
1.781853605
0.7827812826
2.120019002
0.0009670961722
2.350383935
9.619138132e-05
0.05678703988
2.526259112
0.05989168867
0.01113379094
2.267045063
0.01228989104
0.003009513249
0.01144299168
0.00560888
2.980688968
0.154240686
2.259951846
0.1262793999
0.02819138891
6.001310628
95.97346795
0.00870286529
0.02796183206
2.573043424
2.459488588
1.058617384
0.02261628409
1.240391002
4.084936235
3.386389727
87.61167571
0.04413973688
0.2587881366
0.2451082356
2.351493166e-05
0.04408979015
3.674361071
7.418020254
8.603556602e-07
5.402499872
0.09323315473
0
4.003706559
0.00296828197
0.01567947561
1.188190185
0
3.04589425
0.05241102889
1.911299997
0.02470978589
6.365753738e-05
3.326038383
0.00985343226
5.373135547
9.155306666e-05
0.02580762728
0.0272591118
7.646808609
4.903070573
7.052460988
1.423805418
5.239875264
0.2615356261
1.929099332
0.05307617059
0.04496139384
6.51903809
0.03064926099
6.703705024
3.702446559
6.713664903
0.08535336392
0.0167075575
4.019562518
2.994595325
1.815385209
0.01157276905
11.16295878
25.40334033
1.577626368
5.608399608
5.853876632
2.746310004
0.0003519132325
0.02177501288
0.01480991582
0.1185267267
6.435429238
4.54355056
0.06882862387
0.2278885553
3.598095865
0.05567296542
2.985533522
6.880829432
0.01419705007
0.00852939496
0.00469770077
7.408530914
3.515418767
0.0009532546233
2.671083451
5.987982299
2.603773582
7.063731155e-05
10.88815472
356.7623884
63.65451187
1.746184143
7.182926898
11.7745275
0.4481084898
39.59495482
0.04245312333
5.007854958
5.683537223
2.715734234
1.353349167
7.541486374
1.899581915
2.263145058
12.95296606
0.2596547901
34.99199532
4.280465578
2.258424957
5.481699219
6.610611507
3.146721803
5.949966653
0.1373998648
0.1287640756
6.953029654
6.520255547
2.600159257
8.608990287
0.01337904493
3.271369002
0.1248012292
5.860558351
2.007126773
3.509349212
0.07144970209
3.686617064
4.645202016
2.531568232
4.511078323
11.81647713
0.0005251896272
3.009528863
0.03882771468
4.574172144
7.841862616
13.99937025
0.01620396583
0.04677854907
3.120905813
0.007336475086
10.54114201
12.82273651
0.0402713481
2.455366364
11.87383827
0.0003903200725
10.80122947
1.785674447
12.04941213
12.91742373
6.472103438
4.605917518
4.476938432
6.526053283
10.81183028
6.851847719
3.200360908
6.742172821
0.0310364179
6.561282719
9.467737508
0.01181855903
16.51132472
7.927447134
1.674743196
2.431963948
3.54286221
0.03064948124
3.505625868
17.20498554
19.70846598
8.01645317
10.0808506
4.767402074
2.980393341
3.101252818
0.02284101216
2.388788555
10.43814148
6.207802288
7.411542185
0.003262103539
6.308509811
8.505664311
8.231931217
5.57035666
11.57065481
11.38094021
8.120867287
4.871439424
1.692948202
7.354357952
3.233066963
1.802649112
1.762812042
10.38749862
1.811056393
1.679965039
6.08913145
2.327970544
7.134665857
7.265314988
0.006483522872
0.05072436479
6.471297927
0
0
0.8830361825
0.0232510201
6.759922166
5.005757178
0.008574067076
4.710114991
1.758412751
2.070753546
1.098600148
0.03702704122
0.01935782921
0.002206828426
5.145772259
0.002349324116
0.002678575396
4.177968936
3.485394521
3.991482099
0.04828608377
71.68427147
0.5833912939
0.2285303862
0.06255284759
6.445744952
2.499891569
2.911335078
0.7069274478
3.61221063
2.142688795
4.778830237
0.00403422538
6.503266391
1.73139335
4.412975704
2.316974822
1.83862842
1.864054515
7.173062026
344.5757189
11.85738336
0.4934603914
0.0655101443
0.04769569829
0.1196125914
0.01190472544
4.696927915e-09
0.008041376318
0.02827176709
0.02695517474
5.099651422
0.02696627008
0.002523301976
0.1221314947
0.1389999589
0
0.003668489093
0.2800752337
0.02781494923
0.006586442739
0.02431486568
0.01459770167
3.534252166
7.982804476
0.0141339723
0.02300990558
0.07348029678
0.01159089266
0.1803756258
2.178319153
4.944874637
2.083937009
13.7152978
2.254687902
1.839250829
6.632520867
10.46535268
0.03866643387
2.232467822
0.07061377989
3.159950095
2.043775727
1.190452777
6.576240229
6.712708754
0.003835035198
10.36710946
10.05642642
11.63451707
10.83629589
5.804236115
0.01515943538
0
0.05043395241
1.315797121e-12
1.835151034
8.733365088e-05
0
0.01896573176
3.581087214
0.009778814025
0.02521160968
0.02352868082
1.945947735
0.1831422561
2.368957918
0.01161813592
0.0004134134983
0.02119225871
1.969389928
0.01653954579
2.267484903
2.024737042
0.02022675096
14.74679966
2.415215914
0.01828209909
0.0004600757914
0.001829190112
0.004837050007
0.0185638451
4.288540453
2.124893353
0.13154204
0.006927359896
0.03043988393
0.0452942378
0.1276351099
0.01493299287
3.619215552
0.01017950804
4.948672324e-13
0.02578278465
5.653625505
1.640715115
1.280645978
0.0401214366
6.336538878
33.85577866
39.61429944
1.43923856e-19
0.1015665507
1.73056e-09
2.867295477
6.264700462
0
0.01837329504
3.873994729
0.02167504212
0.682751867
0.05461565645
0.01126029962
6.001025323
0.03467058855
0.001434796013
0.8356903712
0.004677734163
0.0006191845141
8.030883205
0.01663230905
0.003889821912
0
0
0.01130066436
0
3.704628774
0
3.71100913
2.43795523
0.04375534486
4.061457669
0
2.702317209
1.819856415
0.32559352
0
6.284809372
5.995122315
1.658934012
4.595859133
5.17505e-20
0.003348000697
0.01422226662
3.230528065e-17
0.001902016442
0
0
13.46604292
0.02923392395
6.709107211
0.005047857037
0
5.72578479
0.0002051219455
0.01512887569
6.788898488
0.04731454385
10.93290764
0.01472920834
0.02167330976
3.682697326
0
0.0004248511339
7.879660688
0.01617919759
4.532922964
