#################################### 
# Matrix Size= (25,25,400)
# Resol      = (1,1,4000)
# VoxelSize  = (25,25,0.1)
# nbVal      = 4000
#################################### 
2.0991136e-14
1.660114028e-14
1.745270531e-14
1.717237359e-14
1.573296199e-14
1.77236253e-14
2.086713888e-14
1.754794605e-14
1.765238158e-14
2.060002902e-14
2.039904115e-14
1.90435526e-14
1.733270702e-14
1.746222456e-14
1.551790023e-14
1.700707156e-14
1.858917418e-14
1.778971235e-14
2.007459347e-14
2.155911635e-14
2.351260324e-14
2.001059269e-14
1.868344293e-14
2.752340914e-14
1.67412022e-14
2.276559229e-14
2.10304987e-14
1.70278571e-14
1.733157824e-14
1.999045933e-14
2.078634102e-14
2.221696726e-14
2.262684077e-14
1.83333571e-14
2.145757691e-14
3.207228911e-14
2.302090806e-14
2.042414207e-14
1.75601748e-14
2.348748267e-14
2.405560117e-14
1.840169785e-14
2.204454118e-14
2.027355762e-14
1.653118138e-14
2.129657852e-14
2.419888624e-14
1.935069677e-14
1.684922084e-14
2.1167887e-14
2.086266955e-14
2.131548443e-14
2.041597345e-14
1.821101744e-14
2.55247146e-14
1.912661355e-14
1.850681797e-14
2.103979099e-14
1.856901199e-14
1.84641608e-14
1.627942421e-14
1.868147989e-14
2.161944467e-14
2.784372293e-14
2.011656315e-14
2.154902117e-14
2.075805051e-14
2.215045588e-14
1.999703186e-14
1.958329427e-14
1.934617081e-14
2.114261483e-14
1.842725135e-14
2.025602347e-14
2.773317142e-14
2.328878003e-14
2.410130052e-14
3.072502677e-14
2.484513785e-14
2.450598443e-14
3.297573195e-14
2.019065827e-14
2.03096409e-14
2.028063048e-14
1.754695276e-14
1.978505752e-14
2.181772277e-14
2.337647691e-14
2.062807442e-14
1.697970591e-14
1.813379354e-14
1.959896194e-14
1.691806395e-14
2.403307775e-14
2.398206486e-14
1.897403424e-14
2.035571111e-14
1.920497874e-14
2.188533324e-14
1.881032363e-14
1.911145506e-14
2.609908172e-14
2.642400853e-14
2.934153362e-14
2.017085821e-14
2.959188195e-14
2.130413061e-14
1.917201135e-14
1.747508373e-14
2.50109145e-14
2.182463797e-14
2.284881424e-14
2.024362927e-14
1.940319696e-14
2.65592363e-14
2.549382578e-14
1.96418644e-14
2.284248208e-14
1.980301714e-14
2.254593878e-14
2.038957848e-14
2.486399201e-14
2.624367593e-14
1.904532e-14
2.018942328e-14
2.489377406e-14
2.022060067e-14
2.837615405e-14
2.062969972e-14
2.414222468e-14
1.902713841e-14
1.949881774e-14
1.944356209e-14
2.104646812e-14
2.044929166e-14
2.619018013e-14
2.126233524e-14
1.818843816e-14
1.695859932e-14
1.97041531e-14
3.063221003e-14
3.159963249e-14
3.332948867e-14
2.312867155e-14
2.305919369e-14
2.068108397e-14
2.396664805e-14
2.54927663e-14
2.585735209e-14
2.957042709e-14
2.015912786e-14
2.465246411e-14
3.139221943e-14
2.018177874e-14
3.000773301e-14
1.920419935e-14
2.128426956e-14
1.988127012e-14
2.424292662e-14
1.850430054e-14
2.086453248e-14
2.485230329e-14
2.366892969e-14
2.009576527e-14
2.246007811e-14
2.478070961e-14
3.009591453e-14
2.636903947e-14
2.65197013e-14
2.01459596e-14
2.650800141e-14
2.270713244e-14
2.582856218e-14
2.341760444e-14
2.885994486e-14
2.371465415e-14
2.09303676e-14
2.615546238e-14
2.1942417e-14
2.661100296e-14
3.794494981e-14
2.677195401e-14
2.415095274e-14
2.290911203e-14
2.465318298e-14
2.621599404e-14
2.245201027e-14
2.075518631e-14
2.16551441e-14
2.611713051e-14
2.166965684e-14
2.239602865e-14
2.920286839e-14
2.092021895e-14
2.142355504e-14
2.818779835e-14
2.350838512e-14
2.278906827e-14
2.55965078e-14
2.438822264e-14
2.56230299e-14
1.984149536e-14
2.190027381e-14
2.689456749e-14
2.052098264e-14
1.958522964e-14
2.115434494e-14
2.410144516e-14
3.142556166e-14
2.154493307e-14
2.674442854e-14
1.860511415e-14
2.01196611e-14
2.085502612e-14
1.995816092e-14
1.846963723e-14
2.333523855e-14
2.749472095e-14
2.478881929e-14
2.031911718e-14
2.780211947e-14
2.594396962e-14
2.360115351e-14
2.525232641e-14
3.077535768e-14
2.153603714e-14
2.05716686e-14
1.986855369e-14
3.012405121e-14
1.946256931e-14
2.76569341e-14
2.264130667e-14
2.774996857e-14
2.12818565e-14
2.210540362e-14
2.192559432e-14
2.170914797e-14
1.960536184e-14
2.409044236e-14
2.599796368e-14
2.61036114e-14
2.337922852e-14
2.270312159e-14
1.98438178e-14
2.895747148e-14
2.033316523e-14
3.139044866e-14
2.197712776e-14
2.425839959e-14
2.302569439e-14
2.67893019e-14
2.928001989e-14
2.244702122e-14
2.64324386e-14
2.896952437e-14
2.275277312e-14
2.528680691e-14
1.922169676e-14
2.57561334e-14
2.347052786e-14
2.482075948e-14
2.518253892e-14
2.265566636e-14
2.399846808e-14
2.905718263e-14
2.366982097e-14
2.388425353e-14
2.267071792e-14
2.881912075e-14
2.119891719e-14
2.079237558e-14
2.458649084e-14
2.18874303e-14
2.342549066e-14
2.992058619e-14
2.383720584e-14
2.371630154e-14
2.920637465e-14
2.237172429e-14
2.69204748e-14
3.1462792e-14
2.273529481e-14
2.338233684e-14
2.772764813e-14
2.457478244e-14
2.674497216e-14
2.164978115e-14
2.829041715e-14
2.333623834e-14
3.00273085e-14
2.012336177e-14
2.871149581e-14
2.563651595e-14
2.533210487e-14
2.280101567e-14
2.453757607e-14
2.054445652e-14
2.926387433e-14
2.456961106e-14
2.440188402e-14
2.242111844e-14
2.794232092e-14
2.128702378e-14
3.683045543e-14
2.443321124e-14
2.310580786e-14
3.204420053e-14
2.184401396e-14
2.150958353e-14
2.760536806e-14
2.903369983e-14
2.27086248e-14
2.335246775e-14
2.418961029e-14
2.557502985e-14
2.35227735e-14
2.132230235e-14
2.261805258e-14
2.724513952e-14
2.575812138e-14
2.048686403e-14
2.566870776e-14
2.66125176e-14
2.658502743e-14
2.512208701e-14
2.703136324e-14
2.662008875e-14
2.460823735e-14
2.479085037e-14
2.413864492e-14
3.009962387e-14
2.575911897e-14
2.551993186e-14
3.145458196e-14
2.234603148e-14
2.483496749e-14
3.468497126e-14
2.320284859e-14
2.683316613e-14
3.03379095e-14
3.208476211e-14
3.316521034e-14
2.846231175e-14
2.503534231e-14
2.744779624e-14
4.382931149e-14
2.773766576e-14
2.455331796e-14
2.515814294e-14
2.656913124e-14
2.543640348e-14
2.714785733e-14
2.348376162e-14
2.284181108e-14
2.349278752e-14
4.014123536e-14
2.576058299e-14
2.3337771e-14
2.315979962e-14
2.281675642e-14
2.338575838e-14
3.65088196e-14
2.358170797e-14
2.788741075e-14
2.640624476e-14
2.101781772e-14
2.93131064e-14
2.284576711e-14
2.16591701e-14
2.46146147e-14
3.222006744e-14
2.766727217e-14
2.176902538e-14
1.902846074e-14
2.273638984e-14
2.57705857e-14
2.414751272e-14
2.038849451e-14
2.673841261e-14
2.132266624e-14
2.915901927e-14
2.331011143e-14
2.203345085e-14
2.920246353e-14
2.52411663e-14
2.246190052e-14
2.195717146e-14
2.510322573e-14
3.045358464e-14
2.434960704e-14
2.148539455e-14
2.308603484e-14
2.721464547e-14
2.598565661e-14
2.983272155e-14
2.414003379e-14
2.082121917e-14
2.062458417e-14
2.262809145e-14
2.538271545e-14
2.805319943e-14
2.90807084e-14
1.981155516e-14
2.433542553e-14
2.207016618e-14
2.941044004e-14
2.582252899e-14
2.410947541e-14
2.618336158e-14
2.770743283e-14
3.068912206e-14
2.369819815e-14
2.698417442e-14
2.262920687e-14
2.460240865e-14
2.504985619e-14
2.266293214e-14
2.622438134e-14
2.308367203e-14
3.264483877e-14
2.368104743e-14
2.597331582e-14
2.238594219e-14
2.074125385e-14
2.522910548e-14
2.428971276e-14
2.656735693e-14
3.420051265e-14
2.879802351e-14
2.525544653e-14
2.805274754e-14
3.136475317e-14
3.135583634e-14
2.443248309e-14
2.686613572e-14
2.558278055e-14
2.582529139e-14
2.445319177e-14
2.630105406e-14
2.260051104e-14
2.250329543e-14
2.514321022e-14
2.80451826e-14
2.361842526e-14
2.807099326e-14
2.092619974e-14
2.043048266e-14
2.057412683e-14
3.088951046e-14
2.788877597e-14
2.944546738e-14
2.366750009e-14
2.454026767e-14
3.077885799e-14
2.42473784e-14
2.150446199e-14
3.144944972e-14
2.371630743e-14
2.03738337e-14
2.699595204e-14
2.042389448e-14
2.596838621e-14
3.031823108e-14
2.883164018e-14
2.478866955e-14
3.08091755e-14
2.559299752e-14
2.24105986e-14
2.413102817e-14
2.761376252e-14
2.145945245e-14
3.285109254e-14
2.390786703e-14
2.536840667e-14
2.996224246e-14
2.277914748e-14
2.332548357e-14
2.212306984e-14
2.68739624e-14
2.691140985e-14
2.559305211e-14
2.094390945e-14
2.331423254e-14
2.144254984e-14
2.11914415e-14
2.414716783e-14
2.705658777e-14
2.470488063e-14
2.746729819e-14
3.451447612e-14
2.363250782e-14
2.346652825e-14
3.024477734e-14
2.572728072e-14
2.985857759e-14
2.440171602e-14
2.43215291e-14
2.249344611e-14
2.730612661e-14
2.302051614e-14
2.933634535e-14
2.480120986e-14
2.586107698e-14
2.436647552e-14
2.583747693e-14
2.706779281e-14
2.815871604e-14
2.499724127e-14
2.448497735e-14
2.330539709e-14
2.806365161e-14
2.873911555e-14
2.235995623e-14
2.312398579e-14
2.262263808e-14
2.265807352e-14
2.5374673e-14
2.555674944e-14
2.729501603e-14
2.186609489e-14
2.426388374e-14
2.75281193e-14
2.775739401e-14
2.812708013e-14
2.732027237e-14
2.620251709e-14
2.394311796e-14
2.384724222e-14
2.252373533e-14
2.655183337e-14
3.44075463e-14
2.925665623e-14
2.702819438e-14
3.248724456e-14
2.418219386e-14
2.693343249e-14
2.77665201e-14
3.128110411e-14
2.70775902e-14
2.592497933e-14
2.508368537e-14
2.870064363e-14
2.917681777e-14
2.775397217e-14
2.507831244e-14
3.30055559e-14
3.915376178e-14
2.87930559e-14
2.446387078e-14
2.792396826e-14
3.044157345e-14
2.420437875e-14
3.054911833e-14
2.390706023e-14
2.50083949e-14
2.417332719e-14
2.517973691e-14
2.355183344e-14
2.285756085e-14
2.241305527e-14
2.419692725e-14
2.746028074e-14
2.448865095e-14
2.192898851e-14
2.772025265e-14
2.949102852e-14
3.185828926e-14
3.43598012e-14
2.644233342e-14
2.628281363e-14
2.476798244e-14
2.337884696e-14
2.159188257e-14
2.191901229e-14
2.777352492e-14
2.315448931e-14
2.544248321e-14
2.122372962e-14
2.21248229e-14
2.756973897e-14
3.203770468e-14
2.51173165e-14
3.277247073e-14
3.178012018e-14
2.49154715e-14
3.18481344e-14
2.33958312e-14
3.783677609e-14
2.961785367e-14
2.579833297e-14
2.83541802e-14
3.796252294e-14
2.449410843e-14
2.302254098e-14
3.018960397e-14
2.449588319e-14
2.451409692e-14
3.568955067e-14
2.493528498e-14
2.358655457e-14
2.300023787e-14
3.013634855e-14
2.537798194e-14
2.708987348e-14
2.939282057e-14
2.880443465e-14
2.313992241e-14
3.001785609e-14
2.589690357e-14
2.185659465e-14
3.469046302e-14
2.597897837e-14
3.083989684e-14
2.972753417e-14
2.412246574e-14
2.697747113e-14
2.626917561e-14
2.438023319e-14
2.79053739e-14
2.959712569e-14
2.617734838e-14
2.542005481e-14
2.808405441e-14
3.070614653e-14
2.599579402e-14
2.848057798e-14
2.984831304e-14
2.335181238e-14
2.706324674e-14
2.75770812e-14
2.703220939e-14
3.142891538e-14
2.998868741e-14
3.317228018e-14
2.904798805e-14
2.426470391e-14
2.851811915e-14
2.530811044e-14
2.347113815e-14
3.474974843e-14
3.046317104e-14
2.902865612e-14
2.377710298e-14
2.73902126e-14
2.356083314e-14
2.216075476e-14
3.222357925e-14
4.220724695e-14
2.933800524e-14
3.085396996e-14
3.068042701e-14
2.893737102e-14
3.426723564e-14
2.929103314e-14
2.780603063e-14
2.930747014e-14
3.218903754e-14
2.393276476e-14
2.469016583e-14
2.324728989e-14
2.374020156e-14
2.837815487e-14
2.843406226e-14
2.381139419e-14
3.157937199e-14
2.756837813e-14
2.673056461e-14
3.087149029e-14
2.724497317e-14
3.066949779e-14
2.766010471e-14
2.673323641e-14
2.571139332e-14
3.70369963e-14
2.70092147e-14
2.664165024e-14
2.794799414e-14
2.580559206e-14
2.527693434e-14
4.026221535e-14
2.84856118e-14
2.514408693e-14
2.920553607e-14
2.470877862e-14
3.013463472e-14
2.583042697e-14
2.649317678e-14
2.333094453e-14
2.752729489e-14
2.460092635e-14
2.857696054e-14
3.134002433e-14
2.437832762e-14
2.915216517e-14
2.709865407e-14
2.875339339e-14
4.152004833e-14
2.842604124e-14
2.603126211e-14
2.551620873e-14
2.877246723e-14
3.384309377e-14
2.472054547e-14
2.846590008e-14
2.358508516e-14
2.552737367e-14
2.877304053e-14
2.592837772e-14
2.845337452e-14
2.720198212e-14
2.348423156e-14
2.65884495e-14
2.360045979e-14
2.420745235e-14
2.846387158e-14
3.68356476e-14
3.709202378e-14
2.808068262e-14
2.913104487e-14
2.544381764e-14
2.890677915e-14
2.592739295e-14
2.78306597e-14
2.912948077e-14
2.712331252e-14
2.944844011e-14
2.66736466e-14
2.784125318e-14
3.142222081e-14
2.29775319e-14
2.394088474e-14
3.430923329e-14
2.597845584e-14
2.861763492e-14
3.07219429e-14
2.263285096e-14
3.317441493e-14
2.664738131e-14
3.020637126e-14
2.58611479e-14
2.68561663e-14
2.712067669e-14
2.630265226e-14
2.866186575e-14
2.660282999e-14
2.854895326e-14
2.74445842e-14
2.63102075e-14
2.702533495e-14
2.389417822e-14
2.684851766e-14
2.6029815e-14
2.641295763e-14
2.621811919e-14
2.58386824e-14
2.509053117e-14
2.50316855e-14
2.486341468e-14
2.760927633e-14
2.522994063e-14
2.33320608e-14
3.158600575e-14
2.576671106e-14
3.020554747e-14
3.116808495e-14
2.969924896e-14
3.199229354e-14
2.867416838e-14
2.388024638e-14
2.928440534e-14
3.082093154e-14
3.580395976e-14
3.474220353e-14
2.839438763e-14
2.868458458e-14
2.484616231e-14
2.895857813e-14
2.926205752e-14
2.520948956e-14
2.734022032e-14
2.434943187e-14
3.294805043e-14
2.645193014e-14
2.473363672e-14
2.632028234e-14
2.423171438e-14
2.387225336e-14
2.502573999e-14
2.757430898e-14
2.671417552e-14
2.803514282e-14
2.623324725e-14
3.230329491e-14
3.069427026e-14
2.679829497e-14
2.446809272e-14
2.39521264e-14
2.968615977e-14
3.139828007e-14
2.657740483e-14
3.284557861e-14
3.519785711e-14
2.987270348e-14
2.78063402e-14
2.523831156e-14
3.13125555e-14
2.312645077e-14
3.370684731e-14
2.609344503e-14
2.746273969e-14
3.186051076e-14
2.729861841e-14
2.891719621e-14
2.895159572e-14
2.619720553e-14
2.981119279e-14
2.461221384e-14
2.841946797e-14
2.534632674e-14
2.90419216e-14
2.489005582e-14
2.99917417e-14
3.096903803e-14
2.96315461e-14
3.096518602e-14
3.141189437e-14
3.719819003e-14
2.625007271e-14
2.799445256e-14
2.655808938e-14
2.748986201e-14
2.8701128e-14
2.996485487e-14
2.49024596e-14
2.439081277e-14
2.732497517e-14
2.899925636e-14
2.817479574e-14
2.853000068e-14
2.722358288e-14
2.68816395e-14
2.613266006e-14
2.696628906e-14
2.552087008e-14
3.033502286e-14
2.440749259e-14
2.49169385e-14
2.379803363e-14
2.705363629e-14
2.485672882e-14
2.432729152e-14
3.00119832e-14
2.512950013e-14
2.790889321e-14
3.474693272e-14
2.57886933e-14
3.424463768e-14
3.209399842e-14
2.457530249e-14
2.717704355e-14
3.145036093e-14
2.88543054e-14
2.997315711e-14
3.055154616e-14
2.976382925e-14
2.872450531e-14
3.171913758e-14
2.414168854e-14
2.982916821e-14
3.122531147e-14
3.436318748e-14
2.927220954e-14
2.967739079e-14
2.811870999e-14
3.233286358e-14
2.503848217e-14
2.337348941e-14
2.784242901e-14
2.406471597e-14
2.744154161e-14
2.588639454e-14
2.889739532e-14
2.828333777e-14
2.571725925e-14
2.808294494e-14
2.783352407e-14
3.43220368e-14
2.605917824e-14
2.806130045e-14
2.791900664e-14
3.030581019e-14
2.884339179e-14
2.766367742e-14
2.612585037e-14
3.885026132e-14
3.049943785e-14
2.928295534e-14
2.633392293e-14
2.665194104e-14
2.441653154e-14
2.618042978e-14
2.742180703e-14
2.959423143e-14
2.69605454e-14
3.005329628e-14
3.072988361e-14
3.040509582e-14
2.542558313e-14
3.086617635e-14
2.745974164e-14
2.659444816e-14
2.945645456e-14
2.924339179e-14
2.554343071e-14
2.406698506e-14
2.634107607e-14
2.751249751e-14
2.967507628e-14
2.915962551e-14
2.843099308e-14
2.882806867e-14
2.910415265e-14
3.317359923e-14
3.189559799e-14
2.925295601e-14
2.915829374e-14
2.948268846e-14
2.661089335e-14
2.768015802e-14
2.751857037e-14
2.891384651e-14
3.236575561e-14
2.942412822e-14
3.131345633e-14
2.561043123e-14
2.751286995e-14
2.589301789e-14
2.7930104e-14
2.524952159e-14
3.023212024e-14
3.648924326e-14
2.617811851e-14
2.986166347e-14
3.286657638e-14
2.971192076e-14
2.800982686e-14
2.476829388e-14
2.805211178e-14
3.09027476e-14
2.909480848e-14
2.828702006e-14
2.953644803e-14
2.416649327e-14
2.587962747e-14
2.62204907e-14
2.741247871e-14
2.754405033e-14
2.997360251e-14
2.565394032e-14
2.751575932e-14
2.941470414e-14
2.680190328e-14
2.515986535e-14
2.92551668e-14
2.582447322e-14
3.234744755e-14
3.003927123e-14
3.458029578e-14
2.791458438e-14
2.835251859e-14
2.802720125e-14
2.422143305e-14
2.931303852e-14
2.873881952e-14
2.548223813e-14
2.481756953e-14
2.485292519e-14
2.531150081e-14
2.613580653e-14
2.655201032e-14
2.855554819e-14
2.656582327e-14
2.712216383e-14
2.753672909e-14
2.797716729e-14
2.690696691e-14
2.604507509e-14
2.848599873e-14
2.767421152e-14
2.839133195e-14
2.656858978e-14
2.83748466e-14
2.981262398e-14
3.941435139e-14
2.896983651e-14
3.068853283e-14
2.699044773e-14
2.942631614e-14
2.481244344e-14
3.237061952e-14
2.560238134e-14
2.863474285e-14
2.668394085e-14
2.555669659e-14
2.789169876e-14
2.69694463e-14
2.984318335e-14
2.635654538e-14
2.427931712e-14
3.159803403e-14
3.283111708e-14
2.646558169e-14
3.493617765e-14
3.289228307e-14
2.612783298e-14
2.9050312e-14
2.917497587e-14
2.636514344e-14
2.650239384e-14
2.945688668e-14
2.643938372e-14
2.487188726e-14
2.518788427e-14
2.537525931e-14
2.546481947e-14
2.648244639e-14
2.402670473e-14
3.118916783e-14
2.616447768e-14
2.621782609e-14
2.495995221e-14
2.710760623e-14
2.789772531e-14
3.267158796e-14
2.702962396e-14
2.599968406e-14
2.69822501e-14
3.301633799e-14
2.952267796e-14
3.088872637e-14
2.75633699e-14
2.589463531e-14
2.644090386e-14
2.567051085e-14
3.719888528e-14
3.29707521e-14
2.842595846e-14
2.526326783e-14
3.386861399e-14
2.995254398e-14
2.993345211e-14
2.836298632e-14
2.686497898e-14
2.989167753e-14
2.85110606e-14
2.889056885e-14
2.960976027e-14
2.87027018e-14
3.218258702e-14
4.262485917e-14
3.107784688e-14
3.146833838e-14
2.720427721e-14
2.618512542e-14
2.819190095e-14
2.853825137e-14
2.879719631e-14
2.786333263e-14
3.046824407e-14
3.427057429e-14
2.696489619e-14
3.514541291e-14
3.051809531e-14
2.970760809e-14
3.126969509e-14
3.221767404e-14
2.626288604e-14
3.147646548e-14
3.30009287e-14
2.944219519e-14
2.659128644e-14
2.691883763e-14
3.175703979e-14
4.617860643e-14
2.966059958e-14
4.133879865e-14
3.623448431e-14
3.699518868e-14
3.27693789e-14
3.662872945e-14
3.415881912e-14
3.47449934e-14
3.062540854e-14
3.365758357e-14
2.871567596e-14
2.930808119e-14
2.665294767e-14
2.778365229e-14
3.608259368e-14
2.912660305e-14
2.826148042e-14
2.786526746e-14
3.672014111e-14
2.831034762e-14
2.887184465e-14
2.7574425e-14
2.819147693e-14
3.675862847e-14
2.850008381e-14
3.080576177e-14
3.129641502e-14
2.998187937e-14
3.016425364e-14
2.900785932e-14
2.89778704e-14
2.667638271e-14
3.06783918e-14
3.098294859e-14
2.864598834e-14
3.497535957e-14
3.003906966e-14
2.879680229e-14
2.994445042e-14
2.859886605e-14
3.431646257e-14
2.913672663e-14
2.694978284e-14
2.727546996e-14
2.761615779e-14
2.761869089e-14
3.236982809e-14
2.713032722e-14
2.643856315e-14
2.736175739e-14
3.540939921e-14
3.342389045e-14
3.448412518e-14
3.093553363e-14
2.950777068e-14
3.811322581e-14
3.407242771e-14
4.699184067e-14
4.172008323e-14
3.600779326e-14
3.02651083e-14
2.729196011e-14
3.203740641e-14
3.731055278e-14
3.405971897e-14
2.931543503e-14
3.061649087e-14
3.079104841e-14
3.226107566e-14
4.260680024e-14
3.128421118e-14
3.046462157e-14
3.547561313e-14
2.877410375e-14
5.002278275e-14
2.750496886e-14
3.23126471e-14
2.80522487e-14
3.621121302e-14
3.188998205e-14
2.97377538e-14
3.169221227e-14
3.319241011e-14
3.029671917e-14
2.890657164e-14
2.999508081e-14
3.850542229e-14
3.224080761e-14
3.002188189e-14
3.895584212e-14
3.327474416e-14
3.351245216e-14
3.343449562e-14
3.885737789e-14
2.81601769e-14
3.714154191e-14
3.207672166e-14
2.875627601e-14
2.93095241e-14
3.285028269e-14
3.289661061e-14
3.363784037e-14
2.844588704e-14
2.817030272e-14
3.271306203e-14
2.800367214e-14
4.579040277e-14
3.29183501e-14
3.552027574e-14
3.291028128e-14
2.856027928e-14
3.280722037e-14
3.452939537e-14
3.034659237e-14
3.146012291e-14
2.960248098e-14
3.059585953e-14
3.300239096e-14
3.046430255e-14
3.537590152e-14
3.573705632e-14
2.821742799e-14
2.736649848e-14
2.93488229e-14
2.8235214e-14
2.87912648e-14
2.743319805e-14
2.82944168e-14
2.935284057e-14
2.89170082e-14
3.14252744e-14
3.142549977e-14
2.8163936e-14
2.631770775e-14
3.174079946e-14
3.503692801e-14
2.930750295e-14
2.977789792e-14
2.87311502e-14
2.866804082e-14
2.907938848e-14
3.356537143e-14
3.193887945e-14
3.091824414e-14
3.512791018e-14
2.986032373e-14
4.001623546e-14
2.967410195e-14
3.660625938e-14
2.841567565e-14
3.00395432e-14
4.154376003e-14
2.873062644e-14
4.830227058e-14
2.930820849e-14
2.802028456e-14
2.945915347e-14
2.817074257e-14
3.100990404e-14
2.949645151e-14
2.937821154e-14
3.470497078e-14
3.688582744e-14
3.373809682e-14
3.522578725e-14
3.379542484e-14
2.817636546e-14
2.670054363e-14
3.041713046e-14
3.117013426e-14
2.822840451e-14
3.879278054e-14
3.311710698e-14
3.165831574e-14
2.99086089e-14
3.231628741e-14
2.842692403e-14
2.958799752e-14
2.859259075e-14
3.097480178e-14
4.080533879e-14
3.075047342e-14
3.498645438e-14
3.133008046e-14
3.205228644e-14
3.049129384e-14
3.267924529e-14
3.537966365e-14
3.152873167e-14
4.200741932e-14
3.9207728e-14
3.880754078e-14
3.001808858e-14
3.820810931e-14
3.067509617e-14
3.673593553e-14
3.687873411e-14
3.10402596e-14
3.309991553e-14
3.119665554e-14
2.900703618e-14
2.836840156e-14
2.911685427e-14
3.180864827e-14
3.232743412e-14
3.419864924e-14
3.113513005e-14
3.309949565e-14
3.243236494e-14
3.450485778e-14
3.131291625e-14
2.920859131e-14
3.689753929e-14
2.862975608e-14
3.154102975e-14
3.169616791e-14
3.979762736e-14
3.113908442e-14
3.062879418e-14
2.958586501e-14
3.081529395e-14
3.408167716e-14
2.939455337e-14
2.876422857e-14
3.131862044e-14
3.424417392e-14
3.451697421e-14
3.319706549e-14
3.164418104e-14
3.380421516e-14
3.803879684e-14
2.948179418e-14
2.952741221e-14
3.522286242e-14
3.215655211e-14
3.715781171e-14
3.037127164e-14
4.074035453e-14
3.884275439e-14
3.452891222e-14
3.227698806e-14
3.026714718e-14
2.897900976e-14
3.004444109e-14
3.130427599e-14
3.026373966e-14
2.951178294e-14
3.296416604e-14
3.352498032e-14
2.781109268e-14
2.954423137e-14
3.492833911e-14
3.13798842e-14
3.359697371e-14
3.628044529e-14
3.07705419e-14
3.93829117e-14
3.577556653e-14
3.398828575e-14
3.388181354e-14
3.127126099e-14
3.116549782e-14
3.0799166e-14
3.429973406e-14
3.346305293e-14
3.533881344e-14
4.488206573e-14
3.003635618e-14
3.212414761e-14
3.354208981e-14
3.865504656e-14
3.317928494e-14
3.542535197e-14
4.430804338e-14
3.208811619e-14
3.14149499e-14
3.347512955e-14
3.03989008e-14
3.057103913e-14
3.608003756e-14
3.965625051e-14
3.223630175e-14
2.947462509e-14
3.025320237e-14
3.751029722e-14
3.160838442e-14
3.529540869e-14
4.528931568e-14
3.290443227e-14
3.291063711e-14
3.087286095e-14
3.512368079e-14
3.45166561e-14
4.111192379e-14
3.193273544e-14
2.897316613e-14
3.234137308e-14
3.805754589e-14
3.210989346e-14
3.682952015e-14
3.513738697e-14
3.085160699e-14
3.127788397e-14
3.306432136e-14
2.988019913e-14
3.215871248e-14
3.871764275e-14
3.373624338e-14
3.577848672e-14
3.185383713e-14
3.062337092e-14
4.309019363e-14
3.084259885e-14
3.231086434e-14
3.514424144e-14
3.18681545e-14
3.384880168e-14
3.650684495e-14
3.382743513e-14
3.172277221e-14
3.445475573e-14
3.149837757e-14
3.723001627e-14
2.995614898e-14
3.255738666e-14
4.407213737e-14
2.853449608e-14
3.318049166e-14
3.280198186e-14
3.581470047e-14
4.215279798e-14
3.434103888e-14
3.690701047e-14
3.321450856e-14
3.724280373e-14
3.731448085e-14
3.376579153e-14
3.519388155e-14
3.315151244e-14
3.515872063e-14
3.171874024e-14
3.533401206e-14
3.81461561e-14
3.272696805e-14
3.08024746e-14
3.285612557e-14
3.756487748e-14
3.152619187e-14
3.649364179e-14
3.627244319e-14
3.499692578e-14
3.577191012e-14
3.238572829e-14
3.321897898e-14
3.141742752e-14
3.392124882e-14
3.716819436e-14
3.357262258e-14
3.067336606e-14
3.811672752e-14
3.592716366e-14
3.33242352e-14
3.399619708e-14
3.25733025e-14
3.028195247e-14
3.259858108e-14
3.766159166e-14
3.155467624e-14
3.509724245e-14
3.178482231e-14
3.371272606e-14
3.121693002e-14
3.06858263e-14
3.323683498e-14
3.546735778e-14
3.113146482e-14
3.647723601e-14
4.323609243e-14
3.090486191e-14
3.407448917e-14
3.182041189e-14
3.392098821e-14
3.65369486e-14
3.455076501e-14
3.260711939e-14
3.490723169e-14
3.157230308e-14
3.48054896e-14
3.746743814e-14
3.21390256e-14
4.629458021e-14
4.400379754e-14
3.609432404e-14
3.198106251e-14
3.109673294e-14
3.236471694e-14
3.267980622e-14
3.354023472e-14
3.12815763e-14
3.484420665e-14
3.306716638e-14
3.632952676e-14
3.708169889e-14
3.396283527e-14
3.160696805e-14
3.425734947e-14
3.543101045e-14
3.355784905e-14
4.24821976e-14
3.479174063e-14
3.564892046e-14
3.085948941e-14
3.82672766e-14
3.148708511e-14
3.532774102e-14
3.33315891e-14
3.108417555e-14
3.304320196e-14
3.171757178e-14
3.110928238e-14
3.155339869e-14
3.425406283e-14
3.206740846e-14
3.284971288e-14
3.646844976e-14
3.4408131e-14
3.540207972e-14
3.369173757e-14
3.133202299e-14
3.439779099e-14
3.222966296e-14
3.688387603e-14
3.740918331e-14
3.952900771e-14
3.591114076e-14
3.686630583e-14
3.165899734e-14
3.341590177e-14
3.883756377e-14
3.384061076e-14
3.57038863e-14
3.463066893e-14
3.571844494e-14
3.538059537e-14
3.47615834e-14
3.992877788e-14
4.052903217e-14
4.159434439e-14
3.151207411e-14
3.031174912e-14
3.408719953e-14
3.334747626e-14
4.049303234e-14
3.562756206e-14
3.4411767e-14
3.358837416e-14
3.952903385e-14
3.458246421e-14
3.7301972e-14
4.113627695e-14
3.498437928e-14
3.826870503e-14
3.605656489e-14
3.776652793e-14
3.808593641e-14
3.756523892e-14
3.61288708e-14
3.570738741e-14
3.933881954e-14
4.137933717e-14
3.843627303e-14
4.155823394e-14
3.967839541e-14
3.540582954e-14
3.295327612e-14
3.265244396e-14
3.648014805e-14
3.324142357e-14
3.344063678e-14
3.770401093e-14
3.685298877e-14
4.096238182e-14
3.416993154e-14
4.657191847e-14
3.822572522e-14
3.345405735e-14
3.925345996e-14
3.521396659e-14
3.377552175e-14
3.825659441e-14
3.842119468e-14
3.833422139e-14
3.770768338e-14
3.591075807e-14
4.028244757e-14
3.612447153e-14
3.658403364e-14
4.080916521e-14
4.1958136e-14
3.625008921e-14
3.788496307e-14
3.466006201e-14
3.702644656e-14
3.158777714e-14
3.667064007e-14
3.476238889e-14
4.020479442e-14
3.802349918e-14
3.367063626e-14
3.684138436e-14
3.632850554e-14
3.354714187e-14
3.564217957e-14
3.356314395e-14
3.383983681e-14
3.654645243e-14
3.594883183e-14
3.595447698e-14
4.101372004e-14
3.930505034e-14
4.204924445e-14
3.887331387e-14
3.853260764e-14
3.886579163e-14
4.010990896e-14
3.292721653e-14
3.380730428e-14
3.578104747e-14
3.385659347e-14
3.258939867e-14
3.854303092e-14
3.678249231e-14
3.709658988e-14
3.762751859e-14
3.885782443e-14
3.725442936e-14
3.650674699e-14
3.776070388e-14
3.778500601e-14
3.59299561e-14
3.486383385e-14
3.514768934e-14
3.825882703e-14
3.579957533e-14
3.438013306e-14
3.707194753e-14
3.738233032e-14
4.217113093e-14
3.594998036e-14
3.329970314e-14
3.501746172e-14
3.940782742e-14
3.493418636e-14
3.770625526e-14
3.906654229e-14
3.630087092e-14
3.905931464e-14
3.47660259e-14
3.402088377e-14
3.782729026e-14
3.785124951e-14
3.757385761e-14
3.599542086e-14
4.388071533e-14
3.855282205e-14
3.683298861e-14
3.781596452e-14
3.764344391e-14
4.02773862e-14
3.624120694e-14
3.715613411e-14
3.629194801e-14
4.063572172e-14
3.738085925e-14
3.86417441e-14
3.913974015e-14
3.620478092e-14
3.493774055e-14
3.340802547e-14
3.972768399e-14
3.66141033e-14
3.604555503e-14
3.459277843e-14
4.038970333e-14
3.931205748e-14
3.605354034e-14
3.601076453e-14
3.663496176e-14
3.600756183e-14
4.525262317e-14
4.395533038e-14
3.52814794e-14
3.650940579e-14
3.689023721e-14
3.50114269e-14
3.815024004e-14
4.145506845e-14
3.539925889e-14
3.638902568e-14
3.886047105e-14
4.030936368e-14
4.486041873e-14
3.786190056e-14
4.604262784e-14
3.774240425e-14
4.037362873e-14
3.67491131e-14
3.883809325e-14
3.961577822e-14
4.262224931e-14
3.98142003e-14
3.904272179e-14
3.998830997e-14
3.854265652e-14
3.787783314e-14
3.685789752e-14
3.696801231e-14
3.630415385e-14
3.797398481e-14
3.678643059e-14
3.791057126e-14
3.527319338e-14
3.625951341e-14
3.908574174e-14
3.865085871e-14
3.492634168e-14
3.602982968e-14
3.737609823e-14
3.819028659e-14
4.20757524e-14
3.533815377e-14
3.800271767e-14
3.692412797e-14
3.533932868e-14
3.814733782e-14
3.897186089e-14
3.803786551e-14
3.583055116e-14
3.987180447e-14
4.074310188e-14
3.942370548e-14
3.734362838e-14
4.392296473e-14
3.776432015e-14
3.935444531e-14
3.601807782e-14
3.578978696e-14
4.171637484e-14
4.817422896e-14
3.789945447e-14
4.363848679e-14
3.825974399e-14
4.147078777e-14
4.149914823e-14
4.105380129e-14
3.807894491e-14
3.823538152e-14
4.277859533e-14
3.710837363e-14
3.924105283e-14
3.811102718e-14
3.764557993e-14
4.328929231e-14
3.689564464e-14
3.897877459e-14
4.09524633e-14
3.706518699e-14
3.801211034e-14
4.469745307e-14
4.178278801e-14
4.34194873e-14
4.323633347e-14
4.122070445e-14
4.243360281e-14
4.260472535e-14
3.938949479e-14
4.292986754e-14
4.162496925e-14
3.684918615e-14
3.883410399e-14
4.231742575e-14
3.84119835e-14
4.686087738e-14
4.41663182e-14
4.424695509e-14
4.20694149e-14
4.668879014e-14
4.04689293e-14
3.876453777e-14
3.819631481e-14
3.734527154e-14
4.131240267e-14
4.591550689e-14
4.321015183e-14
4.730267275e-14
4.357937828e-14
4.897812818e-14
4.017294233e-14
4.248604805e-14
3.783268444e-14
4.161077086e-14
3.89375843e-14
4.015158492e-14
4.196840816e-14
5.058018632e-14
4.673596318e-14
3.936706836e-14
3.886248888e-14
3.873410734e-14
3.884403042e-14
4.654936447e-14
4.754261743e-14
4.095075226e-14
4.700268029e-14
3.920205682e-14
4.658593968e-14
4.401525979e-14
4.098088288e-14
4.167540859e-14
4.93308743e-14
4.49752681e-14
4.298744055e-14
4.392290214e-14
4.514004234e-14
4.365830415e-14
4.224710471e-14
4.458255331e-14
4.174013116e-14
4.529302641e-14
4.289362589e-14
4.305170621e-14
4.738022201e-14
4.454670591e-14
4.409237462e-14
4.286059533e-14
3.879233504e-14
3.906854591e-14
4.304193302e-14
4.045810112e-14
4.262713065e-14
4.483451706e-14
4.313255763e-14
4.569722434e-14
4.447281765e-14
4.153206424e-14
4.819472478e-14
4.370845688e-14
4.622242429e-14
4.058962661e-14
4.044614668e-14
5.227600827e-14
4.149235775e-14
4.165094553e-14
4.062021286e-14
4.323418352e-14
4.177795939e-14
4.728018764e-14
4.381427207e-14
3.887235637e-14
4.005152506e-14
4.559922618e-14
4.194566873e-14
4.379503166e-14
4.324636476e-14
4.343010048e-14
4.62210365e-14
4.209818553e-14
4.039018567e-14
4.118306485e-14
4.34087585e-14
5.371233127e-14
4.678616314e-14
4.245697052e-14
4.220596419e-14
4.360222219e-14
4.10200354e-14
4.415755184e-14
4.223422937e-14
4.580253086e-14
4.9235805e-14
4.282312327e-14
4.329544908e-14
4.718934352e-14
4.295941402e-14
4.394218726e-14
4.231553859e-14
4.388840236e-14
4.373220053e-14
4.666402297e-14
4.313797416e-14
4.268118001e-14
4.211791296e-14
4.863845254e-14
4.35529036e-14
4.440389756e-14
4.687320388e-14
4.642549084e-14
4.737923806e-14
4.568882171e-14
4.771381194e-14
4.709358395e-14
4.362582115e-14
4.255511874e-14
4.405585235e-14
4.732175635e-14
4.755643745e-14
4.863613783e-14
4.267795238e-14
4.563270617e-14
4.262735348e-14
4.829808609e-14
4.659005845e-14
4.579333135e-14
4.518542694e-14
4.421013153e-14
4.745054159e-14
4.686339563e-14
4.680774372e-14
4.585199618e-14
4.57688656e-14
4.640355817e-14
4.717316255e-14
4.715215797e-14
4.682980569e-14
6.473164268e-14
4.837933513e-14
4.46916403e-14
4.573893531e-14
4.676378002e-14
4.609958747e-14
5.127637138e-14
4.623321606e-14
4.748326037e-14
4.827449554e-14
4.612561168e-14
4.689429824e-14
4.822473034e-14
4.601983475e-14
4.564891499e-14
4.674009218e-14
4.500053505e-14
4.615861519e-14
4.528312034e-14
4.465899867e-14
4.773672645e-14
4.823145729e-14
4.797563075e-14
4.704037372e-14
4.956389867e-14
4.898992792e-14
4.745886817e-14
4.766022613e-14
4.723297706e-14
4.835192617e-14
4.820487065e-14
5.225521078e-14
4.686120488e-14
4.668812104e-14
4.701438781e-14
4.822984797e-14
4.674012857e-14
5.252729892e-14
5.018270574e-14
5.096589199e-14
5.569081953e-14
5.10125933e-14
4.992931037e-14
4.911957603e-14
5.078908651e-14
4.909573478e-14
5.830389171e-14
5.072221625e-14
5.062319921e-14
4.785113528e-14
4.861554488e-14
4.750585328e-14
4.807306365e-14
4.98359961e-14
5.060137699e-14
5.6445031e-14
5.010927014e-14
4.85032682e-14
5.284065314e-14
5.13685029e-14
4.916798377e-14
5.247243706e-14
4.937577527e-14
5.449827915e-14
5.091572915e-14
4.993718511e-14
5.129456199e-14
5.257195769e-14
5.608739692e-14
5.155983696e-14
4.900657644e-14
5.251035116e-14
4.936799808e-14
5.27848274e-14
5.127862273e-14
5.156673131e-14
5.87451726e-14
5.647521727e-14
5.655677327e-14
5.099989597e-14
5.453497887e-14
4.957679675e-14
5.645593418e-14
5.194238379e-14
5.29025403e-14
5.229331733e-14
5.201624492e-14
5.600210151e-14
5.181841887e-14
5.161813197e-14
5.412241338e-14
5.309643736e-14
5.26704694e-14
5.48612847e-14
5.599837672e-14
6.100980488e-14
5.468397569e-14
5.689138594e-14
5.419317739e-14
5.25320003e-14
5.283268654e-14
5.244964991e-14
5.279305691e-14
5.435600154e-14
5.462938801e-14
5.504715849e-14
5.388373947e-14
6.030039861e-14
5.984850974e-14
5.371924661e-14
6.175616345e-14
5.583797934e-14
5.670839658e-14
5.414109138e-14
5.615997205e-14
5.470243336e-14
5.433819073e-14
5.629854819e-14
5.883628317e-14
5.819784576e-14
5.357199821e-14
5.473122685e-14
5.465229596e-14
6.699332612e-14
5.68109375e-14
5.728733208e-14
5.588989825e-14
5.559081642e-14
5.85139548e-14
6.096060992e-14
6.003995416e-14
6.200410574e-14
5.920745823e-14
5.600636898e-14
5.686355494e-14
5.810372384e-14
5.65504236e-14
5.64338112e-14
5.993311918e-14
5.781659735e-14
5.824335938e-14
5.689814024e-14
5.692435594e-14
5.904016106e-14
5.856034021e-14
5.636176461e-14
6.005159868e-14
6.176048344e-14
5.778098982e-14
6.16251421e-14
6.431311568e-14
6.635391962e-14
7.288898294e-14
5.835626425e-14
6.439473793e-14
5.968521188e-14
5.9558189e-14
6.022362553e-14
6.228639995e-14
6.17737322e-14
5.79258822e-14
5.901459691e-14
6.105299435e-14
5.960336927e-14
6.484249827e-14
6.033593801e-14
7.46361633e-14
5.998737353e-14
6.042831554e-14
5.962794696e-14
6.100675212e-14
5.987916672e-14
6.180132714e-14
6.065304828e-14
5.934548503e-14
6.213908694e-14
7.03900169e-14
5.801620338e-14
6.156689119e-14
6.701603376e-14
6.341139316e-14
6.114445058e-14
6.749367635e-14
6.258699929e-14
7.06256891e-14
6.349707252e-14
6.568193415e-14
6.918575418e-14
6.446183232e-14
6.625889368e-14
6.51783093e-14
6.219183902e-14
6.631674879e-14
6.660408018e-14
6.439096796e-14
6.850204391e-14
6.955505551e-14
6.978144092e-14
6.604559147e-14
7.252189632e-14
6.490265509e-14
6.609047997e-14
6.814951794e-14
6.821919585e-14
6.971775613e-14
6.672913811e-14
7.712850954e-14
6.755866088e-14
6.74435193e-14
6.802982329e-14
6.74496068e-14
7.324985618e-14
6.980970219e-14
7.052091346e-14
6.960972847e-14
7.417476378e-14
7.399859716e-14
6.836496791e-14
6.817398922e-14
7.009365624e-14
7.245277845e-14
7.130085433e-14
7.092419505e-14
7.126192878e-14
6.875100299e-14
7.21241993e-14
7.062892007e-14
6.961947008e-14
7.076757967e-14
7.374725743e-14
7.766439277e-14
7.787603799e-14
7.199545453e-14
7.100310555e-14
7.350895441e-14
7.092309071e-14
7.734013466e-14
8.668511753e-14
7.333791592e-14
7.414445838e-14
7.185112324e-14
7.569269496e-14
7.479267404e-14
7.718902334e-14
7.6461015e-14
7.426153057e-14
8.315080296e-14
7.669843314e-14
7.557251368e-14
7.870037396e-14
8.033799547e-14
7.642835622e-14
7.692137421e-14
8.268975796e-14
7.952861241e-14
8.160881866e-14
7.914837157e-14
8.290057386e-14
8.050331178e-14
8.157344066e-14
8.18374214e-14
7.969831512e-14
9.370189745e-14
7.858786076e-14
8.352261652e-14
8.641474991e-14
8.753772226e-14
8.25873089e-14
8.415654668e-14
8.261314168e-14
8.331834479e-14
8.347888372e-14
8.322689843e-14
8.644129781e-14
8.103742737e-14
8.661206977e-14
8.957747749e-14
9.043511636e-14
8.617458822e-14
8.452437476e-14
8.551691663e-14
9.066681119e-14
9.233008851e-14
8.866178072e-14
9.154397804e-14
8.916928284e-14
8.704362988e-14
9.096564922e-14
8.897341985e-14
8.592851987e-14
8.610951361e-14
9.306426812e-14
9.107656579e-14
9.307470608e-14
9.680360159e-14
9.603728682e-14
9.268329951e-14
9.324677521e-14
9.40237909e-14
9.789865394e-14
9.792361031e-14
9.567191709e-14
9.595512505e-14
9.205539524e-14
1.008471373e-13
9.423667597e-14
1.029909179e-13
9.756583506e-14
9.784187169e-14
1.013189873e-13
1.035228462e-13
9.777957586e-14
1.072808854e-13
1.049980572e-13
9.96054261e-14
1.001830792e-13
1.068721707e-13
1.078842479e-13
1.045942838e-13
1.100191582e-13
1.067572201e-13
1.019675024e-13
1.091515674e-13
1.047231188e-13
1.095088774e-13
1.046474822e-13
1.101834426e-13
1.092409759e-13
1.144925473e-13
1.100391989e-13
1.10723107e-13
1.149958548e-13
1.141348185e-13
1.181082871e-13
1.134872806e-13
1.158654561e-13
1.160955545e-13
1.172964369e-13
1.155665989e-13
1.218694158e-13
1.18852056e-13
1.16815737e-13
1.197968395e-13
1.202199465e-13
1.210173518e-13
1.24158807e-13
1.235690855e-13
1.2422496e-13
1.346578692e-13
1.242219978e-13
1.259229964e-13
1.22580936e-13
1.257067754e-13
1.304249027e-13
1.260542242e-13
1.34366276e-13
1.395227608e-13
1.334012716e-13
1.285556719e-13
1.356860365e-13
1.354802739e-13
1.349752223e-13
1.419552321e-13
1.370341941e-13
1.368122454e-13
1.38668248e-13
1.468106236e-13
1.402025622e-13
1.443700731e-13
1.43342202e-13
1.417276232e-13
1.48933018e-13
1.463996073e-13
1.477850755e-13
1.476324146e-13
1.501833504e-13
1.529104685e-13
1.560803133e-13
1.507066523e-13
1.50629763e-13
1.522506971e-13
1.567521774e-13
1.576404117e-13
1.586612539e-13
1.627073088e-13
1.610507476e-13
1.63102482e-13
1.671446216e-13
1.602605603e-13
1.714245256e-13
1.64720019e-13
1.707476946e-13
1.687482005e-13
1.752833536e-13
1.748472473e-13
1.736981429e-13
1.741070481e-13
1.781633088e-13
1.808305888e-13
1.790731017e-13
1.836443192e-13
1.827200901e-13
1.868849721e-13
1.831263135e-13
1.918654463e-13
1.907756048e-13
1.870906834e-13
1.923520732e-13
1.961477658e-13
2.002759257e-13
2.003982518e-13
1.988424227e-13
2.015579837e-13
2.065072628e-13
2.079466847e-13
2.054445326e-13
2.082374343e-13
2.129758951e-13
2.129827648e-13
2.221590923e-13
2.140433953e-13
2.152413876e-13
2.199116781e-13
2.20373814e-13
2.237760992e-13
2.203837381e-13
2.279269903e-13
2.244932253e-13
2.312530927e-13
2.321457184e-13
2.293269423e-13
2.384136372e-13
2.378645207e-13
2.424415299e-13
2.398768747e-13
2.461955766e-13
2.387589733e-13
2.446637109e-13
2.385716792e-13
2.500999453e-13
2.443126394e-13
2.467196737e-13
2.510936052e-13
2.488367404e-13
2.466364718e-13
2.50472778e-13
2.501813702e-13
2.487952779e-13
2.535339845e-13
2.576615378e-13
2.589675351e-13
2.586852903e-13
2.600993159e-13
2.559957265e-13
2.625757822e-13
2.534647236e-13
2.610642821e-13
2.595513915e-13
2.582214742e-13
2.567917835e-13
2.58335417e-13
2.523749906e-13
2.542020826e-13
2.585593546e-13
2.54567141e-13
2.566574884e-13
2.492678872e-13
2.444367472e-13
2.55193135e-13
2.502753798e-13
2.450567776e-13
2.437722117e-13
2.467227038e-13
2.435033955e-13
2.425009966e-13
2.466415729e-13
2.377323417e-13
2.382188354e-13
2.294294077e-13
2.287666332e-13
2.278562338e-13
2.296131217e-13
2.246482624e-13
2.228919083e-13
2.212779699e-13
2.11912403e-13
2.143196686e-13
2.055225111e-13
2.056044214e-13
2.036298477e-13
2.011304958e-13
1.943443541e-13
1.969544404e-13
1.876317917e-13
1.876143459e-13
1.801814471e-13
1.837007006e-13
1.731662827e-13
1.740717945e-13
1.682571969e-13
1.649977856e-13
1.594724666e-13
1.555492664e-13
1.500260065e-13
1.498111101e-13
1.484078058e-13
1.418519115e-13
1.365699677e-13
1.314800762e-13
1.278041926e-13
1.270824457e-13
1.193131561e-13
1.197544218e-13
1.138090538e-13
1.126779131e-13
1.084111126e-13
1.018014817e-13
9.880482109e-14
9.761524815e-14
9.120766945e-14
8.991737108e-14
8.758114668e-14
8.249013172e-14
8.083605877e-14
7.734253346e-14
7.310623632e-14
6.9334782e-14
6.725928144e-14
6.267281736e-14
6.095384378e-14
5.931722088e-14
5.490675065e-14
5.144942436e-14
4.844533401e-14
4.806846972e-14
4.286043502e-14
4.298820874e-14
4.061962798e-14
3.984223815e-14
3.610177728e-14
3.432141622e-14
3.169158758e-14
2.894698206e-14
2.753324615e-14
2.759848767e-14
2.433243776e-14
2.385943554e-14
2.225208371e-14
2.095376542e-14
1.989514569e-14
1.819956022e-14
1.85155772e-14
1.667815834e-14
1.539467331e-14
1.505393425e-14
1.335123525e-14
1.277386046e-14
1.154545021e-14
1.101257717e-14
1.160173783e-14
9.485885574e-15
8.862303814e-15
8.803298865e-15
8.231416218e-15
7.505110945e-15
7.553813365e-15
5.536765654e-15
5.486868948e-15
5.235495362e-15
5.423741504e-15
4.655744307e-15
3.944739003e-15
3.528144985e-15
3.038182765e-15
3.066000857e-15
2.72984611e-15
2.238338496e-15
2.524207676e-15
2.154198349e-15
1.79522538e-15
1.594804702e-15
1.856306787e-15
2.770230252e-15
1.600657341e-15
1.104182124e-15
1.276866653e-15
1.463169459e-15
7.516887602e-16
1.907295136e-15
1.404577133e-15
1.02784164e-15
9.501662041e-16
7.86838257e-16
8.277225703e-16
4.167249196e-16
6.074429354e-16
7.39462391e-16
4.267052416e-16
3.625565848e-16
3.526139209e-16
4.699989603e-16
2.714032316e-16
2.371710585e-16
2.422027528e-16
1.593328917e-16
1.637832139e-16
2.402226182e-16
3.631182742e-16
6.175329735e-16
2.956741506e-15
5.073164205e-16
3.265181938e-16
2.064019651e-16
1.812320304e-16
3.761227311e-16
3.190384441e-16
2.750078079e-16
2.025247711e-15
9.722236031e-17
1.18844519e-16
3.451335679e-16
5.392555489e-16
5.040428918e-16
1.660053327e-16
1.351841893e-16
1.589205751e-16
2.074245168e-16
2.931579339e-16
4.982888768e-16
1.368911354e-16
2.513794779e-16
1.729290169e-15
2.455691771e-16
8.667242009e-17
3.321674395e-16
8.332127072e-16
1.150148307e-15
5.988700961e-16
1.285798972e-16
7.546122306e-17
8.32209343e-17
1.283017806e-16
1.410680846e-16
1.373672131e-16
6.118392051e-16
1.444524305e-16
2.028882953e-16
4.789334084e-16
3.12779822e-16
1.232816154e-16
6.192616512e-16
8.198372146e-17
1.505247535e-16
2.580643361e-16
1.800383985e-16
8.709912579e-17
1.571802639e-16
9.050359411e-17
1.314018758e-16
4.094896422e-16
5.082782356e-16
1.410046523e-16
1.16143011e-16
2.87828807e-16
1.677783201e-16
2.580496223e-16
4.352712614e-16
6.318732198e-17
6.503524595e-17
1.165574181e-16
3.378519027e-17
5.231163139e-16
4.105838917e-16
3.808158704e-16
5.531828109e-16
1.396372524e-15
1.009097604e-15
6.882316773e-16
1.080808936e-16
2.332056448e-16
1.930366202e-16
1.212234771e-16
2.348554402e-16
1.383859783e-16
1.676664395e-16
3.145243393e-16
3.185063285e-16
2.279021337e-16
8.083108867e-16
1.412153047e-16
2.158506916e-16
7.719566956e-17
1.672573811e-16
1.313273828e-16
5.540599282e-17
8.915924078e-17
1.356076998e-16
9.986494005e-17
7.830866846e-17
1.34947498e-16
1.445009078e-16
6.635976651e-17
4.84913894e-16
1.717247593e-16
1.733218968e-16
1.295181063e-16
5.157762664e-16
2.197401066e-16
4.224407824e-16
3.290578335e-16
8.426189691e-17
4.858772133e-16
1.793777864e-16
1.377955794e-15
4.268300064e-16
9.128473147e-16
1.390812218e-16
3.979743442e-16
2.183348896e-16
1.687310212e-16
6.03945441e-16
2.449270772e-16
5.467970866e-16
5.955996689e-16
2.238549368e-16
2.001680704e-16
1.064810339e-16
1.884796522e-16
8.050377236e-17
2.176354416e-16
1.050003298e-16
4.475947852e-16
8.937812553e-17
2.021150297e-16
1.01890029e-15
1.710548832e-16
1.161218979e-16
1.978140333e-16
1.327198388e-16
2.37427463e-16
1.935217545e-16
3.04942686e-16
3.646700222e-16
1.465209626e-16
1.967644594e-16
1.539618504e-16
1.647281174e-16
1.612623679e-16
1.458017676e-16
1.567267482e-16
5.80992968e-17
6.431999462e-16
3.757210876e-16
1.482780325e-16
5.864682687e-16
1.368291356e-16
2.107788172e-16
1.459854636e-16
5.95601079e-16
2.984796262e-16
3.116846477e-16
8.429488399e-17
2.201057787e-16
1.292708415e-15
2.472890354e-16
2.48151501e-16
1.225563933e-16
2.305693161e-16
1.322732969e-16
1.452205678e-16
1.112820406e-16
7.94048772e-16
1.98295667e-15
5.141789237e-16
3.811129882e-16
1.06691519e-16
2.22007795e-16
1.162679182e-16
1.257456588e-16
1.775002798e-16
3.282540006e-16
1.385412581e-16
3.156637553e-16
2.41232569e-16
2.273752885e-16
2.193121091e-16
1.661035122e-16
1.833670389e-16
2.96205155e-16
2.195355669e-16
4.610932115e-16
1.282666823e-16
1.924294035e-16
3.191519005e-16
7.589132629e-16
2.816173688e-16
1.400372763e-16
2.260975908e-16
3.47284225e-16
1.240301089e-16
3.204634544e-16
6.932297949e-16
1.422799086e-16
1.052549161e-16
9.245853738e-17
2.800476156e-16
2.429663954e-16
2.055809117e-16
6.503754981e-17
1.083058823e-16
1.624227538e-16
2.475410776e-16
5.102879385e-16
1.560638999e-16
1.578099449e-16
1.797604742e-16
1.753835952e-16
1.505210178e-16
1.954066857e-16
2.90841931e-16
1.508410709e-16
7.365571735e-17
9.43016721e-17
8.545886923e-17
1.230048657e-16
4.629779854e-17
1.603700859e-16
2.029458935e-16
1.4737459e-16
6.819668952e-17
1.129353529e-16
7.776800598e-17
6.496990051e-17
1.375079524e-16
8.557059243e-17
1.457467002e-16
2.634808071e-16
4.259418128e-16
1.26120938e-16
3.550605502e-16
8.006329838e-17
2.779824001e-17
8.466935603e-17
4.720146413e-17
1.128943592e-15
7.735368617e-17
7.206507586e-17
1.137310157e-16
1.325685046e-16
2.226215493e-16
3.395602792e-16
2.914613078e-16
5.736597507e-17
2.914972304e-16
3.59872912e-16
1.823878256e-16
2.883546909e-16
1.085679417e-16
1.50668528e-16
9.899438468e-17
2.200926981e-16
8.268232177e-17
2.222361122e-16
1.943926211e-16
1.100010674e-16
1.707104328e-16
2.303681963e-16
1.063483945e-16
1.271106085e-16
4.666029794e-16
1.998406254e-16
1.710518055e-16
1.823405578e-16
1.309882949e-16
3.690898629e-16
1.480192168e-16
4.008541848e-17
2.73730743e-16
8.908548515e-17
1.02571903e-16
1.822406328e-16
1.183107611e-16
1.289933603e-16
6.238333842e-17
1.734848445e-16
1.814252494e-16
4.023551949e-16
5.034470709e-16
3.059773705e-16
1.95041879e-16
1.09201234e-16
1.544155189e-16
2.385874611e-16
2.188480997e-16
2.189240251e-16
1.519832882e-16
3.039544958e-16
1.016808005e-16
3.200680888e-16
1.210318401e-16
2.008586468e-16
8.216768016e-17
1.702336719e-16
1.780439194e-16
1.630742868e-16
2.778324969e-16
4.190164164e-17
1.941621884e-16
5.008754574e-16
1.969816444e-16
2.335682102e-16
2.0475512e-16
1.191049094e-16
5.500209334e-17
1.989969093e-16
1.597541884e-16
2.118072707e-16
2.743329219e-16
1.184158064e-16
2.102709017e-16
2.498063323e-16
2.390918695e-16
1.689019107e-16
2.274011482e-16
3.14529699e-16
9.37111278e-16
2.15392603e-16
9.772640073e-17
9.862203464e-17
9.875194719e-17
1.330482336e-16
1.421048632e-16
1.365991164e-16
7.662426054e-17
1.093596351e-17
5.629976264e-17
1.577390763e-16
5.746224307e-17
1.086785646e-16
8.446532199e-16
9.318678306e-17
1.659028812e-16
2.1956252e-16
1.285515481e-16
1.327325764e-16
5.56749981e-17
1.045454167e-16
2.109727409e-16
7.092941557e-17
5.942150902e-17
1.538680966e-16
1.532775144e-16
1.489887886e-16
1.061330679e-17
1.242908387e-16
5.974252535e-17
2.095697837e-16
3.176516878e-16
2.02429569e-17
5.882837412e-17
6.988619129e-17
3.177088094e-16
5.357281595e-16
7.012076414e-17
1.458422895e-16
3.490774806e-17
6.416843999e-17
7.730097715e-17
1.284069949e-16
1.238477714e-16
7.833634333e-17
1.397493412e-16
7.471218849e-16
1.448784779e-16
1.905422282e-16
6.557805251e-17
4.433314688e-17
7.716727112e-17
1.061025906e-16
7.156769663e-17
1.145654422e-15
1.249144569e-16
1.010970835e-16
9.176954413e-16
9.738285863e-17
2.057811203e-16
7.293505e-17
9.748771692e-17
9.696259102e-17
3.149914649e-17
1.140440229e-16
3.048813851e-16
1.051548587e-16
5.546363795e-16
9.246155924e-16
1.674148832e-16
1.401871322e-16
1.77878397e-16
7.970344366e-17
5.187882976e-17
2.079975138e-16
6.900574771e-17
1.335632201e-16
5.267469414e-17
6.530418156e-17
9.816045876e-17
1.906625812e-16
1.320454851e-16
1.157445915e-16
1.044349739e-16
2.078744981e-16
9.214912683e-17
1.336345588e-16
6.109087958e-17
8.039612172e-17
1.385402441e-16
9.871761213e-17
6.897143829e-17
1.014243489e-16
1.153446631e-16
1.703367343e-16
2.954610003e-16
4.579159157e-17
2.985651191e-16
4.720916099e-16
5.155873594e-16
1.301721279e-16
4.70755273e-16
8.75812764e-17
3.116295667e-17
2.829911533e-16
7.659674306e-17
1.414443971e-16
1.407481782e-16
1.106264002e-16
5.365876977e-17
1.480813107e-16
1.208489154e-16
7.982802065e-16
8.633903256e-17
1.95461509e-17
5.767928124e-16
3.879873085e-17
3.728825996e-17
1.83408336e-16
8.965667921e-17
2.888368698e-16
8.87963485e-17
1.775567779e-16
1.102681434e-16
8.824312037e-17
9.396259852e-17
4.085122315e-17
1.952413575e-16
5.929710372e-17
8.475482295e-17
1.595237469e-16
1.047808972e-16
6.354884988e-17
1.12924755e-16
6.999125743e-17
9.998180452e-16
1.828686416e-16
6.671584286e-16
4.387329916e-16
2.258854644e-16
1.933260729e-16
5.57812757e-17
7.2982678e-17
1.075782944e-16
2.914984112e-17
9.547278237e-17
2.161588421e-16
2.39105942e-16
1.279841456e-17
2.837351898e-16
4.601167709e-16
4.39194279e-16
1.765582037e-15
1.208516865e-16
1.055322168e-16
1.218810218e-16
9.412551271e-17
5.354863183e-17
9.335264666e-17
4.1994722e-16
5.584315959e-16
1.43425964e-16
6.509627572e-17
3.475922233e-16
1.223433348e-16
1.211392122e-16
9.950780979e-17
1.34279819e-16
9.367288312e-17
5.76436641e-17
8.238657268e-17
8.959429005e-17
9.315509383e-17
1.545224089e-16
1.124088443e-16
6.609725406e-17
1.385442643e-16
3.115137689e-17
1.071376866e-16
1.355535257e-16
7.471152491e-17
8.246124898e-17
1.82473811e-16
4.494677822e-17
1.124088871e-16
6.662438813e-17
1.009893015e-16
2.100926617e-16
1.464440613e-16
1.050372974e-16
1.127408897e-16
1.186364023e-16
7.504341851e-17
1.51435494e-16
9.341155003e-17
9.544738781e-17
4.419586788e-17
3.7155305e-16
1.175715961e-16
4.082491358e-17
5.320130034e-17
3.680221543e-17
7.279090259e-17
3.006610512e-17
9.995306985e-17
9.911464275e-17
2.040770527e-16
5.788584397e-16
4.264390784e-17
6.600410568e-17
1.823755729e-18
6.040748021e-17
6.310760648e-17
4.388515865e-17
8.204176381e-17
5.742030134e-17
8.883188476e-17
1.630269787e-16
5.310029875e-17
6.350251562e-17
1.003543007e-16
1.216938633e-16
4.816613347e-17
4.546280378e-17
4.752333046e-17
1.140703553e-16
1.032302111e-16
2.140471024e-16
9.679193716e-17
3.46893688e-16
4.791144857e-16
9.3938154e-17
9.001108807e-17
1.578977571e-16
1.362661644e-16
9.869359311e-16
1.727136855e-16
6.223703153e-17
1.775653223e-16
1.060946297e-15
3.04560292e-16
4.08492696e-17
1.939752215e-17
5.629788687e-16
2.557640952e-16
8.708372111e-17
1.86701889e-16
1.638226138e-16
4.120758982e-16
1.949481396e-16
8.262753578e-17
2.074799026e-16
1.783879016e-16
7.494553321e-17
1.641094626e-16
7.72940056e-17
5.694146237e-17
6.539192223e-17
1.928696725e-16
4.277215379e-17
1.156231434e-16
1.369782748e-16
2.719696862e-17
4.47341056e-18
9.36446997e-17
6.962417361e-16
3.881228825e-16
1.20785115e-16
1.839382146e-16
7.960242632e-17
3.155610315e-17
9.650561131e-17
6.723070399e-17
1.756604655e-16
1.123344956e-16
8.912919077e-17
2.400754891e-17
9.650643791e-17
1.239535769e-16
1.809203629e-16
9.606210786e-17
9.970916238e-17
1.287424235e-16
8.165674444e-17
1.79772073e-16
7.110693798e-17
9.044439074e-17
1.101472445e-16
9.260048577e-17
1.900258235e-16
8.927973056e-17
5.043145201e-17
1.281287452e-17
1.34896952e-16
8.480065183e-17
1.051011174e-16
3.06346677e-17
1.054178152e-16
4.765995211e-16
1.096662225e-16
1.019469132e-16
1.744267791e-16
3.435903311e-15
3.78951773e-16
6.453192234e-17
2.252580793e-16
3.140780836e-17
1.9391997e-16
2.835670397e-17
8.131727495e-17
2.651065113e-16
5.419686363e-17
2.344867471e-16
7.692320069e-16
9.918884205e-17
2.298085283e-16
1.844544698e-16
1.122919798e-16
8.666612957e-17
5.947738614e-17
8.651240704e-17
8.277682074e-17
7.777692839e-17
1.375210026e-16
3.770578009e-17
2.950111302e-17
4.44990059e-17
4.152577473e-17
8.510495507e-17
3.038140947e-16
1.355147858e-16
6.198847389e-17
4.150930237e-17
4.578819336e-17
1.589664353e-16
5.450242733e-17
4.514572807e-17
1.472629101e-16
7.493786361e-17
5.394056627e-17
5.00369745e-17
1.302338314e-16
9.792212478e-17
1.456378543e-16
8.848470531e-17
5.905991287e-17
6.260793799e-17
2.370673003e-17
1.742611373e-17
4.085691031e-17
1.497241838e-16
3.05627063e-17
5.291502614e-17
1.174599191e-16
2.223481285e-16
2.535301936e-16
7.43887033e-17
1.003384079e-16
2.992348692e-17
3.737090778e-16
8.817733641e-17
7.568803964e-17
1.178839943e-16
1.258477472e-16
2.549425828e-18
6.331248318e-17
5.977562012e-17
7.081161231e-17
1.702785287e-16
4.205229634e-16
1.198804755e-16
5.909167531e-17
1.036817275e-16
5.641495576e-17
1.23718381e-16
1.188981006e-16
2.749200696e-16
7.282624169e-17
7.625198188e-17
9.883971993e-17
8.582824266e-19
2.522179174e-16
8.811965178e-17
7.661575128e-18
3.064251219e-16
7.592339458e-17
3.865490319e-16
3.86579137e-16
1.989236732e-16
1.645805843e-16
1.822297706e-16
2.051732518e-17
1.845417243e-17
8.333257135e-17
1.025024942e-16
4.761204226e-17
7.104687108e-17
1.597901424e-16
2.075382821e-16
3.332495167e-16
8.191058638e-17
2.202339994e-17
5.947022881e-17
9.447502059e-17
2.442552898e-17
1.238598491e-16
1.243043327e-16
4.341001785e-17
4.326773912e-17
1.070485506e-16
3.692484118e-16
9.112743363e-17
3.529249424e-17
1.086557141e-16
1.00981284e-16
1.378837856e-16
2.548680255e-17
2.150292175e-17
1.274736702e-16
6.264242824e-19
6.085182125e-17
2.406496486e-17
8.599473299e-17
5.704033714e-17
1.335258619e-16
5.238579535e-17
5.939185953e-17
5.599370602e-17
4.565887301e-17
8.382667021e-17
7.295313605e-17
7.107334134e-17
1.443854258e-16
2.024677782e-16
5.969001177e-17
8.968945192e-17
4.267942768e-17
1.762673681e-17
4.607356004e-17
5.162055483e-17
4.123972282e-16
7.811870957e-17
1.468010288e-16
1.077596327e-16
4.597823888e-17
1.579595903e-16
5.474147199e-17
8.102595298e-17
2.576516364e-17
4.691497601e-17
2.876200024e-17
1.089283551e-16
9.159114807e-17
4.270480068e-17
8.905313137e-17
1.524457912e-17
1.117124026e-16
1.44603034e-16
6.381826185e-17
9.50519399e-17
1.63389469e-17
6.661207079e-17
1.687588445e-16
6.24029399e-17
1.29540429e-16
2.043671429e-16
1.805991428e-17
2.083211322e-16
1.080289943e-16
2.423070577e-16
1.172432973e-16
4.452060124e-17
9.465062382e-17
6.174389136e-17
6.326331178e-17
5.231948834e-17
2.683128465e-17
8.635763796e-17
4.598880706e-17
8.027421554e-17
1.25985205e-16
7.4521122e-17
1.045687826e-16
6.201767721e-17
8.710313311e-17
1.029588337e-16
6.012521055e-16
5.925366095e-17
6.284901526e-17
1.018637221e-16
8.12559411e-17
1.074048317e-16
1.328165454e-16
2.01624537e-16
1.337585741e-17
7.159525603e-17
1.757342838e-16
8.652247412e-16
7.79109019e-17
1.309794153e-16
1.024153854e-16
2.29101894e-17
1.065568214e-16
1.121840207e-16
3.392985707e-16
2.013268944e-17
7.825492494e-17
2.458793844e-17
6.771594534e-17
1.127790368e-17
9.157227122e-17
5.212771382e-17
5.721233158e-17
4.430955109e-17
7.083609388e-17
3.142023937e-19
6.418961532e-17
6.406103826e-17
3.100509755e-17
1.329046026e-16
1.381302126e-17
6.909650131e-17
6.277601142e-17
2.54142569e-17
5.977416083e-17
1.099798506e-16
6.294565857e-17
4.006496252e-17
2.091143894e-16
1.871038355e-16
1.832862168e-16
2.517002176e-16
6.596605041e-17
5.955478285e-15
6.572664151e-16
6.985031929e-16
1.652429425e-18
4.162397436e-17
8.13675469e-17
1.592195442e-16
6.53256987e-17
3.006416044e-16
5.304345071e-18
9.49565858e-17
1.240915276e-17
2.253282847e-16
3.005507691e-17
4.52056538e-17
3.540675833e-17
9.879929497e-17
2.37150304e-17
1.706455986e-16
8.751094286e-17
4.523906216e-17
6.821798628e-17
5.431169851e-17
5.489095524e-17
1.489807636e-17
5.131812819e-17
2.322296841e-16
2.940192656e-17
9.640136941e-17
1.093787063e-17
7.638911591e-17
7.014815654e-17
3.51693687e-17
8.434707058e-17
5.36301398e-17
9.824622739e-17
1.116410867e-16
5.539378693e-17
6.567508947e-17
4.101101245e-17
1.339439897e-16
1.420285582e-16
5.484698558e-17
5.729812765e-17
7.94083002e-17
7.858619911e-17
1.636302686e-16
1.411760892e-17
4.77730922e-17
1.799733275e-16
3.821133552e-17
1.147325239e-16
8.005844352e-17
2.28402176e-16
7.237606434e-17
7.384852394e-17
1.139152438e-16
1.024651187e-18
7.856010024e-17
1.600300016e-17
1.418993659e-17
5.331397183e-17
1.268211922e-17
6.303862382e-17
2.600373315e-17
1.472815119e-17
6.861876034e-17
6.625578386e-17
3.561714038e-17
4.258579602e-17
2.508956937e-17
1.327900058e-16
4.203640285e-17
5.017383411e-17
1.142776728e-16
3.377702637e-17
6.9351857e-17
2.697640561e-18
1.451785563e-16
7.766139407e-17
8.507439899e-17
1.123270831e-16
6.149532243e-17
8.267392332e-17
5.650406775e-19
4.674789127e-15
8.335835295e-16
5.576156377e-17
7.356116411e-17
2.03196266e-16
2.465664899e-17
7.604392271e-17
5.696340073e-16
3.393395361e-17
7.364108836e-17
3.726472008e-17
6.029870644e-17
1.699853622e-16
1.008796471e-16
7.637989839e-17
1.599773266e-16
9.103850033e-17
1.039841741e-16
7.827992704e-17
2.829303217e-17
4.775210726e-17
1.343911089e-17
2.595901122e-16
6.60808912e-20
1.264972861e-17
4.530828747e-17
5.990320972e-17
6.204202264e-17
2.607670265e-17
2.290859518e-17
1.526643477e-17
9.172217768e-17
3.92066641e-17
3.382870046e-16
6.309728609e-17
7.272909455e-17
1.012277766e-16
7.508725709e-17
1.174899176e-16
5.839308298e-17
1.09754391e-16
1.812751634e-17
1.136295277e-16
1.739891372e-18
1.186003434e-17
1.259162276e-16
8.365964977e-17
3.181504412e-17
5.64784643e-16
1.397026399e-16
5.658919468e-17
1.01890393e-16
4.028208911e-17
4.703106656e-17
1.326069623e-16
4.336297208e-19
3.650418651e-17
1.170651367e-16
8.031062028e-17
4.012329638e-17
9.727007629e-17
2.130028767e-17
1.182106438e-16
4.636664069e-17
9.008705216e-19
1.731140832e-15
2.682304798e-17
4.550057405e-17
1.668497607e-17
1.610084396e-17
1.589219157e-16
2.972890559e-17
1.157716108e-16
1.140191967e-16
1.399072062e-16
6.007418645e-16
2.351191753e-16
6.856919936e-17
4.755781812e-18
2.214313021e-17
3.737731099e-19
3.770805473e-17
6.445549666e-17
2.923838108e-18
7.041963143e-17
8.043774623e-19
5.70525437e-18
1.02839102e-16
7.23978063e-17
3.909820101e-17
1.969168088e-18
2.194004136e-18
7.828176719e-18
5.822244979e-17
5.846245163e-17
8.29884781e-17
3.746949983e-17
7.537429734e-17
5.921997547e-17
9.081132075e-17
2.537841626e-17
5.029520093e-17
8.666052135e-17
5.420597607e-18
4.464210336e-17
9.987314883e-19
2.04304994e-17
7.16455655e-17
1.45672334e-17
5.435419932e-17
1.45953472e-17
5.413262017e-17
1.743197256e-16
2.846260552e-16
3.19140644e-17
1.01480679e-16
2.294215419e-17
3.9789218e-17
1.548345547e-16
2.239478129e-17
7.328027221e-16
1.897405336e-16
5.16322176e-18
6.131799144e-17
5.094398475e-17
9.941464212e-17
1.711674808e-17
3.722366127e-16
2.02878513e-16
8.487159549e-17
4.951523465e-17
6.421457935e-17
6.257437767e-18
2.152438208e-17
1.118249364e-16
8.740197847e-17
1.737288086e-17
1.001454054e-16
1.644092157e-17
1.251730255e-17
1.2363833e-16
3.414759933e-16
5.683251038e-17
5.858891362e-17
1.214955051e-16
6.215384395e-19
6.964463134e-17
1.585829944e-17
3.453429938e-19
3.475772602e-17
7.50296254e-17
4.107289046e-17
4.9232771e-17
1.562615776e-17
1.739964939e-17
2.92478542e-17
9.380000227e-19
4.040195084e-17
4.74059302e-17
5.458592693e-18
1.227067586e-17
2.386567638e-16
5.522611595e-17
1.737056948e-16
1.559530423e-17
3.938500581e-17
5.316330093e-17
1.958569457e-16
4.526392978e-17
3.03542565e-17
5.112286497e-17
1.451651746e-17
4.918918678e-17
4.391969381e-17
1.017037899e-16
3.453134173e-16
9.69197043e-18
9.790919363e-18
5.708436792e-17
2.535776161e-18
6.620512076e-19
2.261765167e-17
5.407382036e-18
8.625148478e-17
6.307951501e-18
3.223991957e-17
3.268365382e-17
1.722230619e-17
5.751113965e-17
1.054854819e-17
4.567973669e-17
8.852017226e-19
5.234149127e-19
3.445317355e-17
3.442306185e-17
1.312925848e-16
1.676462135e-16
4.663164896e-17
6.839274926e-17
3.123659192e-17
2.801428493e-17
2.429089871e-17
2.519135727e-17
3.77099879e-17
2.333839716e-17
9.029185147e-17
1.164823512e-16
4.655180286e-17
5.115898022e-17
1.323591217e-16
1.15712327e-17
1.16871428e-16
4.458525169e-17
1.458219223e-17
5.014525732e-17
1.576769299e-17
3.437260106e-17
4.473781212e-19
3.921172714e-17
5.715169221e-17
4.246259733e-19
3.580066748e-17
2.690707665e-17
1.578899724e-17
2.214740148e-17
1.942766694e-17
1.127294358e-15
8.567319375e-16
4.609550515e-16
1.362179172e-17
9.411134005e-17
1.254750549e-16
1.017661099e-16
2.018144501e-16
6.630158502e-17
2.820007139e-16
8.007226818e-16
1.100387408e-17
4.752331931e-17
2.445905201e-17
2.743563869e-17
1.51632415e-16
2.390211249e-17
1.680172461e-17
2.782898681e-17
1.050847159e-16
2.630806441e-17
9.752013473e-17
4.339157505e-17
2.939244771e-17
1.627971429e-16
1.775196942e-17
4.983243334e-18
1.599162989e-16
3.780114907e-17
3.242777362e-17
1.805095395e-17
7.473111171e-17
3.557831411e-17
8.207369105e-17
8.061587229e-17
1.775278539e-17
3.684976549e-17
1.351317842e-16
2.894213165e-17
7.158573997e-17
3.603394704e-17
1.186576244e-17
1.123902664e-17
6.22251384e-17
3.558569749e-19
1.280295922e-17
2.695073449e-16
5.560823208e-17
1.760011662e-17
1.024940502e-17
1.4833779e-17
2.410299626e-17
1.419806587e-18
5.904687627e-17
5.687183591e-17
3.265106226e-17
5.798088848e-17
1.119437032e-17
1.453391274e-17
9.643954556e-17
3.512098611e-17
4.694705781e-17
5.16973145e-17
3.597716642e-17
1.123481874e-18
3.507309729e-17
5.130942301e-18
4.576007669e-17
7.64266171e-18
3.64488372e-17
1.395360504e-17
9.308163455e-17
6.561800233e-17
4.634044936e-16
5.041018297e-17
2.690679901e-17
1.219933622e-16
3.406922728e-17
7.053505638e-18
8.353185937e-17
6.416616816e-17
1.062777988e-16
5.051540354e-17
8.350457087e-17
8.322497544e-17
3.342763808e-16
1.395688612e-16
4.386989149e-17
1.212001158e-17
6.209308107e-17
6.403323391e-17
8.41673795e-17
1.602987156e-17
8.52750016e-17
1.152880477e-16
1.077226916e-17
1.892365844e-17
4.165018185e-17
3.738877549e-17
4.572129878e-17
3.306227065e-19
2.355705769e-17
7.120919998e-17
9.206943979e-17
2.797024236e-17
8.737837773e-18
1.453634527e-17
5.806255978e-17
1.425374779e-17
5.640070933e-17
4.331436413e-17
4.278632894e-17
3.997980695e-17
8.404163832e-17
5.769183398e-17
1.902626787e-17
5.83465432e-17
5.77469237e-17
5.235282814e-17
4.927460802e-17
2.020878369e-17
5.900425244e-17
3.300334994e-17
1.235398896e-16
6.35299877e-17
5.884419067e-16
2.948344866e-17
3.93444224e-19
1.726840156e-16
1.828087437e-19
1.185304885e-16
1.048962008e-16
7.031860345e-17
7.38608037e-17
4.77076893e-17
2.78523382e-16
2.149547332e-19
1.181127315e-16
4.022119282e-17
7.843538853e-17
3.333833972e-17
6.582031027e-17
6.051802599e-17
7.096803539e-17
2.206381444e-17
9.691885772e-17
6.70126938e-17
5.754165533e-17
8.444559046e-17
1.862756091e-17
3.009348528e-15
1.792186951e-16
9.231343288e-18
4.030027329e-17
3.105925422e-17
1.536167731e-17
1.212288856e-16
1.269094757e-16
1.863864695e-18
9.062537743e-17
7.42806198e-17
4.111034878e-17
5.833778428e-17
8.848166222e-18
2.759854756e-17
6.076258485e-17
1.953506965e-17
5.837330475e-17
8.88860291e-17
7.918673165e-17
9.115533181e-18
1.919839492e-17
5.896247149e-17
9.098481699e-17
2.883609789e-17
6.795071401e-17
7.34541449e-17
2.341033855e-17
6.844234964e-17
1.08331732e-16
1.423830537e-16
6.985143216e-17
7.52543819e-17
2.776064334e-17
1.821628856e-18
9.898792646e-17
2.646987725e-17
3.959207637e-17
5.310344748e-17
1.205661969e-16
1.452756656e-17
1.22613498e-16
7.212856475e-17
1.193739172e-16
9.57975245e-17
9.077216437e-17
2.507648131e-17
1.049380225e-16
1.382062957e-16
6.611549458e-17
9.933966261e-17
4.639869106e-17
9.586619747e-17
3.54017453e-17
1.497202811e-16
2.348282361e-16
3.858138515e-16
2.979060223e-17
8.212051389e-17
4.178732712e-17
4.947863486e-17
3.221527156e-17
1.444284906e-16
4.079299109e-17
4.076659334e-17
6.492395017e-17
2.49502329e-17
1.769924264e-16
1.175019672e-16
9.131430344e-17
1.698591076e-16
1.457362995e-17
9.307540123e-17
1.174811179e-17
1.677521564e-16
2.335339907e-17
1.570005305e-17
4.690643054e-17
3.314600744e-17
1.937609647e-17
5.894701013e-17
3.668109806e-17
1.377742957e-17
7.913746649e-17
8.016954586e-17
1.0014193e-16
6.45178492e-17
2.131870245e-17
1.597541994e-17
6.044091887e-17
3.565186745e-17
8.495193065e-17
3.340107974e-17
4.315404539e-17
1.752930556e-17
2.842850843e-17
1.270796464e-17
6.759203937e-17
1.856275487e-17
1.42418189e-17
1.289877086e-16
2.351344888e-17
8.471222985e-17
1.316079041e-16
1.479190837e-17
3.661099281e-17
1.160582707e-17
7.069999245e-17
6.03640775e-19
7.315217139e-17
2.555256937e-17
1.88569621e-17
1.185414754e-16
3.167869362e-17
4.429871004e-17
3.213852176e-17
7.156282154e-17
2.047251721e-19
4.74452694e-17
4.851496192e-19
3.204655281e-19
1.278995594e-17
8.126142556e-17
1.170440962e-17
2.502830977e-17
6.298642685e-17
5.442219204e-17
1.880474712e-17
1.532314952e-18
3.732799738e-17
4.560131417e-17
2.084372078e-18
1.195562599e-17
6.279887951e-17
1.392206966e-17
3.955635547e-17
5.731505384e-17
3.502072872e-17
2.910148593e-17
9.452645418e-17
1.648479717e-17
5.121652622e-19
3.327663894e-16
5.529253969e-16
3.841624873e-18
5.769323711e-17
1.701259204e-17
6.378769045e-18
5.375131229e-19
3.77888475e-17
2.25192867e-18
1.876280181e-17
5.573479461e-20
4.737169618e-17
3.640099031e-17
8.837488091e-20
2.948935464e-18
3.007390564e-17
3.563990897e-18
4.554961648e-17
4.67983366e-19
1.4699326e-19
2.836226275e-19
2.856909079e-17
3.610027117e-17
1.823696015e-17
1.505874999e-17
6.432058969e-17
2.21324444e-17
4.029361988e-17
2.586799874e-19
1.054210005e-17
