#################################### 
# Matrix Size= (25,25,400)
# Resol      = (1,1,4000)
# VoxelSize  = (25,25,0.1)
# nbVal      = 4000
#################################### 
1.162875395e-05
1.193465425e-05
1.217210185e-05
1.203612719e-05
1.201497124e-05
1.202143454e-05
1.242392991e-05
1.232745379e-05
1.234939128e-05
1.239294404e-05
1.254958382e-05
1.269257024e-05
1.23748227e-05
1.249090676e-05
1.231547315e-05
1.2352781e-05
1.252108359e-05
1.226575403e-05
1.250293114e-05
1.250907455e-05
1.25922837e-05
1.244139832e-05
1.246035752e-05
1.275541672e-05
1.243463872e-05
1.270463684e-05
1.244830987e-05
1.253118504e-05
1.240271354e-05
1.244218153e-05
1.26226726e-05
1.276449046e-05
1.253817023e-05
1.26427103e-05
1.258280633e-05
1.270980371e-05
1.284498312e-05
1.245062058e-05
1.243260433e-05
1.275435148e-05
1.301194644e-05
1.256331538e-05
1.26299599e-05
1.249310136e-05
1.26666272e-05
1.27763211e-05
1.287256825e-05
1.272386479e-05
1.245789189e-05
1.271562502e-05
1.265086333e-05
1.291229625e-05
1.253033789e-05
1.265766347e-05
1.272415912e-05
1.276246963e-05
1.277298613e-05
1.281030244e-05
1.264327694e-05
1.269924254e-05
1.267182441e-05
1.261971191e-05
1.292729914e-05
1.269827749e-05
1.273495417e-05
1.275383954e-05
1.274793828e-05
1.293286761e-05
1.262382547e-05
1.272438347e-05
1.262143317e-05
1.296518247e-05
1.273778548e-05
1.28717361e-05
1.279937078e-05
1.271363371e-05
1.279310845e-05
1.278953617e-05
1.291202659e-05
1.280669503e-05
1.301532876e-05
1.268047542e-05
1.281411088e-05
1.270632247e-05
1.269038144e-05
1.275912085e-05
1.293768058e-05
1.310584285e-05
1.27458126e-05
1.273622007e-05
1.270124047e-05
1.277833322e-05
1.273138188e-05
1.299675112e-05
1.30852993e-05
1.293823077e-05
1.287639159e-05
1.296128742e-05
1.292804179e-05
1.271113864e-05
1.294178181e-05
1.310017741e-05
1.308530949e-05
1.291323573e-05
1.290092495e-05
1.287313457e-05
1.285834116e-05
1.269577911e-05
1.303223757e-05
1.305049886e-05
1.31375421e-05
1.305646964e-05
1.315857432e-05
1.290082472e-05
1.293427444e-05
1.299697314e-05
1.289341053e-05
1.278955862e-05
1.302338142e-05
1.30230129e-05
1.291140897e-05
1.324870165e-05
1.304129954e-05
1.298054415e-05
1.294241586e-05
1.329331281e-05
1.297141797e-05
1.329627224e-05
1.306450758e-05
1.309731519e-05
1.29723425e-05
1.318242833e-05
1.299842125e-05
1.284613777e-05
1.305507732e-05
1.304074063e-05
1.273064643e-05
1.309112827e-05
1.28540151e-05
1.296578456e-05
1.341758524e-05
1.330425228e-05
1.371379895e-05
1.334827603e-05
1.313058768e-05
1.305959944e-05
1.308968068e-05
1.315450159e-05
1.333083184e-05
1.351361369e-05
1.324881856e-05
1.306720612e-05
1.327853578e-05
1.322079101e-05
1.323291725e-05
1.310860062e-05
1.312207779e-05
1.299964046e-05
1.301962593e-05
1.298048831e-05
1.287285719e-05
1.327895248e-05
1.325496079e-05
1.303248046e-05
1.301180401e-05
1.341287904e-05
1.330992517e-05
1.332005242e-05
1.30350118e-05
1.304411781e-05
1.323469201e-05
1.3122554e-05
1.339821749e-05
1.322148305e-05
1.317283924e-05
1.318331849e-05
1.331914489e-05
1.319226718e-05
1.323984293e-05
1.339939106e-05
1.360695668e-05
1.346084839e-05
1.330354756e-05
1.31525272e-05
1.328740103e-05
1.355113942e-05
1.338745523e-05
1.314078086e-05
1.320530413e-05
1.339411794e-05
1.322367112e-05
1.319500892e-05
1.329647292e-05
1.33595757e-05
1.325399091e-05
1.31995387e-05
1.337312932e-05
1.322383111e-05
1.327560939e-05
1.332347917e-05
1.3456658e-05
1.312870484e-05
1.329631815e-05
1.323863401e-05
1.31115557e-05
1.312804516e-05
1.310566756e-05
1.315600577e-05
1.348705531e-05
1.314228894e-05
1.346786213e-05
1.312481918e-05
1.331138885e-05
1.322275383e-05
1.317907492e-05
1.322684259e-05
1.319194114e-05
1.333025701e-05
1.314233913e-05
1.325362178e-05
1.34451765e-05
1.338948965e-05
1.332666362e-05
1.354996806e-05
1.339602209e-05
1.349097515e-05
1.341326314e-05
1.331055267e-05
1.335569557e-05
1.355118355e-05
1.337393571e-05
1.326948848e-05
1.346317188e-05
1.32019247e-05
1.332223935e-05
1.33491906e-05
1.317112222e-05
1.325130287e-05
1.332137347e-05
1.349349685e-05
1.327070343e-05
1.348429931e-05
1.349606251e-05
1.342539837e-05
1.343854997e-05
1.317053888e-05
1.327613223e-05
1.340311978e-05
1.333556524e-05
1.338455104e-05
1.349727816e-05
1.370842979e-05
1.335280644e-05
1.338536163e-05
1.364982905e-05
1.357719248e-05
1.362278297e-05
1.327183592e-05
1.328301782e-05
1.338611338e-05
1.341589153e-05
1.346453269e-05
1.34306485e-05
1.348947735e-05
1.344827554e-05
1.352414842e-05
1.358237556e-05
1.34625487e-05
1.344475746e-05
1.340872694e-05
1.356762278e-05
1.330818884e-05
1.34589412e-05
1.349075893e-05
1.349507022e-05
1.362435182e-05
1.342451686e-05
1.360463458e-05
1.344949371e-05
1.348004624e-05
1.346906229e-05
1.34171965e-05
1.337538183e-05
1.337127636e-05
1.35761398e-05
1.351976805e-05
1.342284341e-05
1.351844837e-05
1.338171428e-05
1.368428853e-05
1.343104675e-05
1.355580352e-05
1.351961434e-05
1.341430759e-05
1.346365166e-05
1.377786121e-05
1.340939181e-05
1.36940113e-05
1.376405427e-05
1.346284089e-05
1.349408571e-05
1.347095925e-05
1.361611228e-05
1.363416696e-05
1.350611531e-05
1.335501266e-05
1.376525178e-05
1.345790772e-05
1.343892449e-05
1.349861929e-05
1.380412208e-05
1.341833331e-05
1.361399763e-05
1.350268217e-05
1.373225674e-05
1.321576527e-05
1.368408419e-05
1.347224627e-05
1.379375473e-05
1.382144244e-05
1.335267502e-05
1.361714715e-05
1.37287932e-05
1.374548466e-05
1.369361084e-05
1.362700537e-05
1.367748339e-05
1.377350061e-05
1.380599242e-05
1.368880623e-05
1.391353941e-05
1.383417165e-05
1.369285247e-05
1.370902696e-05
1.340980408e-05
1.344871421e-05
1.385935451e-05
1.370459749e-05
1.376034608e-05
1.373456206e-05
1.379008408e-05
1.402096108e-05
1.402411344e-05
1.366174763e-05
1.346210866e-05
1.406587582e-05
1.360844874e-05
1.347622287e-05
1.362739266e-05
1.403147345e-05
1.35783087e-05
1.378606468e-05
1.370996434e-05
1.347148674e-05
1.35813808e-05
1.41125434e-05
1.353207314e-05
1.365909953e-05
1.358163586e-05
1.352507761e-05
1.356989434e-05
1.372924083e-05
1.380642505e-05
1.356603889e-05
1.353240484e-05
1.358677836e-05
1.387991975e-05
1.33692226e-05
1.382671467e-05
1.367623121e-05
1.377443967e-05
1.363330681e-05
1.352683082e-05
1.353913959e-05
1.372692112e-05
1.376383635e-05
1.370907338e-05
1.347952328e-05
1.358111992e-05
1.361012597e-05
1.369155294e-05
1.361637301e-05
1.355933319e-05
1.365616213e-05
1.369401636e-05
1.35019908e-05
1.369103776e-05
1.355956898e-05
1.382455339e-05
1.375328079e-05
1.354496269e-05
1.361340282e-05
1.390352089e-05
1.38977519e-05
1.363136742e-05
1.365638335e-05
1.368176987e-05
1.349159064e-05
1.349719013e-05
1.358847811e-05
1.364524061e-05
1.390569898e-05
1.370433938e-05
1.346090487e-05
1.384574386e-05
1.366854088e-05
1.403145457e-05
1.360711459e-05
1.375368793e-05
1.367509196e-05
1.372043511e-05
1.363545524e-05
1.389268259e-05
1.398695043e-05
1.381028019e-05
1.365812336e-05
1.367718064e-05
1.38587341e-05
1.378030042e-05
1.372767401e-05
1.373754692e-05
1.401667736e-05
1.376138803e-05
1.340607305e-05
1.387965794e-05
1.400342089e-05
1.378447885e-05
1.40202393e-05
1.397919958e-05
1.39047457e-05
1.41240761e-05
1.405572601e-05
1.396310081e-05
1.354340301e-05
1.406000007e-05
1.402382909e-05
1.388870763e-05
1.372071431e-05
1.382577443e-05
1.390704997e-05
1.361015895e-05
1.354011326e-05
1.377786901e-05
1.373584397e-05
1.381034299e-05
1.375655279e-05
1.367017768e-05
1.365205995e-05
1.40159719e-05
1.388500873e-05
1.410392377e-05
1.381277395e-05
1.382061869e-05
1.376853577e-05
1.375986288e-05
1.394292882e-05
1.429606637e-05
1.39349142e-05
1.364819666e-05
1.36531062e-05
1.358160698e-05
1.387546983e-05
1.429402028e-05
1.390364699e-05
1.372956331e-05
1.392842029e-05
1.396974275e-05
1.385782667e-05
1.357358735e-05
1.413759726e-05
1.38285441e-05
1.409790296e-05
1.416971061e-05
1.374757793e-05
1.376214944e-05
1.376311771e-05
1.392965182e-05
1.355391379e-05
1.385590844e-05
1.417523749e-05
1.384574948e-05
1.379060458e-05
1.365544163e-05
1.360698518e-05
1.391714819e-05
1.372369095e-05
1.368946337e-05
1.381968791e-05
1.403052266e-05
1.407449573e-05
1.372747576e-05
1.390367473e-05
1.430122022e-05
1.386207145e-05
1.386022174e-05
1.393270327e-05
1.377826131e-05
1.379370133e-05
1.382575942e-05
1.397856979e-05
1.415478648e-05
1.379446366e-05
1.361955981e-05
1.39087791e-05
1.391286559e-05
1.426290083e-05
1.402973903e-05
1.392712599e-05
1.367705454e-05
1.366367904e-05
1.400183505e-05
1.389914409e-05
1.392135305e-05
1.374314586e-05
1.374497926e-05
1.377644799e-05
1.380932344e-05
1.373951192e-05
1.401988924e-05
1.39956286e-05
1.414726006e-05
1.384843129e-05
1.389742837e-05
1.40572645e-05
1.393974213e-05
1.372783222e-05
1.39724013e-05
1.39049326e-05
1.379258032e-05
1.390633426e-05
1.428000471e-05
1.381445987e-05
1.415081462e-05
1.395931465e-05
1.382431826e-05
1.403694369e-05
1.407372255e-05
1.383350226e-05
1.401966104e-05
1.400300681e-05
1.41642581e-05
1.38372146e-05
1.411796156e-05
1.397700899e-05
1.384866101e-05
1.442782804e-05
1.443330335e-05
1.415928126e-05
1.402731192e-05
1.411324236e-05
1.404575622e-05
1.410636433e-05
1.389012026e-05
1.394902486e-05
1.398229e-05
1.420299606e-05
1.405387014e-05
1.397339745e-05
1.383807238e-05
1.402104006e-05
1.395455638e-05
1.426469344e-05
1.380164449e-05
1.394543214e-05
1.39587614e-05
1.429074373e-05
1.416020027e-05
1.430434497e-05
1.378507137e-05
1.43485421e-05
1.385275601e-05
1.394410192e-05
1.383814809e-05
1.37359036e-05
1.426503988e-05
1.405702556e-05
1.403861686e-05
1.39876957e-05
1.404920693e-05
1.401787298e-05
1.420233955e-05
1.420946864e-05
1.42288807e-05
1.419151298e-05
1.406541957e-05
1.434747437e-05
1.415785816e-05
1.399766426e-05
1.394397634e-05
1.425265228e-05
1.413427506e-05
1.425660225e-05
1.408216259e-05
1.395971112e-05
1.429811694e-05
1.400578111e-05
1.391927726e-05
1.422956834e-05
1.410359306e-05
1.399722173e-05
1.414924523e-05
1.419702786e-05
1.417317317e-05
1.434014925e-05
1.403862077e-05
1.394473236e-05
1.3987882e-05
1.388637823e-05
1.409412839e-05
1.416516938e-05
1.421962719e-05
1.407938684e-05
1.440533837e-05
1.428341702e-05
1.429115273e-05
1.41286165e-05
1.411150734e-05
1.432550929e-05
1.408067541e-05
1.445376659e-05
1.435722292e-05
1.40669768e-05
1.448578875e-05
1.430628631e-05
1.407653967e-05
1.422747433e-05
1.422642561e-05
1.426093132e-05
1.418198387e-05
1.431689463e-05
1.415118909e-05
1.443003936e-05
1.447320272e-05
1.434238533e-05
1.415223254e-05
1.416054694e-05
1.43129343e-05
1.421021906e-05
1.415118579e-05
1.415479166e-05
1.417897649e-05
1.429774264e-05
1.418857589e-05
1.433290349e-05
1.417549481e-05
1.406602913e-05
1.416197738e-05
1.452937442e-05
1.41006185e-05
1.42478685e-05
1.442658198e-05
1.414428574e-05
1.443193212e-05
1.430154938e-05
1.424064716e-05
1.442780352e-05
1.424708734e-05
1.397349142e-05
1.430727154e-05
1.429513289e-05
1.437617395e-05
1.431964586e-05
1.41042564e-05
1.425263252e-05
1.433096923e-05
1.447812614e-05
1.425138621e-05
1.405464958e-05
1.435094519e-05
1.441188914e-05
1.436522622e-05
1.434618091e-05
1.408015006e-05
1.444016106e-05
1.413258143e-05
1.420128798e-05
1.436804639e-05
1.43552706e-05
1.428480242e-05
1.447950345e-05
1.428796847e-05
1.419676629e-05
1.437156587e-05
1.419371463e-05
1.412214516e-05
1.452580743e-05
1.43317307e-05
1.410578457e-05
1.43275142e-05
1.41198243e-05
1.440031288e-05
1.443196908e-05
1.418714572e-05
1.446323181e-05
1.425527099e-05
1.437366225e-05
1.444109931e-05
1.433646992e-05
1.399273148e-05
1.443836081e-05
1.430385656e-05
1.424528285e-05
1.428451458e-05
1.421875213e-05
1.430799743e-05
1.4314365e-05
1.419051238e-05
1.436943572e-05
1.43015837e-05
1.412328301e-05
1.420500401e-05
1.415360274e-05
1.402194963e-05
1.434932655e-05
1.464897275e-05
1.473869113e-05
1.43214129e-05
1.417063183e-05
1.445705769e-05
1.423208985e-05
1.41266603e-05
1.432373551e-05
1.44286115e-05
1.441383697e-05
1.451391457e-05
1.457366375e-05
1.432374817e-05
1.425677224e-05
1.454268194e-05
1.410121985e-05
1.46060173e-05
1.438628418e-05
1.432324892e-05
1.435960378e-05
1.419295832e-05
1.420934079e-05
1.461791594e-05
1.44466855e-05
1.442471718e-05
1.414573052e-05
1.446342633e-05
1.449646859e-05
1.430504677e-05
1.450459786e-05
1.421376772e-05
1.455741039e-05
1.438953714e-05
1.418750764e-05
1.419396174e-05
1.425609753e-05
1.413589671e-05
1.443898322e-05
1.442065864e-05
1.421811839e-05
1.430804147e-05
1.435504153e-05
1.439579749e-05
1.418682528e-05
1.428791179e-05
1.427941422e-05
1.434189681e-05
1.431070713e-05
1.4243775e-05
1.438922815e-05
1.455773923e-05
1.464799346e-05
1.458591226e-05
1.449277696e-05
1.42509073e-05
1.445161357e-05
1.445522365e-05
1.466556879e-05
1.447625847e-05
1.419494909e-05
1.435678525e-05
1.451350845e-05
1.431127969e-05
1.445882573e-05
1.453688444e-05
1.446504346e-05
1.428791298e-05
1.459649365e-05
1.42009861e-05
1.449671773e-05
1.451646045e-05
1.42948201e-05
1.413291554e-05
1.437544221e-05
1.435214274e-05
1.450061093e-05
1.460923675e-05
1.436749581e-05
1.447277375e-05
1.433445505e-05
1.441154769e-05
1.409754946e-05
1.421209076e-05
1.457140995e-05
1.433141037e-05
1.449180187e-05
1.441054555e-05
1.474135776e-05
1.46160834e-05
1.450903889e-05
1.448821694e-05
1.438916865e-05
1.415825467e-05
1.445259531e-05
1.431197387e-05
1.433466341e-05
1.449545173e-05
1.458030771e-05
1.474135537e-05
1.47358249e-05
1.458987579e-05
1.458753718e-05
1.435726283e-05
1.436577661e-05
1.444523301e-05
1.468764157e-05
1.440252003e-05
1.45013728e-05
1.478143777e-05
1.464156524e-05
1.464376372e-05
1.426458905e-05
1.466394811e-05
1.476544985e-05
1.468766396e-05
1.453336645e-05
1.462470814e-05
1.452388092e-05
1.473374995e-05
1.437537733e-05
1.43899463e-05
1.456556079e-05
1.435690323e-05
1.454378543e-05
1.478870619e-05
1.440844024e-05
1.467061803e-05
1.46479353e-05
1.468539124e-05
1.447690043e-05
1.453771015e-05
1.43608078e-05
1.45342414e-05
1.456304263e-05
1.435310192e-05
1.436015416e-05
1.455246288e-05
1.458781041e-05
1.447065814e-05
1.441532659e-05
1.456130834e-05
1.434696939e-05
1.456033168e-05
1.509180271e-05
1.438210419e-05
1.47474136e-05
1.492520626e-05
1.467178911e-05
1.464552924e-05
1.486961459e-05
1.444669111e-05
1.48021863e-05
1.458379674e-05
1.453144056e-05
1.46043193e-05
1.48264159e-05
1.478107356e-05
1.475586583e-05
1.453709992e-05
1.500943269e-05
1.476053778e-05
1.437191494e-05
1.464542015e-05
1.484554598e-05
1.451679894e-05
1.458583524e-05
1.439296476e-05
1.479595727e-05
1.47071928e-05
1.478095572e-05
1.46054452e-05
1.457856835e-05
1.479398739e-05
1.495641173e-05
1.468157891e-05
1.455885879e-05
1.474249432e-05
1.473205855e-05
1.468645873e-05
1.437517364e-05
1.468431456e-05
1.488273963e-05
1.472197685e-05
1.477091567e-05
1.487535033e-05
1.446943737e-05
1.474888944e-05
1.467786139e-05
1.47843675e-05
1.507119045e-05
1.45680726e-05
1.493691523e-05
1.486918794e-05
1.467320536e-05
1.509481259e-05
1.463754702e-05
1.458013386e-05
1.471287368e-05
1.476559027e-05
1.478148617e-05
1.452833481e-05
1.428431534e-05
1.464690244e-05
1.459418026e-05
1.494881256e-05
1.493187354e-05
1.486290244e-05
1.461477639e-05
1.482445094e-05
1.486723229e-05
1.485869103e-05
1.464118868e-05
1.513447081e-05
1.459424827e-05
1.479710858e-05
1.473897644e-05
1.463416988e-05
1.477374557e-05
1.502250768e-05
1.4701868e-05
1.46650503e-05
1.463380838e-05
1.458344184e-05
1.454268824e-05
1.464163615e-05
1.495735764e-05
1.481289906e-05
1.481426226e-05
1.487089247e-05
1.471815483e-05
1.469785462e-05
1.511864909e-05
1.461507577e-05
1.488333309e-05
1.479418945e-05
1.497792245e-05
1.481765006e-05
1.473314038e-05
1.444941364e-05
1.486516034e-05
1.462318557e-05
1.481659482e-05
1.483641305e-05
1.462477282e-05
1.451003434e-05
1.477472395e-05
1.492496107e-05
1.471589785e-05
1.474744236e-05
1.473150247e-05
1.488073824e-05
1.472602952e-05
1.503089703e-05
1.472157824e-05
1.479185843e-05
1.47846081e-05
1.496126516e-05
1.474908126e-05
1.471063303e-05
1.477718179e-05
1.465895473e-05
1.432524314e-05
1.466206237e-05
1.448122775e-05
1.479005588e-05
1.472446181e-05
1.490038802e-05
1.469165318e-05
1.474829249e-05
1.486345942e-05
1.497924084e-05
1.461580233e-05
1.467250133e-05
1.475442726e-05
1.484991818e-05
1.511966865e-05
1.470682414e-05
1.490132054e-05
1.466999444e-05
1.514828436e-05
1.479613282e-05
1.48869886e-05
1.486410152e-05
1.499656435e-05
1.461085354e-05
1.499441166e-05
1.455599762e-05
1.488625022e-05
1.479617051e-05
1.462596253e-05
1.457708712e-05
1.512404025e-05
1.471670273e-05
1.474044174e-05
1.46986534e-05
1.513954106e-05
1.508094891e-05
1.483541005e-05
1.494475332e-05
1.495082215e-05
1.494084973e-05
1.486518081e-05
1.483630225e-05
1.489347654e-05
1.488802273e-05
1.496027176e-05
1.479749047e-05
1.471532621e-05
1.487297308e-05
1.476509112e-05
1.478395867e-05
1.495534566e-05
1.434379064e-05
1.511306248e-05
1.485998582e-05
1.489151555e-05
1.463457101e-05
1.486215605e-05
1.485904082e-05
1.504635461e-05
1.478273701e-05
1.483345885e-05
1.472213484e-05
1.509105137e-05
1.484719753e-05
1.478887675e-05
1.497454097e-05
1.481339826e-05
1.489981243e-05
1.485881437e-05
1.498615904e-05
1.491999959e-05
1.47559713e-05
1.481974766e-05
1.499705613e-05
1.506502034e-05
1.488690467e-05
1.499176441e-05
1.476261204e-05
1.483411627e-05
1.504750028e-05
1.501508757e-05
1.489743258e-05
1.501194875e-05
1.517577236e-05
1.516540144e-05
1.505387305e-05
1.543192632e-05
1.521662599e-05
1.492233829e-05
1.492995446e-05
1.493063001e-05
1.475692016e-05
1.514440571e-05
1.513907452e-05
1.514800058e-05
1.499959731e-05
1.519138224e-05
1.524282649e-05
1.477955799e-05
1.52074654e-05
1.527725205e-05
1.503469337e-05
1.498788079e-05
1.488176024e-05
1.531718267e-05
1.490328647e-05
1.493339579e-05
1.503243705e-05
1.543387607e-05
1.513097345e-05
1.519690359e-05
1.561996977e-05
1.547464503e-05
1.532606781e-05
1.522574127e-05
1.520694903e-05
1.515206973e-05
1.495884949e-05
1.51858825e-05
1.521574794e-05
1.520461058e-05
1.508627804e-05
1.512775768e-05
1.55085072e-05
1.511966134e-05
1.48514448e-05
1.502571715e-05
1.48243994e-05
1.512795557e-05
1.515609242e-05
1.510234868e-05
1.516386429e-05
1.507767391e-05
1.50546253e-05
1.527833989e-05
1.527365292e-05
1.512262298e-05
1.541971967e-05
1.501128412e-05
1.514032604e-05
1.498758932e-05
1.508845846e-05
1.521768291e-05
1.506593373e-05
1.526108309e-05
1.51730753e-05
1.503247012e-05
1.534753929e-05
1.509774337e-05
1.537572766e-05
1.512536719e-05
1.512558586e-05
1.482769887e-05
1.494433676e-05
1.519085633e-05
1.535435352e-05
1.502256614e-05
1.491825168e-05
1.518845365e-05
1.516842075e-05
1.530345706e-05
1.499623889e-05
1.527918825e-05
1.539988501e-05
1.544645899e-05
1.522396139e-05
1.566462411e-05
1.52488303e-05
1.556345229e-05
1.514422652e-05
1.510392915e-05
1.520687054e-05
1.523763005e-05
1.530023171e-05
1.527093935e-05
1.520187736e-05
1.544645465e-05
1.560898889e-05
1.555809236e-05
1.528154898e-05
1.545831244e-05
1.551444766e-05
1.512544294e-05
1.569807347e-05
1.478329073e-05
1.545057168e-05
1.501934533e-05
1.550069071e-05
1.554608152e-05
1.505915573e-05
1.546695891e-05
1.517267828e-05
1.540175445e-05
1.535949724e-05
1.533788334e-05
1.538617313e-05
1.537168572e-05
1.509964288e-05
1.56086793e-05
1.533710412e-05
1.519295698e-05
1.548016891e-05
1.518004446e-05
1.50461598e-05
1.540994687e-05
1.562225721e-05
1.533381704e-05
1.541206151e-05
1.50779773e-05
1.542842021e-05
1.558276014e-05
1.507043921e-05
1.50119335e-05
1.527710155e-05
1.524202854e-05
1.5692164e-05
1.513311456e-05
1.550473269e-05
1.562965909e-05
1.52819295e-05
1.540208718e-05
1.526145096e-05
1.515496511e-05
1.548507794e-05
1.514587747e-05
1.549908884e-05
1.560988593e-05
1.533043101e-05
1.557363896e-05
1.550650833e-05
1.537159016e-05
1.525251446e-05
1.551670934e-05
1.543791691e-05
1.524484896e-05
1.502292933e-05
1.535005543e-05
1.557552681e-05
1.532146011e-05
1.539493567e-05
1.538452284e-05
1.536072997e-05
1.520210484e-05
1.530727068e-05
1.566780205e-05
1.538305663e-05
1.526329212e-05
1.524530552e-05
1.510152264e-05
1.520508766e-05
1.551995994e-05
1.566308645e-05
1.539996508e-05
1.562074387e-05
1.53330054e-05
1.585613562e-05
1.540464379e-05
1.566094706e-05
1.520068219e-05
1.537352491e-05
1.56054646e-05
1.530746415e-05
1.594748328e-05
1.530858018e-05
1.543277805e-05
1.547760817e-05
1.508999158e-05
1.521221836e-05
1.522704508e-05
1.543441533e-05
1.568196682e-05
1.554644136e-05
1.586413992e-05
1.550350902e-05
1.566873821e-05
1.545857542e-05
1.546146442e-05
1.531292367e-05
1.570190916e-05
1.52236503e-05
1.55688814e-05
1.532288332e-05
1.54534918e-05
1.539023235e-05
1.562080238e-05
1.529332358e-05
1.528144648e-05
1.558150169e-05
1.560584457e-05
1.565222165e-05
1.559142789e-05
1.565935158e-05
1.554880802e-05
1.569736864e-05
1.543547868e-05
1.583666202e-05
1.578083186e-05
1.508244675e-05
1.57395872e-05
1.576052532e-05
1.575400646e-05
1.539142207e-05
1.552985368e-05
1.565935397e-05
1.576536617e-05
1.566174913e-05
1.538682753e-05
1.564047998e-05
1.576952357e-05
1.53655152e-05
1.508691203e-05
1.578292516e-05
1.562940809e-05
1.562212533e-05
1.561942254e-05
1.570548916e-05
1.569531538e-05
1.582843503e-05
1.563735516e-05
1.558256124e-05
1.551414087e-05
1.564828569e-05
1.539138044e-05
1.566742783e-05
1.552276886e-05
1.579527821e-05
1.561300382e-05
1.578841328e-05
1.556890938e-05
1.542071382e-05
1.57140873e-05
1.560967707e-05
1.541706985e-05
1.581013856e-05
1.563298559e-05
1.565059342e-05
1.571090683e-05
1.571287426e-05
1.564741029e-05
1.575456048e-05
1.551141426e-05
1.572806521e-05
1.604905139e-05
1.564565811e-05
1.572106776e-05
1.576987657e-05
1.58793292e-05
1.570265092e-05
1.574679659e-05
1.573109887e-05
1.575848159e-05
1.569359351e-05
1.555009777e-05
1.562638711e-05
1.57313441e-05
1.570289554e-05
1.574038724e-05
1.579333439e-05
1.554852222e-05
1.571005775e-05
1.560336959e-05
1.541054239e-05
1.605249334e-05
1.609046058e-05
1.595794088e-05
1.60898933e-05
1.585018581e-05
1.579257096e-05
1.573381493e-05
1.563596525e-05
1.58969149e-05
1.569384518e-05
1.559147749e-05
1.57536897e-05
1.596111948e-05
1.592648939e-05
1.571276985e-05
1.562022459e-05
1.592337866e-05
1.589767586e-05
1.586663774e-05
1.612743736e-05
1.622076222e-05
1.572850822e-05
1.585795685e-05
1.579297803e-05
1.571244196e-05
1.554810617e-05
1.579954808e-05
1.608695083e-05
1.581688769e-05
1.559721087e-05
1.577000938e-05
1.607535586e-05
1.583349252e-05
1.598420259e-05
1.589704032e-05
1.577228758e-05
1.585485268e-05
1.598240425e-05
1.590255571e-05
1.567591799e-05
1.619556179e-05
1.589192582e-05
1.553438569e-05
1.593793929e-05
1.577475029e-05
1.60352151e-05
1.57408224e-05
1.570612023e-05
1.60339832e-05
1.56745725e-05
1.608466583e-05
1.563962088e-05
1.588616601e-05
1.617346212e-05
1.577692967e-05
1.594877265e-05
1.581913202e-05
1.561710348e-05
1.584989215e-05
1.579832224e-05
1.609709122e-05
1.617544062e-05
1.598101443e-05
1.568136212e-05
1.58843191e-05
1.593475221e-05
1.574256074e-05
1.583118403e-05
1.594738259e-05
1.593434907e-05
1.610138276e-05
1.582165777e-05
1.598962078e-05
1.557174973e-05
1.605070423e-05
1.577890017e-05
1.596791254e-05
1.621119165e-05
1.616440993e-05
1.611808677e-05
1.573864472e-05
1.602418611e-05
1.602799426e-05
1.599590143e-05
1.59888911e-05
1.602459291e-05
1.612084531e-05
1.610852433e-05
1.603724844e-05
1.60208564e-05
1.595030603e-05
1.580811843e-05
1.605293404e-05
1.618855175e-05
1.598123609e-05
1.631864792e-05
1.62673095e-05
1.600969758e-05
1.630961147e-05
1.587928624e-05
1.614509205e-05
1.591770884e-05
1.579822187e-05
1.628731207e-05
1.603827776e-05
1.598680058e-05
1.613264802e-05
1.610145959e-05
1.608923917e-05
1.617676322e-05
1.641826771e-05
1.571057481e-05
1.603665083e-05
1.626393725e-05
1.590187976e-05
1.589395643e-05
1.590118696e-05
1.626055347e-05
1.621462434e-05
1.602921129e-05
1.622843415e-05
1.60871578e-05
1.618401275e-05
1.635212127e-05
1.642318633e-05
1.585390553e-05
1.594916608e-05
1.597090991e-05
1.605079235e-05
1.630098509e-05
1.601760089e-05
1.604044679e-05
1.619316784e-05
1.623771012e-05
1.581443054e-05
1.604626428e-05
1.617933276e-05
1.671327756e-05
1.639990239e-05
1.651221871e-05
1.628264197e-05
1.581358085e-05
1.597083922e-05
1.587792714e-05
1.612176945e-05
1.611774457e-05
1.638656386e-05
1.629650619e-05
1.623863487e-05
1.622400169e-05
1.636652132e-05
1.600526484e-05
1.61712215e-05
1.628575176e-05
1.613163147e-05
1.626173519e-05
1.612400268e-05
1.616650119e-05
1.61218923e-05
1.635153036e-05
1.631379994e-05
1.630390444e-05
1.580080217e-05
1.595989262e-05
1.617564271e-05
1.603140732e-05
1.598895369e-05
1.641813678e-05
1.642540258e-05
1.619321518e-05
1.639183633e-05
1.636355966e-05
1.600195082e-05
1.638393966e-05
1.615093322e-05
1.6077911e-05
1.64436095e-05
1.591458103e-05
1.661856371e-05
1.645585693e-05
1.612312108e-05
1.631147681e-05
1.676896056e-05
1.596068666e-05
1.637928827e-05
1.630746354e-05
1.606208355e-05
1.603476471e-05
1.632123136e-05
1.666192223e-05
1.620107286e-05
1.651572927e-05
1.6548097e-05
1.65610946e-05
1.675975546e-05
1.610003627e-05
1.589269971e-05
1.662002578e-05
1.61997788e-05
1.651869029e-05
1.639880012e-05
1.634502589e-05
1.678189316e-05
1.660079809e-05
1.620551537e-05
1.6532743e-05
1.656914787e-05
1.660646565e-05
1.64908937e-05
1.679092531e-05
1.665935532e-05
1.650849036e-05
1.647890534e-05
1.681305194e-05
1.652468092e-05
1.661314047e-05
1.681410644e-05
1.658990115e-05
1.697592214e-05
1.64396331e-05
1.669783404e-05
1.652004733e-05
1.632280557e-05
1.635403648e-05
1.62901586e-05
1.628312312e-05
1.680248871e-05
1.685353266e-05
1.677973717e-05
1.675254366e-05
1.670437603e-05
1.636998948e-05
1.657835903e-05
1.668983978e-05
1.678178431e-05
1.652291453e-05
1.643508358e-05
1.659070196e-05
1.64538589e-05
1.662846517e-05
1.652903579e-05
1.650973596e-05
1.674026173e-05
1.67094675e-05
1.685047524e-05
1.669107265e-05
1.660895639e-05
1.633191527e-05
1.649525764e-05
1.690432482e-05
1.631063564e-05
1.653510319e-05
1.660639185e-05
1.677147478e-05
1.654315378e-05
1.670218524e-05
1.685851334e-05
1.64898927e-05
1.646330963e-05
1.66388535e-05
1.696486764e-05
1.661279037e-05
1.687114939e-05
1.66398832e-05
1.677311445e-05
1.658226748e-05
1.670852179e-05
1.655025162e-05
1.687713856e-05
1.692226792e-05
1.671944469e-05
1.671353248e-05
1.662609723e-05
1.656420621e-05
1.690487168e-05
1.669022407e-05
1.639839877e-05
1.676310807e-05
1.70831282e-05
1.694907402e-05
1.677422922e-05
1.665321381e-05
1.678841786e-05
1.704298011e-05
1.659246419e-05
1.690231071e-05
1.673775804e-05
1.666226926e-05
1.701721545e-05
1.699819114e-05
1.659727443e-05
1.663930588e-05
1.686965333e-05
1.745901648e-05
1.662695558e-05
1.687784911e-05
1.6887753e-05
1.679792941e-05
1.676555296e-05
1.636064559e-05
1.719120139e-05
1.707053425e-05
1.686974804e-05
1.694417727e-05
1.706165752e-05
1.683735894e-05
1.711832015e-05
1.711946167e-05
1.693465317e-05
1.694092779e-05
1.716111795e-05
1.690857203e-05
1.689081893e-05
1.708943893e-05
1.690311023e-05
1.685805747e-05
1.716386515e-05
1.707146135e-05
1.698768737e-05
1.720982034e-05
1.718588722e-05
1.691287678e-05
1.711207629e-05
1.715304057e-05
1.696383553e-05
1.667178651e-05
1.731216072e-05
1.709746508e-05
1.691120409e-05
1.688574035e-05
1.734445559e-05
1.706246958e-05
1.670067724e-05
1.706589717e-05
1.678933698e-05
1.729009153e-05
1.728772815e-05
1.761682267e-05
1.69030662e-05
1.706980742e-05
1.707909317e-05
1.695258534e-05
1.725028425e-05
1.715958496e-05
1.680669777e-05
1.702172027e-05
1.722721695e-05
1.717318419e-05
1.731143421e-05
1.708157434e-05
1.761247892e-05
1.703686286e-05
1.747385661e-05
1.739479493e-05
1.70123248e-05
1.749666631e-05
1.733674939e-05
1.68526206e-05
1.716451829e-05
1.749958093e-05
1.709030658e-05
1.75166479e-05
1.731367975e-05
1.750588483e-05
1.705263571e-05
1.710576628e-05
1.708306314e-05
1.734338865e-05
1.704722271e-05
1.734569555e-05
1.737985149e-05
1.71986764e-05
1.723865493e-05
1.720539402e-05
1.720169524e-05
1.736920517e-05
1.719344694e-05
1.689551794e-05
1.762045172e-05
1.721454414e-05
1.730335057e-05
1.714874049e-05
1.739395637e-05
1.735814154e-05
1.725607527e-05
1.732526841e-05
1.776261023e-05
1.74661979e-05
1.732812279e-05
1.750158826e-05
1.76505543e-05
1.721005213e-05
1.716015181e-05
1.730823889e-05
1.746955531e-05
1.774392448e-05
1.759052501e-05
1.755475406e-05
1.764513972e-05
1.725147592e-05
1.753481928e-05
1.765348371e-05
1.730713383e-05
1.762301497e-05
1.769103531e-05
1.746465875e-05
1.750916294e-05
1.748905546e-05
1.761835869e-05
1.765640858e-05
1.743009719e-05
1.779156591e-05
1.778969123e-05
1.724458925e-05
1.757266784e-05
1.774004986e-05
1.78206116e-05
1.777490573e-05
1.775054978e-05
1.768508047e-05
1.794479993e-05
1.772187754e-05
1.766861126e-05
1.796206453e-05
1.785229961e-05
1.737377364e-05
1.793986074e-05
1.771599778e-05
1.749379327e-05
1.768167679e-05
1.803363989e-05
1.774581522e-05
1.777437104e-05
1.818714012e-05
1.799186235e-05
1.762106947e-05
1.759964871e-05
1.763588218e-05
1.776168618e-05
1.799528905e-05
1.798687692e-05
1.787343546e-05
1.791580512e-05
1.789456936e-05
1.78564889e-05
1.791135434e-05
1.774481373e-05
1.752942749e-05
1.771336632e-05
1.791596081e-05
1.79953937e-05
1.813366203e-05
1.840135196e-05
1.783042234e-05
1.740199955e-05
1.782003448e-05
1.783263567e-05
1.791590818e-05
1.803913336e-05
1.793824314e-05
1.795412439e-05
1.773326558e-05
1.803295634e-05
1.805677238e-05
1.809192693e-05
1.779156811e-05
1.823116432e-05
1.826551167e-05
1.771481778e-05
1.790227118e-05
1.828631037e-05
1.810108969e-05
1.825591615e-05
1.813789303e-05
1.794212462e-05
1.812884086e-05
1.802858682e-05
1.822457048e-05
1.851868081e-05
1.814166874e-05
1.830204185e-05
1.803365312e-05
1.789585748e-05
1.764994152e-05
1.836248565e-05
1.801898235e-05
1.789585812e-05
1.80893256e-05
1.808372685e-05
1.816095589e-05
1.810968361e-05
1.830764987e-05
1.837811356e-05
1.829068908e-05
1.825962958e-05
1.834109016e-05
1.78722255e-05
1.847219175e-05
1.837347391e-05
1.81711311e-05
1.794701687e-05
1.867132631e-05
1.789071598e-05
1.787960993e-05
1.85548917e-05
1.803668284e-05
1.807445339e-05
1.833167254e-05
1.818992229e-05
1.830994706e-05
1.809272375e-05
1.824148551e-05
1.87949044e-05
1.851704862e-05
1.817519508e-05
1.834066336e-05
1.851122668e-05
1.861271516e-05
1.872950013e-05
1.831843917e-05
1.82631606e-05
1.819813866e-05
1.820765073e-05
1.889038403e-05
1.84868052e-05
1.864570825e-05
1.852933101e-05
1.842042496e-05
1.843239005e-05
1.881464291e-05
1.837310918e-05
1.843935656e-05
1.834604024e-05
1.870035123e-05
1.879924523e-05
1.843247848e-05
1.877068454e-05
1.859643172e-05
1.859109167e-05
1.889114909e-05
1.854817277e-05
1.85648965e-05
1.886509176e-05
1.891707273e-05
1.871844854e-05
1.848849956e-05
1.890456462e-05
1.88644694e-05
1.856881634e-05
1.884339253e-05
1.854382111e-05
1.885159934e-05
1.882391213e-05
1.917055519e-05
1.872576512e-05
1.874374676e-05
1.865590296e-05
1.902191866e-05
1.897513019e-05
1.883266949e-05
1.863447241e-05
1.895085271e-05
1.901743845e-05
1.878427106e-05
1.892995657e-05
1.916576243e-05
1.883259655e-05
1.915264017e-05
1.920948347e-05
1.91979353e-05
1.925075299e-05
1.939940668e-05
1.911488073e-05
1.888858166e-05
1.937981984e-05
1.937801e-05
1.884688283e-05
1.908862281e-05
1.918855278e-05
1.941073911e-05
1.919649106e-05
1.911025159e-05
1.922165301e-05
1.894322681e-05
1.916042225e-05
1.887296341e-05
1.942460435e-05
1.915630927e-05
1.895134543e-05
1.912594342e-05
1.902156241e-05
1.95284786e-05
1.958791525e-05
1.94300491e-05
1.925041525e-05
1.931570137e-05
1.909142782e-05
1.918832264e-05
1.948885206e-05
1.920857443e-05
1.919925957e-05
1.95991717e-05
1.968137301e-05
1.953197951e-05
1.968532031e-05
1.927912536e-05
1.937701284e-05
1.953540792e-05
1.975892701e-05
1.964101145e-05
1.965416178e-05
1.963412161e-05
1.947567531e-05
1.94498171e-05
1.970066538e-05
1.931779894e-05
1.98371214e-05
1.963035221e-05
1.97585476e-05
1.972889903e-05
1.942159337e-05
1.940455421e-05
1.969312416e-05
1.944731046e-05
1.957933647e-05
1.955194831e-05
1.996414304e-05
1.974357123e-05
1.992845833e-05
1.993636167e-05
1.980461248e-05
1.982460597e-05
2.007066562e-05
1.981666209e-05
1.96538707e-05
2.014735579e-05
1.975257095e-05
2.028870844e-05
1.982133402e-05
2.004965672e-05
2.015982685e-05
1.986798067e-05
2.050610427e-05
1.995760159e-05
1.983627378e-05
1.995593335e-05
2.026585505e-05
2.044092797e-05
2.0160078e-05
2.044358139e-05
2.007243891e-05
2.045718045e-05
1.997036926e-05
2.048464855e-05
2.019672858e-05
2.035720199e-05
2.016529062e-05
2.048795036e-05
2.023635934e-05
2.018422955e-05
2.034893846e-05
1.994806976e-05
2.033904816e-05
1.985627254e-05
2.073933644e-05
2.028339345e-05
2.057254015e-05
2.053965882e-05
2.039907434e-05
2.079727793e-05
2.040610002e-05
2.062482018e-05
2.026808177e-05
2.058829261e-05
2.016258943e-05
2.09159372e-05
2.043130876e-05
2.042274704e-05
2.082024153e-05
2.108970754e-05
2.072892458e-05
2.0883796e-05
2.056116578e-05
2.078661214e-05
2.066525771e-05
2.063517989e-05
2.0926628e-05
2.079302852e-05
2.06325031e-05
2.094708747e-05
2.064494645e-05
2.06693902e-05
2.092929387e-05
2.08220094e-05
2.11144775e-05
2.086218475e-05
2.090189e-05
2.070063662e-05
2.103201422e-05
2.139632027e-05
2.099287558e-05
2.100217448e-05
2.101927266e-05
2.122347675e-05
2.077789042e-05
2.13294429e-05
2.111394728e-05
2.100313006e-05
2.10304165e-05
2.1303876e-05
2.091504456e-05
2.118974589e-05
2.108748801e-05
2.130414623e-05
2.127060671e-05
2.105492636e-05
2.135041598e-05
2.151162234e-05
2.130584561e-05
2.148031098e-05
2.164910353e-05
2.143635798e-05
2.165788367e-05
2.14768817e-05
2.129199761e-05
2.201480148e-05
2.13931011e-05
2.127438307e-05
2.11095805e-05
2.137119918e-05
2.198180199e-05
2.146461058e-05
2.143649461e-05
2.170247496e-05
2.175752255e-05
2.215573717e-05
2.192021957e-05
2.229382266e-05
2.165812197e-05
2.165942648e-05
2.173819735e-05
2.180358485e-05
2.176135053e-05
2.171813642e-05
2.186965016e-05
2.181707669e-05
2.202348648e-05
2.219407508e-05
2.128842996e-05
2.169293e-05
2.215799635e-05
2.188230737e-05
2.198628993e-05
2.256236796e-05
2.195912771e-05
2.220059784e-05
2.195141325e-05
2.234763417e-05
2.2245537e-05
2.20237195e-05
2.240491306e-05
2.199104143e-05
2.186838104e-05
2.248395884e-05
2.21741319e-05
2.243095644e-05
2.243665797e-05
2.266604926e-05
2.229572018e-05
2.24065549e-05
2.262237655e-05
2.224803785e-05
2.260707327e-05
2.279659055e-05
2.284891135e-05
2.290908693e-05
2.247316225e-05
2.243829979e-05
2.273785003e-05
2.256128682e-05
2.297887259e-05
2.297968955e-05
2.263905197e-05
2.289961125e-05
2.277740914e-05
2.296987821e-05
2.330016726e-05
2.293738012e-05
2.315456161e-05
2.285491743e-05
2.290826126e-05
2.319809536e-05
2.31521796e-05
2.274346252e-05
2.278680399e-05
2.30780984e-05
2.353228844e-05
2.289455262e-05
2.310955626e-05
2.317006253e-05
2.349116753e-05
2.376245039e-05
2.387526364e-05
2.346793308e-05
2.344982293e-05
2.349563361e-05
2.318140451e-05
2.442091084e-05
2.395673612e-05
2.348578959e-05
2.350665448e-05
2.327235138e-05
2.375922351e-05
2.370954821e-05
2.35885195e-05
2.40242792e-05
2.377617415e-05
2.431139908e-05
2.38963546e-05
2.357456308e-05
2.437879772e-05
2.417458485e-05
2.363790809e-05
2.375753804e-05
2.42887217e-05
2.450298432e-05
2.446338788e-05
2.433914721e-05
2.434423791e-05
2.432378975e-05
2.414290239e-05
2.426122782e-05
2.422718763e-05
2.466878241e-05
2.45320109e-05
2.514412842e-05
2.51537474e-05
2.462581924e-05
2.478006943e-05
2.438736027e-05
2.452525557e-05
2.505548088e-05
2.517497189e-05
2.416114744e-05
2.550313466e-05
2.456103976e-05
2.540892281e-05
2.564690795e-05
2.529942792e-05
2.557733447e-05
2.509507742e-05
2.485656061e-05
2.541568882e-05
2.53000596e-05
2.561201743e-05
2.539398914e-05
2.56072638e-05
2.518314846e-05
2.550310345e-05
2.567394735e-05
2.539031157e-05
2.539689503e-05
2.581719409e-05
2.60135877e-05
2.61194651e-05
2.641002406e-05
2.598628028e-05
2.589537899e-05
2.616289364e-05
2.584092605e-05
2.655901656e-05
2.701323348e-05
2.624764865e-05
2.661154604e-05
2.596314981e-05
2.627423656e-05
2.648012672e-05
2.651737823e-05
2.678271981e-05
2.649335198e-05
2.682465163e-05
2.729561919e-05
2.70916026e-05
2.705868003e-05
2.7193125e-05
2.700983392e-05
2.713274835e-05
2.720320527e-05
2.734628837e-05
2.689407034e-05
2.768406717e-05
2.755359358e-05
2.728306461e-05
2.767416538e-05
2.740000139e-05
2.80259264e-05
2.753902864e-05
2.749891646e-05
2.800528872e-05
2.822008153e-05
2.775444989e-05
2.784568075e-05
2.810250962e-05
2.860295888e-05
2.856867398e-05
2.84796806e-05
2.859788359e-05
2.912903339e-05
2.862783986e-05
2.84824607e-05
2.879739259e-05
2.913550021e-05
2.8831162e-05
2.893578892e-05
2.905612901e-05
2.913410484e-05
2.94847602e-05
2.961952519e-05
2.928519012e-05
3.004125463e-05
2.970659234e-05
2.991276706e-05
2.941632033e-05
2.956983319e-05
3.004302948e-05
2.981045598e-05
3.064756055e-05
3.060304082e-05
3.060007442e-05
3.01599956e-05
3.056999749e-05
3.055675062e-05
3.103246335e-05
3.135961457e-05
3.106943668e-05
3.105786785e-05
3.139566898e-05
3.145030648e-05
3.122209706e-05
3.162111001e-05
3.144691031e-05
3.161209949e-05
3.181328811e-05
3.219815739e-05
3.172745873e-05
3.188748731e-05
3.220363361e-05
3.306516831e-05
3.279601607e-05
3.276186919e-05
3.255657929e-05
3.253338126e-05
3.340664221e-05
3.325110205e-05
3.356170781e-05
3.403802591e-05
3.356028392e-05
3.371463057e-05
3.405836492e-05
3.360247578e-05
3.478128497e-05
3.401340232e-05
3.468915782e-05
3.446650176e-05
3.520948131e-05
3.498547206e-05
3.50910767e-05
3.54017297e-05
3.59504247e-05
3.579201622e-05
3.593485188e-05
3.608373348e-05
3.629899512e-05
3.697662344e-05
3.592418607e-05
3.730383191e-05
3.732840986e-05
3.66099409e-05
3.757325031e-05
3.817752031e-05
3.823597357e-05
3.820732506e-05
3.772141261e-05
3.865451554e-05
3.906003626e-05
3.943953968e-05
3.9171595e-05
3.930417982e-05
4.016913317e-05
4.041410647e-05
4.140213122e-05
4.048357084e-05
4.035723909e-05
4.123607929e-05
4.147944448e-05
4.170375933e-05
4.134646411e-05
4.234945476e-05
4.213237607e-05
4.276864448e-05
4.331242925e-05
4.291828914e-05
4.430269613e-05
4.391157612e-05
4.426443185e-05
4.413804541e-05
4.513585119e-05
4.400875281e-05
4.526848813e-05
4.420854844e-05
4.576025028e-05
4.540204527e-05
4.580160512e-05
4.62367788e-05
4.620617154e-05
4.586155518e-05
4.618569203e-05
4.671591481e-05
4.646824573e-05
4.710683379e-05
4.800210932e-05
4.79119285e-05
4.801475872e-05
4.855823727e-05
4.775198694e-05
4.870593402e-05
4.759995499e-05
4.867673761e-05
4.876980411e-05
4.829449966e-05
4.822313476e-05
4.866925835e-05
4.771520856e-05
4.841398332e-05
4.893720604e-05
4.863429606e-05
4.851508832e-05
4.755139709e-05
4.729608743e-05
4.900864095e-05
4.825143567e-05
4.75201503e-05
4.74613221e-05
4.769714813e-05
4.737823307e-05
4.73886861e-05
4.739778547e-05
4.652183841e-05
4.671737144e-05
4.533992093e-05
4.501156791e-05
4.501302022e-05
4.511637947e-05
4.458918743e-05
4.415461394e-05
4.412664585e-05
4.240737149e-05
4.286769795e-05
4.11437879e-05
4.124969735e-05
4.051527391e-05
4.044221102e-05
3.931639507e-05
3.963853491e-05
3.804141716e-05
3.786191632e-05
3.672906959e-05
3.688087883e-05
3.536968352e-05
3.558886403e-05
3.451434519e-05
3.39982537e-05
3.3011031e-05
3.218583631e-05
3.133589588e-05
3.101554921e-05
3.062242489e-05
2.962639469e-05
2.8634876e-05
2.756138095e-05
2.684257942e-05
2.667133202e-05
2.532782383e-05
2.520705804e-05
2.394794154e-05
2.367481369e-05
2.27782065e-05
2.160101675e-05
2.111226221e-05
2.078287911e-05
1.966599651e-05
1.92366276e-05
1.863153061e-05
1.76320051e-05
1.722707776e-05
1.664713959e-05
1.58849079e-05
1.472841136e-05
1.416999703e-05
1.363680835e-05
1.311567994e-05
1.271045724e-05
1.169193745e-05
1.112156369e-05
1.065200705e-05
1.022784765e-05
9.265473094e-06
9.364270519e-06
8.73103844e-06
8.382830072e-06
7.940067913e-06
7.401837864e-06
6.889951764e-06
6.32914908e-06
6.0224976e-06
6.010546143e-06
5.427535714e-06
5.201647899e-06
4.851788501e-06
4.639703557e-06
4.30783383e-06
4.033122892e-06
3.987095202e-06
3.741169961e-06
3.428665199e-06
3.189999277e-06
2.96764775e-06
2.785122024e-06
2.575500613e-06
2.437330744e-06
2.467348354e-06
2.124188508e-06
2.020669953e-06
1.962208744e-06
1.776702198e-06
1.676634575e-06
1.651050449e-06
1.277399754e-06
1.28120731e-06
1.221482651e-06
1.175523077e-06
1.044575094e-06
9.053987568e-07
8.190826557e-07
7.159877012e-07
6.92094631e-07
6.309685852e-07
5.200667833e-07
5.319035395e-07
4.893713464e-07
4.235761623e-07
3.780697137e-07
3.894721977e-07
3.907368875e-07
3.506722419e-07
2.615640467e-07
2.796255908e-07
3.084457587e-07
1.895897739e-07
2.987373491e-07
2.361469076e-07
1.897126506e-07
2.143942825e-07
1.658910162e-07
1.588514407e-07
9.478370849e-08
1.312680619e-07
1.413581729e-07
1.078757461e-07
9.155212723e-08
8.420835302e-08
1.023304659e-07
7.333086934e-08
6.716154643e-08
6.902983506e-08
5.091447933e-08
3.845645286e-08
6.170675533e-08
7.434274596e-08
6.980226777e-08
9.701851215e-08
7.906938441e-08
5.263063517e-08
5.622126487e-08
5.641839517e-08
8.754329995e-08
8.064646755e-08
7.257777749e-08
8.998236894e-08
3.514998257e-08
3.930461409e-08
6.936442263e-08
7.160679607e-08
9.636918834e-08
4.377262381e-08
3.810009484e-08
5.048798226e-08
5.32979606e-08
6.67678561e-08
8.135755152e-08
4.026530834e-08
5.770126702e-08
1.034259379e-07
5.249081305e-08
3.340066998e-08
5.423110256e-08
8.379087078e-08
8.159148994e-08
7.630116292e-08
3.27865301e-08
3.115767725e-08
3.524101025e-08
3.971141093e-08
4.236389955e-08
3.811643304e-08
8.18083704e-08
4.444351812e-08
5.654519654e-08
7.092239271e-08
6.302224963e-08
2.678797932e-08
8.04402339e-08
3.6132916e-08
5.353685097e-08
4.85725869e-08
5.148045223e-08
3.43808628e-08
4.115984544e-08
3.521239144e-08
4.016811706e-08
6.668758209e-08
6.451903768e-08
4.460397074e-08
3.743404809e-08
6.641327111e-08
3.380866827e-08
6.291193402e-08
6.708964469e-08
2.343809581e-08
2.347712781e-08
2.992097385e-08
1.78549152e-08
4.980644654e-08
4.447122358e-08
5.176585133e-08
5.736377003e-08
7.609480277e-08
7.577631073e-08
4.886732983e-08
3.968920356e-08
5.564710497e-08
4.395504519e-08
4.246190997e-08
4.27797704e-08
3.950648527e-08
4.179901977e-08
5.348659253e-08
5.824062253e-08
5.636479049e-08
5.60887856e-08
4.642593652e-08
4.779923325e-08
2.768684922e-08
4.031695905e-08
3.301109351e-08
2.190638689e-08
2.587350425e-08
3.068339561e-08
3.435106278e-08
2.54883137e-08
4.223072282e-08
3.489716371e-08
3.030958057e-08
6.690483975e-08
4.527204974e-08
4.35478279e-08
4.43796718e-08
7.365731069e-08
5.02429843e-08
6.505484056e-08
6.308342061e-08
2.739341613e-08
7.099152758e-08
4.614068533e-08
1.022803926e-07
5.286126403e-08
8.397890224e-08
4.07942667e-08
5.586736362e-08
4.879154587e-08
4.907238973e-08
7.905261061e-08
5.425404218e-08
4.854672325e-08
8.141223858e-08
4.834152138e-08
5.152047246e-08
3.429167927e-08
4.8859316e-08
2.616968665e-08
4.946499544e-08
3.355323941e-08
3.25482115e-08
3.109671828e-08
5.169576544e-08
7.053888633e-08
4.440048765e-08
3.801825178e-08
4.216131981e-08
3.076645209e-08
5.344866098e-08
5.578593554e-08
4.699608454e-08
5.75958209e-08
4.178508962e-08
5.190805114e-08
4.297273573e-08
3.057251335e-08
3.356518705e-08
3.925102059e-08
2.880326192e-08
1.969634231e-08
7.990297973e-08
6.510391128e-08
3.601562582e-08
6.011186907e-08
3.32475503e-08
4.52890751e-08
3.335358659e-08
7.851638421e-08
5.79715588e-08
6.181146369e-08
3.022995071e-08
5.485190413e-08
7.403953286e-08
5.802182573e-08
6.509822637e-08
3.654838089e-08
5.983126364e-08
3.294277678e-08
4.113719633e-08
3.394832964e-08
8.609495712e-08
1.002468126e-07
5.449567486e-08
6.536611987e-08
2.670036114e-08
5.036957449e-08
3.216899395e-08
3.515657021e-08
5.155705158e-08
5.705946491e-08
2.937168992e-08
4.470458411e-08
6.164162173e-08
4.771837285e-08
4.883908301e-08
4.442633425e-08
5.244868987e-08
7.53269171e-08
5.331756924e-08
8.21749436e-08
4.163875444e-08
5.345953742e-08
5.906729089e-08
9.080465844e-08
5.017776336e-08
3.402929504e-08
4.310838862e-08
6.231607622e-08
4.223356314e-08
4.494664427e-08
5.35873452e-08
4.274319714e-08
3.982476804e-08
3.474145631e-08
4.947706013e-08
4.45006893e-08
4.960579108e-08
2.292233431e-08
3.295354705e-08
4.080994867e-08
4.430750358e-08
8.317416062e-08
3.207300071e-08
4.717803481e-08
4.50124676e-08
4.058460458e-08
4.488694055e-08
4.199751757e-08
5.073992104e-08
3.286388786e-08
2.226951246e-08
3.523245615e-08
2.956068322e-08
4.109901996e-08
2.002372708e-08
4.169933025e-08
4.698350104e-08
3.798248104e-08
3.19364232e-08
3.801871915e-08
3.076740321e-08
3.135368676e-08
3.936979382e-08
3.332086096e-08
3.977545977e-08
4.64341396e-08
5.100831729e-08
3.905390867e-08
4.550945827e-08
2.78948047e-08
1.384705679e-08
2.48693996e-08
1.949930738e-08
7.014870204e-08
3.138238012e-08
2.227493222e-08
3.624039502e-08
3.661004005e-08
5.494797763e-08
5.789787862e-08
4.597489169e-08
2.585173492e-08
3.31602354e-08
4.64097389e-08
5.0469249e-08
6.331833637e-08
2.894995628e-08
4.230731981e-08
2.388887183e-08
4.734997805e-08
2.744555647e-08
4.230632191e-08
4.991588155e-08
3.115083567e-08
5.104807869e-08
4.978625775e-08
2.354288536e-08
3.465610724e-08
5.932158611e-08
3.685787168e-08
4.682442298e-08
5.381467645e-08
3.620642433e-08
6.355709912e-08
4.372764632e-08
2.06567502e-08
4.743761615e-08
3.41855358e-08
3.492089977e-08
4.371098459e-08
3.570907848e-08
3.812700977e-08
2.164316375e-08
3.741454029e-08
4.616441185e-08
5.76421269e-08
7.143597233e-08
5.608570332e-08
4.293130059e-08
3.256784165e-08
4.212622909e-08
5.524599089e-08
5.040222591e-08
5.129224134e-08
3.060484357e-08
5.498020255e-08
3.228680975e-08
6.784768438e-08
3.569506327e-08
4.621331996e-08
3.080699766e-08
4.432884611e-08
4.299785626e-08
3.825305252e-08
6.00686818e-08
1.933889969e-08
4.693754124e-08
7.018372898e-08
4.585560851e-08
3.051552782e-08
5.147380689e-08
3.901803777e-08
1.70158364e-08
4.603001385e-08
4.198477989e-08
5.283944448e-08
6.645306608e-08
3.75465992e-08
5.077663391e-08
5.603394157e-08
4.272913568e-08
4.113307241e-08
4.937015549e-08
7.327318387e-08
6.787850332e-08
4.46512694e-08
3.390550871e-08
3.031224799e-08
3.130095259e-08
3.483064723e-08
2.946640711e-08
2.83323007e-08
2.766244558e-08
1.324199138e-08
1.884380711e-08
4.158785334e-08
2.053702639e-08
3.196973814e-08
7.596156864e-08
3.047710949e-08
3.858580636e-08
4.223277286e-08
3.611102434e-08
3.092777698e-08
2.135830811e-08
2.8279842e-08
4.208025422e-08
2.383627913e-08
2.133988402e-08
4.03723623e-08
4.090035692e-08
4.433606258e-08
7.569421025e-09
2.673933414e-08
1.642216556e-08
4.267244397e-08
5.089117195e-08
1.162583161e-08
2.149188266e-08
2.067024556e-08
4.29705153e-08
6.048789101e-08
2.616953694e-08
2.60847315e-08
1.674598309e-08
1.997608312e-08
1.952270847e-08
2.928280601e-08
3.066135773e-08
2.471916622e-08
3.064994695e-08
5.214037491e-08
3.485953027e-08
3.748044036e-08
2.426054428e-08
1.560555614e-08
2.619741567e-08
3.034701734e-08
2.189974507e-08
5.065934641e-08
3.95492364e-08
2.949148003e-08
5.950449889e-08
3.013919643e-08
4.029421225e-08
2.132842945e-08
2.509271385e-08
2.889363583e-08
1.39414664e-08
3.170883824e-08
3.284316181e-08
2.817442335e-08
6.935009399e-08
7.533780751e-08
4.619598326e-08
4.42399692e-08
3.280843433e-08
3.176798398e-08
1.975105446e-08
4.933851196e-08
2.573629877e-08
3.221530999e-08
1.793798373e-08
2.357068347e-08
2.641218064e-08
3.841171606e-08
3.738722414e-08
3.318228419e-08
3.072976971e-08
4.569172667e-08
2.491408515e-08
3.38483438e-08
1.650151566e-08
1.636247365e-08
2.563823221e-08
2.301726915e-08
2.535300011e-08
2.829602251e-08
2.731333187e-08
3.956958548e-08
4.270543903e-08
1.773383074e-08
3.830353057e-08
5.194363084e-08
4.556176293e-08
2.786140593e-08
6.11760756e-08
2.804782001e-08
1.753448e-08
4.176852122e-08
2.280087535e-08
3.701058464e-08
3.187479807e-08
2.957831222e-08
1.921023043e-08
3.513781852e-08
3.38325306e-08
6.43628381e-08
1.747921286e-08
1.163927215e-08
6.262194444e-08
1.65370081e-08
1.610399956e-08
3.289867799e-08
2.352949129e-08
4.421529878e-08
2.909917219e-08
4.102584026e-08
3.707091451e-08
2.795481743e-08
2.664341809e-08
1.656671177e-08
3.725068552e-08
2.312466155e-08
3.104718288e-08
4.329348375e-08
2.450287584e-08
1.78446121e-08
2.887882643e-08
1.372186334e-08
5.727849422e-08
3.236046297e-08
5.105673162e-08
5.263724576e-08
4.475052398e-08
4.172965901e-08
1.950790777e-08
2.343334102e-08
2.763613173e-08
1.201940293e-08
2.76103234e-08
3.128973537e-08
3.875371227e-08
8.761125689e-09
3.938793835e-08
5.055978351e-08
4.744755902e-08
6.821402627e-08
2.68725164e-08
2.465896894e-08
2.491623773e-08
3.012754371e-08
1.997509543e-08
2.413177356e-08
4.361029908e-08
4.934845446e-08
1.987411896e-08
2.145938781e-08
3.994994113e-08
2.750912786e-08
3.113136237e-08
3.103366407e-08
2.883785756e-08
2.56410079e-08
1.837556609e-08
2.567659114e-08
2.33687845e-08
2.407627773e-08
3.06416367e-08
3.145589904e-08
1.591709618e-08
3.743733535e-08
1.2507425e-08
2.749010433e-08
3.477941052e-08
2.702781351e-08
2.646773392e-08
4.253377395e-08
1.666464128e-08
2.984160984e-08
1.888527651e-08
2.920086698e-08
4.385374753e-08
3.437120438e-08
2.991760459e-08
3.437102189e-08
2.686892028e-08
2.744612736e-08
2.958869062e-08
2.344449011e-08
2.331531044e-08
1.692011817e-08
3.301375269e-08
2.838038963e-08
1.340116126e-08
1.565848175e-08
1.366888407e-08
2.23728541e-08
1.077409666e-08
2.388202919e-08
3.141031324e-08
2.92758766e-08
3.848081186e-08
1.454444222e-08
1.976973713e-08
4.479442344e-09
1.515861871e-08
1.756428393e-08
1.717467514e-08
2.325514664e-08
1.702252002e-08
2.403825446e-08
2.953180001e-08
1.614018868e-08
1.983022261e-08
2.734101098e-08
2.931174197e-08
1.457585548e-08
1.68070744e-08
1.451218373e-08
2.714439568e-08
2.200248621e-08
2.949021898e-08
2.500653379e-08
4.634720014e-08
5.609262012e-08
2.292119751e-08
2.590563844e-08
3.609737545e-08
2.750764454e-08
5.238483269e-08
2.96242073e-08
1.83767403e-08
3.469514052e-08
6.991536779e-08
3.762294673e-08
1.257787092e-08
9.723240591e-09
2.994577246e-08
3.582453507e-08
2.237419237e-08
3.500124839e-08
3.562142793e-08
3.54903492e-08
2.944275045e-08
2.366556545e-08
3.175845414e-08
3.559292093e-08
1.789560807e-08
2.892321041e-08
2.095573229e-08
1.4571505e-08
1.784453177e-08
3.100530622e-08
1.174150924e-08
3.17389726e-08
2.694445658e-08
1.280788873e-08
7.198306625e-09
2.532820237e-08
5.383734455e-08
5.435330721e-08
2.30660354e-08
3.516438237e-08
2.226974496e-08
1.279731551e-08
2.384392803e-08
2.142199874e-08
3.451069171e-08
2.281887948e-08
2.712594949e-08
8.312129739e-09
2.575446924e-08
2.856920786e-08
3.369856304e-08
1.841717713e-08
2.427122522e-08
3.360312128e-08
1.911549728e-08
3.311517677e-08
1.648368694e-08
2.115847539e-08
2.410653697e-08
2.620036126e-08
2.677731769e-08
2.421872376e-08
1.500784083e-08
6.924344726e-09
3.505380519e-08
2.228329278e-08
2.562720263e-08
1.192092901e-08
2.230271169e-08
3.389930566e-08
2.780542717e-08
2.804004186e-08
3.363812529e-08
8.338431892e-08
5.507561279e-08
2.066954673e-08
4.250770947e-08
1.083419818e-08
3.397773966e-08
1.09761586e-08
2.012025982e-08
4.593894181e-08
1.609923108e-08
3.998011688e-08
6.429806989e-08
2.190469506e-08
3.809961009e-08
3.731733e-08
3.164783374e-08
1.78381977e-08
1.966194379e-08
2.275869545e-08
1.734624978e-08
2.953981441e-08
2.64465967e-08
1.380538987e-08
1.069086385e-08
1.395803134e-08
1.470954463e-08
2.041515244e-08
3.509718145e-08
2.917998342e-08
1.70938525e-08
1.68900745e-08
1.156983048e-08
3.402990627e-08
1.868788673e-08
1.563795112e-08
3.485929396e-08
2.379647585e-08
1.980848522e-08
1.509136379e-08
2.913740196e-08
2.542837097e-08
3.65182801e-08
2.39029629e-08
1.86197796e-08
2.03405283e-08
1.026175898e-08
6.211131943e-09
1.361414453e-08
3.292519242e-08
1.257522811e-08
2.005764821e-08
2.322587098e-08
3.591323447e-08
2.753770032e-08
2.165350145e-08
2.362265899e-08
1.26253808e-08
2.807921174e-08
2.484819082e-08
1.972091818e-08
1.999473586e-08
2.892105193e-08
3.386980172e-09
1.836073215e-08
1.855101872e-08
2.100754869e-08
3.544756853e-08
4.56375044e-08
1.826373597e-08
1.327670131e-08
2.225025579e-08
1.325623693e-08
2.988487848e-08
2.292889657e-08
2.924694134e-08
1.720350719e-08
2.156776249e-08
2.199659728e-08
2.690892936e-09
3.307701552e-08
2.365537757e-08
6.47286506e-09
4.498562174e-08
1.775197379e-08
5.967055305e-08
4.915919357e-08
4.372459709e-08
2.540113891e-08
2.99664792e-08
1.038131309e-08
6.020790575e-09
2.03194368e-08
2.272487374e-08
1.537824533e-08
2.265229291e-08
3.343694689e-08
4.233626763e-08
5.083722978e-08
2.224521879e-08
1.03772759e-08
2.031310614e-08
2.025381085e-08
6.044881289e-09
2.942319143e-08
2.565253736e-08
1.13244526e-08
7.447538105e-09
2.509050657e-08
3.843022751e-08
1.694802665e-08
8.65362469e-09
2.036652603e-08
1.931240177e-08
2.017462575e-08
8.970583243e-09
8.217252548e-09
2.859089244e-08
2.325915796e-09
1.633657784e-08
8.124991729e-09
1.854250303e-08
1.954654389e-08
2.227606501e-08
1.117862483e-08
2.138792871e-08
1.756381748e-08
1.158323194e-08
2.241407344e-08
2.134765361e-08
1.60001667e-08
2.41651744e-08
3.897698965e-08
1.637170512e-08
2.005215315e-08
1.070215297e-08
5.410514252e-09
1.466098671e-08
1.630746723e-08
4.959370047e-08
1.65593807e-08
2.989669138e-08
2.308720653e-08
1.418550692e-08
3.557421078e-08
1.449277258e-08
1.694398917e-08
9.368789757e-09
1.511477417e-08
9.630809563e-09
1.639749071e-08
2.094296897e-08
1.351316748e-08
1.998822311e-08
6.792821324e-09
2.081086696e-08
3.178927833e-08
1.896417755e-08
2.00682983e-08
7.949274842e-09
1.809306614e-08
2.487941455e-08
2.06741109e-08
3.208720936e-08
2.056855926e-08
8.525343162e-09
3.791130985e-08
2.744687995e-08
3.367982076e-08
2.446656961e-08
1.380386689e-08
2.012080131e-08
1.455974695e-08
1.547380163e-08
1.5785353e-08
1.112995749e-08
2.17172975e-08
1.50061233e-08
1.792982813e-08
2.986377358e-08
1.838149334e-08
2.294161895e-08
1.750052583e-08
2.427556803e-08
2.945733105e-08
4.14383531e-08
2.049450389e-08
1.860846889e-08
2.835824925e-08
2.586337003e-08
1.992110386e-08
3.417348406e-08
3.425132945e-08
8.244493517e-09
1.29872478e-08
4.315746059e-08
4.079366873e-08
2.201064263e-08
3.145917942e-08
2.2176311e-08
9.389817065e-09
3.000448604e-08
2.864543639e-08
3.751675154e-08
9.004031316e-09
1.867596642e-08
6.524379002e-09
1.3859014e-08
5.321801199e-09
1.924161669e-08
1.171554545e-08
1.45708964e-08
1.521812566e-08
1.550374038e-08
1.006740517e-09
1.443466448e-08
1.558629917e-08
7.982910486e-09
2.420315925e-08
7.012036137e-09
1.70226088e-08
1.918427436e-08
5.826771655e-09
1.44949788e-08
2.743762764e-08
1.250424683e-08
1.124785069e-08
3.181435024e-08
2.344783422e-08
2.986992887e-08
3.679486051e-08
1.391325385e-08
9.012085258e-08
4.574081216e-08
4.891238041e-08
2.88895417e-09
1.348990762e-08
2.16778509e-08
1.654355019e-08
1.297458248e-08
3.900391219e-08
3.921950091e-09
1.995048503e-08
5.270415581e-09
3.500576678e-08
7.423773774e-09
9.954860968e-09
1.155952339e-08
2.067889554e-08
9.974943734e-09
2.999741653e-08
2.127634921e-08
1.144479945e-08
1.645157662e-08
1.199868424e-08
1.163820072e-08
7.599419695e-09
1.40500799e-08
3.398457202e-08
1.208415272e-08
2.171046088e-08
7.47439588e-09
1.818455478e-08
1.743938428e-08
9.581633238e-09
2.229910112e-08
1.585750155e-08
2.714374508e-08
2.17631486e-08
1.551981547e-08
1.685983456e-08
1.567737404e-08
2.263410738e-08
2.66601237e-08
1.542454903e-08
1.168249676e-08
1.86199454e-08
1.71565122e-08
3.017334938e-08
4.834274755e-09
1.412010792e-08
3.316830982e-08
1.246939577e-08
2.797631732e-08
1.668439241e-08
3.658188855e-08
1.808252241e-08
1.744405564e-08
2.257212244e-08
1.615944791e-09
1.640470296e-08
4.718977003e-09
4.45192946e-09
1.00451364e-08
6.617992294e-09
1.320098841e-08
9.361470772e-09
5.349085267e-09
1.581552494e-08
1.489477151e-08
1.020858242e-08
1.304901893e-08
1.053883019e-08
1.79620255e-08
8.97094204e-09
1.522898504e-08
1.302390067e-08
1.18127413e-08
1.589268532e-08
3.900465759e-09
2.886562973e-08
1.988541876e-08
1.856415474e-08
1.510350968e-08
1.432866864e-08
1.833932064e-08
2.176647316e-09
9.074063577e-08
4.151488316e-08
1.320092186e-08
1.61504155e-08
1.748815791e-08
1.037968054e-08
1.763570187e-08
3.932985125e-08
1.054619256e-08
1.575886243e-08
9.314314737e-09
1.541313059e-08
2.98290683e-08
2.197476386e-08
1.751729102e-08
2.289015822e-08
2.465947691e-08
2.129431631e-08
1.790379961e-08
8.607281014e-09
8.940259351e-09
6.876887371e-09
2.999528836e-08
4.109426125e-10
5.722048286e-09
1.110736456e-08
1.3696011e-08
1.438319111e-08
7.207670658e-09
6.18589076e-09
7.4587784e-09
2.144380109e-08
1.181851169e-08
2.160744419e-08
1.607103898e-08
1.948299239e-08
1.515799732e-08
1.732752633e-08
2.295875382e-08
1.616686729e-08
2.129908594e-08
6.934664463e-09
1.973612769e-08
2.59439731e-09
5.253933302e-09
2.615446519e-08
1.916020083e-08
8.427236776e-09
3.446532518e-08
2.623588207e-08
1.083640445e-08
1.384622074e-08
1.14750827e-08
8.805463845e-09
2.93814602e-08
1.422197702e-09
1.136334035e-08
1.513129535e-08
2.353170692e-08
1.301525549e-08
2.235437759e-08
7.955531024e-09
2.236726839e-08
1.140639127e-08
2.643760468e-09
6.08621916e-08
8.481686419e-09
1.175157537e-08
4.859743162e-09
6.728547023e-09
2.163507635e-08
1.188112167e-08
2.506423958e-08
2.115688502e-08
1.802214246e-08
6.097499882e-08
2.596473916e-08
1.760376187e-08
4.963046406e-09
7.66161925e-09
1.567671514e-09
1.178746418e-08
1.671349494e-08
4.828796202e-09
1.556317221e-08
2.012697428e-09
6.054322149e-09
2.28157481e-08
1.21612058e-08
7.720285982e-09
4.059298393e-09
3.981181762e-09
4.724866011e-09
1.600068129e-08
1.144879503e-08
1.843467004e-08
1.334241956e-08
1.624256415e-08
1.209964272e-08
1.824554035e-08
7.012962355e-09
9.88714556e-09
1.78600846e-08
4.426815467e-09
1.543297771e-08
2.790830466e-09
9.459812673e-09
1.222109246e-08
6.098645165e-09
1.393861233e-08
6.850988089e-09
9.6702361e-09
1.991662199e-08
1.902998826e-08
1.349426325e-08
2.006805778e-08
8.518404391e-09
1.182298691e-08
2.379151394e-08
1.031917862e-08
4.122647191e-08
1.704221395e-08
5.360675496e-09
1.156785446e-08
8.894572288e-09
1.653076654e-08
6.036338772e-09
3.335679256e-08
2.050234133e-08
1.480650124e-08
1.574505503e-08
1.495928945e-08
3.35614636e-09
1.011079927e-08
2.292112044e-08
1.989510335e-08
8.260040294e-09
2.056743153e-08
8.392791372e-09
7.008641813e-09
2.482832945e-08
2.814211569e-08
1.569841569e-08
1.286342772e-08
1.520761483e-08
1.61030046e-09
1.565725505e-08
8.796393863e-09
1.286534575e-09
1.014628979e-08
1.674612888e-08
1.092412836e-08
1.095752423e-08
7.120444271e-09
6.391389751e-09
1.161209899e-08
2.318893044e-09
1.110386079e-08
1.522541198e-08
6.225667506e-09
5.568192219e-09
2.707881658e-08
1.735695861e-08
2.84908591e-08
7.132623245e-09
1.176179609e-08
1.361576611e-08
2.879189444e-08
1.503656426e-08
9.495893525e-09
1.698295229e-08
7.168088943e-09
1.1434158e-08
8.476863893e-09
2.204219054e-08
3.207883393e-08
4.176673782e-09
4.059723435e-09
9.721645394e-09
3.849669622e-09
1.908958954e-09
7.340881118e-09
3.616715696e-09
1.702684265e-08
4.032123412e-09
1.001002301e-08
1.312429475e-08
5.636681859e-09
1.445899156e-08
6.716225454e-09
1.131478263e-08
2.588210495e-09
1.728267755e-09
1.60596921e-08
1.001510436e-08
2.461711756e-08
2.23019841e-08
1.444818349e-08
1.454106117e-08
9.589946359e-09
8.888279972e-09
1.056638145e-08
8.704302232e-09
1.132447379e-08
8.532879513e-09
2.376406881e-08
2.895689327e-08
1.303152021e-08
1.507529473e-08
2.809920354e-08
5.195097271e-09
2.061526788e-08
1.73366469e-08
7.868105228e-09
1.006156565e-08
6.637650306e-09
1.208614367e-08
1.511777734e-09
9.52119588e-09
1.239990564e-08
1.480065586e-09
1.138166007e-08
1.11981471e-08
7.337692516e-09
5.837928226e-09
5.282286675e-09
4.707121367e-08
3.955376801e-08
2.831315677e-08
6.235942061e-09
1.99249838e-08
2.220162569e-08
2.496801076e-08
3.030175796e-08
1.501190644e-08
3.86331894e-08
4.64580687e-08
6.33754855e-09
1.441635963e-08
1.074061608e-08
9.155897664e-09
2.272175909e-08
9.335340692e-09
8.44142252e-09
9.976622383e-09
2.293284339e-08
8.997931178e-09
2.253930457e-08
1.59703271e-08
1.124497215e-08
2.662159946e-08
7.001917748e-09
5.86897918e-09
2.500705649e-08
1.036929718e-08
1.113380201e-08
7.989394628e-09
2.178931223e-08
1.398325887e-08
1.847443721e-08
1.7995882e-08
7.129851728e-09
1.19021851e-08
2.503197088e-08
9.089882522e-09
1.873278842e-08
1.241697877e-08
4.301036378e-09
5.135346663e-09
1.230376054e-08
1.056591806e-09
5.373033259e-09
1.955409374e-08
1.237134991e-08
7.56887461e-09
5.421032576e-09
5.68153767e-09
8.128617705e-09
3.487035373e-09
1.23400505e-08
1.562124805e-08
1.152426572e-08
1.33122909e-08
4.043190034e-09
6.524025692e-09
1.97026989e-08
1.335841307e-08
1.500103407e-08
1.39278445e-08
7.066954501e-09
3.10628949e-09
1.281014644e-08
3.569542223e-09
1.163726148e-08
6.525335565e-09
1.018439544e-08
8.050989679e-09
2.090474696e-08
1.926783937e-08
4.134559046e-08
1.277536013e-08
6.955935023e-09
2.68044192e-08
9.811334155e-09
4.131535051e-09
2.242026636e-08
1.998681239e-08
2.5514649e-08
1.865066278e-08
1.926023152e-08
2.021497146e-08
5.120882244e-08
2.643790726e-08
1.569628035e-08
6.028491837e-09
1.555022558e-08
1.319319673e-08
1.479485304e-08
5.927613783e-09
1.808914219e-08
2.481339695e-08
4.93682428e-09
7.617424433e-09
1.408207247e-08
1.369100737e-08
1.095654308e-08
1.009857807e-09
9.115836446e-09
1.573372326e-08
1.65376537e-08
9.910514437e-09
4.626454441e-09
6.661961275e-09
1.248001765e-08
8.776981212e-09
1.340709855e-08
1.155904669e-08
8.198319973e-09
1.215843267e-08
2.027273273e-08
1.347459692e-08
8.080206067e-09
1.437190667e-08
1.249155942e-08
1.476934532e-08
1.017676108e-08
5.233364063e-09
1.378529373e-08
1.115392397e-08
2.625958537e-08
1.138995303e-08
3.835258e-08
8.055075962e-09
1.187638454e-09
2.178198787e-08
6.782876911e-10
2.693632942e-08
2.733046663e-08
1.201668696e-08
1.680389009e-08
1.347197806e-08
3.645483885e-08
7.791553716e-10
1.925462742e-08
1.023539903e-08
1.918726195e-08
8.360735812e-09
1.696789067e-08
1.593273239e-08
1.559460121e-08
8.176731453e-09
1.585046891e-08
1.667161855e-08
1.228627223e-08
1.879123596e-08
6.514190683e-09
5.653917314e-08
1.970706067e-08
4.81122242e-09
6.65543699e-09
7.670414646e-09
6.462494138e-09
2.648021991e-08
2.040102294e-08
3.665046476e-09
1.934785539e-08
1.619770636e-08
1.220781768e-08
1.132446615e-08
6.159177749e-09
9.506148787e-09
1.404379677e-08
6.373923203e-09
1.801334967e-08
1.567518548e-08
1.755712243e-08
5.76040529e-09
8.432790707e-09
1.647976614e-08
1.660413041e-08
7.152600219e-09
1.591300601e-08
1.511782667e-08
8.758845727e-09
1.591007391e-08
1.838132964e-08
2.103664274e-08
1.640667254e-08
1.663444623e-08
8.354784033e-09
2.639072063e-09
2.109955864e-08
7.435297089e-09
1.104122162e-08
1.224685641e-08
2.169506301e-08
4.838296864e-09
2.623888988e-08
1.479441304e-08
2.218811883e-08
1.942696319e-08
2.02708394e-08
1.01368379e-08
2.405871866e-08
2.652424101e-08
1.814111123e-08
1.935765611e-08
1.031708021e-08
2.206906384e-08
8.916259208e-09
3.423089901e-08
3.299331374e-08
3.306330495e-08
8.660359963e-09
2.248202427e-08
1.027307232e-08
1.485029338e-08
8.934678735e-09
3.12144232e-08
1.390244959e-08
1.275963002e-08
1.499026145e-08
8.745821937e-09
2.3268037e-08
2.69260741e-08
1.941280065e-08
2.824690007e-08
6.823888757e-09
2.222616757e-08
5.156760636e-09
2.975856701e-08
8.891236907e-09
6.124500091e-09
9.281397149e-09
9.646075119e-09
7.184605877e-09
1.27383078e-08
8.50133568e-09
5.901043393e-09
1.611859385e-08
1.703778981e-08
2.152025576e-08
1.281983126e-08
6.456475025e-09
5.458661369e-09
1.315236438e-08
1.156878949e-08
1.863354431e-08
8.221133707e-09
1.116492224e-08
6.558926651e-09
9.653144899e-09
4.284301229e-09
1.576019416e-08
5.258221546e-09
6.660535501e-09
2.334152784e-08
6.962576755e-09
1.483844795e-08
2.523537407e-08
6.947557982e-09
8.295587973e-09
4.651236071e-09
1.573185539e-08
1.546530308e-09
1.306252931e-08
8.954054905e-09
5.245626611e-09
1.972643496e-08
1.016562565e-08
9.396643335e-09
8.109934956e-09
1.603071878e-08
7.043419796e-10
1.317372153e-08
1.152632957e-09
1.225392293e-09
5.046806497e-09
2.09351559e-08
4.929590236e-09
9.061294301e-09
1.216621719e-08
1.397995952e-08
8.845627164e-09
3.472113825e-09
1.253383694e-08
1.528468382e-08
4.644659549e-09
5.910117886e-09
1.532486717e-08
5.734533338e-09
1.037943342e-08
1.598323936e-08
1.193770125e-08
8.23837655e-09
1.93356498e-08
7.643157373e-09
1.61022673e-09
2.294781881e-08
3.34754776e-08
4.240268602e-09
1.471148152e-08
7.148716677e-09
3.891076831e-09
1.410185718e-09
6.456037708e-09
1.975716241e-09
5.02363896e-09
3.344425908e-10
1.06324287e-08
8.402889002e-09
6.506143417e-10
3.311848126e-09
6.947064366e-09
2.544745197e-09
1.022199832e-08
1.438796207e-09
5.339220278e-10
8.140694237e-10
8.982118889e-09
6.736690164e-09
6.831357036e-09
5.332400496e-09
9.218257874e-09
6.591092311e-09
9.145996025e-09
7.601203668e-10
6.443190351e-09
