#################################### 
# Matrix Size= (25,25,400)
# Resol      = (1,1,4000)
# VoxelSize  = (25,25,0.1)
# nbVal      = 4000
#################################### 
5762.056599
5953.994975
6031.15849
6093.181427
6006.309944
6109.178563
6080.870712
6119.747034
6129.500074
6211.197129
6220.154255
6189.016073
6123.746573
6159.903249
6195.975553
6212.462681
6237.910375
6118.719507
6180.268611
6195.365281
6233.155597
6212.262152
6223.842091
6271.87242
6243.081388
6261.281915
6118.436454
6274.032662
6202.262496
6252.033441
6236.970113
6290.890347
6334.232845
6322.456181
6158.461067
6355.966634
6277.85131
6285.417933
6292.49838
6321.801232
6367.491656
6277.433588
6316.666838
6334.1998
6259.848313
6250.389935
6456.934727
6344.316974
6257.429472
6379.003087
6313.550124
6336.957488
6423.343738
6270.912663
6319.597996
6341.153702
6173.72739
6373.994119
6365.53469
6325.541543
6279.905179
6312.41144
6364.193549
6291.910306
6374.089693
6456.320632
6307.445778
6440.026479
6334.475429
6313.287059
6368.999357
6311.066418
6298.828298
6300.66729
6381.726857
6427.317392
6349.254724
6421.086813
6354.749966
6429.568413
6450.563199
6300.135609
6388.483072
6317.33481
6362.21911
6434.982089
6422.502598
6279.564391
6318.720814
6428.822637
6399.06139
6396.505154
6430.978262
6419.243251
6394.472594
6374.200571
6425.191334
6402.85222
6471.665528
6375.317046
6388.878704
6338.678808
6451.450487
6407.472924
6461.67457
6449.780671
6433.267273
6329.539769
6428.055179
6431.786063
6491.474239
6439.599112
6432.582583
6502.035793
6551.347992
6472.55293
6404.133331
6401.906117
6480.109255
6367.588595
6426.076401
6623.705026
6554.863765
6375.405151
6635.825714
6546.396868
6490.018313
6422.9434
6357.776285
6441.241259
6532.21045
6508.673596
6516.975392
6562.226814
6509.000265
6470.14525
6577.752222
6489.608106
6468.006937
6481.753116
6633.97786
6620.667134
6637.402186
6524.042807
6493.221317
6523.268779
6591.544121
6597.590977
6580.209361
6663.75883
6585.561638
6503.560015
6627.501473
6465.442627
6634.718133
6511.465891
6518.952503
6572.831356
6535.697105
6482.225312
6523.545236
6544.68042
6514.710597
6536.466646
6568.48269
6601.373012
6619.569571
6610.55201
6548.849418
6608.136699
6544.390416
6597.615716
6576.997603
6475.625051
6545.143866
6511.224366
6529.808299
6520.245282
6677.972873
6613.361756
6683.585443
6673.558299
6606.019195
6658.532031
6584.772738
6732.577074
6712.370008
6576.513672
6544.686043
6614.388099
6603.022452
6598.947325
6684.42815
6613.294752
6556.819544
6555.270877
6628.726275
6577.005274
6625.255588
6636.485942
6573.096264
6663.985439
6565.307316
6547.092714
6536.13288
6614.066383
6606.403623
6622.249822
6692.678466
6592.483838
6633.232419
6540.119659
6599.339978
6565.910767
6605.506486
6546.361469
6669.1819
6530.510698
6729.997917
6547.061629
6718.503355
6685.81839
6753.994674
6720.929458
6544.849707
6633.820825
6655.748956
6570.550751
6747.517383
6568.975325
6660.483211
6590.657888
6648.140069
6701.735522
6664.450732
6600.435137
6574.976553
6554.178014
6460.5326
6668.22436
6823.27252
6693.058079
6594.809399
6620.761128
6750.343547
6643.125921
6697.276188
6586.006563
6595.191097
6636.714697
6645.016451
6674.080097
6670.471132
6683.515329
6737.899775
6612.631841
6718.678063
6664.730439
6576.831191
6700.567794
6664.959944
6744.85008
6644.036354
6709.685279
6784.23879
6677.257718
6707.191481
6670.764089
6757.30887
6607.986374
6578.840771
6652.546068
6629.47949
6542.718863
6757.26626
6620.28007
6791.046186
6723.120848
6699.469814
6755.267028
6629.422328
6678.521048
6620.053612
6716.007864
6826.649196
6752.214377
6701.379996
6768.785822
6593.207771
6682.535559
6625.274661
6754.869114
6803.189233
6819.220486
6683.185679
6739.966634
6626.855297
6778.006062
6709.530877
6632.75539
6776.136538
6777.446919
6736.193877
6728.101017
6729.889079
6710.478355
6840.128283
6725.047375
6676.990852
6674.477997
6725.050926
6733.885518
6794.634765
6693.896903
6707.890273
6760.553214
6819.03612
6756.015799
6683.222706
6794.555821
6603.640225
6687.572644
6855.236364
6833.974094
6738.074792
6958.073343
6713.16156
6892.216661
6806.537788
6830.929045
6747.676604
6673.183801
6801.403829
6841.254999
6730.88288
6748.034041
6848.605008
6851.168839
6836.076381
6756.137917
6804.000134
6912.088777
6845.438718
6830.939405
6899.180729
6861.943283
6710.465283
6683.764846
6853.749179
6876.446173
6812.014978
6879.062403
6831.828931
6849.805733
6836.249864
6892.496017
6816.085282
6706.895943
6734.125425
6797.49462
6890.499844
6754.700689
6867.61956
6810.789782
6725.24136
6741.685563
6810.899723
6836.531518
6817.396279
6847.984906
6849.165561
6756.704281
6709.738914
6753.590379
6773.771388
6743.166428
6749.454041
6744.18747
6842.281444
6814.164728
6844.653911
6891.880486
6672.777393
6792.897258
6825.645569
6702.267162
6734.132765
6936.358212
6929.952536
6748.845516
6821.69571
6839.653079
6816.593969
6879.037583
6816.903478
6831.662173
6903.883923
6731.714572
6788.890876
6783.469587
6821.997017
6832.253675
6776.074605
6837.37105
6767.01449
6897.212451
6749.301971
6852.386925
6872.92054
6829.76324
6857.026433
6852.112339
6688.746569
6755.841242
6906.78356
6829.696435
6912.864814
6856.184418
6912.486555
6953.51611
6900.952519
6937.335821
6839.976965
6906.57093
6731.237469
6856.189184
6842.927849
6924.521927
6924.11661
6895.20697
7002.156717
6954.388455
6984.009052
6804.412133
6944.738498
6916.42392
6840.743992
6822.788415
6930.781341
6804.237378
6773.769871
6917.791285
7000.320212
6893.912316
6881.398369
6817.486428
6837.903327
6702.507337
6908.335643
6875.83631
6935.75957
6898.986794
6901.625241
6892.430761
6780.321611
6964.535667
6962.728555
6949.421498
6811.905231
6908.267187
6919.742287
6989.692769
6916.858278
6951.046198
6905.844962
6928.052232
6900.896338
6874.746543
6869.377467
7001.905227
6913.981494
6968.041283
6940.97822
6915.048182
6808.228551
6946.110244
6936.127567
6931.399314
6970.595541
6865.49496
6880.377651
6858.31947
6882.222781
6919.966968
6823.396262
6947.004856
6857.873626
6905.699804
6982.130847
6957.699563
6870.206954
6939.555613
6843.329483
7052.06409
6980.224698
6941.828348
6885.044092
6897.879561
6913.694147
6910.277292
7014.494986
6982.758337
6859.751784
6844.832852
6917.510853
7050.502613
6953.900515
6898.111507
6845.634619
6852.192269
6950.150903
7015.514173
6953.923632
6964.163383
6921.858505
6896.528814
7031.183484
6870.258035
6955.709808
6835.518592
6911.480607
6946.407363
6957.654345
7024.317772
6914.927613
6990.192143
7059.454074
6940.794085
6924.697711
7036.323734
7055.124919
6922.677082
6851.107421
6985.130809
6897.067397
7052.217593
6941.16394
7027.793263
6946.572355
7030.509503
6987.477645
7026.918173
6942.857486
6991.518187
7018.134656
7117.400682
7154.870008
7045.979735
7007.977514
7092.215771
7035.113448
6967.841091
7007.962738
6921.057297
6975.10371
6961.876634
6951.659547
6990.972767
6938.269894
6991.956211
6916.423931
6992.69775
6996.341659
6956.946647
6971.972445
6996.220434
6962.098685
7111.899557
7032.056969
6968.467113
6939.242623
6884.591627
6983.482748
6971.843678
7066.04939
6951.789471
7025.577436
6992.39146
6981.615754
7088.612886
7053.694949
6896.192396
6860.253118
7159.30761
7026.522195
7124.540631
7016.21503
7055.748895
7058.016724
7080.731745
6927.21999
6990.695862
6954.880193
6893.627486
7130.514994
7066.915186
6980.398571
7152.886599
7048.844706
7042.864263
6957.78352
6994.950442
7133.793304
7107.031577
7031.175857
7133.608213
7015.36449
7100.788427
7058.3619
7075.215495
7004.393741
7135.663368
7125.299037
7060.066527
6966.63911
7081.593863
7036.315856
7113.776558
7133.962898
6980.386803
7146.892455
7089.662142
7105.960773
7170.728425
7066.450982
7154.418807
7142.26769
6960.383039
7022.880197
7007.421197
7149.869516
7173.817474
7090.575624
7175.172339
7155.465014
7103.030599
7143.962291
7104.052431
7111.640454
7025.980206
7198.599427
7042.26092
7006.082044
7023.266653
6951.267771
7080.385504
7240.409173
7171.010309
7140.158609
7116.771774
7003.321454
7206.299548
7131.393829
7098.299946
7284.27163
7082.361514
7131.519452
7152.448981
7019.365892
7056.624013
7071.159522
7057.447964
7060.555521
7019.447882
6982.822003
7119.708175
7098.033286
7083.176758
7234.430221
7181.019183
7135.99178
7079.754825
7183.887681
7279.055505
7092.887223
7137.61403
7198.103339
7165.655484
7085.133014
7131.849554
7071.070739
7002.156233
7265.820777
7067.835086
7014.238023
7067.359645
7178.060234
6995.472668
7082.605627
7091.429365
7164.883039
7199.612119
7053.643974
7120.595034
7097.457672
7086.623055
7172.619953
7188.728868
7103.619511
7237.710764
7159.0266
7125.999592
7096.709562
7085.320177
7061.063892
7051.187827
6997.852287
7032.978536
7101.849937
7163.543336
7108.263461
7159.62265
7117.829879
7134.998447
7170.712486
7109.237313
7190.463361
7102.346697
7200.518617
7227.159837
7165.230484
7220.323274
7223.417428
7181.073654
7198.049611
7124.129957
7020.625744
7102.291847
7278.876233
7177.208647
7122.972735
7153.542006
7053.733917
7173.821565
7153.450101
7205.986635
7189.546357
7217.435473
7128.482481
7122.40705
7098.106591
7231.464867
7030.529436
7136.36398
7199.539739
7136.065617
7164.824751
7169.088702
7165.214271
7084.192551
7306.90948
7236.190345
7196.886793
7142.590967
7088.377052
7219.827033
7245.419237
7178.878318
7233.64703
7077.127561
7129.595348
7163.828675
7120.755628
7164.414073
7240.567317
7190.364436
7399.873381
7152.086742
7151.328289
7198.276825
7151.076549
7279.679648
7200.658682
7205.481632
7138.914275
7219.127027
7286.526309
7175.08431
7148.912326
7193.788919
7245.376019
7186.101008
7178.794191
7133.090625
7221.82439
7080.983082
7182.119438
7157.109435
7343.026436
7239.839722
7160.352408
7081.137407
7241.413737
7122.939637
7156.587124
7305.020305
7132.385247
7219.929887
7226.997819
7158.27267
7148.458992
7169.465861
7168.561958
7189.123488
7160.066036
7245.683793
7240.388668
7214.309127
7259.816105
7168.444495
7192.961674
7261.839574
7134.905756
7230.238595
7151.622563
7277.111042
7279.412073
7233.764932
7182.858191
7342.195446
7126.59239
7251.829796
7263.576008
7220.263144
7318.940449
7297.229741
7306.074043
7146.658522
7275.203617
7282.42335
7274.555461
7199.576429
7342.762527
7183.949187
7155.940661
7368.728797
7279.474708
7298.595454
7294.122667
7221.936315
7241.441076
7207.541356
7176.542422
7117.773189
7364.806219
7193.924827
7267.762477
7247.10044
7245.307471
7201.431253
7268.359044
7144.339847
7206.146661
7187.027087
7387.470869
7189.214899
7314.734439
7312.362484
7194.39315
7366.075058
7207.309192
7391.439311
7340.793366
7239.283345
7341.740193
7362.546576
7344.353832
7248.345064
7355.613644
7304.222712
7296.902836
7271.4317
7234.32196
7321.761748
7318.298266
7252.038451
7213.438111
7303.512919
7324.770601
7320.423343
7314.373461
7356.430709
7276.175579
7249.022213
7254.2313
7340.832036
7322.35416
7308.66688
7360.759693
7180.250319
7436.817341
7371.817426
7280.326536
7289.547679
7343.927446
7311.328131
7391.77078
7386.818384
7173.488342
7191.730334
7331.0824
7323.296908
7345.76461
7428.556722
7301.114182
7380.081574
7344.040503
7348.786793
7306.455159
7367.427289
7313.629449
7311.115627
7418.468423
7352.45884
7316.854343
7279.971875
7397.922703
7234.407649
7292.041754
7344.177613
7328.468075
7315.308211
7321.802132
7388.434117
7461.926985
7377.402379
7374.061004
7278.634372
7339.899358
7355.979958
7263.028337
7418.495675
7371.422047
7340.768693
7322.71673
7263.610282
7329.261454
7388.780801
7263.989014
7389.754039
7478.413054
7245.729034
7422.975644
7273.779278
7354.146648
7339.645985
7324.209219
7361.600311
7293.159188
7449.073911
7379.877171
7378.697004
7239.013943
7301.320118
7402.57242
7419.269029
7263.454881
7417.649817
7286.7824
7339.877217
7371.218883
7438.810002
7359.954836
7393.655433
7287.235736
7373.321803
7471.592526
7480.801911
7341.717662
7377.351044
7211.493101
7391.143595
7339.049423
7289.780221
7332.164122
7328.38751
7205.637206
7210.936825
7309.124218
7373.886683
7346.263561
7374.581864
7388.682478
7455.655377
7337.276384
7395.617723
7364.065036
7455.537505
7390.182565
7299.532411
7285.796337
7486.771963
7579.874664
7611.290088
7499.759588
7385.654524
7368.828384
7324.240771
7260.079585
7391.433096
7428.387696
7381.276964
7407.220212
7392.43854
7343.583065
7395.256183
7410.79105
7411.809592
7445.635706
7388.182496
7446.786821
7424.974846
7473.960463
7427.187761
7444.434128
7431.706472
7440.355088
7367.966178
7358.300441
7471.52258
7485.273461
7396.615513
7392.984296
7332.744389
7462.165836
7317.239726
7327.462619
7380.300264
7380.382275
7470.602884
7462.593175
7425.951481
7572.779862
7388.709583
7376.663332
7385.434791
7357.597091
7500.485156
7443.908317
7496.571878
7384.590572
7366.865605
7345.412684
7347.903995
7510.013322
7426.286162
7342.973368
7490.923667
7587.440602
7384.021161
7379.394832
7405.522839
7478.319889
7381.164598
7526.547886
7510.063841
7314.420145
7547.520963
7537.793821
7546.752699
7502.599059
7469.268619
7427.224559
7562.577568
7428.788135
7436.847156
7547.380198
7502.833422
7558.535867
7569.742304
7485.735519
7541.678369
7501.282848
7519.192042
7562.805416
7447.452356
7433.420269
7563.9529
7562.326147
7540.884109
7422.893387
7459.078136
7459.592678
7589.202362
7610.255566
7628.038693
7676.76575
7565.426575
7615.515235
7556.878541
7498.309971
7643.914457
7565.087748
7504.66914
7530.94444
7471.86708
7504.904229
7509.464513
7646.608191
7509.3723
7608.162659
7514.361943
7433.894674
7569.094379
7600.772387
7439.185481
7502.006566
7601.002285
7554.272717
7550.544668
7592.91452
7624.418463
7529.851909
7532.24176
7635.223101
7525.639538
7603.614408
7617.257047
7566.189918
7653.508127
7543.760845
7550.220355
7703.768752
7586.550136
7466.153555
7531.820713
7433.611859
7543.950738
7640.770465
7408.302062
7407.782658
7603.655566
7558.876872
7543.911556
7601.219456
7592.731184
7681.763538
7617.612057
7552.576503
7648.834314
7629.772278
7680.749616
7591.597663
7583.971634
7565.957822
7638.186165
7519.250749
7682.676514
7551.648617
7534.597735
7543.256516
7506.956073
7688.599842
7793.807216
7712.116425
7578.383874
7577.564591
7548.759815
7645.625381
7644.661414
7561.82485
7574.162814
7771.203595
7647.389842
7648.798969
7542.21158
7609.593421
7573.534421
7533.256384
7629.042993
7748.067433
7600.496368
7683.230566
7664.913167
7686.968076
7492.753099
7635.273592
7777.616062
7675.676159
7527.946141
7713.306938
7615.787825
7724.502107
7561.708265
7586.619996
7628.058698
7710.065654
7574.843659
7700.434105
7710.163254
7708.061332
7600.188887
7755.932643
7671.744259
7579.66474
7604.315924
7715.94028
7684.326924
7613.155271
7619.345923
7732.832022
7639.078513
7795.77176
7758.64332
7863.003019
7626.729061
7653.518381
7558.644007
7648.864564
7596.355722
7640.017724
7611.77377
7620.943573
7648.044507
7591.313176
7753.845674
7649.012276
7610.022784
7753.341877
7712.017877
7785.27303
7713.071695
7790.860795
7625.480448
7734.421451
7686.112614
7687.503754
7549.475794
7770.25553
7734.938837
7634.263266
7733.98284
7760.604076
7671.012438
7608.171709
7781.440649
7566.028976
7782.657024
7701.537893
7626.181347
7711.073031
7684.954625
7698.476713
7647.605987
7689.03711
7800.757809
7688.789574
7707.156362
7777.194367
7750.376718
7561.874095
7668.258722
7693.262077
7806.106781
7765.36609
7654.217292
7857.012524
7671.774011
7653.672184
7809.255727
7677.064931
7702.892041
7577.397563
7750.327958
7730.333056
7667.776144
7668.361898
7811.072879
7762.225622
7653.386957
7816.433646
7677.066614
7809.764008
7807.152007
7650.712561
7832.736144
7638.647354
7830.17673
7662.480238
7730.528117
7760.927135
7748.667458
7708.605898
7789.137337
7769.749136
7689.839122
7692.353295
7828.292164
7852.570627
7678.456654
7764.619775
7864.603571
7797.485741
7901.793718
7792.869023
7749.149701
7880.791225
7767.730047
7735.186387
7779.33045
7846.215735
7709.975507
7725.574046
7820.472579
7851.716199
7705.83829
7759.83827
7806.311954
7827.52549
7751.476835
7757.779023
7717.118546
7810.781691
7835.879826
7899.32979
7733.188801
7670.125418
7888.15677
7965.452877
7813.423627
7934.215218
7945.290184
7833.04324
7847.100219
7771.230638
7822.802025
7871.837409
7729.621514
7714.979989
7764.17462
7841.257309
7868.184913
7694.139554
7736.42041
7730.988143
7890.683839
7922.371874
7826.725494
7988.83364
7829.443587
7991.779221
7852.967763
7840.406655
7871.530627
7858.716738
7802.546334
7855.572532
7764.669234
7954.039005
7949.892649
7893.729652
7883.489156
7734.784162
7757.867174
7720.081782
7877.265521
7941.580584
7945.187988
7959.158015
7930.129361
7941.358846
7781.314321
7772.792137
7952.339969
7838.756273
7849.500923
7828.705616
7770.716651
7876.548026
8015.16346
7918.062538
7941.271363
7990.826075
7887.390391
7893.854032
7938.389481
8003.906333
7871.854423
7773.994713
7788.466001
7968.328769
7905.395488
7889.671966
7994.347866
7865.27641
7851.28873
7683.120845
7870.861658
7888.35303
7847.846621
7903.178566
7930.934204
7846.31546
7762.420457
7892.579379
8072.675166
7857.616758
7928.23099
8044.192503
7937.633054
7863.05609
7813.921677
7858.600616
7968.055599
7884.462141
7854.9406
7988.061912
7962.934404
7880.109828
7902.954471
7858.808115
7922.929699
8074.70468
7936.997012
7986.97277
7893.204574
8008.322789
7851.111201
8037.054731
7836.86384
7823.741166
8057.109397
8063.84168
8006.642167
7882.670502
7888.740054
7978.365708
8022.901872
8001.912479
7961.290581
7990.82868
7901.875094
7967.859233
7982.250038
7895.25142
8055.526584
8069.460242
7970.593403
8009.470377
7983.553883
8153.455401
8084.17507
8024.95255
7930.349582
7906.440062
8036.923051
8052.578283
7925.217061
7880.413323
8011.397657
7988.967612
7986.07441
8102.915367
8039.535943
8156.458678
7915.001866
8033.209718
8062.871305
8008.154155
8056.130862
8025.280041
7913.610238
7983.104055
7960.290103
8046.572235
7990.430252
8034.756374
8013.897258
7993.9242
8178.159235
8083.392405
7989.60532
8045.074721
8084.194267
8073.751419
8080.76449
8015.660775
8017.028004
7921.965605
7976.526205
8052.395756
7975.022888
8069.316425
8084.103438
8037.196966
8054.535659
8144.334003
8104.618374
8131.815922
7967.013479
7979.791327
8062.794943
8132.115555
8064.269394
8188.398144
8004.077043
8059.767668
7908.796546
8098.187886
8070.501767
7785.002737
8093.411635
8049.020753
8091.013025
7969.060982
8022.618274
8205.139934
7972.362688
8140.47597
8074.298498
8190.14667
8178.099459
8079.855497
8055.085459
8050.287232
8053.111851
8095.687417
8192.045394
7980.65824
8205.595423
8117.738607
8173.641652
7986.893097
8144.226356
8145.826055
8124.777102
8179.018425
8106.27193
8134.138828
8126.138124
8253.853894
8224.383746
8278.824721
8217.285244
8042.166104
8094.535415
8175.837919
8353.384002
8064.505353
8064.798659
8246.091612
8175.392292
8278.608702
8164.69618
8226.853903
8245.370378
8146.07317
8273.932755
8347.169639
8077.635749
8281.242145
8218.453683
8308.279401
8328.770324
8211.743039
8189.495436
8287.39531
8246.574046
8106.497421
8127.587296
8241.506727
8133.117539
8166.000023
8319.336269
8263.11285
8265.093904
8213.653409
8380.507042
8117.446498
8297.63248
8375.281128
8188.068944
8342.955301
8152.490637
8123.472954
8331.685342
8250.630814
8304.490117
8360.435052
8146.881613
8259.703007
8206.808907
8273.723011
8193.457944
8334.219694
8178.306112
8369.127253
8282.613371
8288.524441
8251.287661
8292.942234
8233.397264
8283.981143
8201.545606
8308.192575
8195.346222
8381.297482
8243.063544
8418.521927
8304.566113
8380.524342
8335.468028
8434.865403
8335.228381
8279.250175
8374.865854
8240.316275
8342.957076
8310.415337
8279.194326
8266.119582
8367.441417
8238.088915
8307.556599
8348.243708
8480.37379
8278.856997
8269.621792
8426.496475
8250.62838
8544.061165
8358.27631
8250.929239
8401.468021
8377.439083
8282.131759
8515.574987
8375.802597
8390.430489
8389.559934
8520.61635
8369.016279
8284.4614
8231.794115
8424.8354
8313.63265
8441.710625
8437.051104
8370.368568
8385.391557
8351.018264
8510.734964
8385.054632
8343.158952
8326.895169
8551.797571
8537.203368
8527.108271
8442.108542
8431.307108
8472.334474
8535.747573
8579.413977
8276.004902
8464.43207
8398.321513
8374.839718
8607.768087
8481.335308
8472.077643
8390.744857
8447.746163
8514.679676
8470.513368
8544.686149
8603.758715
8327.683089
8599.872192
8334.557347
8550.287687
8384.000163
8347.367979
8547.107592
8573.365797
8474.092282
8519.917048
8597.318441
8452.198139
8462.689549
8512.382576
8604.564511
8512.49925
8596.673531
8500.580119
8640.248837
8520.239284
8549.652918
8633.812411
8693.004362
8436.291937
8656.189745
8480.095944
8503.076964
8586.576128
8476.913788
8501.76418
8669.443356
8545.880614
8597.361793
8496.873331
8514.407124
8675.886996
8520.785107
8626.170773
8596.76414
8482.122076
8522.13251
8549.425482
8522.360199
8684.547411
8640.292708
8612.406367
8547.356178
8627.256243
8521.375329
8564.204944
8692.079111
8499.443859
8558.554196
8588.731444
8535.059946
8497.369517
8738.546165
8749.045152
8759.813231
8584.354759
8540.138794
8573.803309
8660.864052
8543.569935
8678.176949
8695.708483
8673.575535
8719.699259
8650.232011
8798.555237
8666.044616
8738.757256
8725.509863
8686.05243
8584.10925
8812.284691
8784.468374
8633.551661
8682.632748
8779.40699
8795.019781
8724.703035
8511.889568
8775.272561
8627.062361
8825.032055
8727.745385
8677.668657
8825.015033
8755.483984
8798.210485
8873.843585
8737.424883
8855.214769
8916.016908
8756.549479
8968.500543
8651.685866
8794.718701
8723.550191
8901.099673
8842.314119
8969.76348
8956.361822
8775.613629
8760.682672
8757.410819
8694.327228
8847.548366
8832.676541
8952.667094
8813.255164
8814.079057
9048.747248
8832.537253
8799.804712
8867.133446
8711.352658
8909.200308
8876.708911
8999.006387
8863.121256
8838.457468
8875.517274
8858.053368
8842.646047
8849.230953
8813.836196
8790.035232
8935.701344
8984.527014
9001.569492
8888.87957
9086.713093
8955.019594
8850.524716
8859.534471
9079.662326
8820.183526
8955.588078
9177.213992
9006.967443
9051.264126
8976.279896
9045.468652
8923.203771
9023.974131
8813.485721
9070.646725
9093.747797
9040.326338
8897.755992
9048.824632
8953.300263
8924.89421
9087.304172
8963.238731
9046.38606
8972.987174
8968.2237
9137.729447
9092.526693
8979.5195
8955.403808
9063.030745
9175.572853
9022.424237
8900.761882
9199.021196
9073.611395
9141.903923
8965.312425
9050.149069
9028.810228
9107.95198
8981.055482
8844.878905
9153.960035
9177.986959
9123.271782
9231.727371
9150.891438
9113.296645
9147.427912
9120.457496
9050.394777
9054.840419
9005.205619
9128.753519
9307.924533
9122.077967
9087.038154
9204.547422
9212.238546
9115.060979
9085.535829
9226.859579
9226.954922
9130.324849
9141.816
9119.64476
9229.344422
9336.801522
9346.294025
9232.03755
9326.194387
9328.423059
9197.579615
9277.219453
9226.723571
9299.214867
9300.899838
9112.207914
9274.512497
9331.135014
9176.93441
9540.590171
9420.405811
9417.990176
9345.04946
9346.861449
9296.067846
9310.752519
9405.728138
9261.083265
9348.070845
9288.306926
9419.608228
9271.783702
9471.524862
9522.294981
9444.60184
9392.031761
9427.858751
9478.815573
9506.599539
9437.364984
9396.723136
9448.33074
9297.303654
9394.448484
9491.949071
9572.960664
9461.601283
9579.438831
9478.572434
9426.85758
9465.370809
9507.317365
9530.284277
9620.08589
9518.114012
9357.030038
9595.00383
9631.036348
9413.577728
9658.323412
9526.287456
9454.136814
9478.604496
9511.163582
9686.895401
9483.127532
9535.952638
9634.750027
9695.024748
9617.618973
9520.795649
9544.47679
9679.70951
9622.506589
9755.673193
9469.383036
9574.891975
9570.631408
9554.23965
9620.691944
9827.476044
9763.412113
9720.599621
9751.895555
9671.233931
9776.559458
9821.952081
9620.148375
9763.898102
9714.648594
9494.025791
9830.564459
9675.237398
9925.588259
9688.985412
9708.035866
9690.059811
9906.428625
9710.456199
9714.351514
9824.691214
10054.5632
9786.23497
9938.27216
9900.037857
9901.651932
9948.498471
9805.700703
9895.809193
9863.645859
9900.181034
9793.713756
10036.46325
9847.80869
9657.506739
9898.461082
10100.00688
9959.4065
9815.230291
9862.946811
9930.252844
10062.94933
10044.06864
10174.28676
9910.502099
10205.27986
9861.185029
9993.668767
10030.57021
9999.293742
10113.13657
10022.1255
10082.07603
10051.36425
9945.441241
10100.38628
10182.7635
10046.35284
9967.041381
10124.46146
10120.84803
10170.81376
9949.305913
10116.65563
10156.63271
10318.6838
10055.01191
10237.32511
10089.52155
10254.03037
10087.82423
10155.77426
10412.42114
10322.33207
10195.93374
10297.12014
10258.40055
10234.92913
10270.55288
10269.74118
10494.09001
10190.28998
10315.08721
10338.05366
10429.80668
10435.13294
10272.95631
10268.23452
10325.13977
10255.72187
10398.0498
10467.88599
10461.53623
10534.93326
10562.37567
10334.75012
10399.79269
10429.57378
10432.24998
10367.08703
10626.75248
10433.76943
10448.88959
10522.43089
10549.21912
10643.04482
10399.59315
10471.65533
10337.10735
10505.90986
10645.62509
10849.11567
10523.85973
10668.33478
10680.18302
10604.07576
10674.5008
10678.19911
10724.03959
10824.13454
10536.07156
10631.39253
10521.08338
10834.16466
10654.20623
10900.42306
10581.85889
10568.18706
10711.18395
10767.79801
10772.13907
11076.00771
10801.83504
10717.58512
10771.62856
10706.42071
10966.63116
10954.28202
10811.74955
10827.01821
10932.62855
10936.28307
10826.23441
10653.71704
11048.5012
10874.11941
10970.47362
10978.08457
10849.27733
10963.55199
11003.02587
10797.23116
11061.02888
11010.22871
11229.2772
10932.25686
11170.67194
11138.20553
11041.54914
11187.76456
11343.34551
11188.46601
11250.69163
11102.29321
11014.42654
11199.77518
11141.50878
11085.15249
11221.68261
11381.24883
11114.79603
11259.25211
11112.58667
11312.77881
11268.16184
11218.91724
11582.13412
11277.7954
11340.72348
11360.49787
11422.31832
11345.88381
11336.49628
11563.04253
11436.35247
11598.85752
11496.33438
11301.9417
11636.9954
11658.75619
11600.19083
11546.65273
11274.13022
11415.70231
11718.06577
11743.67648
11645.57598
11751.37765
11673.94249
11920.12153
11751.72144
11682.48874
11693.60412
11496.61867
11738.38303
11709.07579
11853.34063
11754.74889
11823.46652
11644.85993
11883.95837
12034.15168
11814.13175
11916.89203
11903.81678
12063.42868
11866.95031
12013.73098
12038.03973
11912.54654
12047.35579
11939.59598
12036.99279
12165.44329
11997.57726
12053.55565
12088.33269
12388.05099
12073.56926
12277.5016
12268.50279
12186.38129
12451.56645
12056.12837
12427.81579
12339.8036
12236.24589
12354.3015
12231.91858
12275.26239
12510.41847
12527.16601
12574.22436
12274.57385
12633.37822
12519.48722
12487.7972
12588.67411
12693.69009
12642.80977
12837.99606
12560.8604
12714.10998
12529.19792
12726.88836
12744.85572
12935.22559
12722.75375
12872.15773
13011.98121
12734.1639
12951.75618
13086.00618
13141.93889
12987.31879
13212.90415
12732.61048
13076.44527
12875.66849
13246.74397
13070.82583
13195.71366
13260.75388
13371.16626
13189.52115
13515.85666
13374.72728
13454.7156
13422.06608
13486.03865
13493.91195
13398.53511
13393.11054
13713.66159
13687.74245
13610.77237
13599.30697
13560.77675
13510.3402
13922.74081
13905.26363
13977.55725
13834.65458
13817.41924
13836.6321
13634.59736
14187.57392
14319.13845
14070.33975
14277.40047
14357.12537
13931.22842
14143.09111
14420.34174
14138.64043
14078.96282
14542.07308
14403.47511
14559.9781
14507.49258
14489.10447
14776.49106
14601.10806
14800.12579
14651.35315
14676.13997
14862.06541
14809.2661
14977.6477
15048.21482
14992.59057
14969.02887
15018.09032
15225.02046
14986.20629
15195.52679
15104.19418
15429.56771
15486.04107
15854.19314
15323.4681
15724.18751
15856.74348
15584.61981
15657.1047
15678.48664
15924.64158
15879.96965
16179.70226
15925.59611
16115.85421
16185.7181
15684.6059
16307.23836
16213.19613
16673.09634
16621.44019
16580.07193
16343.16948
16700.25106
16920.7074
16894.94974
16655.32363
16828.66741
17299.1207
16976.3398
17470.43751
17377.45947
17089.86106
17553.45135
17224.64067
17537.52081
17524.04932
17673.19687
18231.94406
18022.53085
17736.11499
18453.64449
18438.33836
18361.39459
18479.07125
18488.54703
18515.07307
18593.60416
19086.22716
19075.64016
19148.12719
19380.32268
19468.70679
19460.67642
19493.38284
19654.55374
19479.89678
20231.14448
20357.50761
20130.56812
19991.7243
20301.1692
20554.18936
20460.50779
20862.82046
20784.45329
21372.17336
20712.31469
21767.14389
21564.6095
21654.60899
21446.45382
21712.39927
22076.94446
22347.31157
21995.5358
22382.25258
22244.83278
22498.77772
22502.21422
22714.05609
22750.19976
23003.38308
22937.06772
23156.95357
23240.58575
23692.24896
23825.26265
23656.56285
23453.8073
23786.08635
23566.23093
24056.18523
23861.75265
23966.68282
23950.84455
24257.37522
23969.99664
23970.23252
23634.03267
24238.66135
23761.96903
24234.84852
24135.22772
23738.88293
24018.92671
24094.38457
23685.27794
23457.14167
23663.77251
24000.85553
23620.00382
23795.56112
23191.92857
23482.34748
23116.74983
23176.85019
22726.23062
22954.64747
22442.08448
22294.67803
21828.51029
21867.81094
21531.79461
21436.23203
21246.16436
20666.00734
20625.49122
19974.06036
20145.4844
19629.13266
19383.73256
18827.46979
18730.59011
18372.01683
18353.89004
17633.89754
17395.35415
17192.81888
16889.49882
16387.01407
15913.25127
15663.27642
15476.43438
14712.07492
14661.66519
13991.06162
13839.42094
13447.4581
13248.4679
12801.06399
12604.38067
11971.22289
11337.48635
11241.22439
10587.98378
10539.0796
10142.46787
9812.519086
9506.17228
9056.620461
8825.642241
8453.881069
8184.362085
7750.198973
7598.62155
7079.576205
6794.086428
6462.104299
6283.437316
5804.123224
5509.207617
5374.909966
5044.067743
4736.643277
4547.808387
4475.21454
4063.11737
3923.300319
3656.053358
3548.826484
3167.043927
3183.385204
2877.101078
2770.92428
2603.998001
2468.05363
2284.002358
2157.403483
2050.959905
2011.659712
1823.082631
1714.471129
1604.555693
1476.689227
1347.082496
1268.432832
1226.566699
1159.64779
1045.491818
1019.76736
923.8280201
923.7120116
821.4530607
765.0153493
643.7637302
630.4459201
599.7471503
562.4009728
517.089751
477.4448734
410.9812746
379.9378544
361.7092693
293.7453563
261.408069
258.4116542
260.1673852
213.1540821
222.0066415
185.5033016
184.8256196
131.5414009
166.3581963
130.9679253
138.7909864
103.4208304
137.6257339
116.88904
100.4729701
120.4660845
81.44701036
83.15413421
59.64326214
74.85762382
73.18610342
49.96927634
47.29203209
42.01940235
39.79299515
44.30127032
35.84918359
23.18923049
33.53431347
30.90436367
29.96694257
28.71015667
33.10394115
43.89610579
36.11532752
33.74035015
19.05736583
41.87478307
40.04698595
31.07607882
30.93291299
50.113787
34.85634056
29.12271417
25.62683611
35.5757893
25.30251726
29.60311269
29.79709162
26.84350194
19.31568475
38.64166218
31.59642241
27.77418917
31.52083684
49.01708713
35.20361214
22.52856094
26.99296147
28.87805255
32.92213154
30.51517984
24.20166818
19.02092693
15.59447796
18.38865573
20.27182889
19.07162492
22.93554403
15.27391774
35.27526749
29.58819018
24.23058527
29.65322151
31.4313683
23.13644428
25.38340472
17.05398027
22.11445664
23.51465748
24.85953956
14.70234928
18.1901521
27.03765875
27.09445549
20.61319167
32.95403932
43.53015781
30.53305009
19.04491479
28.07127004
20.08368924
21.84032519
13.6685772
11.21955398
20.98338204
23.51621718
36.6310553
23.91659173
29.71083085
26.55742992
23.73147346
18.08241991
26.18851723
19.04560066
14.70916918
21.395446
17.79008554
26.80651896
21.08412062
18.71470993
22.19183776
26.77657959
16.97100248
26.77068813
26.4413407
12.99215424
19.19541475
15.91606189
12.33093224
25.15171874
24.56020366
14.82109259
22.70874497
18.02397002
17.38321743
31.23882809
19.0886061
18.1704964
21.85959274
21.86871951
23.27071074
28.84542441
28.23933803
24.14590735
23.34728756
26.83245653
43.93596343
31.47374953
30.84914999
35.94063303
23.23947488
34.35812288
30.96945843
32.92491466
24.95095282
28.90805506
33.4717072
23.11664942
28.78533572
13.14554863
14.21566091
17.30041364
19.35906808
18.61698811
17.86237052
12.86233518
30.36038589
28.72248507
20.96299847
14.49103162
25.96392526
11.96518464
28.37313533
29.08821309
32.32844942
28.63887521
24.38554167
16.28633809
19.95549302
12.75230317
21.65567971
13.68914722
20.60638625
16.09707577
41.14312783
33.28933337
19.02517781
26.5166248
30.67252781
18.8255797
8.067070128
28.04929314
21.16281568
28.35332375
20.9733854
27.92492816
34.23370277
23.27024263
33.10799269
21.48571679
28.99635029
20.05316693
22.40910216
13.64774918
31.42467015
42.98011741
28.12742653
31.42938894
22.67226811
17.06848537
17.21873251
20.48624974
11.18266893
23.86584639
19.07139382
18.65337764
26.3503172
20.41818585
28.94311517
23.03099602
20.44094802
21.49158285
21.46852841
29.21944346
19.40513846
27.79806396
23.39158391
36.97008893
17.58884913
19.7215379
27.35183473
15.42765321
27.22156286
23.02079996
23.19715319
20.75383766
12.4123666
17.77406017
23.13410161
20.05242581
15.18014078
12.63357973
24.55852203
13.47737895
25.85553647
23.17379606
25.52708801
19.24625125
18.54320776
21.1623775
15.86984119
22.73123817
23.61370721
15.79356935
15.60119776
12.68502051
18.00843012
14.56831589
16.34733245
16.44716823
17.9136618
22.91497037
16.85200855
12.97328185
15.8419805
23.30604683
19.87181391
19.67307426
21.29813674
17.08850124
23.32077504
9.311064366
20.09162561
16.91490838
21.80190165
12.78318062
10.98395999
24.75771192
21.93041548
25.35894607
24.32213172
21.29736627
38.5837112
26.46046031
20.60040214
15.52655233
23.68917087
21.10730867
26.07149551
19.9038988
20.59121387
14.77893554
21.59850303
8.797940385
29.24661904
11.80811108
12.82005336
22.70846675
17.24950221
25.18098441
15.37723387
14.56292439
27.4305588
28.75757329
16.4943623
22.45117358
19.33099786
20.10717804
21.57958845
13.82855574
26.58804368
11.54547848
14.66532288
12.73987717
16.59084877
17.93633079
18.23251048
13.74745336
22.1038102
21.7556315
23.86998092
27.67337508
16.53412667
14.24696005
19.92787358
26.39980851
24.01520349
19.25247641
20.82823211
17.56356085
24.49449581
16.12006213
14.90601861
11.33869732
21.72316458
22.34865378
19.4007706
25.74064434
17.88193178
16.60168655
18.85051068
36.46362343
22.45362893
11.22096035
17.27907463
16.51871764
16.39661826
16.5646923
15.86403549
21.5507829
40.99120286
22.36073387
21.53638755
16.50599914
22.65922453
29.49411088
23.33174756
36.5273961
36.44821632
16.28686769
12.4600946
15.29410867
16.32316579
24.73267703
14.81053087
14.99415862
16.14219849
19.85500901
15.75091804
11.1533042
23.57890431
11.37428738
22.04632512
19.81906293
18.38838821
19.79860468
19.27181673
19.14559535
9.598624665
9.551281076
22.09782274
10.16192654
8.175157616
12.72579667
17.03248786
14.59614114
7.312814748
11.83174623
15.20460117
18.36165243
20.41948305
11.40813973
16.9514768
14.78630974
27.72643736
24.88926994
14.35541669
12.52306056
13.18685319
6.479055757
9.456945574
12.91821537
12.22036381
9.302250457
16.19225481
25.15277407
11.48843549
20.56716768
13.69940255
23.39640624
18.22246781
14.93318355
15.47801891
25.37813597
9.749413803
16.48405953
26.84784622
12.47888318
17.19999281
5.776038186
13.85164898
5.385272496
16.23177275
10.35124245
21.75081688
8.056251137
24.26863518
32.42530405
28.28397801
15.46856609
20.00420653
12.12073476
11.97371294
11.87457026
13.34791617
13.7809413
11.77049545
28.22471486
17.82372078
14.24426598
18.59419826
14.31721583
21.12837677
18.11360395
14.96291178
8.97048145
6.640783026
14.03513142
14.40153361
9.338931683
14.15620356
13.1199327
15.12423395
13.05847138
14.08346202
6.554204419
19.32776801
29.89123175
23.76671594
19.82095827
27.8191279
14.65276695
9.888870405
10.47864067
19.64712318
11.15022619
18.81834081
11.98805235
7.256932494
19.79481975
12.60250594
27.12881315
14.07804637
11.88460144
25.16983593
12.73183099
16.06348337
16.61241528
19.0474827
14.84233779
15.86929056
19.38132671
14.75985878
9.428364476
9.807040533
15.00950392
20.19624025
9.448493476
8.740257016
15.00434952
14.41311272
6.903767228
20.40115928
16.33835773
24.40755967
20.78222009
18.78226743
22.39977859
21.11273031
16.20260036
4.321987315
15.50656848
20.56493795
11.05120733
13.87410002
17.20033713
20.62873714
13.5837131
18.15013013
25.83783814
19.39555345
22.18874838
17.24018963
17.99632581
13.39503614
12.45956492
14.35702721
20.96578422
15.99725955
27.86580842
24.72994743
13.14240775
21.3848883
15.48443016
17.85222271
7.984898901
6.70346606
11.50513013
17.00224411
14.31278189
10.93604227
10.77341971
15.15292959
11.6395173
13.9396137
12.40765642
16.87884336
18.50579991
8.099757228
19.18930178
18.82946857
15.02074825
18.29159902
15.42298665
12.26215855
14.87289777
16.23792784
16.52462756
13.41715376
16.05120911
19.17214899
15.81628834
10.36440345
14.20611407
12.44541108
8.61078945
20.70118541
6.843095936
5.866636295
15.53131682
12.66308674
13.19219808
11.95541135
11.46623685
9.738724683
9.356626033
20.8105535
10.29804187
13.75535509
22.44435995
10.45120724
10.27004209
16.30945631
6.725733882
7.42494161
20.58050192
17.60331925
15.22683158
7.671392213
11.01297961
13.93810922
10.87983249
7.412764707
5.295124248
12.57013584
22.06919213
18.1256846
8.175767769
18.1551574
16.88232759
18.81102283
18.3496883
16.033005
12.27780009
27.32297306
15.72322414
12.51748767
13.37238462
26.349084
27.4098773
16.08803242
10.7151897
14.68905357
16.21278293
17.50265651
15.22704406
13.30587588
17.01644676
15.46962854
13.97606162
17.60912721
11.23859729
6.757346546
21.92358528
9.835943787
15.00555111
11.94967187
12.9014779
8.163451827
13.05359619
10.85537116
9.846132985
9.250036217
13.46506081
25.16810873
22.43556024
11.54683063
11.40817508
19.15958456
16.85630735
4.551312754
7.868559193
22.69859124
6.204509925
14.70643556
9.677931199
7.80509825
11.6361797
18.11240043
12.47498151
10.9883433
17.78399461
16.16834899
16.14504551
7.224971235
10.75145443
10.62776376
6.868115858
13.35687594
8.868132383
11.93103462
9.385561114
8.240631922
11.57163367
13.85327377
4.410205828
10.33641648
15.52217822
11.01954428
17.98245912
19.50676824
29.02889144
28.55199536
17.90227709
11.27892269
11.54962723
4.594959986
10.52780074
8.441818858
16.45276791
13.49421612
17.67020992
24.05984399
11.82213282
17.74185425
14.97446013
13.80636291
12.45710148
8.059576886
11.37760201
10.88190647
14.21707394
11.46447178
6.326342745
13.29671373
7.827853811
8.151227355
8.83927106
10.41744803
18.18224091
12.48633827
10.30194478
6.879696062
10.30702259
12.89773219
12.82737012
8.625287803
13.66021478
11.44126521
14.17202153
13.70680354
12.10969375
11.81824655
9.131855082
8.421614558
6.977315561
9.899919244
5.191700896
5.612924295
10.52667209
6.134143859
15.01936928
10.46543908
20.49913497
13.49771354
8.007002401
8.516439386
5.230079234
14.0340684
15.85938995
6.062681406
9.238782901
9.73262399
6.117537744
4.352098309
17.12455225
10.13630161
12.0426697
21.52928076
14.88678671
16.95281125
13.89040422
3.552892757
10.44018074
13.21317374
20.42143013
8.188697617
4.145799873
7.389026968
8.948580539
13.68570778
12.70379696
10.98045665
11.93073074
10.74098186
11.72171481
22.7462945
15.67387631
15.7852602
16.97533101
6.656473263
3.475067835
5.832851739
17.84540767
6.515051097
8.381087053
14.1559705
22.52745255
23.45607934
16.55953466
2.892797869
14.02814368
5.867166911
9.589832193
7.873187893
9.534379159
7.737903883
2.597918068
10.33493312
17.38042997
19.05385504
5.691778846
7.262297909
7.119508433
8.453648784
4.009475355
9.853109478
10.89779234
0.9130726528
4.192489195
6.532538074
7.414486162
18.60239489
8.174908981
4.575148122
7.55611667
9.035248766
9.36302601
4.191478181
16.95047086
7.152039036
13.33915548
12.12569077
14.18570389
6.138073378
8.755712871
13.44165434
3.197828397
3.214174817
14.13063342
18.22195471
11.94350712
13.71829076
8.193537909
13.2258273
11.53587436
9.407108577
4.111823995
8.272885339
6.791783412
10.80509496
2.374718784
9.113950911
5.559434981
9.387937712
15.41144803
5.137687648
10.54597031
9.447959753
4.317844905
10.90584508
12.94800694
10.3461849
12.64843443
10.22131468
10.88125605
13.97291593
18.54160236
10.93887787
15.64408552
6.918522352
9.264851628
3.336783299
6.293120202
8.281588558
7.841390456
8.398996213
12.08472514
11.08914123
14.078844
10.5693254
13.03780061
11.73397252
6.19069509
10.18766306
22.28104532
7.27658739
10.5084289
15.16942098
17.26115372
14.3457775
14.98290672
15.50996335
4.751040466
13.06111148
3.171855228
16.94006343
8.573598569
10.73601947
8.308844448
10.73026749
14.85060046
11.59093103
21.75222327
4.294223607
1.845142998
3.123626497
16.32381184
9.646916215
6.54947603
10.06155067
4.417976808
8.917960037
11.30646458
5.449528471
4.06665078
11.65847158
8.442577299
10.69948108
11.4286492
9.094734138
10.85157499
0.9766752773
12.0391326
14.10345655
11.68897832
16.84905994
10.12062609
8.164891049
14.41362499
21.32364879
12.29127004
40.37078649
8.17181755
13.22214873
8.534354747
3.923557453
5.869534558
12.82791865
3.497393649
11.19509697
11.58903665
13.27859223
6.074280675
6.474413852
4.523042102
7.430131233
6.27533792
5.867028868
6.817441237
11.74314498
5.234155479
7.904205115
3.352124251
7.875986962
3.109412902
7.898636745
10.74715468
10.43827109
7.140376963
7.679929569
12.79367295
5.498047473
8.153943451
5.446245921
8.916537631
4.544041609
9.139087158
13.71044301
9.31582711
7.86618421
13.17866692
11.27608284
10.28029641
5.804927852
12.39561622
5.643367648
7.459252405
5.680248479
9.01840065
12.07192107
12.0669303
20.70315562
20.87265995
5.963120977
20.16681286
11.01967
7.973521859
1.508236812
7.610223795
4.524148569
5.052112115
2.386371727
3.979419425
3.855034727
10.72883796
5.413922408
3.111962616
3.488464281
3.600301665
3.569415949
10.30340688
6.736192365
9.475568
1.455894455
3.618906808
8.379098578
3.338997411
4.908662207
11.68761707
10.19303468
15.04442855
6.979967894
5.66727179
7.886583285
5.318756826
8.308365247
34.28077689
12.29508785
5.919132331
4.568609163
15.10749982
8.145192818
9.248612473
12.1349103
3.766472631
4.930699756
13.30908191
7.036149531
10.67954561
11.02668878
16.75458912
11.42592725
8.306316887
3.629279078
8.246695109
5.274559275
3.208468008
3.936197113
9.570456397
5.573674174
6.241245146
2.023941993
2.835427418
8.936536323
4.450137282
5.070724275
5.44647159
6.091080028
3.594702027
12.00012777
8.699475083
6.404388661
9.17612361
4.347273747
5.458596123
11.44235935
10.85779245
3.482718386
6.757091081
6.791562895
5.509197129
6.882340579
6.417534929
4.941393497
20.29544423
12.32767892
6.269719958
5.210865362
9.222414676
7.635182501
2.89978556
2.619120706
2.298977698
12.72178663
2.090069123
7.672256028
3.850009822
13.01778847
10.93148906
2.937329594
2.165475887
19.77845724
7.080543904
3.398270936
7.132141783
3.134158087
9.503301509
6.35988915
5.46061555
7.693246179
12.71583071
17.86407606
15.73059345
7.543145103
4.256354919
5.289775843
6.974581482
11.71214984
2.916123015
5.094628604
5.894885382
4.918106508
5.40692648
7.404004707
2.567141415
1.463062231
2.992203714
3.201258974
3.815548216
4.61302657
9.104385721
2.703984784
6.914291514
11.0770335
5.76734699
5.662878315
8.474145732
1.822528544
6.906931829
3.276387088
2.989237315
2.358457671
5.118630267
1.356661148
3.344937122
8.339523017
5.757306045
5.404964811
6.614722569
5.81856783
6.548673435
6.626365925
3.950375918
4.715853812
10.80307993
4.602806777
19.50156342
8.433312207
5.886585895
3.337885604
9.142453615
9.388489342
3.90349262
15.14064211
12.22713345
6.994900971
2.588385629
4.134660297
9.219969357
2.333215334
7.432564625
7.917804335
8.288216383
5.597910899
4.07389833
3.231823851
10.1560019
11.64949341
2.571034009
3.808226756
11.66944204
4.165460619
1.799731713
3.737544719
0.859816398
3.738369086
1.705442415
4.818418435
8.448666869
3.179004257
7.429715373
6.426819269
2.120157747
3.496267732
1.878699114
6.34622794
4.736275449
14.64594539
2.609286356
8.775133492
6.89890118
4.575464636
6.089898379
9.265630903
10.79271145
4.17682632
4.074028978
4.344384978
6.152875101
4.340853276
11.46837605
12.9406382
2.692793903
1.946216902
6.680858182
7.436235531
7.569238693
4.778151343
2.855163072
1.535744634
3.658273862
2.694244606
1.948772488
4.017623047
3.749596869
3.432794953
4.588020666
2.567007485
3.692118847
5.42781326
4.521505066
7.490266306
9.935820159
5.609525629
20.32797406
7.87802938
1.340728146
4.531786881
6.282769441
8.46392664
4.191180384
8.439494898
7.968112368
4.166339351
6.413805494
9.155448941
9.628682498
12.16401744
12.59587297
4.377171992
2.209508
7.594278601
3.548791182
4.252587231
0.9611935448
8.101906366
4.190935606
5.865142999
7.64770194
3.857571955
2.132771868
9.380228044
18.71516015
14.62892042
14.58555038
7.536769121
7.127709487
14.76695533
9.771541031
11.39658755
12.53084932
13.07836423
24.51617841
6.689468875
6.26497202
6.992135208
4.172922743
7.885176286
2.434883237
5.920088204
5.89627404
10.41421513
6.468891675
7.922681279
9.974627916
4.277312623
12.27369839
9.373949381
10.11742871
9.721939916
6.879790033
4.477801806
4.757347676
8.220312316
7.523589792
6.3724997
9.033661932
3.706256678
6.312121874
11.14159651
6.152109435
5.159899391
3.299567018
8.52027142
2.009879129
3.620190713
1.145955213
3.467953348
11.59591765
4.209390584
3.555521666
3.842738658
2.688250799
2.624166954
5.200221082
4.247978882
5.193657734
3.232568905
2.005734109
3.972162778
5.423452218
5.576636477
7.270377706
5.95112658
7.781332862
5.364836296
5.015735045
0.8644620826
3.511917248
5.949434902
7.416367946
3.033274772
10.19304027
6.993328909
11.93123882
18.98908444
7.801844697
5.381462644
7.127119733
5.041138407
1.536831268
6.689118038
10.99265327
7.238828433
13.68613973
13.3320052
8.420448723
20.87307157
8.280974728
5.758059504
5.119475242
7.172631009
14.68560699
5.962461148
5.613378166
12.48760175
8.517924077
14.22658818
6.711519348
7.530503544
10.72439312
4.565951719
3.603255382
5.251296987
12.06730745
7.94670156
4.072932214
5.554911519
3.636373358
5.051853705
4.50627242
5.289980082
8.578566181
5.946191413
9.734733532
5.165298026
4.153108987
7.679078978
2.41839961
5.607374505
4.73477391
8.860134548
8.230561306
6.751018441
8.496923245
7.277212722
2.786906126
22.38989395
7.015233801
4.200830235
6.517220107
5.700680179
6.159473608
5.057475508
7.262095124
12.85827591
10.20983019
8.048549121
7.548074724
5.562792948
7.664106355
2.458605036
4.458890737
11.2564296
5.550599056
8.589949754
2.86151881
7.635763668
6.306010775
10.35670076
6.7818253
3.863123183
31.2653958
3.078979329
4.676470055
0.7638237781
8.696402469
5.900518317
8.716654208
3.957814711
3.910350725
7.369180934
6.344550617
5.301534139
8.125743298
5.456979033
3.265084199
7.339162859
4.22851866
14.08568708
8.584912105
2.837558846
5.229697534
1.789976199
7.855748505
3.156376202
9.226061219
4.324513125
9.178484939
6.753086044
4.161788076
4.271237046
11.25052914
7.817159918
6.094302657
3.615679758
4.725562606
2.78838215
11.89993847
2.878424131
6.864074994
5.828486439
4.120392206
4.494816572
6.927193611
14.80680175
7.376885527
6.386656885
10.07195029
2.755433224
7.714751661
15.76193617
2.934010514
7.978781324
3.795180484
15.56025315
9.129445415
7.690690063
17.98406824
5.491827496
4.10736629
3.927327046
8.99930073
9.866271687
2.542160487
10.80800367
3.57533672
6.838834818
7.784512297
8.650329634
9.462737778
8.315001522
7.630028903
3.72823494
10.45079134
6.00975621
5.151758486
6.737267207
4.145450971
2.691708122
3.989640305
5.423644593
1.071779894
2.958390144
1.087457502
6.801571153
8.540965588
9.440919139
1.897282979
3.408434795
5.777575359
6.766798647
2.500766583
2.765061282
6.983526573
2.35519273
3.210113968
3.99564271
5.111492616
1.938243067
6.681832223
5.537093239
7.512639633
5.892319748
4.143676765
3.574594967
6.234809359
2.366767879
4.739242404
1.210928259
6.982645062
6.629443297
3.798796139
2.567248891
2.757025019
3.741208701
5.438060411
2.730386682
6.927792661
1.037855622
3.288647385
3.965947891
0.6305806025
3.686715578
3.63775789
1.902531195
2.938716886
14.01145649
3.75167553
1.127983205
4.130725249
6.805382867
3.738034121
3.838067659
4.046625497
5.857064819
3.923581452
4.656538039
6.066556619
4.650192739
5.55237518
6.537849868
3.255429828
2.220819494
9.727008998
12.91461197
6.048335439
1.018552508
0.7194477967
3.84968148
1.231319339
0.4680301699
3.741876929
4.193267907
1.487358651
1.694929391
2.997554326
0.2506985337
0.497993314
5.54944727
3.131069065
1.300678575
1.908104443
0.441554344
0.7810225474
6.722366995
2.068137866
1.604002693
2.519848081
4.047027249
0.9098649745
5.334983385
0.3083144651
1.934546933
