#################################### 
# Matrix Size= (25,25,400)
# Resol      = (1,1,4000)
# VoxelSize  = (25,25,0.1)
# nbVal      = 4000
#################################### 
0.01074098215
0.009813733836
0.01161298905
0.009874512399
0.009529692168
0.01002575012
0.01040277291
0.009333900474
0.009506615244
0.01001230872
0.01026315308
0.009508395734
0.009642574196
0.009216361639
0.009074098263
0.009964796162
0.009289930314
0.009381630358
0.0098250863
0.01018499159
0.01031767638
0.00965642006
0.009989386255
0.01167472308
0.01037341547
0.0105911031
0.0101751543
0.00935526146
0.00940534884
0.01095948513
0.01018778058
0.01057078342
0.01018672249
0.01007351463
0.01019446037
0.01220653361
0.01071348125
0.01021822222
0.009367550774
0.01119981156
0.01037648777
0.01011077356
0.01086365023
0.01014066045
0.009293575289
0.009957683672
0.010932904
0.009795298546
0.009490512393
0.009965660367
0.0099638496
0.01004617247
0.009642253673
0.009358677746
0.01133090953
0.009698146058
0.00953767275
0.009859327511
0.009247840079
0.009393856197
0.009320754566
0.01030615123
0.01030236644
0.01149254989
0.009755537816
0.01144903474
0.009726612857
0.01009862604
0.01057620412
0.009681518782
0.01037313277
0.009594683746
0.009754733421
0.01011512428
0.01087398826
0.0104389137
0.01100177803
0.0115460314
0.01098483085
0.01103226581
0.01216572351
0.009646956487
0.009614433731
0.0100480328
0.009065955348
0.009825790531
0.009960115694
0.01055459964
0.009588564128
0.01004621418
0.009578727422
0.009545613437
0.009401519049
0.01048058492
0.01086573029
0.009977991243
0.009943933107
0.009827826174
0.01042454827
0.009527470623
0.009225738226
0.01055027338
0.01070040161
0.01101456656
0.00982675066
0.0114115218
0.009703083135
0.009499286431
0.009088237527
0.01017256387
0.01060435019
0.01152236946
0.009765772959
0.009602175649
0.01119506671
0.01073787289
0.009399441093
0.01020647421
0.01030177539
0.01043440371
0.009696159664
0.01103342756
0.01103834935
0.01001289081
0.01044096712
0.01047806951
0.009418403517
0.01143533859
0.009795791446
0.01029247913
0.009659386332
0.009716881436
0.009606389118
0.009835045413
0.00938554561
0.01115200244
0.01051559195
0.009236090542
0.009496144691
0.01027968427
0.01116263219
0.01199916828
0.0116619013
0.01024702957
0.01051778263
0.00952718481
0.01054790745
0.01044798503
0.01046108536
0.01137482781
0.01022253611
0.01022987307
0.01241210382
0.009537011613
0.01157567007
0.009464816381
0.009844760515
0.009972232964
0.01078237102
0.009430825522
0.009743117191
0.01070696505
0.01039502676
0.009445571129
0.01033497463
0.01022825642
0.01140803256
0.01137060294
0.01063669938
0.01015715637
0.01076070808
0.01030935759
0.01001440173
0.01034865264
0.011284484
0.009904886845
0.01033065649
0.01081596538
0.0096062927
0.01156142325
0.01236096062
0.01057675451
0.01023081148
0.01016946562
0.01044226044
0.01093147001
0.01024014948
0.01055776392
0.009935947606
0.01052966756
0.009875089578
0.01110002492
0.01171969462
0.009702592677
0.01016603884
0.01144494011
0.009801211772
0.009866712705
0.01065830093
0.0109775159
0.01041534038
0.009837738571
0.009460885779
0.01088388159
0.009891541449
0.009598995437
0.009720493997
0.01132827278
0.01170502614
0.00978303944
0.01052568868
0.009297451059
0.01032761042
0.009779268368
0.01144100213
0.00953629196
0.01046047452
0.01117464664
0.010542847
0.009789669608
0.01155573758
0.01101996491
0.01053939492
0.01068297185
0.01149140897
0.009873764317
0.009568137893
0.009495549685
0.01110866754
0.009530922648
0.01040631884
0.009575227163
0.01079531673
0.009490123992
0.01039043358
0.00982322065
0.009745358374
0.009421513352
0.01090174088
0.01034652931
0.01070331121
0.009721532101
0.01095550415
0.0093802235
0.01128328056
0.009547840634
0.01144942302
0.009883745375
0.01010847331
0.009989257444
0.01040532392
0.01075058029
0.009920672094
0.0102070047
0.01057335843
0.01038763738
0.01042346324
0.009833953097
0.01030482218
0.0103566782
0.01002024689
0.01018627177
0.009930735738
0.01007944037
0.01061591957
0.01019639425
0.009638640831
0.009833678842
0.01077274655
0.009406746631
0.009433234745
0.01036594642
0.009864435864
0.009778224801
0.01106618005
0.009877105915
0.01045939103
0.01137428004
0.01003816415
0.01048567382
0.01137248342
0.01022895665
0.01000752847
0.01096256726
0.009967134559
0.01047548452
0.009934139008
0.01058704869
0.01042304843
0.01083262063
0.00940398951
0.01150152175
0.0103035836
0.01043303128
0.009931451166
0.01014281984
0.009611602183
0.01075022891
0.01016568121
0.01006849073
0.009561481026
0.01085869589
0.009670000705
0.01192427254
0.01024730077
0.009779457967
0.01159739405
0.009662880043
0.009515772665
0.01083007219
0.01039642854
0.01010648103
0.01069453441
0.01040935179
0.009945288055
0.009884486706
0.009476927013
0.009773403789
0.01036764252
0.01015148546
0.009517948593
0.01083956048
0.01043348467
0.01025397571
0.009874358586
0.01040209818
0.01021464275
0.01004630272
0.009818352067
0.009748781047
0.01067750729
0.01019788226
0.01022483883
0.01099501524
0.00951286757
0.009936070009
0.01142236298
0.009643066205
0.01039885704
0.01108542116
0.01147998302
0.01131681149
0.01055584898
0.01129672118
0.01051221093
0.0134914284
0.01097065128
0.009783815411
0.01025920614
0.01030879312
0.01001457025
0.01071214662
0.01015316685
0.009763949673
0.0102007833
0.01216389515
0.01120752541
0.009766740606
0.01039915507
0.0100602189
0.01043564376
0.0123225895
0.009797783
0.0106631294
0.01055868416
0.009755721159
0.0112580875
0.009665903869
0.009243636376
0.01036015235
0.01159911845
0.01070602378
0.009794279055
0.01010840847
0.009563150931
0.01019056274
0.01004344322
0.009251416982
0.01028148857
0.00965942051
0.01078329356
0.01008465887
0.009638247155
0.01053598761
0.01026567305
0.009558949215
0.009786672382
0.01106639802
0.01074321369
0.01004918391
0.009495849173
0.009768127699
0.01024176656
0.0105427761
0.01100524097
0.01005752973
0.009727625584
0.00955248186
0.009707512365
0.01154394087
0.01031547726
0.01108988779
0.009174464066
0.009880376641
0.009746496373
0.01057829547
0.0100811438
0.01036573486
0.01072459753
0.01066278408
0.01071934768
0.009826262788
0.01030422309
0.009653011504
0.009680470297
0.010570651
0.01039971355
0.0103146844
0.009682844236
0.01101666957
0.009964291084
0.01047265537
0.01069580857
0.009427961612
0.01006479609
0.009836081062
0.0102192646
0.01186760803
0.01056805244
0.01017062095
0.01003578635
0.01094148273
0.01052530484
0.01020632534
0.01011079085
0.009935876898
0.0101573504
0.01015778036
0.009945476827
0.01024644608
0.009762168652
0.01038993667
0.01104102413
0.01001337344
0.01039262314
0.009371729533
0.009398152729
0.009531931896
0.01102376387
0.01020229776
0.01023746445
0.01008695949
0.01002304555
0.01073625748
0.009720998077
0.009711554036
0.01067679096
0.009790644533
0.009331839632
0.01046050498
0.00999145984
0.01014958009
0.01081431607
0.01039661309
0.01071151956
0.01078435317
0.01021877796
0.01011761228
0.01004805836
0.01121016958
0.01051304332
0.0108517065
0.01003386903
0.01088439721
0.01071345593
0.00950378985
0.009812948788
0.009607106975
0.01091531055
0.01001957197
0.01037740869
0.009908148026
0.01022284193
0.009308819846
0.0092668912
0.01006767876
0.01021265476
0.01002653968
0.0105389752
0.0112426348
0.009866227443
0.01003231026
0.01117361231
0.01125268348
0.01095279757
0.01009641334
0.01047787173
0.009678848523
0.01016287576
0.009676784005
0.010613244
0.01002477295
0.01037771077
0.01013121229
0.01015315885
0.01019661671
0.01030392834
0.01015310282
0.01015934054
0.01014865245
0.01102620141
0.01091527468
0.01037008856
0.009970467257
0.01003347371
0.009786126612
0.009924708983
0.01021441524
0.01029774618
0.009383478193
0.009968319533
0.01103613015
0.01077933927
0.01031867834
0.01077775186
0.01047654057
0.01004679827
0.009964611338
0.009765832477
0.01045637351
0.01113717758
0.01092938531
0.01037078468
0.01083963142
0.01007042972
0.01043392878
0.0102627144
0.01087859687
0.01012971586
0.01016701146
0.01003782293
0.01071513177
0.01115736329
0.01022804045
0.01025090932
0.01186634145
0.01185256977
0.01045390959
0.01008507123
0.01040621391
0.01082423293
0.009930897585
0.01070782787
0.009894856934
0.01008773381
0.00987333112
0.009814400504
0.009920157559
0.009436997964
0.009619727971
0.009777394383
0.01052145721
0.009661260021
0.009338496598
0.0104881962
0.01041804512
0.01087686388
0.01218119593
0.01035563515
0.01011459872
0.009933603302
0.009759708083
0.00946490067
0.009465466098
0.01005574502
0.009669687411
0.01031202951
0.01008058907
0.009411771568
0.009914610547
0.01138458347
0.009735694499
0.01080669428
0.01095154237
0.009958841802
0.01086796957
0.009503376359
0.01221091342
0.01066620367
0.009907834699
0.01033656284
0.01161572814
0.009858765989
0.009391536044
0.01102440777
0.01002097827
0.01039772467
0.01128978325
0.01022728411
0.00980655389
0.009461467498
0.01077660815
0.009813630091
0.009994936338
0.01054824148
0.01162231952
0.0099418888
0.01111279021
0.0100438945
0.009656082363
0.0111911853
0.01009329339
0.01089221753
0.0103957551
0.009894837613
0.01018117633
0.009998025727
0.01036676022
0.01035622004
0.01075064722
0.009799033853
0.009880189253
0.01016916949
0.01066492722
0.009816357203
0.01018034223
0.01078857444
0.009473850163
0.0101906662
0.01002808473
0.0101408227
0.01059426885
0.01092433253
0.01130491763
0.01045987669
0.00982522883
0.0106122617
0.009829478165
0.01044282573
0.01125633776
0.01060778809
0.01017523096
0.009628358712
0.01002606021
0.009412591529
0.009354393493
0.01078204929
0.01198102933
0.01128910965
0.01061570922
0.01066236315
0.01015018537
0.01122633409
0.01034938214
0.01022904956
0.01031508633
0.01120291235
0.009515101466
0.00947869302
0.009300901806
0.009802686462
0.01010111331
0.01038485391
0.009601552828
0.01062742594
0.01024003222
0.009898360397
0.01065360733
0.01097814966
0.01065547457
0.01017472465
0.009845144168
0.01014197397
0.0115744246
0.01059159653
0.0103110487
0.009828865012
0.0102502588
0.009785254689
0.01203301878
0.01028765453
0.009810499036
0.01073470002
0.009671697344
0.0107041322
0.009724920698
0.009902739214
0.009639157746
0.01015562867
0.009753256437
0.01044308395
0.01050408247
0.009799699076
0.01041141898
0.009998771105
0.01040299606
0.01223987774
0.01010068466
0.01000487265
0.009898555992
0.01023682224
0.01114312129
0.009674305079
0.0104223838
0.01017469806
0.009740552266
0.01023839837
0.009939295223
0.01013112721
0.01002506438
0.009705502144
0.01007355906
0.010015237
0.009586527398
0.01042381178
0.01125351553
0.01215549058
0.01026578951
0.01040920349
0.01033287255
0.01049826666
0.01056040528
0.01020606975
0.01077437647
0.009885865965
0.01016281283
0.009889492886
0.01004133341
0.01063069531
0.009392456898
0.009628624446
0.01112247219
0.009967214283
0.01048904902
0.01051261535
0.009450129344
0.01092694601
0.01011085601
0.01021458679
0.009728985405
0.0100478367
0.01030692731
0.009829056967
0.01100698722
0.01017520375
0.0101596263
0.01033618431
0.01014764776
0.01019101153
0.009562072122
0.01068004786
0.01021153752
0.01018383171
0.01003517146
0.01017820217
0.009591623286
0.01048305575
0.009868722127
0.01011279882
0.009713476968
0.00992724185
0.0110473746
0.009913118739
0.01067453734
0.01068186108
0.01042484974
0.0105703177
0.01006058687
0.009599830116
0.0103662804
0.01058261424
0.01102425969
0.01114113815
0.01034419832
0.01046384184
0.01025656732
0.01020676578
0.01047759825
0.009526846392
0.01025390784
0.009391258886
0.01084708933
0.009908900566
0.009650029254
0.009874408445
0.009448507243
0.009568338672
0.01021815383
0.009798133869
0.009951308456
0.009921521561
0.009974189353
0.01063512082
0.01067189481
0.0102426982
0.0095658884
0.009974644519
0.01049714749
0.01042083019
0.00989182748
0.01090589668
0.0112411949
0.01070859134
0.01003987875
0.009800335558
0.01072678252
0.009486497514
0.01069684785
0.01091002943
0.009985794065
0.01067912491
0.01068103036
0.01044500898
0.01010577568
0.009844636363
0.01042658013
0.009759475502
0.01012941313
0.009839648207
0.01008651574
0.00981885711
0.01014366374
0.01055332245
0.01065654828
0.01044641213
0.01058279963
0.01122942013
0.009963567312
0.009799374766
0.01034797917
0.0102966887
0.01030258728
0.01008378809
0.009773589043
0.01000608731
0.009783299777
0.01040278925
0.01011822557
0.01002812318
0.01017004621
0.01034621353
0.009897051971
0.009921938563
0.00975530893
0.01054086421
0.009808580017
0.009432791596
0.009403271423
0.01004325977
0.009919451635
0.009757273821
0.01041327613
0.009668358733
0.01015091352
0.01116468181
0.009688541963
0.01077274612
0.01038721817
0.009590861661
0.009764456167
0.01070059736
0.01053453997
0.01083793206
0.01064561275
0.01017588679
0.009948254985
0.01039072248
0.009456352109
0.01022626432
0.01048880153
0.0109266063
0.01011583136
0.0104380535
0.009989319359
0.01046803068
0.009576229758
0.009457219545
0.009815835852
0.009824488034
0.009733265024
0.009866005177
0.01050832342
0.009964252285
0.009598751665
0.01009028375
0.0101747891
0.0106882918
0.009738610509
0.01013205066
0.01036535644
0.01047171362
0.01018279409
0.01003420582
0.009616600045
0.01127906426
0.01054019934
0.01029912435
0.009494757917
0.00972900836
0.009611226977
0.01018142517
0.01010615294
0.01002567317
0.009917608149
0.01030533941
0.01049691331
0.01013235786
0.009751504529
0.01020788603
0.0101212638
0.009746713912
0.01036801438
0.01017049117
0.009884799724
0.00937220547
0.01013004115
0.01009132336
0.01036604404
0.009906967632
0.009900719178
0.009913071204
0.01012126582
0.0107764413
0.01043313708
0.01012535802
0.01012358932
0.01008519368
0.009570974498
0.01007545247
0.01002450919
0.01005302119
0.01049621701
0.009960224106
0.01043656459
0.009664367569
0.01008948753
0.009726209332
0.01006041791
0.009459284901
0.01044514157
0.01123997086
0.00988092644
0.01090725351
0.01063980932
0.01048296216
0.009836227259
0.009492964125
0.009852322705
0.01046133255
0.00997370722
0.01027236038
0.01058966357
0.009814434653
0.01012262013
0.009800076282
0.009781573568
0.009775113923
0.009969586802
0.00979254825
0.01004391623
0.01043107226
0.009888111218
0.009646663555
0.01017639289
0.009786771075
0.01038730958
0.01019917096
0.01079273116
0.009892297244
0.009971959355
0.01007856573
0.009595433737
0.009995081393
0.01011516663
0.009367517915
0.009679293816
0.009541461836
0.009505196638
0.009637411553
0.01026686466
0.01056688534
0.009746171055
0.01010167166
0.009667714205
0.01042859595
0.009855104573
0.009572816347
0.009881875444
0.009944550862
0.009970856655
0.009753752008
0.009961171032
0.01039226772
0.01114698923
0.01122579976
0.010315457
0.009881895355
0.01014726046
0.009672999816
0.01132636424
0.009504524504
0.009784715123
0.009930908521
0.009506312811
0.009901840092
0.009906877669
0.01030164756
0.0101761756
0.009613251843
0.0103826132
0.01064282534
0.009833062158
0.01108015383
0.01058656167
0.009777947289
0.01008473072
0.01032549591
0.009585167947
0.009737248153
0.01000111869
0.009679047767
0.009751205705
0.00953133219
0.00950963539
0.009440751032
0.009777590261
0.009532244023
0.01029339537
0.00950387547
0.009623897311
0.009691215154
0.009781350718
0.01062583985
0.01066148012
0.009814286532
0.009689795279
0.009843807554
0.01040089974
0.009870777332
0.01033853254
0.0100214463
0.009610108656
0.00952871791
0.01013772595
0.01121119586
0.01080717664
0.01019049786
0.009493982675
0.01060034614
0.01050443648
0.01004934408
0.01008471204
0.009953477812
0.01028903393
0.009949080456
0.009844235053
0.01043720597
0.01031318445
0.0103559852
0.01178652166
0.01023051344
0.0102699429
0.009570643887
0.01102011221
0.009971507581
0.009823284679
0.009888350887
0.009821195455
0.01008515106
0.01055334584
0.009836450754
0.01054523207
0.010086779
0.01007912733
0.01016480524
0.01041465507
0.009659797958
0.01017792863
0.01063122275
0.009910262333
0.009713061767
0.009906381451
0.01055898384
0.01232364396
0.01005729008
0.0114099309
0.01053696223
0.01065730372
0.01051685927
0.01084232097
0.01032974826
0.0106026039
0.01060276904
0.01088791174
0.009746470042
0.009985794394
0.01042535715
0.009892826807
0.01071675819
0.01033881784
0.009965809878
0.009837367853
0.01100260792
0.01002062276
0.009966815854
0.009602097791
0.01044275814
0.01070615776
0.009886157392
0.01009387989
0.0102993656
0.01000985881
0.009811315741
0.01001977555
0.01028584535
0.01028642611
0.01097907776
0.01008785382
0.009797957485
0.01067513863
0.01009717182
0.01047295975
0.01017480905
0.01006086298
0.01044134173
0.01007179826
0.009681377188
0.009691050317
0.009641057015
0.009872569239
0.01013464134
0.009659121163
0.01014235587
0.009745193566
0.01052119411
0.01117809103
0.01076525194
0.01011836552
0.009984578362
0.01093857935
0.01056678452
0.0118162375
0.01111286271
0.01075359415
0.0100190745
0.01014782125
0.01006215717
0.01092441518
0.01037971012
0.009824468279
0.01046121954
0.01005770303
0.01011752601
0.01126070529
0.01011071034
0.009994614927
0.01037097347
0.0099015082
0.01221861976
0.009833175499
0.009986399083
0.009647902052
0.01073012651
0.009919169256
0.009890112773
0.01035141085
0.01032120003
0.009802752771
0.009941061495
0.009829137535
0.01095183125
0.01031571371
0.009933754265
0.01077330141
0.01035874687
0.0111981354
0.01036867042
0.01125196887
0.009954463575
0.0107449349
0.01017116297
0.01001365688
0.01048402513
0.01058451615
0.01025520242
0.01054893271
0.01021284563
0.01040576308
0.01036372479
0.009681789308
0.0114969394
0.01036600893
0.01060955824
0.01030560697
0.0100062194
0.01062915319
0.01046577533
0.01046598576
0.01020177493
0.01007118593
0.009783314976
0.01040422049
0.01008292999
0.01074048489
0.0107828174
0.009765043263
0.009597676479
0.009683206647
0.009526858818
0.009649060466
0.01012616537
0.00999748013
0.01033337106
0.009790766063
0.0102996858
0.01005807592
0.009747671137
0.009738823257
0.01008341709
0.01028974015
0.01053533201
0.01028054629
0.009927731307
0.009791133147
0.00992375877
0.01067852509
0.01010873526
0.01050749722
0.01100945959
0.01038149418
0.01081851036
0.01000009269
0.01086370612
0.009776665639
0.009812379705
0.01127976441
0.009879291699
0.01161363747
0.01007693774
0.01101056726
0.009796760725
0.009702984826
0.01011446299
0.0103296288
0.009736847276
0.01023623964
0.01088150729
0.01021760329
0.01092225786
0.01059907805
0.009758329775
0.009809564469
0.01009160709
0.009853481216
0.01004715476
0.01102950142
0.01003996356
0.01000916833
0.009944154912
0.01019152757
0.009679439068
0.01049370778
0.009696628328
0.009938471045
0.01073309058
0.01005199236
0.01036768567
0.01026462638
0.01026872864
0.009954479632
0.01028283435
0.01065798827
0.01007302379
0.01109442405
0.01095516572
0.0114311093
0.009767441908
0.01070934266
0.009977830507
0.01052981891
0.01074397614
0.009873393569
0.01050250074
0.009981288623
0.009754304045
0.009767327794
0.009703752163
0.01007408625
0.01018678428
0.01090066013
0.01000257354
0.0102084138
0.009857349664
0.01080406515
0.009836912171
0.009910862688
0.01084975005
0.00970254536
0.009880020973
0.01007209175
0.01127306724
0.01008671672
0.009943392535
0.009980495634
0.009749442201
0.01033986601
0.009899059777
0.009539396403
0.009936905086
0.01085418747
0.01066855007
0.01028307666
0.00992425816
0.01057143422
0.01113681688
0.01001200053
0.009777069238
0.01054521598
0.01018866086
0.01067766425
0.01006980469
0.01081070436
0.01072712209
0.01028839076
0.01009209424
0.009770981493
0.009510662882
0.009717595075
0.01003521414
0.009892256988
0.009664651409
0.01009219519
0.01015324228
0.009502922972
0.01004394962
0.01019021164
0.01010157664
0.01021529706
0.01029089268
0.009904598184
0.010593049
0.01032361294
0.01011987321
0.01028363556
0.009690673626
0.00980057163
0.009912850936
0.01071295967
0.0103150049
0.01037450092
0.01126884144
0.009779101216
0.009983504753
0.01001585395
0.01076648682
0.0102205164
0.01050991349
0.01156206967
0.01007931557
0.009877113489
0.01032545605
0.009874694245
0.0102064103
0.0110115704
0.01069673932
0.009882084055
0.009594158487
0.009951591995
0.01073910415
0.009585840872
0.01026745243
0.01137418626
0.009970822061
0.009990918039
0.009733392871
0.01051435258
0.01021772605
0.0113112496
0.01007424884
0.009849613302
0.01029092786
0.01063323239
0.009960858085
0.01060502126
0.01029896121
0.009963567795
0.009854785872
0.009896847811
0.01003277662
0.009871737799
0.01076730134
0.01021090781
0.01049076316
0.009966589186
0.009967778393
0.01155426248
0.009723790814
0.01009214876
0.009993186252
0.009905308238
0.01025087404
0.01034495201
0.01051009232
0.009922737852
0.01021896059
0.009770963146
0.01047574453
0.009831269179
0.009934690322
0.01117293449
0.009543071918
0.01033885423
0.009957056115
0.01041878203
0.01094541487
0.01033493301
0.01068079045
0.009920767177
0.01053647776
0.01076242217
0.01020368986
0.01021449386
0.009942170441
0.01023165937
0.009758403454
0.01034918145
0.01036087119
0.01009304731
0.009802334005
0.01006452538
0.01044712086
0.009935460166
0.01024261235
0.01022281097
0.01022721658
0.01003673988
0.01018766216
0.009927778118
0.01001524608
0.01033031968
0.0105314144
0.01008583043
0.00961384455
0.01055081513
0.01024849752
0.009816807119
0.01012563271
0.009692944271
0.009805853935
0.00981697254
0.01030855895
0.009924232689
0.01018056651
0.009937619908
0.01005791217
0.009793574912
0.01029190777
0.009810799406
0.01040767047
0.01000335028
0.01019398969
0.01107655712
0.01025952937
0.00990575307
0.009798879477
0.01003213039
0.01033916609
0.009835975357
0.009953399824
0.0106061716
0.009797210227
0.01021085709
0.01076254509
0.009837082508
0.01088389386
0.0116087113
0.01017187856
0.00974716883
0.00977052059
0.009926856901
0.009876136925
0.01033766502
0.009986706033
0.01024964519
0.009984825658
0.01025056491
0.0104779471
0.01003247771
0.009628883144
0.01008113602
0.0101176457
0.01034165597
0.01084843615
0.01012836109
0.01001542505
0.009594422022
0.01042333684
0.009901375405
0.01046473152
0.01007051535
0.00978633176
0.01000844195
0.009898389781
0.009701125073
0.009632505671
0.01000693827
0.009770509147
0.01011610272
0.0101382437
0.009938493682
0.01016578291
0.01012160116
0.009808882668
0.0101216082
0.009863960821
0.01041470092
0.01056340742
0.01053559623
0.01047344579
0.0105477331
0.009815304363
0.0097874287
0.01075016543
0.009848571157
0.01024994463
0.009987048245
0.01003664063
0.01016210985
0.009994254348
0.01071058003
0.01178639939
0.01054591014
0.009668131139
0.009957848386
0.01024863983
0.009868882154
0.01054427322
0.009977270176
0.009880390926
0.009809053124
0.01042242955
0.01025146876
0.01058319126
0.0108361755
0.009979952034
0.01027149234
0.01015211472
0.01063094584
0.01027167492
0.0103940304
0.01007952616
0.0100048535
0.01056976979
0.01050421505
0.0102727907
0.01059976805
0.01043477978
0.009922729382
0.009733968265
0.009734103199
0.0101935526
0.009942007046
0.009967747678
0.01062974562
0.01001371287
0.01062430397
0.009823402766
0.01100298396
0.01083368966
0.009592074541
0.01013748026
0.01009989053
0.009717200252
0.01040327201
0.01032346294
0.01028791032
0.01032440654
0.01020002596
0.0104829949
0.009977640446
0.01007531441
0.0105554024
0.01083483022
0.009982542312
0.0100389953
0.01022305721
0.01007880981
0.009847319927
0.00997642854
0.009939355607
0.01072577869
0.01047570121
0.009979424518
0.0102673969
0.01016239823
0.009820480388
0.009899444065
0.009698450168
0.00970116477
0.01002504108
0.01055793049
0.009977610144
0.01037901963
0.01035233415
0.01070278328
0.01029888318
0.0101738689
0.01031233918
0.01083935946
0.009835941401
0.01019942233
0.009769333287
0.009827865218
0.009625338927
0.01119692596
0.01006385607
0.01001790857
0.01027551594
0.01018662841
0.01011749273
0.009982650048
0.01034068673
0.01012737524
0.01001363635
0.009858683874
0.009840581699
0.0102363286
0.01010487331
0.009967482314
0.009941400864
0.009844970424
0.01081971964
0.009911194569
0.009604092791
0.009705967782
0.01038832581
0.01065458346
0.0105246756
0.01022696723
0.01014608135
0.0101369253
0.00994614844
0.00969824916
0.01003459757
0.01010036199
0.0101249881
0.009722997431
0.01057262044
0.01004736712
0.01004631048
0.01009960091
0.01018852738
0.01036611022
0.009951561007
0.009994258707
0.00987296383
0.01037779953
0.01015825788
0.01001635969
0.01032006354
0.01007131285
0.01013520465
0.009646617039
0.01045760782
0.009932438779
0.009708524853
0.009883401
0.01028183307
0.01044500534
0.00995842966
0.009825483805
0.01001266787
0.009801150986
0.01072141005
0.01041367755
0.009936033894
0.009874330634
0.01025850364
0.0101671503
0.01003298164
0.010242625
0.009830643947
0.009984786294
0.01022676973
0.01005295562
0.01063572955
0.01014780088
0.01067195217
0.00994311984
0.0101180052
0.009800639091
0.01028461584
0.0100570446
0.01026146341
0.01032827591
0.01015796871
0.01008180769
0.01000619092
0.009845652675
0.00987195684
0.009828524944
0.009823399453
0.009934438321
0.009910325184
0.009949924454
0.009758573924
0.009864091347
0.01007887172
0.01025320404
0.01016058644
0.009904667679
0.009859287252
0.01002882815
0.01029940378
0.009797199778
0.009846978845
0.009801763347
0.01004544602
0.01010133984
0.01009035465
0.009937897706
0.009787143869
0.01026810002
0.009984198954
0.01029118251
0.009836718267
0.01052849245
0.009780347322
0.0102087894
0.009761817148
0.009657340629
0.0101950334
0.01072955569
0.009904461111
0.01050867655
0.009850538597
0.01055345264
0.01054244495
0.0101166547
0.009811037653
0.01004874769
0.01021033118
0.009864619436
0.009856544008
0.01059452986
0.009797264367
0.01051561112
0.009838726559
0.009900150522
0.009986997185
0.00978185644
0.009701198536
0.01033997859
0.01044039706
0.01030596392
0.01044708663
0.01017098107
0.01018911569
0.01007604444
0.009898601234
0.01027999962
0.01013627076
0.009867815886
0.009883585779
0.010290447
0.009913558285
0.01059962346
0.01052093976
0.01025482666
0.009982961016
0.01052824011
0.01001840959
0.01005285583
0.00996661632
0.01013610949
0.01002136963
0.01023750648
0.01013476833
0.01094330486
0.01044828524
0.01077974508
0.009990574255
0.01011231452
0.01012965503
0.01005914362
0.009770946237
0.009905020875
0.01001516814
0.01090378524
0.01043467565
0.009873354847
0.009958655754
0.009840387713
0.009930549514
0.010547338
0.01048226789
0.009864465845
0.01073697031
0.009837487167
0.01048905788
0.01027420605
0.009911803853
0.01006404888
0.01067434689
0.01034262901
0.01053407137
0.01048270542
0.01065136113
0.01035081162
0.01020061465
0.01020188598
0.009952724574
0.01027966242
0.01013252888
0.01006838063
0.01026593102
0.01048662791
0.01012599438
0.01011629006
0.009697826499
0.009908029264
0.01003386186
0.009859256876
0.01003339195
0.01027478356
0.01003603613
0.01037056701
0.0100600487
0.009858822155
0.01047697558
0.01011422945
0.01021284277
0.009938780843
0.009938142094
0.01078321708
0.01006596449
0.01049462159
0.009932723377
0.009925556464
0.01008873598
0.01050351414
0.01006150124
0.00972024672
0.009799046151
0.01015803878
0.01026659287
0.01001957289
0.009976108314
0.01005624658
0.01017515943
0.009863204452
0.009838192437
0.009820891489
0.01025155557
0.01089037046
0.01006215434
0.009809481684
0.01006552861
0.01011888897
0.009725962687
0.009966625921
0.009890185267
0.01001148154
0.01045123591
0.009921920043
0.01003166084
0.01023089011
0.009852466804
0.009898617201
0.009864025655
0.009867065303
0.009873710622
0.01022386635
0.009938790079
0.00982283576
0.009930374387
0.01019749277
0.01006280014
0.01014270657
0.01002824943
0.01016519491
0.01033872001
0.009988048267
0.01028819819
0.01005485058
0.00982025554
0.00968228327
0.01002678373
0.01021176839
0.01029105972
0.01024702688
0.009744249432
0.01045088453
0.01036012038
0.0105300566
0.01005610448
0.00990618091
0.009909124683
0.009920683784
0.01006584679
0.00995542809
0.00996270338
0.00997890963
0.01018959381
0.009945879135
0.01004277634
0.010062404
0.009985304395
0.01135650154
0.01035158163
0.009894538183
0.009762746024
0.009982566563
0.01018709154
0.01043240876
0.009973331698
0.009970713201
0.0100368732
0.01007160162
0.009820978965
0.01004756326
0.00988391119
0.009891272446
0.01013687997
0.009795215837
0.009887023303
0.0100544549
0.009788165588
0.01012918471
0.0100852047
0.01030189696
0.01012235144
0.01015059221
0.01016893309
0.01000936959
0.009898443981
0.01004308342
0.01006205025
0.01004624526
0.01033131312
0.009844715052
0.009941908375
0.0101250549
0.0100200724
0.009733413619
0.01019238858
0.01002774061
0.01011255064
0.01060781916
0.009960992367
0.01016003347
0.009930967343
0.01028250337
0.01019817999
0.01056283971
0.01003937854
0.01011225023
0.009906630508
0.01000011553
0.009938771261
0.00977966652
0.009965713994
0.0101112796
0.01050347796
0.00998479796
0.009945698685
0.01029760444
0.01019195403
0.01004762164
0.01008160606
0.00995374972
0.0104249855
0.01001160596
0.009958480922
0.009947763203
0.01001260662
0.01040373548
0.01005975571
0.009798649908
0.009970836232
0.009866153394
0.01018970708
0.01010900116
0.009921242061
0.01043326495
0.01033856543
0.01024259518
0.01003273867
0.009925085581
0.009839072463
0.01018566032
0.009986275901
0.01007111519
0.01014536901
0.009914926135
0.01030674991
0.0098934195
0.01002313237
0.0101145037
0.009946117867
0.01009060661
0.01013079723
0.0102035177
0.01063112086
0.01012565837
0.0103591073
0.01010547177
0.009892324894
0.009809800771
0.009948856511
0.009874145113
0.01014796949
0.009974008981
0.01035499528
0.01014153504
0.01022435712
0.01023685118
0.009945559633
0.01039402595
0.009985964974
0.01010799444
0.009970913515
0.01025631013
0.009884352885
0.01010210016
0.01013487162
0.01029480934
0.01009906645
0.009803611059
0.01002646314
0.009935333528
0.01071697634
0.01030032722
0.01012317626
0.009979305577
0.009976507026
0.01003024951
0.01027262918
0.01022152755
0.01049350114
0.01016504828
0.01004642572
0.01003903799
0.01001537421
0.01002165246
0.00999443954
0.01020513182
0.0101305872
0.009999502211
0.01011552877
0.009967796671
0.01011572961
0.01026911342
0.009868112557
0.01012536527
0.01041736378
0.009883932892
0.01015961002
0.01038738468
0.01026013723
0.01096641106
0.01027517405
0.01020779879
0.01011339806
0.01016114194
0.01009706247
0.01020692337
0.01016978658
0.009991930898
0.009989684058
0.01024474525
0.00998926828
0.01022076904
0.00995007289
0.01062018535
0.01001303405
0.009969164539
0.009963518363
0.01000063166
0.009936269093
0.0101486053
0.01012948192
0.01007279779
0.01005838257
0.0104737273
0.009939250905
0.01009692048
0.01031769625
0.01010738172
0.009969070442
0.01028487821
0.01005069186
0.01054417939
0.01008619112
0.01022942009
0.0103818098
0.0100789331
0.01011636375
0.01021450996
0.009979837169
0.01009391384
0.010163072
0.01003419409
0.01013224126
0.01038589691
0.0102783276
0.01014541268
0.01054751287
0.01000811974
0.01010161738
0.01023601686
0.01018140467
0.01010151127
0.01016083053
0.010693528
0.01015464333
0.01015793808
0.01008666508
0.01009726603
0.01052783582
0.01013460369
0.01028158739
0.01010848095
0.01041179096
0.01081100004
0.01004699219
0.0102342171
0.01018170044
0.01014967786
0.01023524058
0.01051972074
0.01020201573
0.01000658743
0.01012771666
0.01028664064
0.01017012012
0.01017690272
0.01016437311
0.01032854864
0.01043290175
0.01010579475
0.01008373151
0.01020415679
0.01005982802
0.01037169464
0.01084502231
0.01034269764
0.01026899243
0.0101612556
0.01038178759
0.0101298921
0.01029643017
0.01028736499
0.01012171403
0.0104965621
0.01023799623
0.01028771904
0.01015145393
0.01040028765
0.01022496964
0.01029977152
0.01037257732
0.01017687764
0.01036886316
0.01033106888
0.01043841395
0.01019813839
0.01039635517
0.01029706976
0.01028402771
0.01096309015
0.01020862193
0.01037589608
0.01030994364
0.01052676233
0.01020543898
0.01047511143
0.01024692583
0.01020343143
0.01017359065
0.01033371909
0.01035410442
0.01031267225
0.01024508107
0.01032629687
0.01041390777
0.0102988625
0.01023721077
0.01031748404
0.01046225971
0.01053334929
0.01033414508
0.01059561416
0.01025785641
0.01029951326
0.01037482599
0.01034659303
0.01019113811
0.01023825164
0.01036490719
0.01040661393
0.01041292134
0.01036792083
0.01056547574
0.01038894897
0.01030779929
0.01040265655
0.01074464554
0.01032411378
0.01047686227
0.01033174415
0.0104387298
0.01053904721
0.01028732685
0.01065864539
0.01030984608
0.01036514259
0.01053453233
0.01049479727
0.0103009777
0.01059312803
0.01051421008
0.01031212848
0.01034174778
0.01056879662
0.01074407148
0.01046953815
0.01051284703
0.01053985128
0.01038003542
0.01057465271
0.0104903985
0.0103660673
0.0103155505
0.01049366667
0.01045334883
0.01063812005
0.01048686102
0.01056156743
0.01052451042
0.01036273792
0.01065130265
0.0105900135
0.01042523234
0.01055581326
0.01056224195
0.01044866419
0.01088704138
0.01062658523
0.01044332626
0.01050549745
0.0106152832
0.01064273198
0.01061755668
0.01044040505
0.01060147586
0.01074882112
0.01049327019
0.01067764268
0.01043341112
0.01055413073
0.01056545649
0.01059654437
0.01066284184
0.01081578119
0.0106162304
0.01045767505
0.01069416429
0.01059254684
0.01061734994
0.0106940755
0.01057210364
0.0103840712
0.01063248829
0.01075482695
0.01047939434
0.01062235014
0.0106142729
0.01059668154
0.01066060651
0.01056857416
0.01058497073
0.01074576949
0.01056400469
0.01053911268
0.01078388621
0.01053572729
0.01054324491
0.01043713921
0.01048594708
0.01061566403
0.0106148089
0.01053453346
0.01047144748
0.01055108229
0.01069437932
0.01052357463
0.01050113287
0.01051484243
0.0104149449
0.01046366457
0.01060903461
0.01050940231
0.01056217943
0.01045854168
0.01049896825
0.01054826944
0.01035489316
0.01051764818
0.01047594206
0.0103222512
0.01040799751
0.01041995822
0.01034701764
0.01035345975
0.01037956409
0.01034721911
0.01033622374
0.01031068443
0.01030752019
0.01021261259
0.01028242533
0.01024704056
0.01024498997
0.01019468056
0.01027170947
0.0100622604
0.01012994994
0.01010949022
0.01019639512
0.01014412647
0.01004211413
0.01011527468
0.009978709845
0.01002139339
0.009869173718
0.01007979082
0.009799965844
0.009834930791
0.009874265254
0.009874294052
0.00987644432
0.009761829951
0.009724457634
0.009807160845
0.009688279148
0.009712379493
0.009669451031
0.009629049718
0.00958095849
0.00960385498
0.009548704696
0.009532574675
0.009534998329
0.009480502998
0.009402380499
0.009359421333
0.009396580316
0.009436938296
0.00936744141
0.009397985635
0.009312122778
0.009356653519
0.009302651638
0.009315309028
0.009227616454
0.0093116263
0.009297573981
0.009339966466
0.009211350775
0.009270843142
0.009182577168
0.009180156659
0.009288037971
0.009209847034
0.009148022487
0.0092098632
0.00927904369
0.009196953653
0.009168516697
0.009234968559
0.009175050984
0.009252692732
0.009244061156
0.00927807326
0.009227756768
0.009299246912
0.009269645389
0.009353199053
0.009408592375
0.009450335511
0.009458514776
0.009513010447
0.009517498504
0.009587649592
0.009687146498
0.009718143341
0.00986789833
0.009771635862
0.009910535601
0.009994180738
0.01009821946
0.01014281568
0.010204927
0.01027231715
0.01035930454
0.0104274395
0.01049480194
0.01059421045
0.01071974749
0.01087132179
0.0109223717
0.01100601395
0.01126646078
0.0112965012
0.01150479763
0.0115728589
0.01172023435
0.01185114737
0.01200788804
0.01212662177
0.01242654032
0.01273866462
0.01281088238
0.01316909082
0.0131473553
0.01342210892
0.0136425949
0.01383657371
0.01423237594
0.01437525571
0.01469224997
0.01491440995
0.01535128709
0.01559540238
0.01613952863
0.01648079149
0.01686416601
0.0170171823
0.01761411177
0.01805279128
0.01819999666
0.01951045031
0.01964525451
0.01974164211
0.02025374483
0.02121569012
0.02131535594
0.02229357299
0.02245985892
0.02368069577
0.02370397466
0.02477665468
0.02542800909
0.02648218834
0.02687431404
0.02803952761
0.02889517766
0.02938735002
0.02986826728
0.03103971259
0.03236406546
0.03471212407
0.03431770027
0.03614466454
0.03712403005
0.03787803607
0.03839014239
0.04082840737
0.04180325508
0.04345873395
0.04436779678
0.04639914796
0.04777539896
0.05141413604
0.05241965504
0.05385929049
0.05647516682
0.05829482898
0.05952507411
0.06615215257
0.06784404612
0.07001696668
0.07778531524
0.08210214609
0.08095735107
0.08023117971
0.08879552937
0.08638804168
0.09666675073
0.1210422665
0.110277906
0.1017718976
0.1134296146
0.1101167583
0.1251285006
0.1305962743
0.1360814269
0.1382118465
0.1244110918
0.149612126
0.1652837217
0.1550842781
0.1581518934
0.1640570419
0.1816937175
0.1777813735
0.2049568954
0.2173819789
0.1850045601
0.2097666141
0.2395927312
0.2267178162
0.2407333931
0.2189790666
0.2410110715
0.2709836325
0.5212666493
0.244917937
0.2614321904
0.2275109166
0.2726276569
0.2070850645
0.2449204492
0.2155224601
0.3668145848
0.2132639032
0.297562084
0.2548358695
0.2782261032
0.2509575023
0.2261285135
0.2358088831
0.2383530221
0.2600448425
0.2073775728
0.2612656839
0.2281245781
0.2165849305
0.3247005604
0.2250173728
0.2700476368
0.2491275044
0.3748248025
0.4028886255
0.2946141229
0.2458327633
0.2410469383
0.2584170431
0.2552791233
0.3045197916
0.26566456
0.3939580129
0.2838910123
0.2113422735
0.2517350988
0.2497426305
0.2390098341
0.2802224523
0.2437187654
0.2246182462
0.3505363038
0.2394532885
0.2268140874
0.250598645
0.2964768262
0.233762948
0.2657433949
0.3672239359
0.2778206882
0.2755151839
0.2565583466
0.4031153826
0.2602011367
0.3016766013
0.2557754172
0.2581274812
0.3220693622
0.2782287665
0.3822285061
0.2800936511
0.3188472332
0.3973436156
0.488375765
0.4104564362
0.4481304301
0.2646851584
0.2905415682
0.2808398824
0.2750033966
0.317481278
0.2626425765
0.2527210445
0.3023785782
0.3420757993
0.2463260828
0.4290632771
0.2752399213
0.2345047141
0.2520092071
0.3296438248
0.2725406662
0.2877250423
0.275109605
0.2600955307
0.2467422323
0.2905126424
0.2510035195
0.2702661177
0.2871230231
0.2825575223
0.2513002949
0.2500867079
0.2536491545
0.281766464
0.3686195174
0.2509461647
0.2528149592
0.2640596358
0.281562482
0.2383547581
0.3363438938
0.2752142742
0.2923559605
0.2331319059
0.3206701292
0.2249420307
0.2354675592
0.2841488871
0.2660823477
0.358097464
0.2618370569
0.3669175143
0.3157885637
0.2661768619
0.336165216
0.3175294696
0.2691486631
0.2506663125
0.4918674168
0.3355971162
0.2737530769
0.3833487111
0.2753692082
0.2669972387
0.3003473236
0.3178238732
0.2351087916
0.2520643974
0.3452870497
0.262684056
0.2381639175
0.2969270661
0.2721699859
0.3381966084
0.286524349
0.3013285817
0.3825011627
0.2937895139
0.2525876425
0.2535177077
0.2913412784
0.3602023404
0.3401710546
0.3124148631
0.4197741395
0.2825518088
0.3001890408
0.2355017018
0.256711539
0.2735526258
0.4118349959
0.2491341869
0.2213497844
0.254455376
0.2335809855
0.2922521455
0.274978272
0.3085725464
0.3371078161
0.4350505702
0.3151501248
0.2609052419
0.3262181101
0.3199738622
0.2787884307
0.2787919276
0.3325248112
0.3026611103
0.3303400667
0.3832448293
0.2381424926
0.3391489954
0.2630876893
0.251202524
0.2527631505
0.2486819855
0.2890277215
0.262837762
0.2690154759
0.2577328456
0.2741816498
0.2940984268
0.2991934007
0.3201036458
0.2870301986
0.3226514307
0.2802970195
0.3091335393
0.4177142003
0.3160485904
0.2806755599
0.2387095658
0.3050061852
0.3462432766
0.3146921035
0.3403078313
0.2573576439
0.2904783217
0.2820658667
0.2766434331
0.2757571593
0.2725043151
0.2911051012
0.2742397647
0.2555866757
0.3383387746
0.2665187717
0.3192605898
0.2663488934
0.3345154757
0.2680528445
0.254307129
0.3266575412
0.2657291446
0.3122675819
0.2397530173
0.2235966114
0.2590848261
0.3469824386
0.2898743669
0.2539726814
0.2599496468
0.260168674
0.3906263652
0.3624228675
0.3245335644
0.3824208208
0.2772528463
0.3779565528
0.286571854
0.3098101784
0.4750469291
0.3200663063
0.285412896
0.2861815932
0.2739647971
0.2211742864
0.2975078372
0.2759378693
0.2819476708
0.3455437503
0.3529833671
0.2776240188
0.3112307885
0.2671327772
0.302759566
0.2672403702
0.3546286101
0.2380253134
0.3895203552
0.3116101666
0.2973837089
0.2765060203
0.265591781
0.2580375279
0.3736606087
0.3151387088
0.2610231254
0.2514468605
0.2500638874
0.2536414456
0.3518050153
0.2539899288
0.2724036693
0.2752877501
0.3034451003
0.2763421439
0.2891914393
0.2835537685
0.3291455061
0.2663925619
0.3246263156
0.2741367154
0.2929490221
0.3350538772
0.2754695276
0.3050319997
0.2949285825
0.2772074496
0.2341264224
0.2732561568
0.2927952125
0.282830729
0.379210963
0.2720874822
0.2875266259
0.3099267296
0.297269365
0.2647059606
0.2497135074
0.2866138501
0.2431384535
0.2818643077
0.2846613664
0.2828597497
0.2962586578
0.2598835336
0.4323937126
0.2864420695
0.2965787581
0.3153490227
0.3241688364
0.2785436456
0.2823261295
0.245905017
0.2560621957
0.2560031478
0.2828166628
0.2654208327
0.3209708415
0.2864205093
0.2555627901
0.2951555972
0.3092214723
0.3361491313
0.3180597224
0.2427954757
0.2673676069
0.2848391518
0.351214586
0.3129832704
0.2835738479
0.3235081837
0.2973476778
0.2877248956
0.3116768289
0.4527601114
0.2879418083
0.3034819836
0.2765655542
0.2815932238
0.2799729596
0.3197799934
0.3421217591
0.3127328478
0.3495979002
0.3504836492
0.3575927386
0.2791633904
0.3486756762
0.2990645996
0.3025024084
0.2975970982
0.3518166775
0.3240414785
0.3057035273
0.2710616549
0.2967659446
0.2840536172
0.3810487182
0.3357925297
0.3575406287
0.3250739605
0.3543731683
0.3357938816
0.3313073975
0.3163862897
0.434065518
0.4135094634
0.407454237
0.349265497
0.2906574751
0.3288609145
0.4318076319
0.2771343001
0.2967701537
0.3351908897
0.5875741054
0.2950535588
0.3141706211
0.4310749559
0.3290761198
0.3476785844
0.4041714495
0.3017518609
0.3957801639
0.2956246898
0.3466464132
0.4020881349
0.3259978021
0.4466899904
0.3658962175
0.2308283735
0.2906211364
0.297136739
0.3415103865
0.323808097
0.321132416
0.2735042027
0.3292889971
0.3644960864
0.3918876026
0.2937189996
0.3321156994
0.3158091945
0.358101317
0.2651862146
0.3148782588
0.3066260946
0.3236707592
0.4227706316
0.3557125721
0.3423054046
0.3651126212
0.3202241049
0.3164899148
0.3230996429
0.39415954
0.3367950504
0.3873015396
0.3933730213
0.3292275531
0.3816776091
0.3609732204
0.3200062874
0.3176913287
0.3131785328
0.3448218183
0.264084888
0.3026154392
0.2843917591
0.3707006347
0.3622744531
0.2856402214
0.3646864558
0.4112456395
0.3454690194
0.2950238054
0.3702089468
0.3378695445
0.2975241983
0.3486157034
0.305495794
0.4164737416
0.3103849285
0.3175320022
0.2783432673
0.3763902242
0.3642117113
0.3195903797
0.3163672827
0.3483305675
0.2656438969
0.3020938793
0.3032090007
0.4941983338
0.273351661
0.322507546
0.4711069474
0.3118939263
0.601454028
0.3291202272
0.2957731785
0.3162879494
0.3640670538
0.2974557715
0.2917251378
0.3966696239
0.3233726937
0.3841890898
0.2987916515
0.3210307364
0.3620362603
0.3764620063
0.4272289081
0.6311983916
0.3718114424
0.2972156573
0.3326459007
0.3768925777
0.2935415087
0.4558395163
0.40922828
0.3678249336
0.3492147255
0.4570145709
0.3668109172
0.3317934272
0.3397368691
0.3190148504
0.4146445088
0.3531715896
0.3498007441
0.3663207738
0.3247039295
0.3325398346
0.2997895376
0.3130972369
0.3243003672
0.3289992233
0.2945061187
0.283670928
0.3677705207
0.2648387453
0.4707377876
0.3270540423
0.2906551804
0.3298798054
0.3338850939
0.3191245977
0.3364395855
0.3179875961
0.3283140795
0.3164625419
0.2865185022
0.3189331993
0.375412741
0.3470677778
0.3610999139
0.3651484351
0.4465994153
0.4570164003
0.3254244779
0.3165427673
0.3347744505
0.3246055195
0.355549764
0.3857862665
0.3289828322
0.3834893975
0.4806487754
0.2910123283
0.3190960231
0.3825784954
0.4014777448
0.3532711145
0.3433744194
0.3816939909
0.3599956602
0.301845087
0.3846718077
0.3012122012
0.4362684127
0.3312838101
0.4195702715
0.3606435362
0.3661684535
0.4785455485
0.3231972434
0.2799767365
0.374559184
0.417603433
0.4038705706
0.4669900363
0.2816318396
0.3060782706
0.3025825687
0.3941246923
0.4729807956
0.3355831521
0.364497044
0.3389719044
0.4662058998
0.4447031451
0.329016496
0.4051115218
0.6391751403
0.3256912882
0.3585732715
0.3461194313
0.411799265
0.4393722389
0.3887280111
0.3410338056
0.3715717903
0.3796810245
0.5188734812
0.3070753134
0.3380794833
0.3415911341
0.4374159603
0.4755711291
0.4558911552
0.369854527
0.4062765247
0.3710597701
0.4313178631
0.350196436
0.4197030746
0.3311809082
0.4010295069
0.4397678287
0.3083078322
0.3156293957
0.4297071041
0.3884228319
0.3010548951
0.4233867544
0.4045682739
0.3676729505
0.4197818878
0.3778513839
0.3157842616
0.3821525177
0.3603439779
0.312959629
0.3799901354
0.3057027863
0.5397094345
0.3678918647
0.4088861052
0.4064191487
0.4296425633
0.3649859392
0.400300039
0.3376628675
0.3497198924
0.3490964231
0.3369007088
0.4334782399
0.3895484828
0.6432525493
0.4043038792
0.3445846535
0.3097345671
0.7828675699
0.2838516457
0.3066522381
0.3749408497
0.3744276191
0.5435352698
0.4022135041
0.4489925276
0.333254667
0.393719784
0.3706125545
0.4304724832
0.3984609155
0.3386635486
0.3586594844
0.6015564197
0.3280616975
0.7379715035
0.3357312861
0.385974597
0.3291182846
0.412558583
0.4639552481
0.4859736902
0.4090003312
0.3846112184
0.3722244731
0.5235977261
0.3194006886
0.3232253745
0.3644028017
0.4989571749
0.3683298814
0.3457530048
0.3329326599
0.4661908618
0.3160502564
0.3800647405
0.2970753672
0.3758131778
0.3768521692
0.3429760908
0.4470678175
0.3845507451
0.4010744014
0.3683803538
0.4283882224
0.422742777
0.3927069219
0.3734767153
0.390256734
0.3445658696
0.3452125957
0.4920173091
0.3993631833
0.3827788029
0.4085437089
0.4942794433
0.3303510395
0.4786940309
0.4575803968
0.447078999
0.4700849361
0.415532968
0.2845805913
0.3736722881
0.382361554
0.4365399325
0.3309989198
0.3675784207
0.3496024233
0.4662306222
0.4079257739
0.3915330358
0.3760003368
0.4407375301
0.4916256899
0.3855598984
0.4381413647
0.4597031075
0.36011194
0.3461299035
0.4642493668
0.3670860007
0.4620370093
0.3524402567
0.3781021619
0.3947722622
0.3355138344
0.4878129509
0.4969154311
0.4587129625
0.3111095958
0.42281491
0.3619231119
0.3413623223
0.3069967568
0.3197149872
0.2899695421
0.495198231
0.3842450996
0.4535582013
0.6216653933
0.381430585
0.4027828178
0.4314674657
0.79293663
0.5791095741
0.3556915434
0.4293355248
0.517704424
0.5303467485
0.5127598221
0.5606692315
0.5263926727
0.4030791667
0.3875134448
0.3245310092
0.4365269571
0.4947141872
0.3970046797
0.3389210355
0.4467804324
0.5970385478
0.3566089835
0.3532338435
0.3800718557
0.5077503603
0.3293665802
0.4111914173
0.4253249031
0.3871306268
0.3617606099
0.4701643835
0.4367467483
0.3517889318
0.4629526545
0.5608548274
0.500927528
0.3456325422
0.497923158
0.3499174535
0.4958705011
0.3729256371
0.3934121541
0.44238794
0.5836283979
0.4456274482
0.4491703266
0.4311324124
0.3468550828
0.423348966
0.480590902
0.3653551619
0.3776162464
0.4509337539
0.4125362412
0.3995121804
0.5635815641
0.4041583272
0.3380380774
0.3996812643
0.3724818774
0.4167190554
0.3975944473
0.3868931868
0.3116172672
0.3837723066
0.3424195857
0.4539519822
0.4233756425
0.5657406924
0.4844021093
0.3921166018
0.6264385623
0.3699105845
0.3456367545
0.3744412082
0.3235081817
0.4107248593
0.3727606547
0.3677347958
0.4425773047
0.364251536
0.4613395652
0.4342516132
0.3488564747
0.3917783638
0.3149792723
0.3305865487
0.3308051567
0.3854072722
0.4882998393
0.3673148257
0.3662419133
0.6776522847
0.4182962288
0.4175259135
0.4253446293
0.3842241951
0.3526898148
0.3715255776
0.3617387139
0.5575898259
0.4244681174
0.5274888458
0.5436948806
0.4241281099
0.6353354345
0.4217245443
0.5855572484
0.4272810207
0.3829147363
0.4044016514
0.5381853589
0.5419080003
0.4457362025
0.3761835511
0.3834879444
0.4370393467
0.3793386624
0.3938437016
0.396505133
0.4091215686
0.4540105071
0.3158463657
0.5140943246
0.4909124962
0.467670409
0.3562707904
0.3616705494
0.8574434839
0.5824934927
0.559364911
0.4854853761
0.4899933818
0.5386735811
0.4919803996
0.7292169175
0.5042808203
0.4034191409
0.382374232
0.5269311132
0.5701942171
0.4579908383
0.4985566172
0.5625453848
0.4753588258
0.4588313834
0.4234115089
0.5017955642
0.4772564411
0.6288334736
0.4452416115
0.4923816081
0.4351406373
0.4180709877
0.5286984429
0.4645694461
0.4957711026
0.376289135
0.4811623827
0.415334868
0.4664149473
0.3886380202
0.5489714568
0.4105102508
0.4018520964
0.3564946899
0.494432129
0.3764249514
0.3786158855
0.4951919572
0.441526467
0.3796919426
0.5586742221
0.4302743248
0.4687340532
0.4186600521
0.412705121
0.3974876076
0.4363767277
0.4603161515
0.5465466504
0.3026465277
0.438594388
0.4451446625
0.3380908307
0.4398893825
0.5583535124
0.5382395405
0.6128536146
0.6333774976
0.6938890085
0.4889085494
0.5384224181
0.5393589589
0.7751691878
0.5073435346
0.5052827807
0.4303410456
0.4288953049
0.7179455516
0.3840931344
0.5611122471
0.5889344181
0.5495694649
0.6248182515
0.3585155404
0.4055460428
0.3830890216
0.5602336249
0.5401562566
0.441827193
0.5534121672
0.5011363708
0.7753957546
0.8822896159
0.5640713098
0.5325428607
0.4553219444
0.3918026525
0.3905615129
0.6579913582
0.5430662315
0.5687270257
0.3988052184
0.4861005954
0.4343910139
0.4451111491
0.3389971894
0.4416815968
0.405794705
0.4577497794
0.5137746898
0.6177677904
0.5746764754
0.5426396725
0.6274916955
0.5069211814
0.5158321478
0.5612116349
0.4918826269
0.4718835041
0.7223767066
0.5977186948
0.4110886477
0.4559941623
0.5163020923
0.6312344381
0.4428068862
0.5578466078
0.4668756165
0.5410933186
0.4393252554
0.4270134355
0.3908815417
0.5137226957
0.5799419774
0.4268361978
0.5118752233
0.4683177585
0.4982353063
0.4290043567
0.488906273
0.4048963814
0.5387795502
0.5007323703
0.4423657497
0.4232422067
0.7252293989
0.6216601395
0.6108587276
0.5367888261
0.395454843
0.3958407586
0.4889941227
0.4044996693
0.4113404568
0.5519942075
0.6630441574
0.806981533
0.5605625223
0.6273098921
0.5461863511
0.7098183038
0.5206499922
0.3967228668
0.5286096998
0.5111014473
0.4938813617
0.4568949339
0.4383512036
0.4355979228
0.536630335
0.479295789
0.4702806043
0.7433235362
0.3611503301
0.4914291637
0.5112693314
0.5385775632
0.5082434676
0.4890215509
0.3538681975
0.3124250137
0.5311485862
0.5729392952
0.4796585626
0.3922618841
0.4542202411
0.6060715629
0.5000346479
0.4170715066
0.60635641
0.5484528868
0.44064672
0.5560876171
0.5077799388
0.5674665092
0.4939733342
0.6704128543
0.5899014154
0.4938154041
0.5285680157
0.4057611257
0.5713400315
0.5198795507
0.8443753562
0.6027872144
0.376863301
0.5335963011
0.4817917588
0.5244836703
0.4833029118
0.4842082878
0.7138070542
0.674710683
0.5103854544
0.5693601698
0.4738226114
0.4475378631
0.5085746053
0.505308708
0.5364680573
0.5616581798
0.5756339152
0.4755379925
0.4937048467
0.5392778347
0.3883403126
0.4539632599
0.4595390169
0.5925336649
0.3985230997
0.5080826235
0.4074785611
0.6270097308
0.5944043617
0.4645948311
0.3818138003
0.4718533422
0.3306957
0.4920094681
0.4598763544
0.6979997385
0.595430999
0.5428069415
0.5001434558
0.4376561329
0.452095557
0.454908686
0.3230571768
0.4318931688
0.3167188625
0.5337937795
0.5245638769
0.4652991509
0.5848952081
0.4176800884
0.4554736362
0.7030077074
0.5086502727
0.5239003361
0.3961202901
0.5124876455
0.4421547558
0.4949242211
0.5431604708
0.5294490927
0.4258924259
0.4934376728
0.5546341068
0.6793721082
0.5162749142
0.4724798157
0.3777524535
0.6294790559
0.6798922994
0.8372441261
0.5990703986
0.6341350301
0.5358812458
0.5775553268
0.593784537
0.414445739
0.4299790407
0.7840301464
0.586138484
0.3968620228
0.3969064161
0.5276236328
0.5119758863
0.4423719068
0.5448133799
0.4544954763
0.3891938883
0.4864660263
0.4509658809
0.4345373091
0.4758737128
0.4301875773
0.3933640764
0.5630641449
0.4155067247
0.4734338767
0.4471584005
0.4560900136
0.33035815
0.5588998081
0.3351281138
0.4350600755
0.5716831712
0.6425061597
0.3963522911
0.4476226082
0.4348025602
0.4208302431
0.4533795196
0.5003026346
0.6655485548
0.4221185539
0.8249977206
0.6211226136
0.6033384563
0.5936187879
0.4742684834
0.3522709896
0.4021342064
0.4479152934
0.4022779353
0.452352111
0.461919833
0.5122784932
0.4380747011
0.4033489722
0.4276638714
0.5666377023
0.7581067864
0.476572609
0.4323864512
0.4117191253
0.4802333584
0.416611481
0.3822358407
0.4583803782
0.3913457561
0.4225475903
0.3952591364
0.5027606522
0.5135198205
0.4364311173
0.4511079254
0.4240275538
0.379175324
0.4957694354
0.4370801918
0.5294409077
0.4243877762
0.3458566153
0.4436977232
0.5318223781
0.5428656337
0.3750526869
0.647517967
0.7723118707
0.3828223524
0.673942089
0.5842104398
0.6215004678
0.5148282
0.460763577
0.5411881317
0.6241397307
0.4192207695
0.656695248
0.5365257788
0.5195032559
0.7384437216
0.5279921499
0.468682365
0.4646703396
0.4608427351
0.5579301015
0.5015686629
0.4363029541
0.5251614573
0.3370626926
0.4853964086
0.4396133525
0.4668329661
0.5529930971
0.846441338
0.453050777
0.3651315666
0.4733677768
0.5541404478
0.4790473764
0.476754427
0.5726462605
0.6748465573
0.4409321899
0.3769845408
0.4177522422
0.3410667797
0.382225203
0.4159439952
0.3406146952
0.4494111861
0.4371781928
0.5680369229
0.4212694165
0.4986782931
0.498593188
0.4452799694
0.3497466082
0.5333167635
0.3966035468
0.4723474234
0.4213636623
0.3564350925
0.5988404966
0.6130372554
0.4157265902
0.4125599647
0.4012044014
0.6402121399
0.4156266647
0.7983588454
0.4912283409
0.4958325428
0.5260365506
0.422820406
0.5182224431
0.4162288688
0.5441677842
0.6410917342
0.4960518182
0.6298957207
0.4357551454
0.4540904372
0.4916034255
0.428213425
0.4369239797
0.495980383
0.4698229049
0.5454906036
0.454170722
0.4689274144
0.5660729773
0.6724243502
0.5385907602
0.5161394347
0.4685037597
0.5066269299
0.3571011856
0.3822752722
0.5756027612
0.4234787894
0.5805693536
0.4442745859
0.8443287409
0.5696961521
0.4782555084
0.5817049057
0.4273093108
0.8416574091
0.4235407865
0.5950316012
0.4283206617
0.4538769501
0.4748992005
0.7755003434
0.6819153405
0.6258141493
0.4364144032
0.4484437602
0.4992800915
0.4306971577
0.6297060411
0.5036677821
0.4570617372
0.4814178408
0.4581341118
0.5033933
0.5342922998
0.5953712686
0.4869269654
0.4552834889
0.3457667457
0.4923498264
0.612762213
0.4720417134
0.3392016999
0.4754164585
0.8524910601
0.4495819606
0.6391037905
0.4715040736
0.465194818
0.4763835145
0.6593102963
0.4796508646
0.4684994467
0.482145347
0.5416318876
0.6232681879
0.6418612106
0.4270259545
0.6181427287
0.5022580242
0.4671136262
0.6299822056
0.5304939239
0.4491242586
0.3954029084
0.4886962191
0.5270178636
0.4095423777
0.5654099522
0.450461705
0.4003485362
0.532949587
0.4508091043
0.6459942418
0.362358725
0.4279090582
0.4992817804
0.4940253936
0.5309705813
0.5153663103
0.5606889251
0.418390663
0.4447380767
0.5411435059
0.4150630671
0.5098924435
0.5141183962
0.4292447961
0.5923527208
0.4270316184
0.4796562808
0.5522686729
0.5400240847
0.4182958454
0.5315997974
0.6180116478
0.4140916541
0.5096186595
0.6246338535
0.7427984684
0.5322478695
0.7116585659
0.7298508178
0.4413801751
0.4674695104
0.4461820374
0.4899258152
0.7035063232
0.5695054341
0.5136502119
0.5632827754
0.6158566753
0.5156518036
0.5328480238
0.80117764
0.4914474672
0.5225571533
0.6339174411
0.8214181317
0.497306334
0.646622073
0.5131875918
0.5546303779
0.6712573611
0.6518947937
0.5008339132
0.6222849063
0.6398712844
0.4683861114
0.5796415038
0.4975513374
0.5697427973
0.6726497133
0.5763928062
0.5906627061
0.7407562884
0.8022671892
0.634247772
0.5742381169
0.6232358137
0.6602796918
0.4186739632
0.5508813733
0.6109181932
0.7056249527
0.5130964237
0.4300299818
0.5343694711
0.4395660303
0.4976877118
0.5260454931
0.4527462301
0.4378845896
0.4928669408
0.528429527
0.5054866116
0.5430089884
0.3774351374
0.4537648458
0.5014408741
0.5626118987
0.4448490877
0.5264515125
0.732681086
0.710127264
0.4829335157
0.4951385726
0.4377742801
0.5992632214
0.5317014934
0.5461746697
0.6790705894
0.6803506029
0.9180189806
0.4693855716
0.7805242975
0.6365253913
0.5009958716
0.5913942924
0.7901239505
0.6873162604
0.4802248668
0.5088356989
0.4146698768
0.5409922376
0.9482446736
0.5836313679
0.6680887799
0.7839443195
0.5734713316
0.5699516728
0.6284417336
0.5908409696
