#################################### 
# Matrix Size= (25,25,400)
# Resol      = (1,1,4000)
# VoxelSize  = (25,25,0.1)
# nbVal      = 4000
#################################### 
3194.296821
2526.25535
2655.84107
2613.181982
2394.14153
2697.067941
3175.427733
2670.334197
2686.226527
3134.780662
3104.195615
2897.926035
2637.580497
2657.289648
2361.414807
2588.027377
2828.781634
2707.124646
3054.823242
3280.728438
3577.99758
3045.084011
2843.12685
4188.336368
2547.569077
3464.32223
3200.286785
2591.190386
2637.408727
3042.020246
3163.132431
3380.835983
3443.207912
2789.853027
3265.276816
4880.555829
3503.174552
3108.015312
2672.195089
3574.174892
3660.627532
2800.252686
3354.597285
3085.100333
2515.609452
3240.77711
3682.431737
2944.665272
2564.006664
3221.193658
3174.747618
3243.654091
3106.772264
2771.236159
3884.187817
2910.56572
2816.249193
3201.700827
2825.713481
2809.757897
2477.298657
2842.828126
3289.908816
4237.079673
3061.209918
3279.192218
3158.827362
3370.714706
3043.020411
2980.060472
2943.976539
3217.347901
2804.141253
3082.432098
4220.256651
3543.937595
3667.581766
4675.538063
3780.774173
3729.163975
5018.035982
3072.48524
3090.591256
3086.176636
2670.183044
3010.763512
3320.08151
3557.282745
3139.048432
2583.863047
2759.484721
2982.444676
2574.482767
3657.200062
3649.437246
2887.347176
3097.601925
2922.490834
3330.370038
2862.434742
2908.258998
3971.591331
4021.036615
4465.006924
3069.472194
4503.103331
3241.92634
2917.474067
2659.246475
3806.001004
3321.13382
3476.986415
3080.546029
2952.654414
4041.614712
3879.487354
2988.973299
3476.022827
3013.496491
3430.896764
3102.755646
3783.643278
3993.594754
2898.194988
3072.297307
3788.175321
3077.041683
4318.101635
3139.29576
3673.809344
2895.428229
2967.205374
2958.796922
3202.71691
3111.842415
3985.454104
3235.566187
2767.800189
2580.651181
2998.451995
4661.413804
4808.629968
5071.868417
3519.573311
3509.000614
3147.115086
3647.091214
3879.326129
3934.806463
4499.838467
3067.687144
3751.454316
4777.067175
3071.134011
4566.384885
2922.372231
3238.904012
3025.40453
3689.13352
2815.866107
3175.031107
3781.864564
3601.786338
3058.04503
3417.831036
3770.969896
4579.803785
4012.671775
4035.598529
3065.683283
4033.818114
3455.426184
3930.425399
3563.541269
4391.721826
3608.744394
3185.049474
3980.17098
3339.05668
4049.492232
5774.219773
4073.984733
3675.137523
3486.162146
3751.563708
3989.382301
3416.603325
3158.391506
3295.341327
3974.337881
3297.549783
3408.084399
4443.905736
3183.505118
3260.099585
4289.43887
3577.355692
3467.894656
3895.112847
3711.243739
3899.148811
3019.351861
3332.643598
4092.643268
3122.751889
2980.354984
3219.132914
3667.603776
4782.140982
3278.570118
4069.796083
2831.207276
3061.681345
3173.58449
3037.10528
2810.591265
3551.007355
4183.970783
3772.203975
3092.033295
4230.748724
3947.987364
3591.472592
3842.737523
4683.197098
3277.216391
3130.464956
3023.469425
4584.085445
2961.689319
4208.655343
3445.40924
4222.812734
3238.536808
3363.858942
3336.496712
3303.559291
2983.418573
3665.929441
3956.203835
3972.28063
3557.701467
3454.815839
3019.705276
4406.562804
3094.171038
4776.79771
3344.338742
3691.488098
3503.902904
4076.624625
4455.646158
3415.844123
4022.31945
4408.396935
3462.371491
3847.984547
2925.034875
3919.40365
3571.594817
3777.064429
3832.11771
3447.594405
3651.933383
4421.736208
3601.921967
3634.552943
3449.884856
4385.509475
3225.915635
3164.050732
3741.414925
3330.689155
3564.741344
4553.12344
3627.393527
3608.995084
4444.439295
3404.385918
4096.585677
4787.806457
3459.711754
3558.174472
4219.416153
3739.633217
4069.878807
3294.525228
4305.054742
3551.159497
4569.363759
3062.24449
4369.131799
3901.201031
3854.8777
3469.712734
3733.971388
3126.323994
4453.189229
3738.846269
3713.322641
3411.902403
4252.083684
3239.323132
5604.623148
3718.089817
3516.09406
4876.281488
3324.082335
3273.190851
4200.808353
4418.162746
3455.653282
3553.629185
3681.020181
3891.84447
3579.545224
3244.691598
3441.870581
4145.991077
3919.706167
3117.559938
3906.099775
4049.72272
4045.539441
3822.918525
4113.45997
4050.874849
3744.724171
3772.513053
3673.264598
4580.36825
3919.857975
3883.46001
4786.557105
3400.47615
3779.226512
5278.137088
3530.861098
4083.299603
4616.629033
4882.45389
5046.869592
4331.212563
3809.718272
4176.830081
6669.664299
4220.94057
3736.366888
3828.405287
4043.120461
3870.749196
4131.187296
3573.608645
3475.920718
3574.98215
6108.436462
3920.080761
3551.392727
3524.310181
3472.10806
3558.69514
5555.678664
3588.513496
4243.727805
4018.333438
3198.357075
4460.681051
3476.522723
3295.953978
3745.694635
4903.04379
4210.228525
3312.671051
2895.629453
3459.878388
3921.602908
3674.614043
3102.590694
4068.880617
3244.746973
4437.233058
3547.183671
3352.90963
4443.844127
3841.03925
3418.108359
3341.30192
3820.048336
4634.231735
3705.367464
3269.509927
3513.085128
4141.350688
3954.331024
4539.752762
3673.475947
3168.439965
3138.517309
3443.398232
3862.579294
4268.956466
4425.316211
3014.795754
3703.209413
3358.496734
4475.492662
3929.507306
3668.825769
3984.416501
4216.339917
4670.074314
3606.240226
4106.279077
3443.567969
3743.837196
3811.926901
3448.700065
3990.658626
3512.725571
4967.682775
3603.630339
3952.453081
3406.549506
3156.271354
3839.203911
3696.253136
4042.850459
5204.415276
4382.299032
3843.212324
4268.887701
4772.887535
4771.530629
3717.979012
4088.316704
3893.023922
3929.92767
3721.130325
4002.326191
3439.201222
3424.407571
3826.13292
4267.736517
3594.100898
4271.664217
3184.415236
3108.980183
3130.839032
4700.568139
4243.935555
4480.822898
3601.568792
3734.38098
4683.729754
3689.810963
3272.411488
4785.776114
3608.99598
3100.359706
4108.07132
3107.977635
3951.702924
4613.634497
4387.414602
3772.181189
4688.343278
3894.578674
3410.301561
3672.105529
4202.085769
3265.562223
4999.069154
3638.146295
3860.401875
4559.462425
3466.384973
3549.522905
3366.547273
4089.507717
4095.20623
3894.586982
3187.110187
3547.810795
3262.990093
3224.778031
3674.561559
4117.298478
3759.430727
4179.797763
5252.192227
3596.243891
3570.986182
4602.456776
3915.013033
4543.687368
3713.297075
3701.094743
3422.908765
4155.271704
3503.114911
4464.217406
3774.089493
3935.373293
3707.934401
3931.781988
4119.00359
4285.013309
3803.920299
3725.967252
3546.466273
4270.547013
4373.334795
3402.59513
3518.860261
3442.568373
3447.960711
3861.355446
3889.062674
4153.580967
3327.44247
3692.322641
4189.05313
4223.942689
4280.19916
4157.424314
3987.331465
3643.510555
3628.920798
3427.517985
4040.488182
5235.920333
4452.090825
4112.977753
4943.701095
3679.891597
4098.557496
4225.331439
4760.158356
4120.494495
3945.097544
3817.07481
4367.480384
4439.941518
4223.421976
3816.257191
5022.5744
5958.169048
4381.543092
3722.755389
4249.290894
4632.403949
3683.267553
4648.769441
3638.023522
3805.617586
3678.542325
3831.691318
3583.96738
3478.317417
3410.675401
3682.133631
4178.729892
3726.526276
3337.013218
4218.290755
4487.756102
4847.9907
5228.654788
4023.82518
3999.550479
3769.033157
3557.643404
3285.714592
3335.4951
4226.397389
3523.502092
3871.674369
3229.691431
3366.814043
4195.386547
4875.292991
3822.192579
4987.10499
4836.09543
3791.477099
4846.445399
3560.227957
5757.758588
4507.055542
3925.82531
4314.757796
5776.893941
3727.356762
3503.423039
4594.060845
3727.626833
3730.398482
5431.007557
3794.492186
3589.25102
3500.029093
4585.956776
3861.85898
4122.363685
4472.811444
4383.274638
3521.285394
4567.925352
3940.825153
3325.996784
5278.972789
3953.314772
4693.018255
4523.746018
3670.802554
4105.259014
3997.475132
3710.027956
4246.461323
4503.901291
3983.501452
3868.261359
4273.651781
4672.664989
3955.873671
4333.992201
4542.125375
3553.529454
4118.311798
4196.50384
4113.588732
4782.651329
4563.486648
5047.945435
4420.337036
3692.447449
4339.704976
3851.226381
3571.687687
5287.994464
4635.690532
4417.395227
3618.247459
4168.067372
3585.336897
3372.281923
4903.578195
6422.828892
4464.469997
4695.159813
4668.751157
4403.504044
5214.568753
4457.322084
4231.343899
4459.823362
4898.321858
3641.935072
3757.191523
3537.623891
3612.632035
4318.406107
4326.913736
3623.465675
4805.546855
4195.179462
4067.686359
4697.825944
4145.965763
4667.088018
4209.137826
4068.092936
3912.595391
5636.053216
4110.089548
4054.155939
4252.946998
3926.929952
3846.482201
6126.846423
4334.758215
3826.266333
4444.311686
3760.023898
4585.695977
3930.70917
4031.562197
3550.353918
4188.927677
3743.61163
4348.659083
4769.124459
3709.737978
4436.190045
4123.699858
4375.507505
6318.255401
4325.693149
3961.270977
3882.893448
4378.41004
5150.025557
3761.814502
4331.758612
3589.027414
3884.592457
4378.497281
3945.614689
4329.852552
4139.423661
3573.680158
4046.06019
3591.367027
3683.735272
4331.449928
5605.413259
5644.426946
4273.138682
4432.976092
3871.877435
4398.848769
3945.464832
4235.091794
4432.738077
4127.452223
4481.27527
4059.02494
4236.703842
4781.632593
3496.573845
3643.170718
5220.959687
3953.235257
4354.84865
4675.068779
3444.122504
5048.270287
4055.028057
4596.612384
3935.384085
4086.799621
4127.051121
4002.569394
4361.579414
4048.248521
4344.397113
4176.341294
4003.719102
4112.542623
3636.06322
4085.635699
3961.050765
4019.35496
3989.705693
3931.965429
3818.116559
3809.161802
3783.555425
4201.403089
3839.330999
3550.523785
4806.556338
3921.013291
4596.487026
4742.959823
4519.441756
4868.382614
4363.451549
3633.94316
4456.313508
4690.132238
5448.417601
5286.846329
4320.876305
4365.03662
3780.930069
4406.731207
4452.91276
3836.218887
4160.459866
3705.340808
5013.823586
4025.285548
3763.806645
4005.252227
3687.427313
3632.726834
3808.257052
4196.08198
4065.192373
4266.208727
3992.007784
4915.708813
4670.857733
4077.993132
3723.397857
3644.881403
4517.449928
4777.989444
4044.379483
4998.230079
5356.184777
4545.836956
4231.391008
3840.604834
4764.944427
3519.235366
5129.292441
3970.733577
4179.10408
4848.328754
4154.129154
4400.433971
4405.668668
3986.523185
4536.476653
3745.329288
4324.692871
3857.041893
4419.413882
3787.609503
4563.951431
4712.670135
4509.139168
4712.083961
4780.061182
5660.582646
3994.568175
4260.016744
4041.440182
4183.231381
4367.554093
4559.859966
3789.497031
3711.637889
4158.139956
4412.921359
4287.460216
4341.513031
4142.710725
4090.675969
3976.701069
4103.557399
3883.602782
4616.189763
3714.176117
3791.700337
3621.43255
4116.84934
3782.538013
3701.971631
4567.031652
3824.046606
4246.996868
5287.565987
3924.358407
5211.129941
4883.859413
3739.712355
4135.628669
4785.914777
4390.863649
4561.123347
4649.138893
4529.269172
4371.111503
4826.815487
3673.727756
4539.212037
4751.668189
5229.17009
4454.457629
4516.11552
4278.925444
4920.208385
3810.196076
3556.828127
4236.882772
3662.014563
4175.878292
3939.225956
4397.420797
4303.977448
3913.488031
4273.482948
4235.527675
5222.908044
3965.519075
4270.189228
4248.535866
4611.744365
4389.202885
4209.681498
3975.664814
5911.984289
4641.209383
4456.092856
4007.327965
4055.721927
3715.551607
3983.970359
4172.875209
4503.46086
4102.683365
4573.318413
4676.277146
4626.853018
3869.102623
4697.017303
4178.647855
4046.973028
4482.494858
4450.072328
3887.035914
3662.359859
4008.416484
4186.675906
4515.763312
4437.32531
4326.446687
4386.871112
4428.883806
5048.146159
4853.668104
4451.52775
4437.122651
4486.486964
4049.475551
4212.189411
4187.600035
4399.924235
4925.213684
4477.575641
4765.08151
3897.231626
4186.732583
3940.233856
4250.224591
3842.310705
4600.530699
5552.699661
3983.618644
4544.156958
5001.425385
4521.37007
4262.356306
3769.08055
4268.790954
4702.582482
4427.46187
4304.537795
4494.667753
3677.502382
3938.196187
3990.066574
4171.455686
4191.477413
4561.191125
3903.852561
4187.172268
4476.141545
4078.542221
3828.667391
4451.864174
3929.803167
4922.42768
4571.184171
5262.208243
4247.862915
4314.504941
4265.000229
3685.862767
4460.670722
4373.289746
3877.72402
3776.579003
3781.959201
3851.742306
3977.179879
4040.51511
4345.400687
4042.617076
4127.277424
4190.363314
4257.386382
4094.530132
3963.372948
4334.817096
4211.28451
4320.41131
4043.038066
4317.902675
4536.694441
5997.823908
4408.444435
4669.984649
4107.23371
4477.908585
3775.798947
4925.953843
3896.006645
4357.452025
4060.591454
3889.054632
4244.380327
4104.037847
4541.344771
4010.770504
3694.671193
4808.386724
4996.029416
4027.362953
5316.36407
5005.337265
3975.966514
4420.69068
4439.661231
4012.078902
4032.96479
4482.560614
4023.376314
3784.844728
3832.931132
3861.444667
3875.07336
4029.929316
3656.230256
4746.168081
3981.54287
3989.661091
3798.245889
4125.062142
4245.297409
4971.753294
4113.195298
3956.465631
4105.986247
5024.21515
4492.572311
4700.448821
4194.417342
3940.479985
4023.607639
3906.374158
5660.688446
5017.278181
4325.680552
3844.40252
5153.90906
4557.986573
4555.081294
4316.097854
4088.140678
4548.724306
4338.630851
4396.381989
4505.82394
4367.793583
4897.340259
6486.378448
4729.227971
4788.65047
4139.772913
3984.684912
4290.063177
4342.768568
4382.173154
4240.063751
4636.462513
5215.076807
4103.34544
5348.204153
4644.048556
4520.713796
4758.422205
4902.679577
3996.518025
4789.887199
5021.870262
4480.324958
4046.491898
4096.336543
4832.583203
7027.164977
4513.56034
6290.673984
5513.932074
5629.6912
4986.634495
5573.925778
5198.070621
5287.270873
4660.378798
5121.795801
4369.767908
4459.916346
4055.87511
4227.938507
5490.81833
4432.300164
4300.651336
4240.358181
5587.836219
4308.087633
4393.53266
4196.099637
4289.998653
5593.69298
4336.960474
4687.823798
4762.488273
4562.450645
4590.203194
4414.230503
4409.666981
4059.441303
4668.441451
4714.786956
4359.163292
5322.326523
4571.153497
4382.113195
4556.754947
4351.992523
5222.059793
4433.840706
4101.045587
4150.60657
4202.450266
4202.835736
4925.833408
4128.519676
4023.251445
4163.737239
5388.3759
5086.233876
5247.573616
4707.57165
4490.303816
5799.82694
5184.924129
7150.917762
6348.695432
5479.43568
4605.550612
4153.115935
4875.247602
5677.681291
5182.990194
4461.035407
4659.021763
4685.584814
4909.284158
6483.630356
4760.631169
4635.911264
5398.451911
4378.659076
7612.147143
4185.530245
4917.131971
4268.81179
5510.390797
4852.813506
4525.301177
4822.718167
5051.008678
4610.360951
4398.817192
4564.459554
5859.508892
4906.199896
4568.537972
5928.0509
5063.537747
5099.710631
5087.847702
5913.067243
4285.235614
5651.962298
4881.230347
4375.946164
4460.13592
4998.945917
5005.995802
5118.791406
4328.713156
4286.776496
4978.064554
4261.41972
6968.090627
5009.303979
5405.248382
5008.076117
4346.120635
4992.392968
5254.462544
4617.950337
4787.400292
4504.716224
4655.882218
5022.09278
4635.862719
5383.278436
5438.236663
4293.947718
4164.458708
4466.116159
4296.65428
4381.270534
4174.608621
4305.663383
4466.727544
4400.405361
4782.097268
4782.131564
4285.807649
4004.860442
4830.111854
5331.695616
4459.828354
4531.410053
4372.122678
4362.519096
4425.115353
5107.763547
4860.2544
4704.940647
5345.5407
4543.953085
6089.414777
4515.615045
5570.506426
4324.115779
4571.225557
6321.863695
4372.042977
7350.330605
4459.935718
4263.947693
4482.90556
4286.84343
4718.888863
4488.581338
4470.588335
5281.180487
5613.049305
5134.047792
5360.435007
5142.771603
4287.699086
4063.117958
4628.684372
4743.271674
4295.618055
5903.237231
5039.549529
4817.56001
4551.300813
4917.68593
4325.827487
4502.512223
4351.037588
4713.547226
6209.495474
4679.410371
5324.01486
4767.611264
4877.51195
4639.97008
4972.918538
5383.850933
4797.840735
6392.420402
5966.381282
5905.483351
4567.960731
5814.265704
4667.939944
5590.239713
5611.969888
4723.508178
5036.933445
4747.307513
4414.105243
4316.92191
4430.816657
4840.436651
4919.382164
5204.131714
4737.944957
5036.869549
4935.349865
5250.728571
4764.999324
4444.776613
5614.83154
4356.69317
4799.712177
4823.32011
6056.148395
4738.546707
4660.894002
4502.187712
4689.274344
5186.331651
4473.075131
4377.156334
4765.867351
5211.059368
5252.572372
5051.717104
4815.409082
5144.109258
5788.500815
4486.350879
4493.292739
5359.989925
4893.378433
5654.438133
4621.70587
6199.606585
5910.841933
5254.389021
4911.705606
4605.860875
4409.840362
4571.970887
4763.684504
4605.342341
4490.914376
5016.275956
5101.617086
4232.11421
4495.85217
5315.17125
4775.190078
5112.57258
5520.926121
4682.464265
5993.039617
5444.096902
5172.119944
5155.917684
4758.660493
4742.566129
4686.820097
5219.514155
5092.193372
5377.634609
6829.865706
4570.740577
4888.447323
5104.220698
5882.277756
5049.011374
5390.803489
6742.514656
4882.964292
4780.526152
5094.031115
4625.910299
4652.105208
5490.429355
6034.634569
4905.514223
4485.259932
4603.738843
5708.077122
4809.96178
5371.029552
6891.838399
5007.186053
5008.130265
4698.034522
5344.897098
5252.523964
6256.149619
4859.319444
4408.951115
4921.503306
5791.353925
4886.278218
5604.480822
5346.982818
4694.800231
4759.668336
5031.516953
4546.977596
4893.707185
5891.803244
5133.765748
5444.541278
4847.313204
4660.068726
6557.190071
4693.42943
4916.860682
5348.025886
4849.491929
5150.89415
5555.378173
5147.642724
4827.368582
5243.104362
4793.221641
5665.425761
4558.535158
4954.374871
6706.615988
4342.197112
5049.195005
4991.595804
5450.052054
6414.543196
5225.799658
5616.272803
5054.371479
5667.371674
5678.27904
5138.262196
5355.579801
5044.785132
5350.229238
4826.755022
5376.903966
5804.83806
4980.180683
4687.323578
4999.835048
5716.382798
4797.454244
5553.369002
5519.708414
5325.608332
5443.540492
4928.252998
5055.051759
4780.90318
5161.918692
5656.018098
5108.866981
4667.676666
5800.359808
5467.165983
5071.068977
5173.323839
4956.796843
4608.113849
4960.643575
5731.100144
4801.788812
5340.873881
4836.81097
5130.187032
4750.392753
4669.572785
5057.768971
5397.195665
4737.387206
5550.872476
6579.392017
4702.904224
5185.237828
4842.226764
5161.879034
5559.959155
5257.714439
4961.94288
5311.95926
4804.471153
5296.476798
5701.555102
4890.711362
7044.813125
6696.21647
5492.603381
4866.673548
4732.10193
4925.055626
4973.003896
5103.938403
4760.230211
5302.368511
5031.949888
5528.395026
5642.85577
5168.247052
4809.746246
5213.06434
5391.66456
5106.618839
6464.669124
5294.384568
5424.824713
4695.999727
5823.269404
4791.503228
5375.94968
5072.188047
4730.191027
5028.303137
4826.577214
4734.011624
4801.594403
5212.564199
4879.813122
4998.859205
5549.535439
5236.009309
5387.262067
5126.993138
4767.906865
5234.435832
4904.503975
5612.752352
5692.690255
6015.271574
5464.72772
5610.078632
4817.663731
5085.018211
5910.052058
5149.647708
5433.189063
5269.873707
5435.404504
5383.992717
5289.795434
6076.106042
6167.4489
6329.5613
4795.305892
4612.648113
5187.17201
5074.605653
6161.970676
5421.574527
5236.562612
5111.263955
6015.275551
5262.538221
5676.375522
6259.855527
5323.699085
5823.486772
5486.857434
5747.068673
5795.674212
5716.437799
5497.860485
5433.721839
5986.329954
6296.842876
5848.986199
6324.066242
6038.004439
5387.832691
5014.618797
4968.840084
5551.315611
5058.467234
5088.782225
5737.555237
5608.052126
6233.393278
5199.761638
7087.016688
5816.946379
5090.824482
5973.340479
5358.636214
5139.742878
5821.643855
5846.691671
5833.456634
5738.114086
5464.669485
6129.925232
5497.191032
5567.124255
6210.077755
6384.920781
5516.306727
5765.091375
5274.346558
5634.447823
4806.825896
5580.303467
5289.918009
6118.108474
5786.172915
5123.782076
5606.286241
5528.239623
5104.989488
5423.798927
5107.424584
5149.529934
5561.405387
5470.463306
5471.322349
6241.2056
5981.191174
6398.785082
5915.492279
5863.645784
5914.347592
6103.66941
5010.653215
5144.57934
5444.930955
5152.079854
4959.246254
5865.231932
5597.324426
5645.121785
5725.91512
5913.135194
5669.140788
5555.363267
5746.182406
5749.880549
5467.590918
5305.355254
5348.550566
5821.983602
5447.750407
5231.74876
5641.37187
5688.603938
6417.332986
5470.638083
5067.335845
5328.73336
5996.831131
5316.061048
5737.896764
5944.896544
5524.034363
5943.796686
5290.471465
5177.080501
5756.315096
5759.961061
5717.749336
5477.552927
6677.486606
5866.721884
5605.008631
5754.591618
5728.338534
6129.155025
5514.95508
5654.182845
5522.676531
6183.684233
5688.38008
5880.253472
5956.035326
5509.412002
5316.601902
5083.819644
6045.504859
5571.700063
5485.182025
5264.107774
6146.246728
5982.257476
5486.397178
5479.887829
5574.874171
5479.400462
6886.254768
6688.841048
5368.909882
5555.767866
5613.720356
5327.815019
5805.459528
6308.367178
5386.832812
5537.449191
5913.537941
6134.021155
6826.571604
5761.581871
7006.472625
5743.397686
6143.800599
5592.244992
5910.132631
6028.475754
6485.981297
6058.670357
5941.271693
6085.165253
5865.174958
5764.006389
5608.799109
5625.555674
5524.533939
5778.638134
5597.923729
5768.988266
5367.648968
5517.740842
5947.818193
5881.640476
5314.867294
5482.789042
5687.655578
5811.553555
6402.818892
5377.534225
5783.010518
5618.877635
5377.713015
5805.017887
5930.488534
5788.35909
5452.464111
6067.436192
6200.024659
5999.247353
5682.714525
6683.91585
5746.732707
5988.707785
5481.000718
5446.260875
6348.131114
7330.84605
5767.296584
6640.625816
5822.123139
6310.759244
6315.074957
6247.304908
5794.610291
5818.415814
6509.773034
5646.914961
5971.452441
5799.492366
5728.66358
6587.487634
5614.543225
5931.540616
6231.883941
5640.343095
5784.439833
6801.772532
6358.237445
6607.299874
6579.428696
6272.703164
6457.274278
6483.314612
5994.041389
6532.792671
6334.221595
5607.473468
5909.52557
6439.595197
5845.289974
7130.988607
6720.947825
6733.218631
6401.854492
7104.801472
6158.302829
5898.939427
5812.470892
5682.96457
6286.657212
6987.128173
6575.444541
7198.218201
6631.631062
7453.178292
6113.261426
6465.25506
5757.135948
6332.060975
5925.272542
6110.011392
6386.483933
7696.969253
7111.979962
5990.628678
5913.845002
5894.308719
5911.036111
7083.584564
7234.731447
6231.623566
7152.567266
5965.518278
7089.150347
6697.960723
6236.208652
6341.897132
7506.85694
6844.048646
6541.553764
6683.906325
6869.122937
6643.641496
6428.89419
6784.287821
6351.746199
6892.403074
6527.277648
6551.333301
7210.019151
6778.832794
6709.695564
6522.251269
5903.169438
5945.201442
6549.84608
6156.655067
6486.724108
6822.630054
6563.636752
6953.911329
6767.588951
6320.083905
7333.964973
6651.273417
7033.8329
6176.669775
6154.835916
7955.028591
6314.041625
6338.174499
6181.324194
6579.101531
6357.502656
7194.79656
6667.375696
5915.346573
6094.784922
6938.998596
6383.023592
6664.447814
6580.955194
6608.914921
7033.621714
6406.232622
6146.320128
6266.97541
6605.667234
8173.599039
7119.619072
6460.830227
6422.63369
6635.107302
6242.166632
6719.613816
6426.934904
6969.936202
7492.389902
6516.549011
6588.424533
7180.972483
6537.288865
6686.841012
6439.308021
6678.65637
6654.886574
7101.032562
6564.461005
6494.948994
6409.234617
7401.488625
6627.602315
6757.101132
7132.864375
7064.734268
7209.869419
6952.632671
7260.782733
7166.400404
6638.698441
6475.765796
6704.137839
7201.12222
7236.834489
7401.136387
6494.457834
6944.093367
6486.758017
7349.693837
7089.777114
6968.536279
6876.029275
6727.615057
7220.719935
7131.371818
7122.903067
6977.463518
6964.813238
7061.396694
7178.510167
7175.313824
7126.260316
9850.447372
7362.057795
6800.887982
6960.258638
7116.212951
7015.140378
7802.910243
7035.475121
7225.698869
7346.103977
7019.100576
7136.07438
7338.531027
7003.004118
6946.559921
7112.608287
6847.89361
7024.122838
6890.895631
6795.920787
7264.269716
7339.554692
7300.624645
7158.303212
7542.317098
7454.9739
7221.987021
7252.628387
7187.612357
7357.886876
7335.508907
7951.863763
7131.038444
7104.699651
7154.348843
7339.309796
7112.613826
7993.268396
7636.483201
7755.663475
8474.672729
7762.770182
7597.923114
7474.702921
7728.758349
7471.074913
8872.31334
7718.58246
7703.51468
7281.679721
7398.002684
7229.136915
7315.451361
7583.723145
7700.193914
8589.443806
7625.308241
7380.917137
8040.952637
7816.930229
7482.069301
7984.919869
7513.689684
8293.199561
7748.030016
7599.121442
7805.678373
8000.064281
8535.021339
7846.046223
7457.507367
7990.689393
7512.5062
8032.457432
7803.25284
7847.09536
8939.464645
8594.03736
8606.448031
7760.837984
8298.784289
7544.279846
8591.102983
7904.259752
8050.370229
7957.662574
7915.499466
8522.041629
7885.395563
7854.917184
8236.002712
8079.876243
8015.055164
8348.439424
8521.474814
9284.0819
8321.457672
8657.367246
8246.771126
7993.983821
8039.74033
7981.452267
8033.709747
8271.548664
8313.150868
8376.724509
8199.682843
9176.128991
9107.363433
8174.651371
9397.657974
8497.066567
8629.521097
8238.845011
8546.065359
8324.266443
8268.838329
8567.15299
8953.329268
8856.175946
8152.244051
8328.648051
8316.636854
10194.61589
8645.125118
8717.619798
8504.967256
8459.454895
8904.279397
9276.595726
9136.496221
9435.388245
9009.812314
8522.691025
8653.132103
8841.853074
8605.481778
8587.736448
9120.238756
8798.160001
8863.101918
8658.395072
8662.384411
8984.354102
8911.338033
8576.772859
9138.26821
9398.315363
8792.741475
9377.719982
9786.75861
10097.3151
11091.77924
8880.283059
9799.179362
9082.513809
9063.184279
9164.446155
9478.345973
9400.331474
8814.79027
8980.463913
9290.654198
9070.059525
9867.316668
9181.53715
11357.65397
9128.494837
9195.594572
9073.799599
9283.61735
9112.028616
9404.530696
9229.792963
9030.81635
9455.928822
10711.50257
8828.53477
9368.855731
10198.0714
9649.540245
9304.571421
10270.75599
9524.089258
10747.36566
9662.578382
9995.056651
10528.24557
9809.389357
10082.85466
9918.418241
9463.956295
10091.65868
10135.38294
9798.605672
10424.20292
10584.44349
10618.89337
10050.3957
11035.91835
9876.470948
10057.22654
10370.55777
10381.16091
10609.20223
10154.41345
11736.92328
10280.64492
10263.12341
10352.3434
10264.04977
11146.69462
10623.19399
10731.42157
10592.76327
11287.44115
11260.63323
10403.34357
10374.28165
10666.4043
11025.40043
10850.10799
10792.79039
10844.18454
10462.08792
10975.39936
10747.85733
10594.24568
10768.95766
11222.38596
11818.47057
11850.67738
10955.8078
10804.79848
11186.12253
10792.62233
11769.12704
13191.18677
11160.09499
11282.82946
10933.84439
11518.4302
11381.47078
11746.13189
11635.34823
11300.64476
12653.35738
11671.47701
11500.14178
11976.11956
12225.32232
11630.37843
11705.40275
12583.1985
12102.15559
12418.70807
12044.29297
12615.27911
12250.4791
12413.32447
12453.49537
12127.97986
14258.95546
11958.99802
12709.93759
13150.04395
13320.9307
12567.60846
12806.40503
12571.53952
12678.85282
12703.28261
12664.9371
13154.08384
12331.7574
13180.07082
13631.3276
13761.8376
13113.49768
12862.37875
13013.41742
13797.09544
14050.20235
13491.98273
13930.57708
13569.21115
13245.74288
13842.5707
13539.40598
13076.05257
13103.59504
14161.9251
13859.44927
14163.51348
14730.95295
14614.34007
14103.95174
14189.69786
14307.93914
14897.59102
14901.38872
14558.74044
14601.83722
14008.40128
15346.27235
14340.33463
15672.49917
14846.94477
14888.95026
15418.07547
15753.44463
14879.47048
16325.319
15977.93279
15157.31669
15245.22025
16263.1234
16417.13484
15916.48915
16742.01184
16245.63096
15516.76235
16609.98741
15936.09443
16664.36056
15924.58454
16767.01158
16623.59304
17422.74357
16745.06149
16849.13427
17499.33369
17368.3067
17972.96373
17269.76852
17631.66405
17666.67895
17849.42156
17586.18587
18545.30825
18086.14572
17776.27172
18229.91684
18294.30255
18415.64659
18893.69316
18803.95311
18903.7599
20491.37329
18903.30912
19162.15621
18653.58283
19129.25309
19847.22752
19182.12562
20447.00051
21231.68138
20300.15231
19562.77994
20647.83322
20616.52158
20539.66605
21601.8393
20852.98721
20819.21249
21101.64709
22340.70173
21335.12921
21969.31437
21812.89951
21567.20324
22663.67413
22278.15589
22488.98758
22465.75663
22853.94172
23268.93711
23751.30382
22933.57446
22921.87394
23168.53732
23853.5438
23988.70962
24144.05486
24759.75761
24507.67272
24819.89253
25434.99949
24387.42707
26086.28792
25066.03897
25983.2921
25679.02187
26673.49967
26607.13581
26432.27245
26494.49703
27111.75284
27517.64245
27250.1993
27945.81795
27805.17467
28438.95978
27866.99115
29196.85648
29031.01137
28470.26361
29270.90825
29848.51247
30476.70945
30495.32426
30258.56812
30671.80483
31424.95448
31643.99649
31263.23498
31688.24091
32409.30957
32410.35495
33806.74978
32571.75492
32754.05772
33464.75265
33535.07755
34052.81555
33536.58774
34684.47161
34161.94321
35190.6166
35326.45067
34897.50734
36280.26246
36196.70143
36893.20141
36502.92859
37464.46823
36332.8135
37231.3587
36304.31229
38058.61009
37177.93489
37544.22197
38209.8189
37866.38364
37531.56085
38115.34539
38071.00081
37860.07414
38581.18021
39209.28487
39408.02319
39365.07298
39580.25035
38955.79237
39957.10316
38570.64053
39727.09274
39496.87072
39294.49242
39076.93122
39311.8315
38404.81192
38682.8471
39345.90889
38738.39935
39056.49505
37931.99281
37196.82082
38833.65912
38085.30659
37291.17308
37095.69606
37544.68307
37054.78933
36902.25067
37532.33709
36176.58727
36250.61878
34913.09988
34812.24309
34673.70434
34941.05631
34185.53577
33918.26504
33672.66621
32247.47414
32613.79642
31275.10126
31287.56584
30987.08785
30606.75246
29574.08081
29971.26705
28552.606
28549.95121
27418.86022
27954.3977
26351.33736
26489.13236
25604.30408
25108.30772
24267.50001
23670.4925
22829.99813
22797.29657
22583.75071
21586.11663
20782.3442
20007.79708
19448.42463
19338.59379
18156.31299
18223.46198
17318.73391
17146.60415
16497.30974
15491.49838
15035.48574
14854.46414
13879.39979
13683.05044
13327.53875
12552.82066
12301.11441
11769.49207
11124.83947
10550.92367
10235.08727
9537.148502
9275.566098
9026.515292
8355.358141
7829.244339
7372.101083
7314.752286
6522.226874
6541.670663
6181.235191
6062.936979
5493.737567
5222.813608
4822.623105
4404.966591
4189.833302
4199.761339
3702.754753
3630.7763
3386.179779
3188.610006
3027.516026
2769.492674
2817.582116
2537.975466
2342.662922
2290.811432
2031.705588
1943.844386
1756.91277
1675.823559
1765.47826
1443.501397
1348.608713
1339.629717
1252.604274
1142.079782
1149.491005
842.5495852
834.9566235
796.7041991
825.3502929
708.4813914
600.2851518
536.8905385
462.3312215
466.5644009
415.4105215
340.6160364
384.1177798
327.812127
273.1859164
242.6871795
282.4808943
421.5559219
243.5777967
168.0273735
194.3054006
222.6557701
114.3871879
290.2399752
213.7395646
156.4103669
144.5902159
119.7360135
125.9575268
63.41453298
92.43678083
112.5266572
64.93327455
55.17154224
53.65853123
71.52143575
41.30040794
36.09117478
36.85686584
24.24626039
24.92348197
36.55554162
55.25701654
93.97221829
449.9380117
77.20016817
49.68745038
31.40893094
27.57873127
57.23595161
48.54922992
41.84892932
308.1892436
14.79467698
18.08499879
52.52021895
82.06046046
76.70202352
25.2616298
20.57146532
24.18351669
31.56453632
44.6108994
75.82641431
20.83121746
38.25332117
263.1523177
37.36914675
13.18925455
50.54711647
126.7929807
175.0222132
91.13222097
19.56646638
11.48320629
12.66402952
19.52414438
21.46683887
20.90366391
93.10577703
21.98184698
30.87424315
72.88102292
47.59683283
18.76020775
94.2352774
12.47575838
22.90589426
39.27058015
27.39709199
13.25418789
23.91868726
13.77225811
19.99589705
62.31351474
77.34653105
21.45718616
17.67390058
43.79994695
25.53143167
39.26834109
66.23679665
9.615442526
9.896647776
17.73696242
5.141214172
79.60449491
62.48003063
57.95012354
84.17982211
212.4910398
153.5580193
104.7306949
16.44705912
35.48774349
29.37507825
18.44701343
35.7387988
21.05869309
25.51440641
47.86230232
48.46825597
34.68068909
123.0035809
21.48924189
32.84677771
11.74714327
25.45215852
19.98456118
8.431329621
13.56768302
20.63591244
15.19680786
11.91651232
20.53544715
21.98922396
10.09820484
73.79109497
26.13197555
26.37501772
19.70923705
78.48753343
33.43864401
64.28433641
50.07391652
12.82243655
73.93768674
27.29656427
209.6884996
64.95226045
138.911266
21.1644908
60.56119033
33.22480707
25.67640764
91.90455449
37.27143611
83.20808344
90.63454828
34.06481256
30.46029671
16.20360271
28.68162799
12.25054919
33.11836955
15.97827863
68.11211169
13.6009915
30.75657254
155.0497294
26.0300381
17.67068772
30.1020744
20.19645622
36.13019278
29.44890287
46.4042276
55.49315162
22.29662297
29.94235696
23.42892968
25.06727134
24.53987574
22.18718048
23.84967415
8.841179396
97.87805403
57.17483207
22.56400263
89.2449902
20.82178272
32.0749723
22.21513416
90.63476286
45.4207205
47.43017621
12.82745631
33.49428965
196.7160987
37.63086379
37.7621083
18.64984809
35.08656385
20.12850433
22.0987372
16.9341892
120.8332635
301.7536635
78.24446003
57.99533702
16.23563298
33.78372633
17.69290817
19.13517011
27.01085733
49.95159437
21.08232257
48.03569136
36.70922947
34.60051716
33.37351409
25.27657012
27.9036232
45.07460602
33.40751846
70.16621586
19.51880335
29.28267588
48.56649499
115.4865665
42.85473001
21.30997706
34.4060853
52.84749219
18.8741087
48.76607887
105.4912764
21.65124649
16.01701994
14.06974887
42.61585501
36.97307209
31.2839883
9.896998363
16.48129647
24.71645585
37.66921797
77.65235478
23.74880614
24.0145081
27.35479925
26.68875381
22.90532578
29.73573964
44.25846489
22.95402943
11.20845598
14.35022533
13.00458414
18.71809375
7.04530287
24.40409397
30.88300808
22.42652253
10.37773604
17.18577969
11.83423776
9.886703925
20.92508072
13.02158546
22.17880067
40.09482406
64.81710084
19.19227769
54.03084364
12.18352068
4.230158373
12.88444107
7.182816921
171.7954154
11.77118922
10.96640233
17.30685857
20.17342715
33.87712353
51.67211152
44.35271769
8.729587184
44.35818417
54.76315807
27.75461279
43.8799726
16.52117499
22.92777294
15.06433231
33.49229913
12.58206691
33.81847017
29.58142578
16.7392589
25.97762183
35.05595872
16.1834185
19.34287942
71.00465711
30.41046823
26.02956974
27.74741987
19.93296094
56.16573471
22.52461771
6.099942605
41.65459375
13.55645936
15.60873616
27.73221393
18.00377494
19.62938456
9.493097449
26.39981406
27.60813409
61.22784018
76.6113553
46.56167928
29.6802257
16.61754536
23.49796605
36.30671387
33.3029041
33.31445794
23.12784474
46.25385114
15.4731339
48.70591466
18.41785133
30.56538422
12.50375204
25.90507142
27.09358493
24.81560198
42.27877242
6.37632383
29.54636
76.2200236
29.97540679
35.54291637
31.15832459
18.12462334
8.369866782
30.28207691
24.31037063
32.23147577
41.74622947
18.01976005
31.99768098
38.01392993
36.38347152
25.70241251
34.60445232
47.86311793
142.6036007
32.77706872
14.87137862
15.00767046
15.02743973
20.24642924
21.6246092
20.78677987
11.6601899
1.664164982
8.567337797
24.00372377
8.744236634
16.53800887
128.5339248
14.18056864
25.24603938
33.41162002
19.56215241
20.19839454
8.472265125
15.90905285
32.10448237
10.79358481
9.042385194
23.41466284
23.32479181
22.67216094
1.615065147
18.91378489
9.091235406
31.89098932
48.33820221
3.080443711
8.952125719
10.63483361
48.34689461
81.5236849
10.67052941
22.19334684
5.312037837
9.764742789
11.7631683
19.54015523
18.84636174
11.9207237
21.26616093
113.69223
22.04668016
28.99549762
9.979248607
6.746334746
11.74282177
16.14601363
10.89071434
174.3383626
19.00868312
15.38430758
139.6490229
14.81910059
31.31445475
11.09878943
14.83505725
14.75514695
4.793338651
17.35449001
46.39489922
16.00179384
84.40101689
140.7020872
25.47612617
21.33278116
27.06839678
12.12876029
7.894588507
31.65173134
10.50085334
20.32479659
8.015698057
9.937572678
14.9374308
29.01381217
20.09383738
17.61327165
15.89224638
31.6330116
14.02266475
20.33565246
9.296419329
12.23416761
21.08216827
15.02221484
10.49563235
15.43410873
17.55241311
25.92075479
44.96136532
6.968271531
45.43373027
71.83988179
78.45878675
19.80876186
71.63652659
13.32755849
4.742179434
43.06378376
11.65600246
21.5241037
21.41815756
16.83441804
8.165448393
22.53406676
18.39001502
121.4771762
13.13852177
2.97440823
87.77264114
5.904142712
5.674288913
27.90990753
13.64338002
43.95334751
13.51246039
27.01945484
16.77990081
13.42827367
14.29862728
6.216477863
29.71058106
9.023453991
12.89744688
24.27530352
15.94488677
9.670457529
17.18416697
10.65082191
152.1459155
27.82778028
101.5239026
66.76358061
34.37380525
29.41912529
8.48843777
11.10603716
16.37057679
4.435836385
14.5284374
32.89367008
36.38561299
1.947580872
43.17700647
70.01762738
66.83377637
268.6749821
18.39043671
16.05921779
18.54707437
14.32341852
8.148688306
14.2058087
63.90488204
84.97854865
21.82564588
9.905934896
52.89436142
18.6174262
18.43419053
15.14246206
20.43384404
14.25454024
8.771844125
12.5370617
13.63388603
14.17574638
23.51423189
17.10565897
10.05825738
21.08278004
4.740417297
16.30352791
20.62766857
11.36912202
12.54842546
27.76769749
6.839713239
17.10566549
10.13847327
15.367906
31.97055754
22.28492061
15.98390412
17.15618753
18.05332892
11.41962747
23.04448492
14.21477224
14.52457302
6.725444506
56.54056678
17.89129353
6.212474241
8.095833622
5.600325764
11.076854
4.57526758
15.21021889
15.08263242
31.05514064
88.08697509
6.489277153
10.04408265
0.2775274825
9.192423985
9.603311931
6.678162763
12.48459089
8.737854208
13.51786807
24.80840293
8.080463845
9.663406678
15.27127563
18.51859378
7.32961413
6.918238708
7.231796479
17.3584971
15.70891328
32.57231903
14.72917794
52.78806278
72.90857811
14.29490747
13.69731169
24.0278708
20.73611337
150.1855978
26.28246401
9.470833403
27.02075507
161.4480218
46.34603733
6.216180585
2.951790859
85.67052353
38.92054419
13.25184371
28.41109937
24.92947759
62.70707464
29.66596104
12.57372993
31.57296458
27.14592993
11.40473191
24.97312841
11.76210742
8.664987557
9.950924491
29.3496732
6.508792802
17.59479047
20.84447778
4.138660738
0.680735008
14.25025147
105.9496144
59.0620579
18.38030629
27.99054106
12.11338812
4.80200595
14.6856067
10.23073854
26.73088616
17.09434507
13.5631102
3.653315246
14.68573248
18.86246255
27.53130369
14.61811718
15.17310261
19.59119859
12.42600111
27.35656429
10.82059904
13.76324892
16.76150319
14.09134967
28.91691446
13.58601838
7.674335817
1.949781296
20.52775538
12.90442083
15.99361584
4.661787797
16.04180888
72.52586689
16.68830433
15.51362922
26.54315165
522.8537905
57.66645712
9.820055208
34.2783338
4.779439398
29.50950076
4.315141846
12.37434281
40.34221332
8.247332074
35.68269345
117.056807
15.09392359
34.97079202
28.06910148
17.08787529
13.1882973
9.050888217
13.16490479
12.59644716
11.83559552
20.92706662
5.737824455
4.489290696
6.771574111
6.319126808
12.95072775
46.2324858
20.62177338
9.433009491
6.316620149
6.967754414
24.19049541
8.293830805
6.869988155
22.40952779
11.4035648
8.208330382
7.614306752
19.81815151
14.90116266
22.16223719
13.46503652
8.987359805
9.527275575
3.607538552
2.651794534
6.217343298
22.78406868
4.650837172
8.052270244
17.87429924
33.83551611
38.58060333
11.31999709
15.26885717
4.553564855
56.86865728
13.41826309
11.51772179
17.93883229
19.15070527
0.3879553169
9.634488757
9.096271557
10.77565826
25.91189744
63.99249499
18.24264403
8.99219321
15.77762217
8.584867149
18.82667194
18.09315251
41.83557786
11.08223168
11.60353891
15.04079642
0.1306079303
38.38090953
13.40948501
1.165889501
46.62981522
11.5535366
58.82255939
58.82714058
30.27093232
25.04482069
27.73056098
3.122195322
2.808237931
12.68101773
15.59817398
7.245296074
10.81145844
24.31584189
31.58184839
50.71178006
12.46462915
3.351380146
9.049799061
14.37660439
3.716920779
18.84819965
18.91583833
6.605858874
6.584207808
16.28996377
56.18986166
13.86719002
5.37058605
16.53453163
15.36668594
20.98227262
3.878418604
3.272177104
19.39812783
0.09532524081
9.260040962
3.662052438
13.08612846
8.680033687
20.31911166
7.971735287
9.037873325
8.520764057
6.94807527
12.75620653
11.10154165
10.81548651
21.97165063
30.81025154
9.083244225
13.64836716
6.494682336
2.68232407
7.01117969
7.85528588
62.75597258
11.88760559
22.33924166
16.3981717
6.996674326
24.03728017
8.330207092
12.3300113
3.920777813
7.139220991
4.376817241
16.5760204
13.93775511
6.498543437
13.55153597
2.31982255
16.99967894
22.00476487
9.71145492
14.46439628
2.486356438
10.1365989
25.68064161
9.496080278
19.71263397
31.09928472
2.748242248
31.70097751
16.43916142
36.87273829
17.84133512
6.774860352
14.40332657
9.395790486
9.627006167
7.961645111
4.083013291
13.14135302
6.998282523
12.2156167
19.17162272
11.34014772
15.91260853
9.437453465
13.2547977
15.6676168
91.49469993
9.016843148
9.563961173
15.50096973
12.36500942
16.34418035
20.2111724
30.68193249
2.035452431
10.89490815
26.74211935
131.6643673
11.85598275
19.9316097
15.58491832
3.486326094
16.21513557
17.07144676
51.63228641
3.063663914
11.90833397
3.741635212
10.30457946
1.716199251
13.93488256
7.932462091
8.706206702
6.74274409
10.77938371
0.04781331069
9.767965116
9.748399081
4.718157443
20.22457239
2.10197723
10.51466364
9.552851915
3.867379071
9.096049492
16.73603026
9.578667733
6.096829749
31.82169032
28.47226501
27.89132421
38.30212929
10.03829165
906.2665954
100.0185993
106.2937484
0.2514561413
6.3340702
12.38199288
24.2290119
9.940847018
45.74971652
0.8071813074
14.4498859
1.8883455
34.28901721
4.573589378
6.87910727
5.387974028
15.03464481
3.60880165
25.96775578
13.31685558
6.884191139
10.38097684
8.264806913
8.352954497
2.267093975
7.809264527
35.33922803
4.474197136
14.66974383
1.664455196
11.62440709
10.67469781
5.351849592
12.83539773
8.161091667
14.95048252
16.98882655
8.429472208
9.994015071
6.240793576
20.38273967
21.61299759
8.346263475
8.719262599
12.08384724
11.95874516
24.90020773
2.148327431
7.269803623
27.3871899
5.814756647
17.45926169
12.1827819
34.75678232
11.01372657
11.23779605
17.33489322
0.1559248641
11.9547736
2.435234213
2.159333795
8.112979248
1.929883791
9.59281459
3.957081796
2.241235849
10.44196408
10.08238143
5.419988622
6.480434069
3.817970199
20.20713379
6.39683093
7.635133172
17.39004535
5.139971843
10.55352204
0.410509687
22.09234416
11.81801424
12.94607792
17.09321709
9.357964856
12.58078889
0.08598427642
711.3795103
126.8494101
8.485438135
11.19406747
30.92110816
3.752091145
11.5718778
86.68325996
5.163852026
11.20622983
5.670706764
9.175871488
25.86728522
15.35121949
11.62300443
24.34432638
13.85365672
15.82364655
11.91213863
4.30545268
7.26661027
2.045077941
39.50276299
0.01005576738
1.924954795
6.894725405
9.115687327
9.441158196
3.968185827
3.486083496
2.323148403
13.95769436
5.966219385
51.47835274
9.60174144
11.06744845
15.40419561
11.42629854
17.87886422
8.885885898
16.70172125
2.758529496
17.29141477
0.264765541
1.804784171
19.16112618
12.73079043
4.841409931
85.94531472
21.25905424
8.611381713
15.50502834
6.129870685
7.156886908
20.17927939
0.06598699749
5.554973629
17.81422378
12.22115654
6.105706622
14.80193809
3.241341545
17.98853972
7.055778828
0.1370887142
263.4339398
4.081759887
6.923986346
2.539012944
2.450123455
24.1837207
4.523954713
17.61738328
17.3507121
21.29018383
91.41705471
35.77893232
10.4344222
0.7237044592
3.369599933
0.05687840129
5.738170596
9.808425237
0.444930983
10.71600912
0.1224050176
0.8681891204
15.6493968
11.01703512
5.949714166
0.2996554053
0.333869517
1.191241866
8.859920029
8.896441975
12.62865582
5.701868836
11.46997849
9.011717108
13.81908598
3.861925071
7.653602
13.18744388
0.8248718748
6.793349767
0.1519805702
3.108982729
10.90256393
2.21674841
8.271274413
2.221026589
8.237555917
26.52686093
43.31257266
4.856478205
15.44268069
3.491190291
6.054868711
23.56173225
3.407894584
111.5132314
28.87350086
0.7857060645
9.330979759
7.752329771
15.1282844
2.604717247
56.64458697
30.87275454
12.91521658
7.53491172
9.771763982
0.9522168581
3.2754428
17.01680362
13.30027408
2.643693895
15.23948729
2.501874292
1.904803044
18.81449029
51.96363265
8.64840794
8.915686152
18.48840891
0.09458174449
10.59807456
2.413214582
0.05255208805
5.289208443
11.41752852
6.250209776
7.491928209
2.377888747
2.64776736
4.450751388
0.1427388442
6.148110476
7.213931258
0.830653724
1.867272972
36.31725991
8.40395711
26.43342164
2.373193653
5.993358286
8.090051114
29.80425733
6.887975335
4.619116614
7.779550619
2.209030782
7.48529584
6.683418102
15.47663226
52.54758729
1.474862072
1.489919488
8.686734009
0.3858781979
0.1007467184
3.441809573
0.8228608138
13.12519931
0.9599037151
4.906064761
4.9735894
2.620780405
8.751677402
1.605210598
6.951250171
0.1347043366
0.07964993376
5.242863595
5.23828139
19.97926583
25.51132854
7.096106093
10.40757116
4.753384776
4.263034706
3.696433606
3.83345963
5.738464773
3.551488012
13.74003647
17.72553921
7.083955623
7.785046407
20.1415646
1.760836185
17.78474643
6.784698444
2.219024748
7.63078454
2.399426672
5.23060259
0.06807914114
5.966989846
8.696978989
0.0646168648
5.447916603
4.094546832
2.402668617
3.370249906
2.9563781
171.5444455
130.3719868
70.14519156
2.072877141
14.32126181
19.09399134
15.48611573
30.71083225
10.08935116
42.91306503
121.8488565
1.674499179
7.231794784
3.7220221
4.174980023
23.0744511
3.637270605
2.556778991
4.234837223
15.99111997
4.003392981
14.83999038
6.603052367
4.472754705
24.77342798
2.701381169
0.7583180987
24.33503957
5.752337097
4.934651188
2.746878722
11.37210261
5.41408029
12.48944938
12.26760784
2.701505337
5.607561629
20.56349065
4.404228486
10.89346006
5.483415595
1.805655836
1.710283192
9.469023582
0.05415203844
1.948272448
41.01190404
8.4621051
2.678273181
1.559688903
2.257309615
3.667839814
0.2160570856
8.985375979
8.654392248
4.968629826
8.823160775
1.703487678
2.211677884
14.67555323
5.34448704
7.144102993
7.866966675
5.474775082
0.170964286
5.337199626
0.7807939829
6.963475798
1.163011378
5.546550926
2.12337037
14.16456781
9.985327914
70.517932
7.671099231
4.094504583
18.56416962
5.184437108
1.073357375
12.71134411
9.764397076
16.1726757
7.687111025
12.70719152
12.66464447
50.86804167
21.23869665
6.675839503
1.844345845
9.448927943
9.744167993
12.80805349
2.439323329
12.97660434
17.54379774
1.639255024
2.87968131
6.338058288
5.689584723
6.957574824
0.05031204887
3.584762373
10.83616061
14.01053849
4.25633259
1.329668267
2.212048052
8.835588991
2.169044174
8.582699218
6.591302903
6.510949886
6.083871319
12.78891901
8.77917431
2.895295757
8.878803771
8.787557511
7.966718548
7.498294698
3.075243451
8.978889758
5.022238711
18.79951027
9.667587203
89.54532581
4.486602647
0.05987182561
26.27794904
0.0278186654
18.03721164
15.96243294
10.70063533
11.23966471
7.259851028
42.38390689
0.03271043649
17.97364006
6.120603877
11.93579577
5.073215313
10.01611384
9.209246134
10.79946173
3.357530166
14.74849189
10.19756314
8.756321083
12.85038986
2.834623081
457.9434118
27.27235477
1.40476678
6.132637837
4.726398658
2.337641802
18.44783645
19.31227233
0.2836310084
13.79079032
11.30354964
6.255909943
8.877470896
1.346457345
4.199770454
9.246461538
2.972721957
8.882876172
13.52610741
12.05013036
1.387143538
2.92148895
8.972531799
13.84548753
4.388092947
10.34030506
11.17778197
3.562435592
10.41511903
16.4852301
21.66694246
10.62954419
11.45173053
4.224437152
0.2772038286
15.06334954
4.028016624
6.024868959
8.080942998
18.34699273
2.210712163
18.65853791
10.97606366
18.16555923
14.57785458
13.81312741
3.815978541
15.9687971
21.03135015
10.0610331
15.1168745
7.060656049
14.58830479
5.387211177
22.78347479
35.73465906
58.71068434
4.533343313
12.49657458
6.358928177
7.529342197
4.902313984
21.97820396
6.207616481
6.203599439
9.879711496
3.796766866
26.93357544
17.88069785
13.89562667
25.8480726
2.217721795
14.16361927
1.787752514
25.52745025
3.553770907
2.389133659
7.137920596
5.043947416
2.948530435
8.970178989
5.581894898
2.096561114
12.0426335
12.19968874
15.23895843
9.817913648
3.244143788
2.431037231
9.197512465
5.425273166
12.92744147
5.082762689
6.566906623
2.667497606
4.32606859
1.933816781
10.28572425
2.824761313
2.167228912
19.62852452
3.578126263
12.89096534
20.0272491
2.250938009
5.571226729
1.766100535
10.75867267
0.09185819238
11.13182958
3.888426577
2.869531887
18.03888357
4.820660985
6.741094368
4.89063469
10.88997248
0.03115376731
7.219917647
0.07382696614
0.04876639443
1.946293693
12.36584401
1.781102196
3.808648104
9.58487159
8.281621112
2.861586146
0.233177889
5.6803359
6.939316334
0.3171864116
1.819330698
9.556331835
2.118571518
6.019433181
8.721838318
5.329230511
4.428478002
14.38443122
2.508551
0.0779380339
50.63826083
84.14065049
0.5845939029
8.77938783
2.588867448
0.9706802759
0.08179530922
5.750465123
0.3426841021
2.855203177
0.008481364575
7.208721744
5.539269891
0.01344832415
0.4487501381
4.576454614
0.5423453402
6.93144931
0.0712147155
0.02236849417
0.04315987747
4.347461515
5.493508377
2.775183956
2.291544261
9.787895958
3.367973834
6.131625364
0.03936426602
1.604229361
