#################################### 
# Matrix Size= (25,25,400)
# Resol      = (1,1,4000)
# VoxelSize  = (25,25,0.1)
# nbVal      = 4000
#################################### 
1.477093056e-05
1.52629612e-05
1.546076851e-05
1.561976322e-05
1.53970697e-05
1.56607716e-05
1.558820492e-05
1.568786369e-05
1.571286543e-05
1.59222944e-05
1.594525583e-05
1.586543365e-05
1.569811643e-05
1.579080344e-05
1.588327415e-05
1.592553861e-05
1.599077333e-05
1.568522964e-05
1.584300968e-05
1.588170973e-05
1.597858454e-05
1.592502456e-05
1.595470953e-05
1.607783443e-05
1.600402913e-05
1.605068586e-05
1.568450404e-05
1.608337217e-05
1.589939062e-05
1.602697756e-05
1.598836298e-05
1.612658655e-05
1.623769429e-05
1.620750501e-05
1.578710643e-05
1.629340847e-05
1.609316121e-05
1.611255812e-05
1.613070872e-05
1.620582606e-05
1.632295266e-05
1.609209039e-05
1.619266413e-05
1.623760957e-05
1.604701085e-05
1.602276446e-05
1.65522384e-05
1.626354477e-05
1.604081019e-05
1.635246201e-05
1.618467449e-05
1.624467886e-05
1.646612849e-05
1.607537411e-05
1.620017811e-05
1.625543578e-05
1.582624138e-05
1.633962161e-05
1.631793601e-05
1.621541428e-05
1.609842627e-05
1.61817555e-05
1.631449802e-05
1.61292012e-05
1.633986661e-05
1.655066417e-05
1.616902611e-05
1.65088944e-05
1.623831614e-05
1.618400013e-05
1.632681762e-05
1.617830756e-05
1.614693535e-05
1.615164957e-05
1.635944435e-05
1.647631488e-05
1.627620261e-05
1.64603429e-05
1.629028956e-05
1.648208533e-05
1.65359051e-05
1.615028662e-05
1.637676379e-05
1.619437647e-05
1.630943658e-05
1.64959632e-05
1.646397224e-05
1.609755267e-05
1.619792947e-05
1.648017355e-05
1.640388112e-05
1.639732825e-05
1.648569946e-05
1.645561696e-05
1.639211782e-05
1.634015084e-05
1.647086477e-05
1.641359884e-05
1.659000055e-05
1.634301291e-05
1.637777798e-05
1.624909143e-05
1.653817964e-05
1.642544394e-05
1.65643889e-05
1.65338991e-05
1.64915673e-05
1.622566367e-05
1.647820618e-05
1.648777024e-05
1.664077983e-05
1.650779885e-05
1.64898121e-05
1.666785418e-05
1.679426514e-05
1.659227538e-05
1.641688295e-05
1.641117352e-05
1.661164589e-05
1.632320116e-05
1.647313362e-05
1.697975112e-05
1.680327776e-05
1.634323876e-05
1.701082229e-05
1.678157302e-05
1.663704759e-05
1.646510223e-05
1.629804748e-05
1.651200847e-05
1.674520639e-05
1.668487007e-05
1.670615158e-05
1.68221528e-05
1.668570749e-05
1.658610334e-05
1.686195192e-05
1.663599603e-05
1.658062181e-05
1.66158599e-05
1.700608535e-05
1.697196354e-05
1.701486355e-05
1.672426878e-05
1.664525843e-05
1.672228457e-05
1.689730721e-05
1.691280822e-05
1.686825075e-05
1.708242834e-05
1.688197122e-05
1.66717615e-05
1.698948324e-05
1.657404825e-05
1.700798302e-05
1.669202807e-05
1.671121987e-05
1.684933736e-05
1.675414437e-05
1.661707037e-05
1.672299326e-05
1.677717293e-05
1.670034582e-05
1.675611707e-05
1.683818963e-05
1.69225034e-05
1.696914995e-05
1.694603359e-05
1.678786009e-05
1.693984199e-05
1.677642952e-05
1.691287163e-05
1.686001746e-05
1.660015071e-05
1.677836097e-05
1.669140893e-05
1.673904851e-05
1.671453389e-05
1.711886579e-05
1.695323633e-05
1.713325351e-05
1.710754911e-05
1.69344138e-05
1.706902953e-05
1.687994889e-05
1.72588427e-05
1.720704224e-05
1.685877692e-05
1.677718735e-05
1.695586734e-05
1.692673171e-05
1.691628519e-05
1.713541378e-05
1.695306456e-05
1.680829136e-05
1.680432138e-05
1.6992623e-05
1.686003713e-05
1.698372596e-05
1.701251477e-05
1.685001645e-05
1.708300925e-05
1.683004962e-05
1.678335681e-05
1.675526147e-05
1.695504263e-05
1.693539928e-05
1.697602073e-05
1.715656332e-05
1.689971615e-05
1.700417442e-05
1.67654815e-05
1.691729175e-05
1.683159655e-05
1.693309948e-05
1.678148227e-05
1.709633029e-05
1.67408491e-05
1.725223107e-05
1.678327712e-05
1.722276496e-05
1.713897763e-05
1.731374633e-05
1.722898424e-05
1.67776069e-05
1.700568279e-05
1.706189517e-05
1.684349107e-05
1.729714191e-05
1.68394525e-05
1.707403135e-05
1.689503536e-05
1.704238992e-05
1.717978092e-05
1.708420202e-05
1.692009917e-05
1.685483654e-05
1.680151985e-05
1.656146148e-05
1.709387565e-05
1.749133887e-05
1.715753645e-05
1.690567769e-05
1.697220449e-05
1.730438674e-05
1.702953624e-05
1.71683495e-05
1.688311177e-05
1.690665616e-05
1.701310118e-05
1.703438258e-05
1.710888673e-05
1.709963521e-05
1.713307378e-05
1.727248735e-05
1.69513652e-05
1.722321282e-05
1.708491904e-05
1.685959087e-05
1.717678747e-05
1.708550737e-05
1.729030433e-05
1.703187012e-05
1.720015998e-05
1.739127659e-05
1.71170325e-05
1.719376718e-05
1.71003862e-05
1.732224222e-05
1.693945663e-05
1.686474239e-05
1.705368462e-05
1.699455385e-05
1.677214452e-05
1.732213299e-05
1.69709713e-05
1.740872724e-05
1.723460183e-05
1.717397282e-05
1.731700799e-05
1.699440732e-05
1.712027103e-05
1.697039078e-05
1.721636782e-05
1.749999492e-05
1.730918258e-05
1.717886954e-05
1.735166318e-05
1.690157194e-05
1.713056215e-05
1.698377485e-05
1.731598795e-05
1.743985572e-05
1.748095156e-05
1.713222872e-05
1.72777857e-05
1.698782678e-05
1.737529911e-05
1.719976418e-05
1.700295157e-05
1.737050661e-05
1.737386575e-05
1.726811431e-05
1.72473684e-05
1.725195207e-05
1.720219302e-05
1.753454832e-05
1.723954044e-05
1.71163484e-05
1.710990674e-05
1.723954955e-05
1.726219687e-05
1.741792649e-05
1.715968676e-05
1.719555852e-05
1.733055904e-05
1.748047894e-05
1.731892745e-05
1.713232364e-05
1.741772412e-05
1.692831536e-05
1.714347463e-05
1.757327763e-05
1.751877217e-05
1.7272936e-05
1.783689841e-05
1.720907137e-05
1.766807596e-05
1.744843968e-05
1.751096624e-05
1.729755008e-05
1.710658909e-05
1.743527887e-05
1.753743664e-05
1.725449966e-05
1.729846636e-05
1.755627826e-05
1.75628506e-05
1.752416135e-05
1.73192405e-05
1.744193445e-05
1.771901778e-05
1.754816153e-05
1.75109928e-05
1.768592823e-05
1.759047069e-05
1.720215951e-05
1.713371341e-05
1.756946525e-05
1.76276486e-05
1.746248036e-05
1.763435526e-05
1.751327308e-05
1.75593563e-05
1.752460607e-05
1.766879209e-05
1.747291452e-05
1.719300957e-05
1.726281187e-05
1.742525768e-05
1.766367493e-05
1.731555619e-05
1.760502173e-05
1.745933959e-05
1.724003772e-05
1.728219215e-05
1.745962143e-05
1.752532808e-05
1.747627523e-05
1.755468864e-05
1.755771523e-05
1.732069237e-05
1.720029747e-05
1.731270993e-05
1.736444359e-05
1.728598832e-05
1.73021065e-05
1.728860574e-05
1.754006791e-05
1.746799121e-05
1.754614969e-05
1.766721419e-05
1.710554727e-05
1.741347242e-05
1.749742214e-05
1.718114377e-05
1.726283068e-05
1.778123205e-05
1.776481122e-05
1.730054656e-05
1.748729675e-05
1.753333015e-05
1.747421852e-05
1.763429163e-05
1.747501195e-05
1.75128456e-05
1.769798479e-05
1.725663169e-05
1.740320214e-05
1.738930476e-05
1.748806914e-05
1.751436191e-05
1.737034785e-05
1.752748021e-05
1.734712241e-05
1.768088258e-05
1.730171667e-05
1.756597314e-05
1.76186107e-05
1.750797772e-05
1.757786644e-05
1.756526924e-05
1.714648397e-05
1.731847998e-05
1.770541795e-05
1.750780647e-05
1.772100714e-05
1.757570795e-05
1.772003748e-05
1.782521602e-05
1.769047018e-05
1.778373814e-05
1.753416042e-05
1.770487288e-05
1.725540864e-05
1.757572016e-05
1.754172496e-05
1.775088994e-05
1.774985092e-05
1.767574157e-05
1.794990536e-05
1.782745226e-05
1.790338414e-05
1.74429906e-05
1.780271477e-05
1.773013085e-05
1.753612668e-05
1.749009788e-05
1.776693584e-05
1.744254262e-05
1.73644397e-05
1.773363606e-05
1.794519751e-05
1.767242275e-05
1.764034346e-05
1.747650633e-05
1.752884469e-05
1.718175946e-05
1.770939669e-05
1.762608522e-05
1.777969744e-05
1.768543108e-05
1.769219469e-05
1.766862481e-05
1.738123497e-05
1.785346446e-05
1.784883196e-05
1.781471956e-05
1.746219903e-05
1.770922121e-05
1.773863742e-05
1.791795425e-05
1.773124431e-05
1.781888444e-05
1.770301187e-05
1.775993982e-05
1.769032616e-05
1.762329162e-05
1.760952809e-05
1.794926067e-05
1.772386973e-05
1.786245105e-05
1.779307536e-05
1.772660417e-05
1.745277392e-05
1.780623121e-05
1.77806408e-05
1.776852001e-05
1.786899884e-05
1.759957536e-05
1.763772687e-05
1.758118111e-05
1.764245683e-05
1.773921339e-05
1.749165608e-05
1.780852454e-05
1.75800382e-05
1.770263976e-05
1.78985694e-05
1.783594023e-05
1.761165447e-05
1.778942853e-05
1.754275455e-05
1.807784203e-05
1.789368302e-05
1.779525465e-05
1.764968921e-05
1.768259271e-05
1.772313312e-05
1.771437407e-05
1.79815343e-05
1.790017796e-05
1.758485282e-05
1.75466084e-05
1.773291718e-05
1.807383921e-05
1.782620144e-05
1.76831873e-05
1.754866372e-05
1.756547414e-05
1.781658937e-05
1.798414696e-05
1.78262607e-05
1.785251012e-05
1.774406231e-05
1.767913009e-05
1.802431497e-05
1.761178541e-05
1.783083953e-05
1.752273146e-05
1.771745875e-05
1.780699287e-05
1.783582431e-05
1.800671484e-05
1.772629509e-05
1.791923439e-05
1.809678613e-05
1.779260333e-05
1.775134056e-05
1.803749191e-05
1.808568841e-05
1.774616072e-05
1.756269315e-05
1.790625975e-05
1.768051074e-05
1.807823553e-05
1.779355145e-05
1.801562419e-05
1.780741583e-05
1.802258723e-05
1.791227582e-05
1.801338092e-05
1.779789283e-05
1.792263368e-05
1.799086452e-05
1.824533123e-05
1.834138319e-05
1.806224489e-05
1.796482687e-05
1.818077016e-05
1.803438936e-05
1.786193786e-05
1.796478899e-05
1.774200843e-05
1.788055545e-05
1.784664808e-05
1.782045675e-05
1.79212355e-05
1.778613262e-05
1.792375654e-05
1.773013087e-05
1.792565747e-05
1.793499856e-05
1.783401014e-05
1.787252851e-05
1.79346878e-05
1.78472173e-05
1.82312292e-05
1.802655413e-05
1.786354265e-05
1.778862619e-05
1.764852932e-05
1.790203497e-05
1.787219842e-05
1.81136931e-05
1.782078981e-05
1.800994396e-05
1.79248723e-05
1.789724896e-05
1.817153423e-05
1.808202271e-05
1.767826769e-05
1.758613798e-05
1.835275891e-05
1.801236584e-05
1.826363437e-05
1.79859436e-05
1.808728796e-05
1.80931015e-05
1.815133106e-05
1.775780638e-05
1.792052566e-05
1.782871283e-05
1.767169259e-05
1.827894954e-05
1.811591255e-05
1.789412874e-05
1.833629876e-05
1.80695892e-05
1.805425844e-05
1.783615545e-05
1.79314322e-05
1.828735343e-05
1.821875022e-05
1.802429542e-05
1.828687896e-05
1.798376325e-05
1.820274601e-05
1.809398636e-05
1.813719025e-05
1.795563993e-05
1.829214731e-05
1.826557853e-05
1.809835614e-05
1.78588566e-05
1.815354109e-05
1.803747171e-05
1.823604086e-05
1.828778818e-05
1.789409857e-05
1.832093287e-05
1.817422397e-05
1.821600523e-05
1.838203596e-05
1.811472258e-05
1.834022654e-05
1.830907737e-05
1.784281927e-05
1.800302964e-05
1.796340076e-05
1.832856452e-05
1.838995469e-05
1.817656567e-05
1.839342786e-05
1.834290848e-05
1.820849378e-05
1.831342145e-05
1.821111323e-05
1.823056499e-05
1.801097645e-05
1.845348279e-05
1.805271178e-05
1.795996787e-05
1.800402031e-05
1.781945244e-05
1.815044348e-05
1.856066133e-05
1.838275857e-05
1.830367078e-05
1.824371904e-05
1.795289114e-05
1.847322191e-05
1.828120242e-05
1.819636683e-05
1.867310197e-05
1.815550894e-05
1.828152445e-05
1.833517693e-05
1.799402078e-05
1.808953131e-05
1.812679284e-05
1.80916435e-05
1.809960967e-05
1.799423096e-05
1.790034116e-05
1.825124645e-05
1.819568326e-05
1.815759881e-05
1.854533439e-05
1.840841614e-05
1.829298919e-05
1.814882674e-05
1.841576948e-05
1.865973052e-05
1.818249141e-05
1.82971478e-05
1.845221107e-05
1.836903157e-05
1.816261364e-05
1.828237066e-05
1.812656524e-05
1.794990412e-05
1.862580353e-05
1.81182707e-05
1.798087558e-05
1.811705192e-05
1.840083093e-05
1.793277092e-05
1.815613472e-05
1.817875422e-05
1.836705142e-05
1.84560788e-05
1.808189204e-05
1.82535199e-05
1.819420768e-05
1.816643333e-05
1.838688486e-05
1.842817978e-05
1.821000344e-05
1.855374401e-05
1.835203854e-05
1.826737439e-05
1.819228991e-05
1.816309343e-05
1.810091287e-05
1.807559575e-05
1.793887103e-05
1.802891655e-05
1.820546717e-05
1.836361711e-05
1.822190813e-05
1.83535665e-05
1.824643147e-05
1.829044279e-05
1.838199511e-05
1.822440458e-05
1.843262612e-05
1.820674061e-05
1.84584026e-05
1.852669689e-05
1.836794209e-05
1.850917148e-05
1.851710329e-05
1.840855578e-05
1.845207334e-05
1.826258161e-05
1.799725039e-05
1.82066e-05
1.865927096e-05
1.83986479e-05
1.825961509e-05
1.833797888e-05
1.80821226e-05
1.838996517e-05
1.833774328e-05
1.847241976e-05
1.84302754e-05
1.850176866e-05
1.827373923e-05
1.825816497e-05
1.819587117e-05
1.853773276e-05
1.802263833e-05
1.829394332e-05
1.845589326e-05
1.829317846e-05
1.8366902e-05
1.837783256e-05
1.836790053e-05
1.816020278e-05
1.87311337e-05
1.854984644e-05
1.844909248e-05
1.830990609e-05
1.817092967e-05
1.850789938e-05
1.857350454e-05
1.840292807e-05
1.85433267e-05
1.81420918e-05
1.827659205e-05
1.836434858e-05
1.825393158e-05
1.836584923e-05
1.856106673e-05
1.843237253e-05
1.896944502e-05
1.833424834e-05
1.833230406e-05
1.84526558e-05
1.833165873e-05
1.86613305e-05
1.845876165e-05
1.84711252e-05
1.830048095e-05
1.850610493e-05
1.86788818e-05
1.83932022e-05
1.832611078e-05
1.844115113e-05
1.857339376e-05
1.842144331e-05
1.840271241e-05
1.828555213e-05
1.851301957e-05
1.815197536e-05
1.841123662e-05
1.834712392e-05
1.882371888e-05
1.855920155e-05
1.835543723e-05
1.815237097e-05
1.856323651e-05
1.825953025e-05
1.834578499e-05
1.872629083e-05
1.82837439e-05
1.850816305e-05
1.852628156e-05
1.835010586e-05
1.832494867e-05
1.83787994e-05
1.837648226e-05
1.842919138e-05
1.835470312e-05
1.857418273e-05
1.856060877e-05
1.849375433e-05
1.861041066e-05
1.837618115e-05
1.843903051e-05
1.861559779e-05
1.829020518e-05
1.853458924e-05
1.833305842e-05
1.865474593e-05
1.866064458e-05
1.854362894e-05
1.841313041e-05
1.882158865e-05
1.826889402e-05
1.85899379e-05
1.862004911e-05
1.850901734e-05
1.876197487e-05
1.870631986e-05
1.872899207e-05
1.832033319e-05
1.864985628e-05
1.866836394e-05
1.864819474e-05
1.845598731e-05
1.882304235e-05
1.841592715e-05
1.834412779e-05
1.888960643e-05
1.866080514e-05
1.870982084e-05
1.869835493e-05
1.851330649e-05
1.85633066e-05
1.847640526e-05
1.839694004e-05
1.824628615e-05
1.887955097e-05
1.844149953e-05
1.863078105e-05
1.857781428e-05
1.857321804e-05
1.846074212e-05
1.863231034e-05
1.831438931e-05
1.847282999e-05
1.84238173e-05
1.89376514e-05
1.842942571e-05
1.875119284e-05
1.874511238e-05
1.844270007e-05
1.888280362e-05
1.847581012e-05
1.894782443e-05
1.881799444e-05
1.855777529e-05
1.882042162e-05
1.887375841e-05
1.882712163e-05
1.858100485e-05
1.885598596e-05
1.872424622e-05
1.870548184e-05
1.864018704e-05
1.854505687e-05
1.876920723e-05
1.876032865e-05
1.859047278e-05
1.849152149e-05
1.872242668e-05
1.877692037e-05
1.876577625e-05
1.875026748e-05
1.88580805e-05
1.865234788e-05
1.858274071e-05
1.859609411e-05
1.881809357e-05
1.877072586e-05
1.873563876e-05
1.886917777e-05
1.840644517e-05
1.906415021e-05
1.889752407e-05
1.866298879e-05
1.868662703e-05
1.88260286e-05
1.874246083e-05
1.894867414e-05
1.893597876e-05
1.838911096e-05
1.843587399e-05
1.879310055e-05
1.877314258e-05
1.883073814e-05
1.904297426e-05
1.871627756e-05
1.891870907e-05
1.882631842e-05
1.883848545e-05
1.872996906e-05
1.888627003e-05
1.874836022e-05
1.874191608e-05
1.901711308e-05
1.884789868e-05
1.875662718e-05
1.866207962e-05
1.896444449e-05
1.854527653e-05
1.869302055e-05
1.88266699e-05
1.878639878e-05
1.87526637e-05
1.876931075e-05
1.894012067e-05
1.912851834e-05
1.8911841e-05
1.890327545e-05
1.865865096e-05
1.881570267e-05
1.8856925e-05
1.861864516e-05
1.901718294e-05
1.889651053e-05
1.881793119e-05
1.877165531e-05
1.862013697e-05
1.878843259e-05
1.894100939e-05
1.862110784e-05
1.894350427e-05
1.917078009e-05
1.85742987e-05
1.902866726e-05
1.864620501e-05
1.885222535e-05
1.881505315e-05
1.877548128e-05
1.887133268e-05
1.869588507e-05
1.909556971e-05
1.891818509e-05
1.891515975e-05
1.855708469e-05
1.871680547e-05
1.897636396e-05
1.901916542e-05
1.86197386e-05
1.90150146e-05
1.867953828e-05
1.881564591e-05
1.889598972e-05
1.906925836e-05
1.886711453e-05
1.895350542e-05
1.86807004e-05
1.890138052e-05
1.915329579e-05
1.917690388e-05
1.882036386e-05
1.891170941e-05
1.848653549e-05
1.894706637e-05
1.881352388e-05
1.868722314e-05
1.879587353e-05
1.878619225e-05
1.847152401e-05
1.848510949e-05
1.873681114e-05
1.890282858e-05
1.883201719e-05
1.890461066e-05
1.894075734e-05
1.911244118e-05
1.880897872e-05
1.895853572e-05
1.887765096e-05
1.911213902e-05
1.894460278e-05
1.871222271e-05
1.867701053e-05
1.9192208e-05
1.943087514e-05
1.951140802e-05
1.922550155e-05
1.893299523e-05
1.888986172e-05
1.877556216e-05
1.861108609e-05
1.89478085e-05
1.904254096e-05
1.892177343e-05
1.898827849e-05
1.895038594e-05
1.882514579e-05
1.895760891e-05
1.899743227e-05
1.900004329e-05
1.908675593e-05
1.893947564e-05
1.90897068e-05
1.903379218e-05
1.915936595e-05
1.903946495e-05
1.908367571e-05
1.905104859e-05
1.907321916e-05
1.888765147e-05
1.886287352e-05
1.915311648e-05
1.918836662e-05
1.896109353e-05
1.895178497e-05
1.879736103e-05
1.912913063e-05
1.87576151e-05
1.878382131e-05
1.891926968e-05
1.891947991e-05
1.915075886e-05
1.913022611e-05
1.903629577e-05
1.941268774e-05
1.894082682e-05
1.890994647e-05
1.893243195e-05
1.88610705e-05
1.922736153e-05
1.90823278e-05
1.921732991e-05
1.893026781e-05
1.888483017e-05
1.882983598e-05
1.883622241e-05
1.925178682e-05
1.903715372e-05
1.882358284e-05
1.920285082e-05
1.945027029e-05
1.892880813e-05
1.891694862e-05
1.898392731e-05
1.917054126e-05
1.892148539e-05
1.929417288e-05
1.925191632e-05
1.875038715e-05
1.9347937e-05
1.932300164e-05
1.934596756e-05
1.923278049e-05
1.914733849e-05
1.903955928e-05
1.938653434e-05
1.904356748e-05
1.906422664e-05
1.934757615e-05
1.923338127e-05
1.937617351e-05
1.940490101e-05
1.91895511e-05
1.933295961e-05
1.92294064e-05
1.927531631e-05
1.938711842e-05
1.909141288e-05
1.905544188e-05
1.939005998e-05
1.938588982e-05
1.933092354e-05
1.90284564e-05
1.912121537e-05
1.912253439e-05
1.945478653e-05
1.950875604e-05
1.955434278e-05
1.967925373e-05
1.939383772e-05
1.952223911e-05
1.937192498e-05
1.922178549e-05
1.959504002e-05
1.939296914e-05
1.92380871e-05
1.930544337e-05
1.91539996e-05
1.923868975e-05
1.925037996e-05
1.960194536e-05
1.925014357e-05
1.950339092e-05
1.926293443e-05
1.9056658e-05
1.940324007e-05
1.948444608e-05
1.90702209e-05
1.923126164e-05
1.948503542e-05
1.9365245e-05
1.935568821e-05
1.946430258e-05
1.954506238e-05
1.930264269e-05
1.930876903e-05
1.957275988e-05
1.929184435e-05
1.949173155e-05
1.952670422e-05
1.939579453e-05
1.961963322e-05
1.9338298e-05
1.935485684e-05
1.974847545e-05
1.944798759e-05
1.913935308e-05
1.930768968e-05
1.905593301e-05
1.933878479e-05
1.958698045e-05
1.89910518e-05
1.898972031e-05
1.949183706e-05
1.937704767e-05
1.933868434e-05
1.948559214e-05
1.94638326e-05
1.969206547e-05
1.952761428e-05
1.936089678e-05
1.960765199e-05
1.955878679e-05
1.96894663e-05
1.946092684e-05
1.944137765e-05
1.939519956e-05
1.958035564e-05
1.92754668e-05
1.969440587e-05
1.935851816e-05
1.931480853e-05
1.933700516e-05
1.924394961e-05
1.970959022e-05
1.997928747e-05
1.976987456e-05
1.942705352e-05
1.942495331e-05
1.935111277e-05
1.959942594e-05
1.959695483e-05
1.938460476e-05
1.941623291e-05
1.992134348e-05
1.960394911e-05
1.960756138e-05
1.933432649e-05
1.950705865e-05
1.941462204e-05
1.931137e-05
1.955691728e-05
1.986203434e-05
1.948373851e-05
1.969582617e-05
1.964886984e-05
1.970540721e-05
1.920754054e-05
1.957288931e-05
1.993778173e-05
1.967646058e-05
1.929775728e-05
1.977292642e-05
1.952293789e-05
1.980162504e-05
1.938430589e-05
1.944816668e-05
1.955439406e-05
1.976461745e-05
1.941797824e-05
1.973992714e-05
1.976486764e-05
1.97594794e-05
1.948295029e-05
1.988219667e-05
1.966638122e-05
1.9430337e-05
1.949352988e-05
1.977967695e-05
1.969863667e-05
1.951618939e-05
1.953205902e-05
1.982297863e-05
1.958264316e-05
1.998432354e-05
1.988914544e-05
2.015666969e-05
1.955098556e-05
1.961965951e-05
1.937645072e-05
1.960772953e-05
1.947312404e-05
1.958505081e-05
1.951264793e-05
1.953615456e-05
1.960562733e-05
1.946019756e-05
1.987684676e-05
1.960810819e-05
1.950815931e-05
1.987555528e-05
1.976962194e-05
1.995741023e-05
1.977232338e-05
1.997173437e-05
1.954778476e-05
1.98270531e-05
1.970321425e-05
1.970678041e-05
1.935294817e-05
1.991891313e-05
1.982837941e-05
1.957029936e-05
1.982592873e-05
1.98941718e-05
1.966450522e-05
1.950341411e-05
1.994758599e-05
1.939538196e-05
1.995070414e-05
1.974275668e-05
1.95495815e-05
1.976719984e-05
1.970024577e-05
1.97349094e-05
1.960450319e-05
1.971071114e-05
1.999710519e-05
1.971007659e-05
1.975715953e-05
1.993670072e-05
1.986795415e-05
1.9384731e-05
1.965744611e-05
1.972154177e-05
2.001081718e-05
1.990637914e-05
1.962145115e-05
2.014131316e-05
1.96664575e-05
1.962005378e-05
2.001888945e-05
1.968002068e-05
1.974622802e-05
1.942452513e-05
1.986782915e-05
1.981657257e-05
1.965620903e-05
1.96577106e-05
2.002354769e-05
1.98983286e-05
1.96193226e-05
2.003728992e-05
1.968002499e-05
2.002019242e-05
2.00134966e-05
1.961246684e-05
2.007908109e-05
1.958153789e-05
2.007252007e-05
1.964263307e-05
1.981707261e-05
1.989499996e-05
1.986357249e-05
1.976087539e-05
1.996731631e-05
1.9917615e-05
1.971276709e-05
1.971921213e-05
2.006768902e-05
2.012992643e-05
1.968358833e-05
1.990446597e-05
2.016077267e-05
1.99887173e-05
2.025610896e-05
1.997688242e-05
1.986480871e-05
2.020226944e-05
1.99124391e-05
1.9829014e-05
1.994217653e-05
2.011363578e-05
1.976438636e-05
1.980437294e-05
2.004764365e-05
2.012773612e-05
1.975378067e-05
1.989220867e-05
2.001134314e-05
2.006572367e-05
1.987077428e-05
1.988692983e-05
1.978269741e-05
2.002280123e-05
2.008713986e-05
2.024979272e-05
1.982389323e-05
1.966223135e-05
2.022115088e-05
2.041929809e-05
2.002957379e-05
2.03392209e-05
2.036761139e-05
2.007986832e-05
2.011590314e-05
1.99214128e-05
2.005361515e-05
2.017931649e-05
1.981474855e-05
1.977721526e-05
1.990332483e-05
2.010092494e-05
2.016995338e-05
1.972379117e-05
1.98321774e-05
1.981825188e-05
2.022762898e-05
2.03088607e-05
2.006367289e-05
2.047923427e-05
2.007064067e-05
2.048678521e-05
2.013094448e-05
2.009874431e-05
2.017853006e-05
2.014568188e-05
2.000169004e-05
2.013762176e-05
1.990459276e-05
2.039003883e-05
2.037940972e-05
2.023543687e-05
2.020918554e-05
1.982798291e-05
1.98871558e-05
1.979029361e-05
2.019323136e-05
2.035810189e-05
2.036734941e-05
2.040316133e-05
2.032874688e-05
2.035753347e-05
1.994726215e-05
1.992541568e-05
2.038568338e-05
2.009451358e-05
2.01220573e-05
2.00687489e-05
1.992009521e-05
2.019139207e-05
2.05467303e-05
2.029781379e-05
2.035730921e-05
2.048434184e-05
2.021918629e-05
2.023575571e-05
2.034992155e-05
2.051787285e-05
2.01793601e-05
1.992849846e-05
1.996559535e-05
2.042667039e-05
2.026534203e-05
2.022503506e-05
2.049336989e-05
2.016249749e-05
2.012664031e-05
1.96955449e-05
2.017681517e-05
2.022165399e-05
2.011781653e-05
2.025965899e-05
2.033081008e-05
2.011389142e-05
1.989882806e-05
2.023248816e-05
2.069416054e-05
2.01428621e-05
2.032388044e-05
2.062114574e-05
2.034798247e-05
2.015680573e-05
2.003085053e-05
2.01453842e-05
2.042597012e-05
2.021167977e-05
2.013600182e-05
2.047725596e-05
2.041284203e-05
2.020052269e-05
2.025908453e-05
2.014591612e-05
2.031029067e-05
2.069936316e-05
2.034635198e-05
2.047446396e-05
2.023409084e-05
2.052919436e-05
2.012618522e-05
2.060284818e-05
2.008966236e-05
2.005602262e-05
2.065425797e-05
2.067151605e-05
2.052488611e-05
2.020708693e-05
2.022264612e-05
2.045239991e-05
2.056656758e-05
2.051276164e-05
2.040862812e-05
2.048434852e-05
2.025631757e-05
2.042546674e-05
2.046235732e-05
2.023933789e-05
2.065020045e-05
2.068591914e-05
2.043247574e-05
2.053213618e-05
2.04656997e-05
2.090123925e-05
2.072364034e-05
2.057182446e-05
2.032931141e-05
2.026801978e-05
2.060251062e-05
2.064264253e-05
2.031615429e-05
2.02013007e-05
2.053707673e-05
2.04795777e-05
2.047216103e-05
2.077168076e-05
2.060920873e-05
2.09089381e-05
2.028996781e-05
2.059299156e-05
2.066902852e-05
2.052876207e-05
2.065174951e-05
2.057266397e-05
2.02864004e-05
2.046454658e-05
2.040606341e-05
2.062724614e-05
2.048332715e-05
2.059695639e-05
2.054348441e-05
2.049228383e-05
2.096456709e-05
2.072163399e-05
2.048121246e-05
2.062340729e-05
2.072368955e-05
2.06969195e-05
2.071489738e-05
2.054800515e-05
2.055151002e-05
2.030781924e-05
2.044768437e-05
2.064217463e-05
2.044383065e-05
2.068555047e-05
2.072345671e-05
2.06032128e-05
2.064766024e-05
2.087785671e-05
2.077604639e-05
2.084576683e-05
2.042329867e-05
2.045605446e-05
2.066883276e-05
2.084653493e-05
2.067261249e-05
2.099081436e-05
2.051831046e-05
2.06610724e-05
2.027406059e-05
2.075956195e-05
2.068858907e-05
1.995671734e-05
2.074731811e-05
2.063352287e-05
2.074116932e-05
2.042854741e-05
2.056584058e-05
2.103373164e-05
2.043701127e-05
2.086796671e-05
2.069832192e-05
2.099529667e-05
2.096441386e-05
2.071256719e-05
2.064906964e-05
2.063676947e-05
2.064401033e-05
2.075315204e-05
2.100016402e-05
2.045827677e-05
2.103489928e-05
2.080967988e-05
2.095298635e-05
2.047425972e-05
2.087758076e-05
2.088168156e-05
2.082772294e-05
2.096676961e-05
2.078028525e-05
2.085172156e-05
2.083121189e-05
2.115860902e-05
2.108306281e-05
2.122262129e-05
2.106486593e-05
2.06159511e-05
2.07501989e-05
2.095861644e-05
2.14137527e-05
2.067321737e-05
2.067396925e-05
2.113871054e-05
2.095747408e-05
2.122206753e-05
2.093005479e-05
2.108939502e-05
2.113686168e-05
2.088231503e-05
2.121008082e-05
2.139782229e-05
2.070687691e-05
2.122881832e-05
2.10678612e-05
2.129812785e-05
2.135065596e-05
2.105065858e-05
2.099362725e-05
2.124459185e-05
2.113994725e-05
2.07808633e-05
2.083492682e-05
2.112695727e-05
2.08491035e-05
2.093339717e-05
2.132647193e-05
2.118234419e-05
2.118742259e-05
2.105555578e-05
2.148328213e-05
2.080893106e-05
2.127083465e-05
2.146988559e-05
2.098997046e-05
2.138701891e-05
2.08987661e-05
2.082437977e-05
2.135812856e-05
2.115034671e-05
2.128841408e-05
2.143182794e-05
2.088438746e-05
2.117360312e-05
2.103801002e-05
2.120954315e-05
2.100378506e-05
2.136462533e-05
2.096494361e-05
2.145411024e-05
2.123233343e-05
2.124748635e-05
2.115203052e-05
2.125881129e-05
2.110616881e-05
2.123583969e-05
2.102451764e-05
2.129790527e-05
2.100862563e-05
2.148530841e-05
2.113094814e-05
2.158073262e-05
2.12886089e-05
2.148332648e-05
2.136782541e-05
2.162262883e-05
2.136721108e-05
2.122371194e-05
2.146882104e-05
2.112390557e-05
2.138702345e-05
2.130360328e-05
2.122356877e-05
2.119005189e-05
2.144978863e-05
2.111819577e-05
2.129627495e-05
2.140057564e-05
2.173928878e-05
2.122270403e-05
2.119902975e-05
2.160117523e-05
2.115034047e-05
2.190255024e-05
2.142629404e-05
2.115111172e-05
2.153701523e-05
2.147541747e-05
2.123109883e-05
2.182952643e-05
2.147122237e-05
2.150872071e-05
2.150648906e-05
2.184244987e-05
2.145382576e-05
2.123707082e-05
2.110205916e-05
2.15969171e-05
2.131185081e-05
2.164017644e-05
2.162823184e-05
2.145729233e-05
2.14958035e-05
2.140768817e-05
2.181711911e-05
2.14949398e-05
2.138754096e-05
2.134584904e-05
2.192238238e-05
2.18849704e-05
2.18590918e-05
2.164119649e-05
2.16135072e-05
2.171868013e-05
2.18812385e-05
2.199317655e-05
2.121539274e-05
2.169842246e-05
2.152894921e-05
2.146875405e-05
2.206586182e-05
2.174175361e-05
2.171802175e-05
2.150952659e-05
2.165564843e-05
2.182723131e-05
2.171401176e-05
2.190415238e-05
2.205558386e-05
2.134786886e-05
2.204562083e-05
2.13654909e-05
2.191851182e-05
2.149223669e-05
2.139833073e-05
2.191035971e-05
2.197767215e-05
2.172318625e-05
2.184065722e-05
2.203907433e-05
2.166706099e-05
2.169395554e-05
2.182134274e-05
2.20576495e-05
2.182164183e-05
2.203742112e-05
2.179108735e-05
2.214912564e-05
2.184148327e-05
2.19168846e-05
2.213262598e-05
2.22843635e-05
2.162628573e-05
2.218998988e-05
2.173857653e-05
2.179748797e-05
2.20115366e-05
2.173041912e-05
2.179412267e-05
2.222396528e-05
2.190721437e-05
2.203918546e-05
2.178158506e-05
2.182653263e-05
2.224048344e-05
2.184288248e-05
2.211303678e-05
2.203765339e-05
2.174377048e-05
2.184633652e-05
2.191630157e-05
2.18469202e-05
2.226268426e-05
2.214923811e-05
2.207775196e-05
2.191099695e-05
2.211581936e-05
2.18443955e-05
2.195418846e-05
2.228199164e-05
2.178817457e-05
2.193970287e-05
2.201706172e-05
2.187947578e-05
2.178285703e-05
2.240110911e-05
2.242802308e-05
2.245562686e-05
2.200584216e-05
2.189249531e-05
2.197879371e-05
2.220197239e-05
2.190129098e-05
2.224635369e-05
2.229129547e-05
2.223455805e-05
2.23527954e-05
2.217471734e-05
2.255494131e-05
2.221525267e-05
2.240165024e-05
2.236769078e-05
2.226654235e-05
2.20052128e-05
2.259013652e-05
2.251882989e-05
2.213195755e-05
2.225777605e-05
2.250585512e-05
2.254587823e-05
2.236562249e-05
2.182007892e-05
2.249525658e-05
2.211532235e-05
2.262281417e-05
2.237342151e-05
2.224505069e-05
2.262277053e-05
2.244452891e-05
2.255405755e-05
2.274794167e-05
2.239823473e-05
2.270018703e-05
2.285605224e-05
2.244726029e-05
2.299059311e-05
2.217844427e-05
2.254510642e-05
2.23626672e-05
2.281781217e-05
2.266711643e-05
2.299383063e-05
2.295947571e-05
2.24961309e-05
2.245785566e-05
2.244946832e-05
2.228775465e-05
2.268053434e-05
2.264241067e-05
2.295000434e-05
2.259262432e-05
2.259473635e-05
2.319630412e-05
2.264205361e-05
2.255814432e-05
2.273074034e-05
2.233139904e-05
2.2838578e-05
2.275528688e-05
2.30687943e-05
2.272045517e-05
2.265722998e-05
2.275223214e-05
2.270746372e-05
2.266796733e-05
2.268484762e-05
2.259411378e-05
2.253310043e-05
2.290651294e-05
2.303167669e-05
2.307536478e-05
2.278648615e-05
2.32936289e-05
2.295603493e-05
2.268816416e-05
2.271126051e-05
2.327555438e-05
2.261038505e-05
2.295749223e-05
2.352562636e-05
2.308920233e-05
2.32027561e-05
2.301053534e-05
2.31878995e-05
2.287447563e-05
2.313279868e-05
2.259321535e-05
2.325244305e-05
2.331166224e-05
2.317471727e-05
2.28092407e-05
2.31965025e-05
2.295162746e-05
2.287880904e-05
2.329514412e-05
2.297710455e-05
2.319025126e-05
2.300209451e-05
2.298988343e-05
2.342440842e-05
2.330853196e-05
2.301884001e-05
2.295701986e-05
2.323291962e-05
2.352141933e-05
2.312882555e-05
2.281694625e-05
2.358152874e-05
2.326004293e-05
2.343510962e-05
2.298242043e-05
2.319989767e-05
2.314519592e-05
2.334807441e-05
2.302277747e-05
2.267369122e-05
2.346601525e-05
2.352760785e-05
2.338734645e-05
2.366537044e-05
2.345814896e-05
2.336177536e-05
2.344927027e-05
2.338013208e-05
2.320052754e-05
2.321192386e-05
2.308468592e-05
2.340139879e-05
2.386070053e-05
2.338428613e-05
2.329446219e-05
2.359569512e-05
2.361541119e-05
2.33662982e-05
2.3290611e-05
2.365289195e-05
2.365313636e-05
2.340542687e-05
2.343488423e-05
2.337804865e-05
2.36592618e-05
2.393472618e-05
2.395906005e-05
2.366616558e-05
2.390753498e-05
2.391324814e-05
2.357783327e-05
2.37819886e-05
2.365254329e-05
2.383837345e-05
2.384269285e-05
2.335898442e-05
2.377504936e-05
2.392020019e-05
2.352490965e-05
2.445713479e-05
2.41490443e-05
2.414285186e-05
2.395586962e-05
2.396051462e-05
2.383030612e-05
2.386795002e-05
2.411141834e-05
2.374062376e-05
2.396361489e-05
2.381041114e-05
2.414699971e-05
2.376805414e-05
2.428008709e-05
2.441023539e-05
2.42110704e-05
2.407630792e-05
2.416814978e-05
2.42987767e-05
2.437000041e-05
2.419251884e-05
2.408833418e-05
2.422062937e-05
2.383347409e-05
2.408250315e-05
2.433244419e-05
2.454011598e-05
2.425464817e-05
2.455672265e-05
2.429815341e-05
2.41655833e-05
2.426431128e-05
2.437184054e-05
2.443071581e-05
2.466092067e-05
2.439951755e-05
2.398658162e-05
2.459662325e-05
2.468899197e-05
2.413154063e-05
2.475894188e-05
2.442047003e-05
2.423551313e-05
2.42982356e-05
2.438170025e-05
2.483218567e-05
2.430983033e-05
2.444524656e-05
2.469851192e-05
2.485302511e-05
2.465459677e-05
2.440639188e-05
2.446709807e-05
2.481376477e-05
2.466712609e-05
2.500849633e-05
2.427459655e-05
2.454506686e-05
2.453414497e-05
2.449212499e-05
2.466247427e-05
2.519256167e-05
2.502833491e-05
2.491858584e-05
2.499881242e-05
2.479203777e-05
2.50620379e-05
2.517840109e-05
2.466108085e-05
2.502958074e-05
2.490333049e-05
2.433776782e-05
2.520047877e-05
2.480230059e-05
2.544407061e-05
2.483754337e-05
2.488637888e-05
2.484029758e-05
2.539495522e-05
2.489258336e-05
2.490256893e-05
2.518542281e-05
2.577469559e-05
2.50868409e-05
2.547658556e-05
2.53785726e-05
2.538271025e-05
2.550280053e-05
2.513674097e-05
2.536773249e-05
2.528528235e-05
2.537893963e-05
2.510601264e-05
2.572829669e-05
2.524468405e-05
2.475684835e-05
2.537453056e-05
2.589118967e-05
2.553076307e-05
2.51611699e-05
2.528349036e-05
2.545602819e-05
2.57961933e-05
2.574779298e-05
2.608160482e-05
2.54053975e-05
2.616105509e-05
2.527897406e-05
2.561859379e-05
2.571318999e-05
2.563301331e-05
2.592484741e-05
2.569154211e-05
2.584522424e-05
2.576649515e-05
2.549496337e-05
2.589216226e-05
2.610333479e-05
2.575364848e-05
2.555033495e-05
2.595387854e-05
2.594461559e-05
2.607270185e-05
2.550487039e-05
2.593386845e-05
2.603634898e-05
2.645176411e-05
2.577584586e-05
2.624320252e-05
2.586431072e-05
2.628602618e-05
2.585995966e-05
2.603414835e-05
2.669205812e-05
2.646111637e-05
2.613709649e-05
2.639648602e-05
2.629722906e-05
2.623706047e-05
2.632838133e-05
2.632630056e-05
2.690141482e-05
2.61226288e-05
2.644254429e-05
2.650141839e-05
2.673662564e-05
2.675027943e-05
2.633454249e-05
2.632243825e-05
2.646831388e-05
2.629036229e-05
2.665521743e-05
2.683424129e-05
2.681796378e-05
2.700611578e-05
2.707646391e-05
2.649294982e-05
2.665968531e-05
2.673602862e-05
2.674288899e-05
2.657584494e-05
2.724149273e-05
2.674678409e-05
2.678554436e-05
2.697406617e-05
2.704273733e-05
2.728325784e-05
2.665917378e-05
2.684390391e-05
2.649899254e-05
2.693171481e-05
2.728987234e-05
2.781151685e-05
2.697772898e-05
2.734808822e-05
2.737846097e-05
2.718336137e-05
2.73638947e-05
2.737337525e-05
2.749088651e-05
2.774747816e-05
2.70090338e-05
2.725338742e-05
2.697061186e-05
2.77731902e-05
2.731186994e-05
2.794304245e-05
2.712640881e-05
2.709136131e-05
2.745793133e-05
2.760306045e-05
2.76141887e-05
2.839315059e-05
2.769031378e-05
2.747434061e-05
2.761288002e-05
2.744572085e-05
2.811276573e-05
2.808110893e-05
2.771572947e-05
2.77548704e-05
2.802560065e-05
2.803496894e-05
2.775286116e-05
2.731061591e-05
2.832263815e-05
2.78756135e-05
2.812261582e-05
2.814212634e-05
2.781193127e-05
2.810487234e-05
2.820606294e-05
2.767851183e-05
2.835475262e-05
2.822452728e-05
2.878605423e-05
2.802464784e-05
2.863582067e-05
2.855259362e-05
2.830481665e-05
2.867963731e-05
2.907846632e-05
2.868143546e-05
2.884094974e-05
2.846053302e-05
2.823528836e-05
2.871042634e-05
2.856106145e-05
2.841659308e-05
2.876658563e-05
2.917563083e-05
2.849258376e-05
2.886289439e-05
2.848692012e-05
2.900010914e-05
2.888573431e-05
2.875949666e-05
2.969059673e-05
2.89104298e-05
2.907174481e-05
2.912243611e-05
2.928091174e-05
2.908497324e-05
2.906090845e-05
2.964165577e-05
2.931688805e-05
2.973346688e-05
2.94706506e-05
2.897232841e-05
2.983123266e-05
2.988701605e-05
2.973688479e-05
2.959964082e-05
2.890103417e-05
2.926395171e-05
3.003905512e-05
3.010470772e-05
2.985322883e-05
3.012444954e-05
2.992594586e-05
3.05570215e-05
3.012533083e-05
2.994785402e-05
2.99763481e-05
2.947137938e-05
3.009113806e-05
3.001600946e-05
3.038582985e-05
3.013309165e-05
3.030924808e-05
2.985139325e-05
3.046431787e-05
3.084933578e-05
3.028531856e-05
3.054874274e-05
3.051522456e-05
3.092438685e-05
3.042071801e-05
3.079698768e-05
3.085930274e-05
3.053760316e-05
3.088318429e-05
3.06069439e-05
3.085661892e-05
3.118589952e-05
3.075557789e-05
3.089907753e-05
3.098822785e-05
3.175655044e-05
3.095038204e-05
3.147315901e-05
3.145009071e-05
3.12395737e-05
3.191937118e-05
3.090567263e-05
3.185848678e-05
3.163286908e-05
3.136740072e-05
3.167003421e-05
3.135630775e-05
3.146741883e-05
3.207023729e-05
3.211316933e-05
3.223380258e-05
3.146565377e-05
3.238544247e-05
3.209348489e-05
3.201224808e-05
3.227084426e-05
3.254005088e-05
3.240962007e-05
3.290997668e-05
3.21995443e-05
3.259239691e-05
3.21183781e-05
3.262515404e-05
3.267121307e-05
3.315922288e-05
3.261455506e-05
3.299754951e-05
3.335598455e-05
3.264380478e-05
3.320159874e-05
3.354574626e-05
3.368912878e-05
3.329276288e-05
3.387104697e-05
3.263982261e-05
3.352123704e-05
3.300654929e-05
3.395779475e-05
3.350683171e-05
3.382697946e-05
3.399370891e-05
3.42767491e-05
3.381110506e-05
3.464766039e-05
3.428587771e-05
3.449092636e-05
3.440722988e-05
3.457122244e-05
3.45914055e-05
3.434690866e-05
3.433300287e-05
3.515472983e-05
3.508828658e-05
3.489097513e-05
3.486158378e-05
3.476281224e-05
3.463351904e-05
3.569070074e-05
3.56458983e-05
3.583122173e-05
3.546489324e-05
3.542071074e-05
3.546996258e-05
3.495205008e-05
3.636959574e-05
3.670685911e-05
3.606906803e-05
3.659986452e-05
3.68042379e-05
3.571245856e-05
3.625556484e-05
3.696629196e-05
3.624415561e-05
3.609117312e-05
3.727834809e-05
3.692305465e-05
3.732424731e-05
3.718970158e-05
3.714256401e-05
3.787927447e-05
3.742968324e-05
3.793986169e-05
3.755848562e-05
3.762202622e-05
3.809864281e-05
3.79632927e-05
3.839493595e-05
3.857583353e-05
3.843324175e-05
3.837284174e-05
3.849860992e-05
3.902907166e-05
3.841687575e-05
3.895346517e-05
3.871933563e-05
3.955342495e-05
3.969819339e-05
4.064194474e-05
3.928144045e-05
4.03086776e-05
4.064848251e-05
3.995089826e-05
4.013671201e-05
4.019152423e-05
4.082253809e-05
4.070802238e-05
4.147638165e-05
4.0824985e-05
4.131270829e-05
4.149180314e-05
4.020721085e-05
4.180331818e-05
4.15622426e-05
4.274118866e-05
4.260876903e-05
4.250272223e-05
4.189542698e-05
4.281079931e-05
4.337593526e-05
4.330990595e-05
4.269562865e-05
4.313999236e-05
4.43459911e-05
4.351854795e-05
4.478515871e-05
4.454681116e-05
4.380955768e-05
4.499796323e-05
4.415506285e-05
4.495712557e-05
4.492259163e-05
4.530492876e-05
4.673726734e-05
4.620044025e-05
4.546621825e-05
4.730559248e-05
4.726635548e-05
4.70691115e-05
4.737077353e-05
4.739506453e-05
4.746306356e-05
4.766437663e-05
4.892720701e-05
4.890006743e-05
4.908588666e-05
4.968111568e-05
4.990768681e-05
4.98871011e-05
4.997094342e-05
5.038410218e-05
4.993637215e-05
5.186218239e-05
5.218611204e-05
5.160435666e-05
5.124843297e-05
5.204168952e-05
5.269030224e-05
5.245015119e-05
5.348147262e-05
5.328057978e-05
5.47871898e-05
5.309565374e-05
5.579968982e-05
5.528049646e-05
5.551120858e-05
5.497760645e-05
5.565935295e-05
5.65938581e-05
5.728693944e-05
5.638516845e-05
5.737651011e-05
5.702423685e-05
5.767522023e-05
5.768402964e-05
5.822708255e-05
5.83197362e-05
5.89687672e-05
5.879876892e-05
5.936244243e-05
5.957683205e-05
6.073466272e-05
6.107564099e-05
6.064318202e-05
6.012342174e-05
6.097521323e-05
6.041161774e-05
6.166760695e-05
6.116918247e-05
6.14381691e-05
6.139756798e-05
6.218335394e-05
6.144666401e-05
6.144726869e-05
6.058542629e-05
6.213538127e-05
6.09133889e-05
6.212560714e-05
6.187023098e-05
6.085420809e-05
6.15720954e-05
6.176553028e-05
6.071679266e-05
6.013196934e-05
6.066166386e-05
6.152577025e-05
6.054946358e-05
6.099950164e-05
5.945210023e-05
6.019658399e-05
5.925938085e-05
5.941344706e-05
5.825829175e-05
5.88438343e-05
5.752988812e-05
5.715201429e-05
5.595700149e-05
5.605774802e-05
5.519637607e-05
5.495140308e-05
5.446416795e-05
5.297694566e-05
5.28730833e-05
5.120315176e-05
5.164259429e-05
5.031893569e-05
4.968985685e-05
4.826388706e-05
4.801553769e-05
4.709634141e-05
4.704987372e-05
4.520418561e-05
4.459268385e-05
4.407348825e-05
4.329593261e-05
4.200782181e-05
4.079333922e-05
4.015253311e-05
3.967356684e-05
3.771414481e-05
3.758492036e-05
3.586583992e-05
3.547711172e-05
3.44723219e-05
3.3962214e-05
3.281530198e-05
3.231110774e-05
3.068801893e-05
2.906344649e-05
2.881668065e-05
2.714210985e-05
2.701674485e-05
2.600003765e-05
2.515421977e-05
2.436890513e-05
2.321648697e-05
2.262437837e-05
2.167137516e-05
2.098046799e-05
1.98674985e-05
1.947893245e-05
1.814836885e-05
1.741652084e-05
1.65654905e-05
1.610748084e-05
1.487876761e-05
1.412275665e-05
1.377848699e-05
1.293037878e-05
1.214230158e-05
1.165822666e-05
1.147213362e-05
1.041572978e-05
1.005731124e-05
9.37222836e-06
9.097354159e-06
8.1186613e-06
8.160551876e-06
7.375397916e-06
7.103215566e-06
6.675302991e-06
6.326811991e-06
5.854999798e-06
5.530465814e-06
5.257599578e-06
5.156854224e-06
4.6734402e-06
4.395016528e-06
4.113250246e-06
3.785466814e-06
3.453222241e-06
3.251605215e-06
3.14428212e-06
2.972736677e-06
2.680099854e-06
2.614155659e-06
2.368216851e-06
2.367919465e-06
2.105780446e-06
1.961103368e-06
1.650276979e-06
1.616137007e-06
1.537441252e-06
1.441704984e-06
1.325550465e-06
1.22392152e-06
1.053543256e-06
9.739639949e-07
9.272353382e-07
7.530110448e-07
6.701149786e-07
6.624337221e-07
6.669345075e-07
5.464167335e-07
5.691101136e-07
4.75534445e-07
4.73797219e-07
3.372040634e-07
4.264563048e-07
3.357339688e-07
3.557882479e-07
2.651174764e-07
3.528011439e-07
2.996429942e-07
2.575606884e-07
3.088126848e-07
2.087879759e-07
2.131641578e-07
1.528944515e-07
1.918961996e-07
1.876112865e-07
1.280953594e-07
1.212322909e-07
1.077159975e-07
1.020086419e-07
1.135655259e-07
9.189875044e-08
5.944518375e-08
8.596462169e-08
7.922279171e-08
7.681972923e-08
7.359798072e-08
8.486136981e-08
1.125268937e-07
9.258100572e-08
8.649279308e-08
4.88532215e-08
1.073452685e-07
1.026597428e-07
7.966298046e-08
7.929597739e-08
1.284658099e-07
8.935361483e-08
7.46555646e-08
6.56939428e-08
9.1197909e-08
6.486255715e-08
7.588705776e-08
7.638431931e-08
6.881284422e-08
4.95154175e-08
9.905722011e-08
8.09968721e-08
7.119864453e-08
8.080310982e-08
1.256544391e-07
9.024383939e-08
5.7751569e-08
6.919598109e-08
7.402837886e-08
8.43953041e-08
7.822512581e-08
6.204054993e-08
4.875981102e-08
3.997616947e-08
4.713899494e-08
5.196647615e-08
4.888977441e-08
5.879486298e-08
3.915441898e-08
9.042752664e-08
7.584880415e-08
6.211467837e-08
7.601551082e-08
8.05737588e-08
5.930986724e-08
6.506991072e-08
4.371757793e-08
5.669001992e-08
6.02794101e-08
6.372699163e-08
3.76892133e-08
4.663013438e-08
6.931056177e-08
6.945615921e-08
5.284155364e-08
8.447709911e-08
1.115887925e-07
7.827093589e-08
4.882130347e-08
7.196020611e-08
5.148418349e-08
5.598728878e-08
3.503915679e-08
2.876112892e-08
5.379053012e-08
6.028340837e-08
9.390306479e-08
6.130976147e-08
7.616319135e-08
6.807950362e-08
6.083521404e-08
4.635396482e-08
6.713380247e-08
4.882306169e-08
3.770669602e-08
5.484684881e-08
4.560457081e-08
6.871803899e-08
5.404877168e-08
4.797482913e-08
5.688838506e-08
6.864128994e-08
4.350486582e-08
6.86261873e-08
6.778191096e-08
3.330515847e-08
4.920710748e-08
4.080054421e-08
3.161012752e-08
6.447598779e-08
6.295964931e-08
3.79936097e-08
5.82134676e-08
4.620412956e-08
4.456157158e-08
8.008018536e-08
4.893330539e-08
4.657974733e-08
5.603668082e-08
5.606007713e-08
5.965405693e-08
7.394473721e-08
7.239104543e-08
6.189760803e-08
5.985036026e-08
6.878452951e-08
1.126290681e-07
8.068240234e-08
7.908125242e-08
9.213317947e-08
5.957398436e-08
8.807644258e-08
7.938966098e-08
8.440243857e-08
6.396132789e-08
7.410528977e-08
8.58041316e-08
5.925912346e-08
7.37907009e-08
3.369838228e-08
3.644159626e-08
4.434930553e-08
4.96266299e-08
4.772432097e-08
4.578987209e-08
3.297236958e-08
7.782831425e-08
7.362958436e-08
5.37382772e-08
3.714750422e-08
6.655806489e-08
3.067253998e-08
7.273403246e-08
7.456712171e-08
8.287341043e-08
7.341525195e-08
6.251190637e-08
4.174974072e-08
5.115555471e-08
3.269030446e-08
5.551395335e-08
3.509188768e-08
5.282410805e-08
4.12645701e-08
1.054696832e-07
8.533661951e-08
4.877070807e-08
6.797490043e-08
7.862848456e-08
4.825904184e-08
2.067979213e-08
7.190386871e-08
5.425050509e-08
7.268324582e-08
5.37649039e-08
7.158506127e-08
8.775749383e-08
5.965285693e-08
8.487175588e-08
5.50782564e-08
7.433163304e-08
5.140594007e-08
5.744533853e-08
3.498576453e-08
8.055658819e-08
1.101787736e-07
7.210416228e-08
8.056868474e-08
5.811995981e-08
4.375476149e-08
4.413991737e-08
5.251614021e-08
2.866657476e-08
6.117967669e-08
4.888918199e-08
4.78176049e-08
6.754857384e-08
5.234165965e-08
7.419516574e-08
5.903955246e-08
5.240001006e-08
5.509329393e-08
5.503419428e-08
7.490352844e-08
4.974473052e-08
7.125984713e-08
5.996391317e-08
9.477217154e-08
4.50887048e-08
5.05558149e-08
7.011594638e-08
3.954851715e-08
6.978199673e-08
5.901341504e-08
5.946549345e-08
5.320209714e-08
3.181888306e-08
4.556349005e-08
5.930386184e-08
5.140404021e-08
3.891402339e-08
3.238595902e-08
6.295533848e-08
3.454902346e-08
6.628021214e-08
5.940561786e-08
6.543824031e-08
4.933742596e-08
4.753518634e-08
5.424938182e-08
4.068205824e-08
5.827112852e-08
6.053332233e-08
4.048653675e-08
3.999339555e-08
3.251782657e-08
4.616429329e-08
3.734562107e-08
4.190609869e-08
4.216202595e-08
4.592135638e-08
5.874212276e-08
4.319982697e-08
3.325677941e-08
4.061063787e-08
5.974464038e-08
5.09410448e-08
5.043157921e-08
5.459739824e-08
4.380607182e-08
5.978239589e-08
2.386874943e-08
5.150452823e-08
4.336106958e-08
5.588879072e-08
3.276945828e-08
2.815718789e-08
6.346595825e-08
5.621823365e-08
6.50072114e-08
6.234935609e-08
5.459542316e-08
9.890866378e-08
6.783092375e-08
5.28087679e-08
3.980204332e-08
6.07267721e-08
5.410821386e-08
6.683381933e-08
5.102329385e-08
5.278521393e-08
3.788554085e-08
5.536738194e-08
2.255336515e-08
7.497319255e-08
3.026988468e-08
3.28639809e-08
5.821275438e-08
4.421879497e-08
6.455100982e-08
3.941926806e-08
3.733180007e-08
7.031775414e-08
7.371953239e-08
4.228300712e-08
5.755318787e-08
4.955467237e-08
5.154439659e-08
5.531889475e-08
3.544925897e-08
6.815798146e-08
2.959663065e-08
3.75942968e-08
3.265845063e-08
4.253034847e-08
4.597946793e-08
4.673871933e-08
3.524135444e-08
5.666272797e-08
5.577017801e-08
6.119027548e-08
7.094020939e-08
4.238494237e-08
3.652183105e-08
5.108475279e-08
6.767544393e-08
6.156255097e-08
4.935338403e-08
5.339280599e-08
4.502387876e-08
6.27912084e-08
4.132349523e-08
3.821131604e-08
2.906655078e-08
5.568694963e-08
5.729038016e-08
4.973353358e-08
6.598568818e-08
4.584001702e-08
4.255813092e-08
4.832295196e-08
9.347385613e-08
5.75594821e-08
2.876473414e-08
4.429460335e-08
4.234544161e-08
4.203244199e-08
4.246329683e-08
4.066717544e-08
5.524505221e-08
1.050802262e-07
5.732134725e-08
5.520814999e-08
4.231283795e-08
5.80865228e-08
7.560763353e-08
5.981052374e-08
9.363733626e-08
9.343436028e-08
4.175109833e-08
3.194123296e-08
3.920617807e-08
4.184414786e-08
6.340178177e-08
3.79665349e-08
3.84372614e-08
4.138024138e-08
5.089796573e-08
4.037720086e-08
2.859129878e-08
6.044410572e-08
2.915778528e-08
5.651536596e-08
5.080581859e-08
4.713830916e-08
5.075337423e-08
4.94029626e-08
4.907939633e-08
2.460590519e-08
2.448454074e-08
5.66473792e-08
2.604991962e-08
2.09568725e-08
3.262235552e-08
4.36624825e-08
3.741695062e-08
1.874627175e-08
3.033047297e-08
3.897672718e-08
4.706977246e-08
5.234498498e-08
2.924456517e-08
4.345481208e-08
3.790444447e-08
7.10762336e-08
6.380320492e-08
3.679985772e-08
3.210264507e-08
3.38042658e-08
1.660894527e-08
2.424271334e-08
3.311561746e-08
3.132668728e-08
2.384615513e-08
4.150855989e-08
6.447869312e-08
2.945040195e-08
5.272357193e-08
3.511817704e-08
5.997627513e-08
4.671297513e-08
3.82809529e-08
3.967762874e-08
6.505640438e-08
2.499245049e-08
4.225659615e-08
6.882398069e-08
3.198939716e-08
4.409187849e-08
1.480677211e-08
3.550845808e-08
1.380505115e-08
4.160986342e-08
2.653522763e-08
5.575783582e-08
2.065205783e-08
6.221221866e-08
8.312169558e-08
7.250547925e-08
3.96533966e-08
5.128043094e-08
3.107128997e-08
3.069440213e-08
3.044025163e-08
3.42171479e-08
3.53272002e-08
3.017345767e-08
7.235355921e-08
4.569079414e-08
3.651492485e-08
4.766589961e-08
3.670193049e-08
5.416222154e-08
4.643390455e-08
3.83571607e-08
2.299567113e-08
1.702353027e-08
3.597881209e-08
3.691807763e-08
2.394018681e-08
3.628917837e-08
3.36327163e-08
3.877070723e-08
3.347516129e-08
3.610270673e-08
1.680158754e-08
4.954639272e-08
7.662564589e-08
6.092555751e-08
5.081067726e-08
7.131384417e-08
3.756210988e-08
2.534994503e-08
2.686181071e-08
5.036505408e-08
2.858340835e-08
4.824048508e-08
3.073116095e-08
1.860301858e-08
5.074367163e-08
3.230630191e-08
6.954423447e-08
3.60888238e-08
3.046596638e-08
6.45224309e-08
3.263782441e-08
4.117845656e-08
4.258563384e-08
4.882788627e-08
3.804807139e-08
4.068064673e-08
4.96836895e-08
3.78366379e-08
2.41694462e-08
2.51401756e-08
3.847659883e-08
5.177270599e-08
2.422104654e-08
2.240549485e-08
3.846338561e-08
3.694776048e-08
1.769768564e-08
5.229801233e-08
4.188309213e-08
6.256834913e-08
5.327485501e-08
4.814801159e-08
5.742143772e-08
5.412211213e-08
4.153508051e-08
1.107933833e-08
3.975081507e-08
5.271785607e-08
2.832957527e-08
3.556601092e-08
4.409276114e-08
5.288140416e-08
3.482160918e-08
4.652753877e-08
6.62348428e-08
4.972015949e-08
5.688046549e-08
4.419492232e-08
4.613326411e-08
3.433793912e-08
3.193987512e-08
3.680398628e-08
5.374541842e-08
4.100869297e-08
7.143350886e-08
6.339478447e-08
3.369033068e-08
5.481978433e-08
3.969406387e-08
4.576385835e-08
2.046914763e-08
1.718421712e-08
2.949319836e-08
4.358495317e-08
3.669056418e-08
2.803435167e-08
2.76174716e-08
3.884426799e-08
2.983769749e-08
3.573395409e-08
3.18068086e-08
4.326861753e-08
4.743929198e-08
2.076358493e-08
4.919143698e-08
4.826901089e-08
3.850542347e-08
4.689019176e-08
3.953655452e-08
3.143382738e-08
3.812641136e-08
4.162564188e-08
4.236059158e-08
3.439463725e-08
4.114699171e-08
4.914746612e-08
4.054477646e-08
2.656896562e-08
3.641712309e-08
3.1903592e-08
2.207360703e-08
5.306712404e-08
1.754215585e-08
1.503901877e-08
3.9814257e-08
3.246159972e-08
3.381796733e-08
3.064748632e-08
2.939349612e-08
2.496504912e-08
2.398554596e-08
5.334748719e-08
2.639884886e-08
3.526161039e-08
5.753572124e-08
2.679148561e-08
2.632707192e-08
4.180900386e-08
1.724130029e-08
1.903370698e-08
5.275775404e-08
4.512579872e-08
3.903371444e-08
1.966547876e-08
2.823157917e-08
3.573009739e-08
2.789025888e-08
1.900249171e-08
1.35739577e-08
3.222332174e-08
5.657398515e-08
4.646487309e-08
2.095843661e-08
4.654042608e-08
4.32775493e-08
4.822172557e-08
4.703910261e-08
4.110032579e-08
3.147392417e-08
7.004196e-08
4.030620801e-08
3.208835906e-08
3.427987235e-08
6.754541253e-08
7.026473747e-08
4.124138762e-08
2.746819998e-08
3.765512999e-08
4.156118336e-08
4.486775154e-08
3.903425913e-08
3.410937837e-08
4.362136143e-08
3.965612018e-08
3.58273877e-08
4.514068731e-08
2.880994613e-08
1.73223388e-08
5.620072456e-08
2.521426858e-08
3.846646586e-08
3.063277329e-08
3.307271126e-08
2.092686491e-08
3.346266381e-08
2.782755269e-08
2.524038841e-08
2.371230485e-08
3.451744612e-08
6.451800324e-08
5.751316334e-08
2.960009686e-08
2.92446558e-08
4.911525742e-08
4.321084688e-08
1.166721005e-08
2.017091284e-08
5.818743867e-08
1.590515187e-08
3.769968841e-08
2.48092061e-08
2.000823183e-08
2.982914161e-08
4.643081936e-08
3.197939527e-08
2.816842442e-08
4.558895682e-08
4.144727774e-08
4.138753967e-08
1.852108645e-08
2.756116399e-08
2.724408513e-08
1.760629398e-08
3.424011611e-08
2.27333011e-08
3.058499701e-08
2.405972053e-08
2.112471472e-08
2.9663679e-08
3.55126232e-08
1.130548493e-08
2.649722151e-08
3.979083034e-08
2.82484076e-08
4.609771708e-08
5.000525667e-08
7.44150517e-08
7.3192537e-08
4.589217187e-08
2.891331957e-08
2.960726588e-08
1.177909896e-08
2.698783168e-08
2.164045389e-08
4.217638062e-08
3.459218524e-08
4.529727177e-08
6.167698611e-08
3.030582917e-08
4.548093075e-08
3.838676468e-08
3.539236804e-08
3.193356013e-08
2.066058333e-08
2.916628227e-08
2.78955755e-08
3.644521854e-08
2.93889714e-08
1.621746815e-08
3.408589134e-08
2.006656531e-08
2.089552769e-08
2.265931561e-08
2.670494446e-08
4.66098542e-08
3.200850814e-08
2.640885393e-08
1.763597963e-08
2.642187079e-08
3.30631092e-08
3.288273729e-08
2.21107733e-08
3.501771988e-08
2.932948177e-08
3.632972746e-08
3.513714936e-08
3.104298655e-08
3.029586678e-08
2.340934959e-08
2.158866052e-08
1.788622549e-08
2.537826854e-08
1.330883377e-08
1.438863253e-08
2.698493841e-08
1.572476969e-08
3.850188851e-08
2.682796867e-08
5.254917129e-08
3.460115081e-08
2.052580957e-08
2.18317423e-08
1.340721596e-08
3.597608704e-08
4.065526668e-08
1.554157695e-08
2.368345717e-08
2.49494101e-08
1.568220021e-08
1.115652733e-08
4.389848794e-08
2.598423056e-08
3.087117158e-08
5.518993187e-08
3.816201542e-08
4.345823291e-08
3.560780646e-08
9.107777977e-09
2.676321936e-08
3.387173805e-08
5.234997629e-08
2.099158205e-08
1.062768492e-08
1.894164043e-08
2.293952853e-08
3.508307073e-08
3.256595967e-08
2.814820715e-08
3.058421803e-08
2.753431774e-08
3.004840938e-08
5.830972514e-08
4.017970573e-08
4.046523637e-08
4.351596194e-08
1.706375192e-08
8.908275161e-09
1.495241265e-08
4.574638811e-08
1.670121869e-08
2.148476898e-08
3.628858094e-08
5.774872765e-08
6.012924607e-08
4.24500753e-08
7.415636363e-09
3.596089914e-08
1.504037899e-08
2.458336585e-08
2.018277843e-08
2.444121297e-08
1.983598026e-08
6.65971719e-09
2.649341895e-08
4.455442597e-08
4.884422166e-08
1.459077478e-08
1.861677272e-08
1.825073442e-08
2.16707797e-08
1.027821942e-08
2.525827253e-08
2.793629863e-08
2.340645656e-09
1.074737218e-08
1.674604624e-08
1.900690463e-08
4.768691152e-08
2.095623512e-08
1.172831159e-08
1.936997194e-08
2.3161701e-08
2.400195219e-08
1.074478046e-08
4.345223336e-08
1.833412604e-08
3.419469002e-08
3.108399463e-08
3.636480197e-08
1.573484295e-08
2.244511566e-08
3.445744406e-08
8.197576748e-09
8.239480508e-09
3.622362977e-08
4.67116598e-08
3.061697005e-08
3.516659663e-08
2.100399005e-08
3.390417522e-08
2.957201065e-08
2.411495708e-08
1.054058836e-08
2.120739579e-08
1.74106171e-08
2.769867054e-08
6.08754976e-09
2.336345256e-08
1.425151361e-08
2.40658129e-08
3.950697546e-08
1.317037175e-08
2.703440905e-08
2.421967835e-08
1.106871933e-08
2.79569417e-08
3.319198764e-08
2.652226268e-08
3.242403879e-08
2.620216007e-08
2.789390815e-08
3.581932376e-08
4.753107094e-08
2.804162067e-08
4.010333757e-08
1.773551014e-08
2.375028389e-08
8.553785191e-09
1.613230275e-08
2.122970634e-08
2.010126626e-08
2.153067879e-08
3.097897997e-08
2.842681814e-08
3.609086853e-08
2.709427942e-08
3.342217214e-08
3.007983178e-08
1.586973778e-08
2.611589473e-08
5.711706708e-08
1.865340356e-08
2.693817233e-08
3.888654339e-08
4.424866341e-08
3.677514785e-08
3.840841737e-08
3.975951775e-08
1.217920852e-08
3.348192913e-08
8.130994987e-09
4.342555409e-08
2.197826886e-08
2.752159672e-08
2.129957633e-08
2.750685164e-08
3.80692526e-08
2.971314746e-08
5.576144105e-08
1.100816655e-08
4.729991562e-09
8.007361484e-09
4.184580402e-08
2.472969973e-08
1.67894664e-08
2.579260784e-08
1.13254057e-08
2.286103341e-08
2.898392271e-08
1.396977021e-08
1.042478762e-08
2.988628646e-08
2.164239814e-08
2.74279312e-08
2.929714085e-08
2.331419071e-08
2.781782129e-08
2.503689863e-09
3.086210427e-08
3.615396235e-08
2.996448996e-08
4.319226827e-08
2.594404665e-08
2.093055433e-08
3.694907369e-08
5.466279794e-08
3.150845416e-08
1.034897998e-07
2.09483103e-08
3.389474529e-08
2.187766801e-08
1.00579704e-08
1.504644841e-08
3.288414342e-08
8.965506992e-09
2.869843381e-08
2.970829123e-08
3.40394372e-08
1.557131148e-08
1.659704582e-08
1.159473873e-08
1.904701049e-08
1.608671818e-08
1.504002512e-08
1.747639048e-08
3.010334523e-08
1.341766534e-08
2.026229053e-08
8.593111451e-09
2.01899538e-08
7.970925184e-09
2.024801611e-08
2.755014164e-08
2.6758324e-08
1.830423052e-08
1.968736412e-08
3.279635516e-08
1.409414782e-08
2.090249036e-08
1.396135545e-08
2.28573871e-08
1.164857059e-08
2.342788889e-08
3.514647906e-08
2.388095864e-08
2.016482461e-08
3.378328044e-08
2.890603967e-08
2.635335869e-08
1.488083026e-08
3.177594375e-08
1.446667352e-08
1.91216621e-08
1.456121689e-08
2.311851116e-08
3.094615694e-08
3.09333632e-08
5.307217463e-08
5.350669598e-08
1.528635555e-08
5.169726941e-08
2.824872987e-08
2.043998278e-08
3.866338491e-09
1.95086746e-08
1.159757514e-08
1.295100038e-08
6.117421873e-09
1.020117158e-08
9.882313595e-09
2.750318705e-08
1.38784947e-08
7.977461332e-09
8.942616716e-09
9.229309879e-09
9.15013489e-09
2.641260199e-08
1.726811043e-08
2.42904516e-08
3.732159782e-09
9.277003833e-09
2.147967156e-08
8.559461028e-09
1.258326907e-08
2.996100041e-08
2.61296648e-08
3.856612749e-08
1.78930247e-08
1.452795137e-08
2.021711728e-08
1.36345394e-08
2.129834791e-08
8.78781675e-08
3.151824105e-08
1.517359143e-08
1.171154909e-08
3.872780959e-08
2.088005827e-08
2.370865511e-08
3.110762873e-08
9.655286223e-09
1.263976194e-08
3.411759696e-08
1.803704534e-08
2.7376827e-08
2.826672239e-08
4.295009397e-08
2.929016317e-08
2.129309697e-08
9.303592965e-09
2.11402576e-08
1.352123976e-08
8.224851204e-09
1.009037194e-08
2.453369634e-08
1.428801553e-08
1.599932196e-08
5.188339636e-09
7.268568224e-09
2.290865339e-08
1.140784851e-08
1.299871233e-08
1.396193395e-08
1.561437632e-08
9.214955304e-09
3.076211609e-08
2.230095108e-08
1.641753748e-08
2.352283118e-08
1.114415965e-08
1.399301498e-08
2.933228657e-08
2.783375961e-08
8.927887215e-09
1.732168392e-08
1.741005181e-08
1.412272976e-08
1.76427588e-08
1.645123771e-08
1.266717516e-08
5.202701365e-08
3.160178768e-08
1.607231664e-08
1.335796154e-08
2.364149751e-08
1.95726558e-08
7.433549186e-09
6.714069779e-09
5.89338882e-09
3.261207585e-08
5.357855368e-09
1.966769314e-08
9.86943234e-09
3.337087136e-08
2.802267958e-08
7.529792656e-09
5.551159278e-09
5.070172663e-08
1.815084953e-08
8.711407665e-09
1.828311979e-08
8.034359031e-09
2.436154596e-08
1.630346377e-08
1.399819174e-08
1.972150102e-08
3.259680797e-08
4.579424421e-08
4.032509913e-08
1.933671955e-08
1.091109084e-08
1.356024716e-08
1.787921673e-08
3.002388973e-08
7.475429964e-09
1.305999065e-08
1.51114348e-08
1.260747937e-08
1.386056076e-08
1.89800356e-08
6.580821783e-09
3.750534249e-09
7.670461495e-09
8.206370972e-09
9.781090617e-09
1.182541233e-08
2.333893237e-08
6.931617348e-09
1.772466446e-08
2.839578018e-08
1.478449238e-08
1.451668878e-08
2.172332326e-08
4.672019807e-09
1.770579804e-08
8.398960568e-09
7.662857185e-09
6.045864681e-09
1.31215185e-08
3.477776948e-09
8.574687371e-09
2.137822031e-08
1.47587526e-08
1.385553205e-08
1.695672475e-08
1.49157961e-08
1.678740896e-08
1.698657229e-08
1.012671906e-08
1.208900815e-08
2.769350504e-08
1.179921407e-08
4.999191418e-08
2.161864724e-08
1.509015921e-08
8.556610931e-09
2.343651874e-08
2.4067227e-08
1.000653455e-08
3.881276926e-08
3.134404115e-08
1.793130538e-08
6.63528095e-09
1.059912881e-08
2.363522898e-08
5.981156394e-09
1.905324845e-08
2.029715189e-08
2.124669665e-08
1.435014595e-08
1.044336658e-08
8.284723494e-09
2.603473192e-08
2.986327108e-08
6.590800378e-09
9.762322186e-09
2.991440904e-08
1.06780849e-08
4.613580533e-09
9.581130028e-09
2.204124186e-09
9.58324328e-09
4.371871578e-09
1.235193075e-08
2.165800865e-08
8.149321396e-09
1.904594444e-08
1.647503795e-08
5.434987025e-09
8.962620724e-09
4.816012075e-09
1.62684435e-08
1.214135866e-08
3.754462294e-08
6.688859596e-09
2.249490008e-08
1.768521161e-08
1.172912297e-08
1.561134719e-08
2.375228155e-08
2.766692564e-08
1.070722067e-08
1.04437015e-08
1.113675434e-08
1.57727869e-08
1.112770088e-08
2.939897993e-08
3.3173098e-08
6.902929721e-09
4.989092733e-09
1.712626223e-08
1.906265875e-08
1.940361001e-08
1.224870677e-08
7.319160225e-09
3.936854308e-09
9.377920584e-09
6.906648574e-09
4.995643935e-09
1.029910589e-08
9.612025502e-09
8.799909375e-09
1.176131013e-08
6.580478456e-09
9.464681606e-09
1.391410365e-08
1.159079856e-08
1.920116569e-08
2.54702999e-08
1.437992011e-08
5.211040332e-08
2.01951895e-08
3.436932978e-09
1.161715581e-08
1.610576875e-08
2.16971268e-08
1.074401706e-08
2.163449646e-08
2.042611565e-08
1.068033751e-08
1.644167737e-08
2.346983203e-08
2.468295792e-08
3.118224436e-08
3.228929841e-08
1.122080327e-08
5.664034825e-09
1.946779938e-08
9.097263663e-09
1.090143243e-08
2.464002715e-09
2.076909421e-08
1.074338958e-08
1.503519073e-08
1.960474916e-08
9.888817732e-09
5.467323102e-09
2.40460493e-08
4.797598327e-08
3.750097972e-08
3.73898014e-08
1.932037484e-08
1.827175767e-08
3.785482978e-08
2.504917325e-08
2.921495137e-08
3.212261144e-08
3.352615625e-08
6.284679136e-08
1.714833559e-08
1.606014538e-08
1.79242154e-08
1.069721392e-08
2.021351047e-08
6.241780274e-09
1.517604179e-08
1.51149946e-08
2.669665698e-08
1.658288982e-08
2.030965385e-08
2.55697829e-08
1.096481554e-08
3.146340955e-08
2.402995406e-08
2.593585023e-08
2.492202167e-08
1.763622052e-08
1.147876603e-08
1.219537694e-08
2.107262577e-08
1.928658986e-08
1.633579069e-08
2.315763318e-08
9.500923688e-09
1.61810132e-08
2.856128632e-08
1.577082413e-08
1.322731117e-08
8.458381909e-09
2.184156565e-08
5.152289731e-09
9.280295103e-09
2.937635996e-09
8.890037299e-09
2.972593057e-08
1.079069859e-08
9.11451714e-09
9.850792838e-09
6.891283554e-09
6.727005746e-09
1.333067511e-08
1.088961901e-08
1.331385009e-08
8.286633428e-09
5.141664045e-09
1.018256929e-08
1.39029242e-08
1.429560934e-08
1.863748514e-08
1.525560812e-08
1.994730968e-08
1.375266331e-08
1.285774841e-08
2.216033316e-09
9.002737982e-09
1.525127154e-08
1.901172855e-08
7.775746428e-09
2.612967912e-08
1.792727543e-08
3.058552048e-08
4.867818335e-08
1.999989141e-08
1.379528466e-08
1.827024585e-08
1.292286948e-08
3.939639874e-09
1.714743622e-08
2.817947297e-08
1.855660913e-08
3.508417804e-08
3.41763604e-08
2.158567193e-08
5.350775116e-08
2.12281328e-08
1.476068408e-08
1.312368457e-08
1.83869132e-08
3.764629474e-08
1.528466409e-08
1.438979602e-08
3.201174704e-08
2.183554828e-08
3.646960811e-08
1.720486159e-08
1.930431314e-08
2.749179279e-08
1.170473677e-08
9.236881679e-09
1.34616073e-08
3.093433002e-08
2.037122942e-08
1.044088996e-08
1.42399178e-08
9.321779028e-09
1.295033796e-08
1.155174995e-08
1.356077073e-08
2.199100324e-08
1.524295691e-08
2.495481788e-08
1.324115047e-08
1.064642171e-08
1.968518365e-08
6.199524787e-09
1.437440574e-08
1.213750949e-08
2.271279879e-08
2.109889888e-08
1.730611682e-08
2.178171302e-08
1.865500658e-08
7.144184745e-09
5.73960986e-08
1.798342824e-08
1.076875428e-08
1.670677891e-08
1.461359319e-08
1.578970206e-08
1.296474935e-08
1.861625289e-08
3.296196373e-08
2.61727198e-08
2.063231385e-08
1.934935655e-08
1.42601217e-08
1.964680159e-08
6.302590688e-09
1.143028784e-08
2.885565893e-08
1.422886288e-08
2.202018483e-08
7.335453046e-09
1.957414561e-08
1.61653475e-08
2.65492199e-08
1.738508966e-08
9.903048209e-09
8.01482912e-08
7.892909256e-09
1.198804858e-08
1.958048796e-09
2.229307449e-08
1.512587474e-08
2.234498947e-08
1.014578827e-08
1.002411518e-08
1.889076547e-08
1.626414371e-08
1.359038935e-08
2.083019976e-08
1.398886959e-08
8.36998581e-09
1.881381467e-08
1.083973308e-08
3.610841063e-08
2.200727091e-08
7.274032102e-09
1.340623748e-08
4.588572445e-09
2.013807287e-08
8.091314775e-09
2.365084537e-08
1.108581319e-08
2.352888441e-08
1.731141708e-08
1.06686704e-08
1.094924091e-08
2.884053321e-08
2.00391517e-08
1.562263748e-08
9.268731349e-09
1.211389647e-08
7.147968507e-09
3.050528258e-08
7.378789539e-09
1.75959353e-08
1.494122228e-08
1.056255281e-08
1.152238308e-08
1.775773876e-08
3.795697537e-08
1.891051606e-08
1.637208239e-08
2.58192671e-08
7.063504517e-09
1.977662994e-08
4.040544563e-08
7.521284254e-09
2.045346533e-08
9.728878297e-09
3.988843477e-08
2.340317245e-08
1.971494846e-08
4.610184205e-08
1.407820301e-08
1.052916111e-08
1.006763368e-08
2.306954885e-08
2.529201362e-08
6.516783615e-09
2.770612695e-08
9.165312682e-09
1.753123255e-08
1.99554601e-08
2.217496759e-08
2.425756155e-08
2.131535989e-08
1.955944464e-08
9.557264574e-09
2.679041945e-08
1.540590415e-08
1.32064421e-08
1.727086577e-08
1.062679052e-08
6.900146341e-09
1.022737262e-08
1.390341734e-08
2.747488873e-09
7.583781005e-09
2.787678146e-09
1.74357078e-08
2.189461479e-08
2.420162986e-08
4.863651486e-09
8.737462537e-09
1.481071263e-08
1.734656909e-08
6.41067107e-09
7.088185874e-09
1.790214731e-08
6.037495064e-09
8.229070593e-09
1.024275968e-08
1.310322125e-08
4.968651949e-09
1.712875917e-08
1.419424095e-08
1.925851932e-08
1.510485785e-08
1.062224237e-08
9.163411211e-09
1.598282393e-08
6.067167753e-09
1.214896439e-08
3.104193255e-09
1.789988758e-08
1.699446108e-08
9.738146964e-09
6.581097296e-09
7.067585055e-09
9.590522582e-09
1.394037204e-08
6.999298149e-09
1.775927441e-08
2.660524598e-09
8.430389622e-09
1.016663754e-08
1.616482263e-09
9.45083042e-09
9.32532825e-09
4.877105194e-09
7.533348955e-09
3.591812183e-08
9.617354114e-09
2.891565071e-09
1.058904139e-08
1.744547906e-08
9.582384602e-09
9.838818815e-09
1.037345316e-08
1.501448246e-08
1.005803192e-08
1.193695321e-08
1.5551511e-08
1.192068715e-08
1.423341594e-08
1.675966293e-08
8.345237e-09
5.693031641e-09
2.493501617e-08
3.310638023e-08
1.550480132e-08
2.611041407e-09
1.84429175e-09
9.86859064e-09
3.156465428e-09
1.199787093e-09
9.592235573e-09
1.074936839e-08
3.812817695e-09
4.344921628e-09
7.684177694e-09
6.426612735e-10
1.276597085e-09
1.422591029e-08
8.026440376e-09
3.334266607e-09
4.891392118e-09
1.13191678e-09
2.002137538e-09
1.723266934e-08
5.301634978e-09
4.111832639e-09
6.459586153e-09
1.037448304e-08
2.33242283e-09
1.36761359e-08
7.903586986e-10
4.959176975e-09
