#################################### 
# Matrix Size= (25,25,400)
# Resol      = (1,1,4000)
# VoxelSize  = (25,25,0.1)
# nbVal      = 4000
#################################### 
8365.602334
8639.332419
8866.016003
8937.244733
8866.251747
8870.241586
8954.487826
8844.252383
8863.107277
9029.703525
8939.600368
8883.021665
8874.261958
9023.013842
8947.541492
9011.972842
8934.079859
9002.474277
8971.051011
8898.466166
9111.278584
9050.62132
8929.86516
9053.830144
9009.568089
9020.418564
9122.647974
8974.522956
8931.543482
8987.690164
9089.39141
8989.832818
9152.440361
9106.470009
9120.817731
9037.762127
9074.16224
8987.545152
9032.086928
9151.932202
9123.73636
9135.492602
9053.74207
9058.068407
9299.590153
9144.274116
8920.467054
9186.686535
9120.614603
9138.771567
9242.722661
9256.312417
9135.989784
9159.273601
9274.743824
9246.144699
9187.863908
9186.129355
9296.731585
9313.180772
9424.35529
9185.690282
9229.824287
9367.975036
9383.606533
9257.168366
9158.810712
9249.336605
9316.338072
9217.485946
9232.258743
9345.432546
9097.669858
9187.582307
9312.044424
9320.00067
9359.207341
9366.132033
9210.506526
9390.824292
9302.700473
9218.438249
9320.073248
9236.462831
9270.821157
9312.358514
9248.261287
9394.840115
9230.069989
9297.767756
9323.889664
9410.220469
9325.15883
9461.313563
9442.120012
9283.898987
9544.441418
9396.336006
9311.135041
9519.49459
9391.663297
9337.035278
9397.256259
9474.095044
9364.873686
9465.819995
9519.024197
9432.26707
9488.126647
9411.035071
9402.031217
9459.902333
9350.185044
9531.921963
9434.532669
9374.705915
9388.793642
9519.834598
9324.29028
9628.546844
9457.402459
9417.13644
9527.547416
9505.105209
9665.80389
9532.826151
9460.828691
9556.194861
9751.616151
9607.230074
9502.920433
9490.807282
9437.213203
9551.238932
9624.94142
9577.092721
9548.987714
9587.489613
9669.971308
9500.786892
9428.095067
9644.279924
9557.195956
9517.518983
9699.547668
9654.425319
9813.29585
9598.153904
9528.96316
9597.248027
9553.550559
9573.473433
9687.596763
9656.942425
9465.663201
9547.060269
9617.976009
9756.683338
9739.342257
9606.1283
9629.61457
9650.312553
9820.961279
9538.799706
9570.940566
9750.663445
9599.560416
9735.461814
9757.581719
9797.682112
9737.845452
9714.340521
9740.8546
9702.881298
9669.421086
9877.291161
9648.179175
9800.432076
9776.052678
9897.769475
9653.955123
9724.822404
9756.845127
9767.872372
9716.909125
9860.984741
9793.033134
9808.938302
9965.385133
9764.412143
9769.305494
9909.171492
9911.835166
9629.344631
9670.813435
9828.418725
9778.305871
9663.228574
9833.643378
9880.499245
9750.701535
9840.092185
9771.421474
9759.535374
9863.428855
9855.538983
9673.947804
9830.8832
9834.648578
9923.486535
9851.263818
9975.925259
10011.83969
9815.634424
9799.241194
9989.320917
10063.24454
9824.9757
9922.450877
9897.716402
9858.44067
9883.916544
9858.510049
9953.326157
9813.362219
9932.196955
9942.08057
9937.752963
9986.325331
10066.68122
9885.803269
10030.01889
9897.066507
9924.873767
9874.172757
10019.63046
10069.30656
9985.335145
10052.61581
9988.114966
9901.969108
10031.32417
10004.13609
9897.536752
10149.15011
10168.83588
10033.41118
10063.27701
10137.74733
9995.079407
9974.802896
10012.01699
10045.5416
10095.38689
10097.35882
10015.47994
10053.22017
9957.883429
9961.543741
10209.47285
10185.32487
9941.014081
10263.07077
10175.58455
10221.47724
10081.90446
10240.073
10209.40699
10145.44409
10150.5335
10155.25252
10332.07817
10252.25279
9934.036885
10128.12655
10160.58884
10180.80411
10155.31158
10202.56124
10174.93053
10165.77117
10254.09297
10243.99015
9996.944857
10344.02317
10305.82853
10189.15496
10280.09794
10169.23307
10132.36383
10246.1993
10260.5562
10228.24582
10301.03364
10271.85739
10338.83548
10221.54629
10320.74867
10351.29106
10347.26637
10369.3715
10202.56619
10367.50477
10382.80328
10310.00292
10266.51696
10246.20199
10247.17298
10250.05942
10271.48644
10394.50427
10381.77132
10217.42436
10287.47706
10468.49609
10477.77802
10363.0899
10514.7197
10346.99968
10401.54836
10388.49672
10386.24958
10413.53645
10492.7487
10446.72005
10521.19069
10464.14786
10314.65484
10475.85728
10478.21653
10351.1698
10598.12381
10293.21992
10560.85292
10460.88097
10550.87197
10475.92296
10385.44066
10443.89736
10514.72694
10507.83979
10400.27684
10600.09415
10461.1666
10605.0676
10327.41459
10349.33259
10529.93003
10597.59173
10426.96561
10527.75433
10615.11416
10438.43157
10584.11989
10481.1253
10640.16778
10695.93416
10677.35267
10735.93039
10647.11031
10443.96196
10565.01737
10481.15106
10540.44068
10701.9214
10688.6279
10670.25311
10617.91148
10604.51622
10592.59549
10642.65495
10773.02428
10690.0369
10588.17246
10603.02281
10737.47762
10769.31285
10637.24405
10724.0746
10665.39501
10605.10787
10901.51485
10710.87746
10902.06489
10775.65162
10829.2971
10738.41617
10809.4859
10731.70941
10730.27864
10782.50419
10890.00243
10718.88793
10700.82177
10686.10421
10955.75116
10987.51695
10810.9827
10794.87271
10856.24606
10955.75427
10806.55463
10865.9081
10774.68806
10681.55785
10915.89441
10829.97094
10934.33124
10942.40987
10855.05541
10855.94344
10851.51833
11085.75826
10884.83307
10780.85403
10838.12203
11142.07098
11021.84595
10700.04572
10958.74982
10874.2135
10883.82388
10899.60383
10956.10723
11107.07396
11065.11043
10779.53152
11056.83705
10940.84643
11039.37661
10858.9872
10949.96164
11114.64274
11112.86823
11068.53358
11012.0869
11166.85476
11196.39718
10965.86031
11088.80382
11071.26362
10944.17554
11066.65366
11072.91703
11179.9559
11026.39677
11051.08216
11013.04617
11150.73206
11190.57799
11152.60892
11112.59485
11185.42431
11273.30789
10965.87269
11215.92146
11195.99511
11341.40874
11313.63512
11210.29621
11184.49577
11303.50218
11335.06511
11232.7808
11298.03883
11414.9313
11323.29363
11361.81887
11360.89895
11363.4851
11116.57356
11419.31491
11202.8418
11381.72879
11246.34027
11405.71762
11429.86497
11334.38841
11283.2114
11283.29851
11430.8608
11118.91863
11457.61878
11547.26183
11470.62528
11238.14153
11412.77482
11369.16008
11320.1657
11328.10678
11349.71634
11458.10179
11575.83754
11197.07198
11388.7763
11640.68836
11386.7643
11681.20195
11454.70764
11459.29111
11565.96213
11463.13241
11427.31511
11469.32
11336.50241
11671.69
11581.90593
11605.70658
11577.06158
11514.07609
11558.92683
11422.59229
11772.03878
11632.12868
11455.81446
11394.06604
11507.58164
11510.44431
11584.89101
11737.5949
11697.00126
11606.49409
11628.61451
11586.55451
11639.726
11669.8991
11628.30404
11579.81889
11604.54479
11837.75913
11727.87364
11875.11672
11793.88391
11755.91668
11675.61241
11864.95744
11613.07052
11526.46827
11738.35785
11807.01853
11755.47006
11771.66536
11972.18043
11709.81501
11859.22263
11922.45481
11833.228
11929.88157
11855.43352
11900.13451
11883.92032
11919.05645
11963.417
11852.28532
11783.99505
12159.94437
11912.5212
12095.59965
11715.24405
11891.3385
11781.65524
12119.10958
12092.81541
11801.92287
11972.5919
12016.81145
11952.20972
12107.19069
11975.01701
12134.87343
11985.03547
11965.52451
12012.40807
11954.76852
12022.67365
12168.40087
12221.17733
12102.37981
11906.92548
12002.81483
12087.10587
12076.80327
12036.59068
12071.44465
12036.77814
12229.26203
12107.68096
12230.84385
12184.83486
12113.97521
12328.36887
12096.08493
12269.91085
12389.30156
12481.02064
12170.64584
12048.42969
12202.39519
12272.5941
12180.71031
12332.63389
12214.28399
12318.17759
12495.70757
12531.92601
12435.06135
12389.87704
12470.10962
12260.88727
12578.30961
12591.2353
12395.17227
12378.96668
12407.62467
12246.92886
12499.18003
12321.81475
12436.52185
12407.39385
12543.0686
12517.35953
12457.07597
12278.93621
12502.0683
12597.06807
12636.90264
12679.93419
12448.68797
12409.2514
12552.54407
12442.39664
12602.812
12600.17266
12706.76838
12671.14107
12656.85411
12589.26967
12704.63186
12672.60929
12727.89554
12633.33511
12733.80708
12799.96266
12644.64529
12658.65008
12875.9311
12765.66137
12824.65528
12796.29352
12846.91366
12665.5788
12416.96612
13120.34178
12911.93642
13104.78003
12912.6597
12855.93213
12867.52143
12770.01099
12726.77976
12865.35293
12960.00531
13055.68378
12964.6008
12965.66396
13098.71451
13052.93419
12982.17557
13097.63454
13012.68672
12900.11513
13168.07355
13083.68285
12901.54606
13028.08027
13203.58619
13204.8827
13115.42262
13266.51507
13282.3774
13199.36559
13247.26522
13317.37874
13174.32579
13335.60214
13198.91452
13492.43004
13308.54057
13385.1286
13426.15541
13276.49857
13355.63529
13568.81238
13282.79138
13311.83519
13299.13763
13168.77447
13610.47545
13237.82197
13510.91174
13549.18136
13543.35111
13414.33443
13516.89165
13571.52793
13702.59791
13504.65765
13641.50402
13447.77798
13569.65765
13608.17529
13638.2723
13518.39299
13579.59442
13644.21056
13757.65895
13687.05172
13749.85419
13601.82011
13547.98346
13846.53641
13871.04962
13767.26587
13717.04827
13741.80895
13750.75838
13824.78738
13747.26374
13827.77867
14006.93977
13820.95789
13666.73471
13825.3323
14064.65123
13982.05713
13929.61337
13929.2714
14087.95775
14084.74165
14071.89654
14107.72015
14110.83761
14270.24838
14056.35991
14171.38175
13989.43111
14173.22762
14010.08086
13979.24267
14185.74485
14128.37187
14280.67334
14351.43376
14480.35833
14474.02407
14297.40448
14356.91887
14094.25524
14498.19661
14522.97492
14391.14957
14401.4043
14570.68583
14399.76977
14495.16843
14459.28472
14644.50757
14529.63582
14653.28003
14762.17947
14775.57486
14548.69741
14483.76083
14785.57053
14861.26209
14803.17281
14840.24184
14612.48482
14924.75819
14786.36238
14788.18226
14886.84373
14883.42684
14857.05367
14885.55712
15055.37909
15291.47377
15214.68006
15097.02501
14993.70198
15043.10453
15081.89709
14708.47726
15135.35553
15157.71206
15236.59028
14984.97482
15490.44821
15217.71672
15376.83103
15192.81789
15423.22705
15202.9686
15637.5036
15330.62006
15460.83575
15456.78352
15535.23288
15493.21389
15460.05189
15567.75063
15304.63518
15602.85484
15411.55627
15720.48642
15583.55642
15710.74306
15792.49107
16021.71632
15844.85829
16057.16125
15812.43722
15821.6265
16061.38875
15623.42179
16041.38145
15968.02048
16025.2041
16229.33291
15972.87878
16187.55437
16210.94788
16040.64037
16310.62944
16139.88094
16129.71097
16319.29123
16492.43297
16329.33374
16454.763
16288.88496
16337.20134
16345.52881
16542.68996
16489.48814
16546.2653
16901.79107
16716.96386
16647.99769
16513.04407
16758.11289
16940.53466
16779.43802
16766.11569
17007.14943
16973.1497
16979.10477
17058.34436
17157.50121
17161.36307
17238.53312
17266.85113
17405.35881
17299.02449
17490.24482
17216.17139
17490.7391
17408.68728
17372.55205
17774.2492
17770.73736
17428.23215
17525.77357
17773.36925
17563.38991
17944.12194
17812.84255
18202.2124
18118.98436
17965.73525
17885.68875
18203.58859
17936.02931
17972.03117
18196.83956
18086.41749
18100.77957
18132.8728
18471.74716
18573.25958
18436.76463
18514.55049
18569.2665
18628.59021
18750.41106
18682.65969
18588.8644
18908.89632
19093.01921
19021.89897
18925.26604
19369.46231
19119.20891
19022.9328
19594.26022
19410.85619
19446.81678
19337.45662
19763.34152
19557.41007
19763.99111
19602.70717
19761.23873
19865.53817
19728.11013
19838.52839
19796.81409
19866.76188
20153.54973
20604.28319
20422.78744
20405.47886
20434.85176
20844.76696
20358.48874
20959.79955
20649.03974
20455.31047
20958.35101
21235.77391
21198.12425
20961.62165
21405.59267
21148.31392
21755.70337
21737.98161
21381.24764
21733.55048
21757.85722
22125.8718
21927.13945
22131.15905
22275.98898
22500.1197
22169.6799
22654.60007
22697.53279
22856.07265
23086.12258
22879.06661
23044.67778
23457.24017
23517.4111
23797.87548
23830.40849
24127.68533
24265.86445
24001.64772
24192.93331
24330.30902
24290.26698
24472.18002
25343.58448
25258.45366
24852.08327
25477.81322
25734.9793
25599.34517
26184.45483
26396.35123
26683.25396
26165.73691
26797.10881
26969.18158
26986.26424
27410.34384
27595.89295
28232.96088
27747.11039
27986.95032
28458.21313
28664.48558
29425.32094
29187.72501
29302.62915
29681.872
30225.04867
30341.34257
30601.34418
30936.33825
31725.16423
31403.01079
32089.49054
32550.7351
32747.26287
32918.36335
33783.2512
33852.0904
34111.77614
34480.50218
34821.27693
35413.13702
35750.61932
36177.83396
36031.92036
36483.61195
37446.91199
37039.38846
37368.16822
37894.96285
38955.03497
38577.74639
38428.71898
39042.05588
38515.95897
39449.6207
39186.23147
39525.17489
39503.33436
39571.18825
39515.44244
39039.9114
38783.05544
39011.83161
38614.67198
38185.45923
37577.39036
37109.48693
36869.1495
35761.74808
35854.62238
34947.34542
34066.69662
33413.02991
32450.39196
31450.35225
30598.26831
29832.60819
28715.3665
27570.44791
26733.67478
25808.25836
24547.8732
23420.09687
22409.38455
21227.42913
20335.99396
18952.10859
18023.18254
17001.02543
16049.18281
15028.21668
14096.63274
12806.61924
12155.71727
11241.4611
10611.20881
9744.266437
8629.688331
8074.577025
7400.30332
6793.46887
6267.836356
5510.331814
5042.31585
4665.143185
4022.197885
3613.650851
3303.719889
2937.375365
2631.66322
2367.847974
2152.567975
1894.407416
1652.533635
1523.010537
1250.742767
1086.769288
910.1789394
814.9796989
731.6667235
619.4738686
486.2674991
443.7522778
402.3208804
315.0339002
276.9397962
258.3462275
224.2630439
176.7465267
154.8095658
143.3118257
117.6242681
74.4724539
79.03215638
90.39630814
90.00387407
54.2112349
54.51071241
57.61145433
60.38827308
55.31977296
37.117822
51.15329351
39.28325244
39.90197481
19.26953537
34.46311811
42.49083775
40.20749697
22.03403339
34.78269572
19.03603738
26.86765846
28.8113981
37.54282519
27.06185942
37.63390244
31.63556848
27.59785539
22.42604857
20.59548116
22.53405868
19.26868459
19.30709769
20.85208257
25.20046965
26.31824636
22.32399389
24.33746763
22.91777147
17.56265094
17.46150055
23.01247279
28.22098723
29.01012103
19.68198998
24.40289987
27.35318569
19.177963
12.17246941
10.94228796
11.48292674
11.71260841
21.30739317
29.01735809
17.03156739
16.06313396
10.7775886
13.41156488
14.79130912
21.53711785
12.45804725
12.00313733
26.48034556
18.19813507
16.21967755
14.03305263
14.31172963
25.59118946
25.00029277
24.27137402
22.54310418
14.29352483
19.3966658
14.77319395
28.48654976
15.17344309
18.50303885
24.66865991
14.53950216
15.33769956
21.24036178
10.86539562
26.3944122
19.65088659
14.13600848
14.82315836
17.69607644
26.75870399
32.45900599
11.01125573
15.96788009
18.52539916
29.57491039
24.39387132
14.48784929
19.8764366
14.72986568
15.65789624
13.51793404
17.79104583
16.47714814
30.06540771
17.16796899
24.35013359
21.21218218
25.94228685
19.85907941
26.20790547
19.24849249
20.9530056
17.0621429
24.36831111
8.88918161
13.96329375
9.151686729
15.95377994
19.87642498
18.07814707
14.10269849
17.73808002
22.78609302
16.607735
25.57745768
15.44358671
15.92458044
22.96717913
20.36421808
14.76507035
18.46124106
11.17425915
17.36268718
35.39484136
11.4119391
12.23116365
13.50546631
23.17614582
20.30675718
14.23303933
9.230216188
16.31870023
14.9731088
10.42282074
25.4857995
21.72170518
11.06544108
13.15601801
16.90447816
13.58863991
15.50474568
12.76901786
13.74220436
21.919415
5.814489375
12.73296321
16.96795987
12.93479473
17.5806566
8.772087535
16.66571084
14.89850671
17.68265417
13.77366048
18.98805626
11.53933227
33.60137042
19.23641143
11.45503488
9.486427032
10.7195377
9.747819706
13.17428042
20.05553624
20.02536592
22.81230049
26.50284985
13.54421238
21.93888622
16.18235848
14.00570803
17.58167235
8.085239173
18.30332119
14.56262605
32.64924564
19.91725464
15.98735418
20.13777079
18.90188254
21.77777645
23.07306195
24.60977592
17.9020368
15.71320076
18.9908477
17.85917487
14.45703308
11.25995341
17.34066991
12.90028394
11.55079968
21.0011906
20.70821926
15.68173144
11.30127194
11.10128127
10.23982816
11.98807732
3.086067385
9.865415718
10.0404909
10.53562673
13.93297805
16.20613799
7.974108064
20.61862674
9.050655742
14.17352655
9.089327448
9.166442585
13.47406914
6.313506335
12.22783466
13.54308101
18.73573979
15.65178503
11.08599532
16.94159357
17.63737557
11.82008091
12.0485142
9.726007571
14.99184611
29.45088996
16.42835929
23.13030127
15.52955096
13.13857789
10.14719372
15.17977408
13.71262495
13.71393535
17.1079599
11.04834308
6.716218126
9.100373402
8.295379615
8.116000065
10.296746
16.45084917
16.5742053
26.02406032
22.25909414
19.77695619
9.558389697
20.90560362
9.358768582
12.96983811
13.04731014
20.74223427
11.09839562
13.66349706
13.2702723
16.82641302
20.5824328
13.14081356
9.966775428
16.60552775
18.38805801
13.72041415
4.819461598
30.06538474
8.561796008
11.71987447
14.92274813
16.52118688
21.38221442
10.72530849
19.94561325
18.0450105
12.31450085
7.226568085
6.461122017
10.61127135
15.82590252
12.96358269
23.84362651
23.79024645
21.59937239
4.581258312
15.81189642
23.44163807
18.64759904
10.20796859
14.08390217
10.9877265
10.01449625
12.69286094
17.74463149
10.91674647
8.720178907
13.40717619
14.10637701
7.913278483
16.79924861
12.46106435
13.23900161
6.756955561
22.83372067
13.35592114
15.55074008
15.23643798
14.832364
14.30603971
7.745473803
11.71097824
10.02654515
11.6412309
5.789428573
11.86941732
10.65088051
14.54283044
15.39199606
10.458107
10.80636553
9.833751517
34.18171562
14.70139535
13.68981222
18.19330056
16.17854764
12.25154461
9.819116896
11.85169477
22.89145642
17.17069635
9.782183844
5.474544198
11.83029017
7.937757601
14.48895453
9.919547782
13.44731598
11.2238389
16.44074333
15.49176449
8.472657909
10.10221969
5.477829179
7.119868465
7.041775893
12.18656873
11.64992628
2.07103649
10.18595392
3.659674718
8.571935418
6.178742291
12.52038432
9.598310462
11.74421638
12.66957034
14.01723197
11.46653651
10.3910181
19.74359847
9.741476865
6.991448154
8.690686035
18.06206434
6.569791037
7.516351775
6.432273555
12.48605926
17.97290157
16.81158392
14.56507254
16.69000735
18.51384664
9.849543491
13.16901358
9.939389872
6.073425267
4.259865378
8.955642139
4.121832752
5.260273362
6.091512654
8.42665024
11.59487037
9.306516849
15.8485777
13.0462818
19.87387463
13.60286903
15.08348704
14.85299306
12.14781902
8.963649632
6.525841338
4.468727441
13.86979213
11.32190222
17.14063887
14.91549373
18.03754295
9.772519079
17.76370923
9.822349196
14.06478877
18.44457032
15.67605484
17.38558852
11.37952655
10.58141019
8.353910784
8.976734405
12.2160482
5.226967606
8.452121296
6.978287282
10.58449372
10.85951891
11.75179221
22.98312374
16.25011632
20.80025868
19.03839402
6.257435924
7.199420696
17.75900258
13.50278943
17.63966483
11.85445212
13.49321717
8.577347553
17.48585011
6.978565522
7.773229092
13.79296469
18.00579469
10.44250781
5.106877884
8.115060712
8.356271791
14.8478278
9.82793638
20.16420546
15.20755231
16.04916357
16.77883398
12.1909821
12.7451551
7.99024201
10.15669658
14.05997689
8.630632715
8.721560463
11.73966369
13.4251986
14.43745681
5.741858294
10.62919165
15.79255416
5.82549632
2.938828822
11.77942581
4.884305679
14.54540852
12.0463918
18.21096203
7.899306436
14.3165306
18.09457374
5.38980102
5.424130904
5.686810882
9.232591881
7.535499497
5.926720057
11.08475739
7.335968478
12.82786979
5.191324813
7.630656242
16.29441068
10.2446522
6.209198141
18.79448319
2.946532989
10.39956253
10.0304764
2.273081135
8.292083571
13.08757431
13.85142077
10.8001824
5.462928484
5.630574856
6.064086803
2.767845664
7.233555128
4.623757952
7.922394876
4.56394104
9.423882951
14.93443885
4.472352065
21.82995346
12.06589064
15.11320867
12.8836738
5.156154492
8.038269132
17.02254595
18.35938036
15.13690878
4.326226896
7.850845289
3.674857051
3.0921176
6.157307161
6.10730604
6.683915029
8.044018427
10.11962052
5.276383507
8.494468133
13.38659709
16.50576563
23.66613337
5.44985125
6.241255487
5.196799679
2.476770034
6.212722972
6.695066154
4.506292885
7.036992935
6.00436527
12.5415457
9.370639172
3.594846227
5.904127792
3.83229008
3.900952667
8.225051027
7.042447187
10.24722513
12.3656489
9.516045783
9.390517871
15.03980285
11.59813977
4.046988092
6.618756264
7.428143297
7.582000864
19.63082354
14.51385353
6.385610045
10.25583215
4.444562166
12.24814466
4.036433482
14.60564141
3.322080254
3.480849835
6.650032058
3.755337185
4.341291691
15.33060065
5.421966013
10.24069647
8.805154523
4.250395441
6.425784632
8.55455541
6.173904165
8.581119865
14.56014168
14.09854234
4.763792458
2.7830269
13.21490916
4.42435621
4.103005474
7.704279705
9.147579033
10.16251398
5.750736233
14.25640795
12.72352655
7.426107329
6.181804615
9.080080833
8.759987604
17.53527984
1.590288912
9.04581499
10.4000754
7.133893886
13.52868547
11.11744333
9.654558087
8.495413216
8.778375783
12.06026577
2.737004977
13.74595032
5.960162886
10.08920223
8.917792056
8.373288034
17.96556068
8.647118454
6.397169295
7.064655293
4.443418977
12.71258619
5.88417387
5.417095937
6.88182726
9.726980794
9.756596223
7.507944759
7.754683201
6.083989851
8.461130977
7.957227412
5.718948063
14.68218354
6.04373856
10.56235768
11.824581
3.836714991
7.193844888
7.878301613
12.04390978
5.68203622
7.303095124
6.245970513
1.907915515
5.312008253
3.807857876
7.325660991
7.807883984
4.158092729
5.777192717
4.346545564
8.287504007
8.877221205
8.479618476
5.151741803
6.685351098
5.09328765
10.47169615
8.879271227
11.69350431
5.609659506
15.42050859
7.008746732
5.142867248
7.145776799
6.07740529
8.557531327
8.515516713
19.10544173
14.90518122
7.921528418
9.294801163
8.639980404
9.776415868
8.91746294
6.932312289
2.613203221
6.819299587
5.654730648
2.03650351
7.498856541
4.313402598
4.747030537
1.83651853
8.890874601
4.964095629
3.855139785
5.235337852
3.780980405
10.09846838
6.031789846
5.500976625
4.393599829
2.915018058
2.504785455
6.108355365
4.429239096
6.471581349
8.47230745
8.460298511
6.972288843
5.917964226
6.470416591
8.840220735
10.97560202
13.21081382
16.1411327
9.307460958
1.431326253
4.476802467
5.45190378
6.968502314
8.257784701
9.961121752
4.566814041
2.120508941
7.162467785
11.5033677
17.91049028
10.5986034
11.12765414
4.185778861
4.279702276
9.334523385
9.213868077
4.951966223
6.92812367
8.505307985
10.32557976
10.21182183
8.157870998
12.38663903
7.264974934
4.29902143
10.29650545
8.222773826
2.002064556
3.263089738
5.1579657
3.954125019
5.565114628
4.278451265
3.963516967
4.018879902
7.406705589
4.79348759
9.365987671
8.684257298
5.93709996
6.511030146
3.351011573
6.227390289
5.526841085
6.88411515
9.459248444
7.794152899
5.912329255
5.015500903
5.253766399
8.272726221
3.411666284
3.540675462
6.324454926
8.11968581
9.268081397
2.71808437
3.6078818
6.962992812
5.861746783
6.860730496
2.709506319
9.10890693
12.27425901
4.972685408
6.239150298
4.554905266
11.42570305
5.370067642
7.381487897
4.890467939
8.586838824
4.866834109
7.583659717
5.76596452
1.960156057
2.745580542
3.713997887
5.423581756
4.464662496
2.761762719
2.577890913
7.722407309
4.750063329
4.183612507
9.327345524
4.014065044
5.068274109
2.824423138
1.754067557
6.040996451
5.027814578
5.551912609
4.863686794
5.5023625
3.471582765
4.192619106
7.873623358
8.048666131
7.344679918
4.394116529
15.28851688
8.48176457
4.867236594
10.41019054
5.096499889
9.502928635
8.050571533
14.37240788
8.262795849
15.92399022
5.665474054
6.198918936
0.6306064593
2.817282813
3.051994831
5.608318124
3.60658948
11.42389743
10.62999342
12.36056321
7.875791526
4.455263461
8.036597829
8.927837209
8.546825971
4.750389996
5.903139479
5.458037553
5.583625255
6.454727601
1.360370026
6.788895409
8.884236666
17.64786452
12.19463235
6.087293861
7.017625627
3.161215178
7.843270006
2.88123982
2.960733217
3.205322152
0.8408383072
2.187204021
1.50149614
3.782620411
1.34242548
2.450786798
4.385070684
1.933601808
0.9412845442
5.852110714
4.35408904
4.577895949
4.324767824
4.598291154
2.133365493
4.685974261
9.078202102
3.138063551
2.062526949
1.407479686
11.62253901
2.731229703
1.563153949
3.806306653
4.288936041
10.22248619
9.967214056
2.258300286
7.867078578
6.864875796
6.50010564
9.797967419
4.351870562
15.66616654
3.493331258
3.883307455
5.031212923
4.822649468
4.816061653
13.99613444
2.395436864
3.837880573
4.966555777
1.690121174
4.526317691
5.872974419
1.312415989
14.72137448
0.8673387821
7.106618251
4.457364229
1.600560211
1.170366376
1.607583306
3.646091344
8.232439826
6.606730536
9.326325737
7.081114597
2.49427907
5.130737222
2.818126909
10.06501944
4.322707323
1.082007919
1.860762363
8.42654204
2.739635907
11.11646587
3.432533249
10.6172343
8.982354258
5.099975465
2.048562505
2.708520212
6.238061569
6.394057226
13.26895677
2.155772643
3.560552473
11.86814134
7.287091748
2.45327086
3.728003792
5.307298695
2.05671614
5.8299709
15.06927614
4.268458042
0.8752612614
5.345249639
0.9436914968
1.284111589
7.806737078
4.16297533
2.933766029
3.439843579
6.442702334
7.069153156
12.49636518
10.04169792
3.495326235
5.649915665
5.086278332
2.323928976
2.755034045
0.9141029019
4.787402124
2.91973688
2.534053352
3.547536046
0.9852577129
1.013722685
4.92497826
3.056691402
2.147051711
0.9721980597
1.928763888
4.028093285
3.211184581
3.284378401
5.486447222
4.659068688
5.710457324
5.549171012
7.261863176
10.13964146
8.10135788
6.613029668
4.019451424
6.388420691
4.980494729
2.424721462
3.765415022
5.524063189
5.632459936
3.230024657
10.02515161
14.00050941
5.850539677
0.4317375919
2.885648147
0.8840847426
3.720948817
1.171728706
2.868184216
3.031072873
2.088652508
4.601168406
3.594009497
5.962065637
3.756748754
1.082250715
2.38993585
6.784334861
5.338729172
1.860184996
8.121109492
2.702184989
4.828255701
2.223818256
5.4558146
7.242285159
2.807885428
6.732680567
2.725281484
7.802121381
3.934314407
1.631955272
3.064940955
2.915752027
3.720416693
1.417165798
1.946390322
3.540392548
5.759649773
6.723942776
3.650692764
5.698739086
2.934062142
4.48010773
6.219760289
3.574210101
4.669721714
2.102493691
7.952381884
7.405721658
1.700625315
5.397243805
2.538251068
8.782368031
1.775665536
5.967069403
3.77721335
4.517305071
5.21945287
5.810953506
1.120332438
0.7615883657
0.692181191
5.06105323
5.783306077
1.287888536
2.261847994
5.146455648
1.679409015
2.999971691
7.429144119
3.190370457
7.243788227
8.6401473
2.757190908
4.987518116
4.200051908
6.394816934
1.40372836
5.46011536
4.651548465
1.539060813
4.184327933
5.601006109
6.805415403
4.844887419
2.493250891
3.653665206
2.198802914
8.664461142
4.907439927
7.39241111
4.087114279
8.05864003
1.015388318
8.970217462
3.416695629
8.341119575
2.689390237
5.565001881
6.056581465
3.637235699
5.132353282
6.228749932
0.2027477604
4.323110423
10.94278847
7.90770984
11.11051665
5.875372199
9.076117955
5.508894364
3.108107592
4.998061167
1.096836104
1.186594018
1.995490518
2.603745487
8.73457355
0.2912027782
2.807832189
4.872875785
4.133699133
4.344000391
2.994693354
8.432309197
4.413078487
2.498700208
1.940718466
1.912853282
3.532278449
1.434698822
3.473967234
7.187263148
1.607665009
0.529675969
3.967553105
3.534419165
2.237561833
2.091905819
0.4602153094
3.825361365
1.033528197
1.719284835
0.4698731919
3.691252799
4.093146072
2.041732244
5.831717928
3.369336137
4.530683148
1.601824175
0.1919812366
5.275061316
2.782494343
6.7271013
7.471776715
3.372286622
0.3622458118
3.837770571
0.4488999326
4.126833028
5.548120549
3.643394528
3.967238053
13.32556187
0.9807790573
10.2302268
1.077145209
8.44437489
4.904477756
3.166257909
6.491331302
1.383703421
2.33983064
1.204485399
4.987364973
0.7214186099
2.518616532
2.708469921
3.233164048
2.74997154
5.365884645
7.771728086
5.645633491
3.862518063
6.784036543
9.10214385
0.9504633366
1.828273939
3.065161716
3.621178778
3.633940402
2.057550075
7.999716242
1.968765322
1.6284529
1.976112431
6.677441645
0.5599736006
8.290421382
5.567020838
3.106156671
5.245357509
0.8255364085
10.61035594
5.482491777
1.973053852
2.744716686
0.8092384309
5.53427469
3.386714391
5.875368786
24.59449685
7.058452329
4.480704264
3.678603693
4.164468515
9.676531347
2.500808264
8.865077276
1.794357012
4.687547117
3.043739189
1.646713874
2.030553646
0.8115755108
3.569206983
3.549454431
2.487226991
4.727087465
11.33835137
7.327878383
1.316418793
10.00009459
6.752847918
3.077021779
4.519675924
5.334697726
3.16072506
4.874061215
5.552102039
4.294646169
2.906245842
3.123301438
4.886741975
5.292043605
2.798678664
1.256528519
5.078673391
0.6434636817
1.952178662
1.06243168
1.351081849
3.541245132
8.032959346
0.5619918776
0.7577145778
2.201027327
3.52863565
2.043610063
0.4229766875
4.139806401
0.8244216771
2.58953448
1.738836379
1.902452839
2.32418712
3.148428651
1.989301964
2.653040325
5.630110287
3.813268798
7.564025133
2.728910876
0.1496420557
0.6099986042
3.820148098
4.789715818
9.26565702
5.17203725
3.806983165
1.360842283
5.640724187
2.112565513
2.431133233
0.4503028086
2.797579248
2.401290735
1.859415995
3.110023612
7.052458415
2.374600422
5.603354356
5.076033431
6.489300541
2.02593422
0.3552446538
2.93665085
12.91451986
4.518864754
0.6497967874
3.869476092
1.950953397
3.482352369
6.56875325
0.7519165976
0.7745183569
3.23890937
3.101695962
2.330991771
1.03167316
4.822032672
1.410672272
2.886107005
4.026809463
4.977111351
2.668886143
4.672959169
0.3232213283
1.772503418
2.96280447
0.770539692
4.699138263
5.652175212
2.726528473
1.667687446
4.187563108
4.200346296
4.200400434
2.53852343
3.126567621
0.630413857
2.543585838
0.8319017967
0.472014414
0.6152263989
3.711976786
0.4320357127
3.879113775
5.72952593
2.949374096
0.6107684323
2.078851731
1.659194202
12.16892501
4.03068966
2.286517252
3.122428388
2.340198974
2.361682083
0.541358234
0.3296962803
1.550559465
0.7007133272
2.64555921
1.42451115
6.068032295
0.06931033046
2.551430626
3.787242503
2.242410781
8.017728176
3.763024381
5.899525558
2.054571337
3.876268425
3.888859563
13.40308452
5.821784801
2.070302341
1.748788394
3.785174587
0.3793334542
3.199409246
6.97903592
4.882112033
1.018970396
6.326559002
0.9370457569
0.6217835721
2.580616749
1.10865732
0.5623018883
1.384307564
0.6354528315
2.115679343
2.565194032
2.503238052
3.822429902
8.796933584
5.251671722
6.129824893
0.91682197
0.5411787845
1.248195924
4.726856841
2.386614218
5.447445741
5.212645268
0.6813697594
2.76619778
0.8333288183
0.7594411896
0.9602250095
3.71126169
4.471674417
1.830640121
2.937696065
2.437452044
4.502985308
4.944371638
6.438823966
4.833322115
2.87696505
2.541285177
3.439361795
6.133936218
3.326521029
3.253312639
6.153536605
3.295100566
0.9028923174
4.32756518
0.7184619773
0.5425067927
0.3366653321
4.472255525
0.793789202
2.723008728
2.121646656
0.2575785839
3.465488198
0.6272922452
0.6263189425
1.68189628
0.5075227987
2.042814791
0.22272544
0.3639817402
0.1279786745
4.428304828
0.3737006193
2.031377154
0.6748130106
1.325360522
0.3540399763
0.3760516272
2.853136163
2.198103376
2.603645821
0.8756854417
1.108121671
1.802540621
0.1614704008
0.5397044928
0.6415709859
1.864031469
1.820776577
0.2007198668
0.01037712501
2.927804016
0.5786608305
2.747564409
1.480156419
0.197933311
0.234944003
0.4576447196
0.222517925
2.982700262
0.2794662711
0.8288153546
0.1558398402
0.9872091669
1.021757283
0.9895458353
0.9038005383
0.2344824591
0.5442805628
0.5628626646
2.2818409
0.2888764513
0.9938438283
0.4255506945
2.081492269
2.753172468
2.431848431
3.040819209
5.456468655
2.180352168
1.669832732
0.3473259092
0.02956681025
1.722175755
0.8229646687
1.206368847
0.5130125014
0.3567664473
0.9899395647
0.2482602757
1.974109824
0.3081090752
1.479760989
5.544872602
3.823245379
0.3818383622
3.882845627
3.247766954
4.428006186
2.57598685
1.239103952
0.9876034354
0.7294611916
2.648472106
2.539174283
0.2013391032
0.174964158
3.138225506
1.980382731
1.266775318
2.412954893
0.7337886063
4.217274457
0.5244324175
2.175137471
0.4032842703
3.088130732
1.339242459
2.563456039
3.345961328
1.858057769
2.400993969
3.316927579
2.833469773
1.972490502
0.5318149514
3.618291872
2.840258313
0.2309066509
0.5736921503
1.75032844
2.364292534
1.787283823
1.263782853
5.54137733
0.1531862379
0.8511054508
3.90359214
3.137968094
7.398453177
2.727078586
6.062097327
8.349972316
2.937396765
0.2890753166
3.727155068
3.328176102
3.091437984
3.823506221
3.377704212
0.5673109915
2.828534923
2.601296216
0.3610548169
1.854220323
0.7680412871
3.245841333
4.902920313
0.3970112406
5.611399144
2.779694424
1.739677242
1.545351471
2.356228203
2.808409217
0.3638360156
2.98504211
4.676522816
0.03294177253
0.6787139476
0.4071267945
0.6404636856
0.4203231498
4.154503331
1.972039127
2.883448178
1.999923945
6.17580363
0.3566111711
1.921475831
1.527879179
0.1540239831
4.112011632
3.874589336
5.111470099
0.7438736261
3.870125367
3.595980929
3.724474306
3.294804895
6.218559376
0.4651570533
0.2506016583
2.033496738
2.015916373
0.7761026022
0.4307845065
0.3027869604
0.4298983076
0.5047700428
1.153456805
0.3278085007
1.403716991
1.842498456
1.26301507
0.6648286985
1.781551185
2.015978138
0.7464724535
0.7987986612
0.8670864964
2.916750642
0.5345784147
0.7246141459
1.012074155
0.6609196787
2.666247457
0.6934368536
4.812307751
5.953378545
5.147786662
4.044811586
1.903755453
0.2338240287
5.137372582
1.694612571
3.478907622
1.696634471
2.039859275
1.448397375
1.655818118
2.421898437
0.4307823373
0.2659343822
0.7751273104
0.4538540948
3.076464355
0.870129061
0.5162886473
2.82133755
0.3703146203
4.014006598
0.2195108505
0.18238331
0.6773522203
1.764858254
0.8293686252
0.4814925921
4.837558591
2.860563539
5.533468338
7.421540768
0.1166840894
3.160301163
3.684632183
0.04345180768
3.81709984
1.80570498
1.927817472
5.889305702
3.868634602
2.435855739
0.1447478983
1.389229721
1.462140532
3.298601886
0.1639491782
3.316536281
3.429748051
0.551704677
0.759560511
2.494484408
0.4756200481
4.606023537
0.1583447525
0.3157763395
0.3299262629
4.60670759
0.5362203364
0.2751884986
1.877866481
0.6520157783
5.215727891
1.973921098
1.383751958
3.651787274
0.2790893877
2.779658161
2.133224909
4.127656957
0.2094852687
2.673174911
0.5516409821
0.5793450835
3.920799217
5.613943468
0.5624241461
1.680548144
1.025522676
0.4443939718
3.981696871
3.673792906
0.7652711991
4.692423373
0.486586488
0.5755011732
0.461457125
2.375238001
0.1836492041
3.112050597
3.191241554
1.638017936
0.5444532792
3.057121828
0.1338892215
2.642524485
0.44973061
0.1378432929
0.2994688862
0.2272187449
0.08946793208
0.1319100629
0.3517675262
0.4777717094
0.3694346672
8.659845759
8.46034092
2.444929567
0.6255650489
2.163285986
0.3900171857
0.473043852
3.678628662
3.015400016
0.2856006615
0.1621290836
2.182850442
0.09951545507
0.3612256804
0.3370936039
1.846789528
1.932577544
3.19300108
1.723080898
0.02634860272
1.347375423
3.504286274
0.4761714556
7.848421752
1.610830316
4.684413106
0.4923719028
0.07395967153
0.6810177043
2.162407864
0.5245397909
3.899955482e-05
0.1518128127
0.2754780141
0.1398424592
0.2080648676
0.0817825791
0.9875442725
0.4009730948
0.2537666854
0.1776750115
0.5413397034
4.838903031
1.345006723
0.7226985879
0.6167297971
1.085599955
0.9104973207
3.353644925
3.959099206
3.499096642
0.569504289
0.2207977456
0.488972029
0.2937057596
0.9515851415
0.6970207609
0.2507139357
0.9343395313
2.008449412
0.4628655275
0.5315435994
2.712703194
0.1588022211
3.998277633
0.2820307758
0.6208374539
0.6899540687
0.5016415266
0.8372713866
0.374254891
0.7585365751
0.5776493723
0.7559339207
0.4509659858
17.48148237
0.180191364
0.5073021949
2.775135956
2.546456476
1.411449335
0.4148502848
0.5199525601
0.0114038081
3.661191355
0.4440685949
0.315441153
0.1820514536
1.776801378
1.365334392
2.893510228
1.173743753
0.5956097805
0.6619279212
0.3957568018
0.3173975199
0.1224732965
0.6039227838
0.373710982
10.09311969
0.3073429467
0.2149315802
1.957969911
2.67398007
0.1867162113
0.5506666157
1.422806534
0.2375981324
0.5884935857
2.675304051
0.1647873295
0.6607748893
1.088447605
0.1198152295
2.613339474
1.641441078
0.4888361746
0.8697231289
1.068094272
1.386997099
0.3729138667
0.2935100627
0.5630603728
3.335395824
1.987188975
0.2851186631
0.6224019795
2.744852228
2.127707492
1.021083197
3.184543546
0.8110963512
1.446731346
2.935155785
0.9249761032
0.3301554277
1.01706039
0.4668396274
1.513978603
4.635116673
1.900180533
2.270935155
0.2194429761
0.3808820801
3.825208957
2.749650466
2.520834864
0.1595841411
2.154448548
0.9324490861
3.834304083
3.699132956
1.43754041
0.2171885596
4.702006106
3.554477512
0.2222824535
0.1945240138
0.2282261597
1.914564597
2.111155118
2.371188906
0.5617510785
0.4031069238
1.587644691
1.700813748
0.5071299421
3.103739463
1.919858566
0.4822376486
0.8466393306
0.8750855827
1.553353535
3.19107564
0.1384452555
4.343950876
0.289784232
0.3337184743
1.875173254
0.3352287593
0.8560246286
2.44076085
0.2462730866
0.1997175369
0.5787055682
0.6237232656
2.268014758
8.346165803
3.852802884
3.090630943
1.230515638
5.908612323
3.361547548
4.211873735
7.264038264
0.863070013
0.09582628345
2.891760019
1.495530205
0.3475276465
1.522640703
2.888661568
0.4536847412
1.815240341
0.06223510461
0.4351865232
0.3183966984
0.4198172329
0.4973614615
0.1910304072
1.702701091
0.06491425258
0.2060606801
0.2184154011
0.4369420578
0.1364224767
0.1725343727
0.2818336978
2.95767677e-09
0.1958178213
1.601086047
0.2014922457
0.5383446338
3.905422876
5.254853154
2.908820213
0.7328774183
1.764215085e-08
3.75298753
6.687724678
9.096145726
0.5909800316
2.438212533
2.913491247
0.09546693398
0.2294933414
3.165387189
5.290320446
7.495532818
3.000716659
0.08801788148
0.5670364671
1.865661067
0.08342951075
0.3705773241
2.515696923
2.084564039
0.2494361027
1.646433549
1.565218482
0.376826295
0.1318670104
1.890569378
1.316294494
1.166340425
3.146450821
1.051576719
0.2159994603
0.2092751336
0.3594302263
0.1724377528
0.4929485487
0.3768845849
0.31280228
0.1212990951
0.6183764906
0.4330557543
0.5241427992
1.190796427
4.983667685
4.650670664
0.3010702273
2.405031319
0.156280358
2.129229763
0.2406457365
2.402668844
0.8686107098
0.411832876
1.862678459
0.5261633188
1.811898569
1.636525593
0.6402243913
1.491933618
3.59002406
3.227208457
3.372043371
0.2156741435
1.594385565
1.973250637
2.265392343
0.2179239605
3.420681313
0.3161314324
0.5221131135
0.29994115
0.1751877191
0.449237987
2.058022272
0.2675026914
0.2598606156
0.4240128511
0.1586860164
0.1993730276
0.3614138101
0.2889865655
0.1843858309
1.411776984
1.573339215
0.1140083515
1.910898379
0.1815016736
0.04720125707
1.082050817
0.1980166817
0.1751087412
0.1599867063
1.729791107
0.2396821042
0.2764967358
0.4444039002
0.2177930159
0.4223618292
0.3820141406
0.2651804747
1.396287907
0.4172850195
0.1614956952
0.3814794299
0.6846210284
1.483935078
0.8758256002
0.1558398637
0.04098562382
0.1691597278
0.1549275764
0.1827658642
0.4153564639
0.5059483247
0.6233758044
0.5002658126
0.629783515
0.2493923753
0.424218047
0.5681638009
0.6285722352
0.2950877079
1.401059713
0.07048021562
0.2770368871
2.053231635
0.34188806
0.2845658468
1.76350209
0.8798265108
1.787054738
0.8601569613
1.506805049
0.4463565444
0.6381236335
0.325106947
0.5103018079
0.5147782591
0.4144805138
3.199848477
0.7535723636
1.738196866
2.348762544
0.1052292594
0.4462379494
0.4629461126
3.179498554
0.4111968287
2.793952846
2.085529378
4.265592996
4.190620491
1.413155933
3.141713941
4.228454712
1.823536073
3.189679883
3.466465452
0.475013982
1.587455516
1.539884443
1.503122491
3.087646721
2.197203598
0.5997415464
0.5473473575
0.4943061495
0.6250147726
1.432682675
0.4168578123
0.7894890489
0.4941850443
0.3070853869
0.3131094011
1.67697568
0.2292776111
0.4816178015
0.1441125652
1.685875093
0.2739993787
0.5469542177
0.3160141628
0.1454424513
2.767626692
0.1129915298
0.7597136437
0.4010602601
5.224944744e-07
0.3553046496
2.075598261
0.1670221576
0.3250550312
1.183438313
0.2312209491
0.4526628729
0.5044703663
1.70985734
0.1553295369
0.5828255099
2.551713473
0.4001180303
0.4129616522
0.08902762631
0.3133097357
0.6233697566
0.3033776955
0.4053267814
0.2217466833
2.13593516
0.7238586963
0.1077924172
0.9522742106
0.1455959689
0.2448873582
0.0906478408
0.2547883187
0.3020719763
0.4451035449
2.368501415
0.1972944249
0
0.3459702829
0.2509555684
4.152336377
1.275116813
6.053142826
1.951145489
0.3222139929
1.816090098
5.600454828
3.053090017
1.405217085
4.301376668
0.1090665779
3.767934217
1.461912051
3.486662332
0.3803395058
0.2445979739
0.2464445004
2.018465672
0.2853777954
0.2222285159
3.204234726
0.1248967855
0.2736921156
0.1156021341
0.09864475038
0.4680516575
3.531127329
0
0.2124256552
1.948814527
2.913902173
0.9374477837
2.30499252
0.5061413953
0.06403238045
2.339694184
0.1736399427
0.09461186086
0.08769952405
0.4648980865
2.035105227
0.193373386
0.1055118593
0.4259481838
1.797983703
0.4432486625
1.738786893
2.486844331
0.2164323161
0.1318811996
1.588100957
0.8222834291
1.923778505
1.378047356
1.711460756
1.998734535
1.30405276
0.3150938524
0.6989211836
0.5416704695
0.3556210085
0.1328458179
0.1601358549
0.3375269985
0.2218583491
0.4266713883
0.166365623
1.686647494
1.249207787
1.689612451
1.829543138
4.709412593
0.1473594332
0.3321948193
0.2805442758
0.2019228812
0.1556406523
0.635682873
0.3558302189
0.6104774567
0.2869121113
0.3252049828
0.5892591683
0.5419671782
0.5099837997
0.7015332809
0.3101014177
0.4922473499
0.1966961735
0.2763770161
0.560731749
0.5171859654
0.3166123396
2.629396651
4.206105519
0.1113093058
0.2993886909
0.4800455763
0.2741385682
0.1554199405
0.3833184186
0.3508532364
3.174461829
0.4990760128
2.834408602
2.689670691
0
0.6782846629
0.1120905491
8.546869503e-05
0.2204591764
0.201802838
0.2109310218
0.2968034427
0.4186498119
0.07456751347
0.1656954409
0.2249579585
0.4340835036
0.2237772763
0.3681780252
0.1406560609
1.368418512
0.4231137614
1.503840542
0.145165966
1.211151383
0.1205810466
0.3241203999
0.07318001922
0.3335537791
0.2350607506
0.1489873421
0.44586902
0.2116147062
0.1042097608
0.1833849751
1.403930486
0.1754921687
0.2075824557
0.1550010606
0.04080646452
0.08988531823
0.5016964096
1.577528167
0.1461223632
0.1437221927
1.206406675
0.1239810812
0.3127580042
0.4072723562
1.105052259
0.05895037737
0.4983137969
0.3422272118
1.887773529
3.974186707
1.823827095
2.683502493
0.2109496586
0.3074551835
3.504837418
2.697387177
13.09519555
9.085771313
3.485906474
0.5539594215
0.3141932863
0.5312687092
0.3509031659
0.4173295057
2.0860491
0.6658017451
0.6263641357
0.09496670937
0.5276373173
0.210289223
1.50044374
2.041700481
3.167164835
2.184798072
2.576246654
2.883013215
1.928950505
2.116071442
0.3023569882
0.2044370085
0.1672530173
2.116851434
0.3511528028
0.2415367014
5.886136721
0.3957521208
7.181347593
2.143647018
6.835933751
4.511388123
9.481527953
5.750890301
2.366185357
0.1000997757
4.664005256
0.2800587259
2.077707079
0.3702907657
0.002289620145
4.766515346
3.578528624
0.2033949608
0.307903219
1.844259506
4.314036729
11.11018774
0.2952430262
0.3222426189
3.045249539
4.106484596
3.16865507
3.416146557
1.99583768
2.44082538
0.5249043032
0.3325462064
0.3156168343
0.1302096166
2.247485464
0.6277090819
0.3052736477
1.974302147
0.03728516208
0.1724692239
0.004262549934
7.153534904
1.841347356
0.1787291591
0.3721030867
0.4130623769
1.57880338
1.940489337
1.778477937
0.1149179206
3.810255908
0.3926403257
0.03562852235
2.717293668
1.761964107
2.668439786
0.114629808
0.01127488766
0.04914609467
0.1716862476
1.116390092
0.1269541811
0.3691520182
2.805621612
1.739853555
0.1640881996
0.3069025663
0.2022765809
2.627168441
0.5163546198
0.369707755
2.484415642
0.7381909575
0.4726805539
2.089765162
0.4574910817
2.093853107
0.5602986878
1.714947159
0.5356506765
2.942249479
0.4912445743
1.747924207
3.114036569
0.3585752791
1.702898538
3.023548936
3.539642994
1.629567949
1.833411568
3.111862744
0.2535938141
0.1817897399
0.2786324423
0.207612993
0.1907590351
0.5708470048
0.2288946205
0.2373408144
2.210029167
0.8077843241
1.438515747
0.4787621349
0.2830800682
0.2483284805
1.201944873
0.07823928604
0.2581351537
0.3579432972
0.3854949395
0.4211027526
0.3847411198
1.596345499
4.159078884
0
1.386453593
0.0005431
0.2460146331
0.1316819928
0.5495607071
1.735025652
0
0
0.1773441052
0.01304650619
0.2422891569
0.01567258141
0.2268619698
3.941943845
4.930714162
1.714189327
0
0.1988773344
0
0.07639858889
0.02776081766
0.223100792
0.5308740848
0.1510119145
0.1289016539
0.003090228505
0.01195404598
1.538687313
1.311644554
0.006719085454
3.700388982
8.117746454
5.595422636
12.1292396
2.77860148
0
2.860421683
0
0.1009678151
0.002715402394
0
4.485115705
8.124146984
0.1245553691
1.591216808
0.0002121587455
0
0.1051082742
0.1050337527
12.05774782
1.341416009e-07
1.427179772
1.719587327
0.03147417951
0.03487455478
0
0.04929006782
0
0
1.705763651
0
0
0.02213709852
0.1666661485
0
0.009625144075
1.680443504
2.242923693
0.0002553431295
0
0.1510195383
0.9218318753
2.492089317
0.157457195
1.95276198
0.08324477315
0.02360240577
0.09840755099
2.131975732
3.01970842
0.05873753378
0.2085521485
0.02723136976
0
2.197280252
0.02940185566
0.03282119697
0.03895919542
4.305181465
6.154271517
0.1087328592
2.594083566
2.061880661
0.1422153057
0.2701720018
2.730622656
2.110405977
2.587059912
0
0.912769096
4.613490969
1.397033464
1.702755981e-08
0
0.03641911763
1.559033755
3.920895754
0.1967135227
14.09941992
6.587594248
2.734369097
1.322907185
2.177222611
0
5.81866188
1.423310381
0.1498091253
1.835029849
0.1755247413
2.652824647
2.848e-05
1.573624293
2.940160111
1.543144045
1.999018771
1.49645164
0.1004259477
1.614169219
3.764218582
2.328774796
0.1987932234
0.03908866478
0.1859290696
2.315570809
0.01051312417
0.02512579497
1.950062944
0.1004474083
0.798704854
0.2845657894
1.868618541
0.1160240905
0.1556614912
3.174690773
1.629513843
2.587666244
2.685702936
2.797071532
0.2047304513
0.2712901119
0
0.876949639
0.2700352587
0.5154991679
1.615752082
0.1686816002
0
0.1383467221
0
0.08970183647
0.1928785342
1.651756065e-09
0.1377312008
0.08151335514
0.03091259717
0.1978393092
2.96627789
0.1113556417
2.804201504
0.1112987044
3.575547569
0.1918529349
0
0.2644468123
0.01236585059
0
0
0.09507152873
0
0.2521729148
0.07528089381
0
0.08498810068
0.01113979998
0.2330676169
0.1974443315
0.1486011527
2.900456081
2.239602849
0.005331989127
0.06696406814
0
0.001532535649
0.1911758652
0.02398102995
0.03923888142
0.1351773888
2.828744358
0.7815127913
0.3712022751
1.092111802e-06
0
0
6.334478206
9.781782058
0
1.471227203
1.972729372
0
0.09780844147
0.1389486693
0.1699002558
4.956597081e-06
0.2113676326
1.285969404
0.1324191729
4.21e-05
0.1605892878
0.2759113084
1.893728534
0.3052372681
1.776966889
0.0289462207
3.812240317
1.298756336
3.206841742
2.833342658
4.715073046
1.547557224
2.799767954
3.512493793
0.3422225225
0.3341486529
0.01310866626
0.3154948758
0.2618993358
0.2092484428
0
0.08593130645
1.136060554
0.2708729189
0.200653137
0.1717297527
0
0.08206502048
0.2695241474
0.08241753405
0.05421464384
0.1230010942
0.2186870106
0.2006279751
0.1686314008
0
2.539147006
0.4776916496
0.05793757094
0
0.02224006031
0.2754695885
0.2520500109
0.05919502241
0.1208537866
2.680594764
0.2334296449
0.08753703351
2.326693915
0
0.08084240647
0.08282895752
0.07513389095
0.07201292737
0.0618382278
2.332488684
1.898317426
0.05287927905
0.1443523745
0
1.744190274
1.474485198
1.388752672
0.2678744116
1.314967359
2.718080223
1.703890396
2.74386073
2.128801277
0.04650650145
0.2061879961
0.2096385757
0.03049532228
0.06806779496
0.2475894182
0.3869981195
0.07444258635
0.6251859779
0.1441522642
0.01057573916
0.01826325698
0.3922087594
0.1389197896
0.2949915255
3.140911076
0.887804107
0.0550158197
0.121776898
0.07361587939
0.06462890524
0.04049107329
0.1012884395
0.07403317886
0
0.2047481423
1.366456702
0.5140261857
0.06828844998
0.03236617511
0.2244188701
0.1230244808
0.2304068743
0.0675554153
0
0.06895026193
0.05142014022
0.06321737648
0.1708225939
1.851999825
0.05354557036
0.04357251687
0.2222437551
0.2560843071
0
0.3137217877
0.3681720619
0.2753566883
0.3673053964
0
0.3215781756
0.01836060395
0.01059007106
0.09521010775
0.09631965953
0.3474028086
0.144951458
0.04380259392
0.1707930027
0.1794338487
0.05992264091
0.1835895242
0.06002624847
0.1772912774
0.1079237881
0
0.07593821269
0
0.09678537399
3.389267879
0.01626440861
0.1122390588
0.2643886296
0.1419225741
0.135662196
0.2024835787
2.848098832
2.585929511
0.1152462197
0.401938145
0.1799307429
0.02647380976
0.1535432276
0.07467736439
0.02399502127
0.01704867335
1.070330565
0.1907847112
0.1565736627
0.2841048003
0.2328509026
0.206831938
0.1515499358
0.221422194
0
0.2896906465
0.478386692
0.09850570946
0.2166048823
0.3313792969
0.183375138
0.08433110565
0.1196577017
2.389639121e-06
0.1821454374
0.3603676784
0.3738973508
0.0004833397978
0.08859457072
0.1351919444
0.4045232024
0
0.2550124919
0.03274324427
0.6737247023
0.3439385674
0.06303642104
0.4180512211
0.4211622789
2.166257967
0.09543895789
0.2349118443
0.1889155257
3.400183942
1.402950974
0
2.492218009
0.6488433549
0.4492596474
0.0642025777
0.1046208368
0.2496883208
0.09166873303
0.2254664378
1.118618687
0.09616172445
0.229744199
0.1387307152
0.06257877079
0.1849568853
0.2733371275
0.1805734788
1.717970798
0.3529929023
0.1131482249
