#################################### 
# Matrix Size= (25,25,400)
# Resol      = (1,1,4000)
# VoxelSize  = (25,25,0.1)
# nbVal      = 4000
#################################### 
2.144507417e-05
2.214677643e-05
2.27278758e-05
2.291046939e-05
2.272848012e-05
2.2738708e-05
2.295467176e-05
2.267208514e-05
2.272041933e-05
2.314748588e-05
2.291650802e-05
2.277146951e-05
2.274901416e-05
2.313033699e-05
2.293686495e-05
2.310203358e-05
2.290235629e-05
2.307768418e-05
2.299713119e-05
2.281106122e-05
2.33566021e-05
2.320110827e-05
2.289155199e-05
2.320933404e-05
2.309586904e-05
2.312368404e-05
2.338574733e-05
2.300603146e-05
2.289585434e-05
2.303978537e-05
2.330049472e-05
2.304527802e-05
2.346211959e-05
2.33442754e-05
2.338105554e-05
2.316814396e-05
2.326145501e-05
2.303941363e-05
2.315359569e-05
2.346081694e-05
2.338853739e-05
2.341867431e-05
2.320910826e-05
2.322019875e-05
2.383933549e-05
2.344118557e-05
2.286746011e-05
2.354990906e-05
2.338053482e-05
2.342707988e-05
2.369355668e-05
2.372839378e-05
2.341994883e-05
2.347963648e-05
2.377564237e-05
2.370232901e-05
2.355292723e-05
2.354848074e-05
2.38320076e-05
2.38741748e-05
2.415916872e-05
2.354735518e-05
2.366049192e-05
2.401463893e-05
2.405471e-05
2.373058799e-05
2.347844988e-05
2.371051141e-05
2.388226849e-05
2.36288628e-05
2.366673261e-05
2.395685166e-05
2.332171637e-05
2.355220535e-05
2.38712618e-05
2.389165749e-05
2.39921631e-05
2.400991443e-05
2.361097118e-05
2.40732126e-05
2.384730874e-05
2.363130401e-05
2.389184354e-05
2.367750971e-05
2.376558668e-05
2.387206696e-05
2.370775485e-05
2.408350709e-05
2.366112178e-05
2.383466381e-05
2.390162686e-05
2.412293436e-05
2.390488035e-05
2.42539106e-05
2.420470827e-05
2.379911146e-05
2.44670074e-05
2.408734178e-05
2.386893061e-05
2.440305664e-05
2.407536337e-05
2.393532541e-05
2.408970083e-05
2.42866757e-05
2.400668868e-05
2.426546276e-05
2.44018508e-05
2.417945043e-05
2.432264547e-05
2.412502257e-05
2.410194135e-05
2.425029294e-05
2.39690346e-05
2.443491399e-05
2.418525825e-05
2.403189342e-05
2.406800706e-05
2.440392825e-05
2.390265383e-05
2.468261017e-05
2.424388456e-05
2.414066333e-05
2.442369992e-05
2.436616971e-05
2.477811795e-05
2.443723186e-05
2.425266764e-05
2.449713714e-05
2.499809617e-05
2.462796501e-05
2.436056908e-05
2.432951723e-05
2.419212975e-05
2.44844327e-05
2.467336773e-05
2.455070843e-05
2.447866174e-05
2.457736068e-05
2.478880105e-05
2.435509979e-05
2.416875557e-05
2.472294165e-05
2.449970343e-05
2.439799221e-05
2.486461953e-05
2.474894919e-05
2.515621099e-05
2.460469841e-05
2.442732915e-05
2.460237621e-05
2.449035852e-05
2.454143045e-05
2.48339836e-05
2.475540174e-05
2.426506082e-05
2.447372077e-05
2.465551202e-05
2.501108582e-05
2.496663226e-05
2.462514063e-05
2.468534727e-05
2.473840618e-05
2.517586119e-05
2.445254497e-05
2.453493749e-05
2.499565393e-05
2.460830397e-05
2.495668481e-05
2.50133888e-05
2.511618545e-05
2.496279523e-05
2.490254075e-05
2.497050912e-05
2.487316524e-05
2.478739057e-05
2.532026185e-05
2.473293731e-05
2.512323493e-05
2.506073878e-05
2.537275764e-05
2.474774385e-05
2.492941087e-05
2.501150056e-05
2.503976871e-05
2.490912532e-05
2.527846062e-05
2.510426788e-05
2.51450405e-05
2.554608919e-05
2.503089847e-05
2.504344249e-05
2.540198651e-05
2.540881479e-05
2.468465528e-05
2.479095983e-05
2.519497822e-05
2.50665148e-05
2.477151617e-05
2.520837152e-05
2.532848571e-05
2.499575157e-05
2.522490293e-05
2.504886677e-05
2.501839696e-05
2.528472607e-05
2.526450052e-05
2.479899473e-05
2.520129586e-05
2.521094834e-05
2.543868287e-05
2.525354121e-05
2.557310862e-05
2.566517463e-05
2.516220589e-05
2.512018213e-05
2.560744815e-05
2.579695006e-05
2.518615208e-05
2.543602798e-05
2.537262159e-05
2.527193894e-05
2.53372459e-05
2.52721168e-05
2.551517622e-05
2.515638113e-05
2.546101188e-05
2.548634835e-05
2.547525461e-05
2.559976902e-05
2.580575992e-05
2.534208248e-05
2.57117767e-05
2.53709556e-05
2.544223902e-05
2.531226787e-05
2.568514613e-05
2.581248993e-05
2.559723069e-05
2.576970349e-05
2.560435672e-05
2.538352333e-05
2.571512274e-05
2.564542658e-05
2.537216106e-05
2.601716746e-05
2.60676316e-05
2.572047277e-05
2.57970333e-05
2.598793665e-05
2.562220994e-05
2.557023146e-05
2.566562913e-05
2.575156887e-05
2.587934641e-05
2.588440141e-05
2.567450634e-05
2.577125276e-05
2.55268587e-05
2.553624185e-05
2.617180375e-05
2.610990082e-05
2.548361443e-05
2.630920107e-05
2.60849317e-05
2.620257679e-05
2.584478444e-05
2.625024669e-05
2.617163492e-05
2.600766716e-05
2.602071375e-05
2.603281088e-05
2.648610032e-05
2.628146936e-05
2.546572851e-05
2.596327394e-05
2.604649046e-05
2.609831194e-05
2.60329623e-05
2.615408597e-05
2.608325512e-05
2.605977528e-05
2.628618664e-05
2.626028823e-05
2.562699199e-05
2.651672112e-05
2.641880983e-05
2.611971919e-05
2.635284992e-05
2.606864977e-05
2.597413615e-05
2.626595136e-05
2.630275503e-05
2.621992793e-05
2.640651822e-05
2.633172543e-05
2.650342257e-05
2.62027538e-05
2.645705737e-05
2.653535224e-05
2.652503501e-05
2.658170114e-05
2.615409866e-05
2.657691579e-05
2.661613324e-05
2.642951081e-05
2.631803533e-05
2.626595826e-05
2.626844736e-05
2.627584671e-05
2.633077449e-05
2.664612854e-05
2.661348783e-05
2.61921873e-05
2.637176617e-05
2.683580526e-05
2.685959931e-05
2.656559835e-05
2.695429868e-05
2.652435137e-05
2.666418594e-05
2.663072828e-05
2.662496779e-05
2.669491719e-05
2.689797641e-05
2.677998277e-05
2.697088694e-05
2.682465864e-05
2.644143592e-05
2.685467556e-05
2.686072343e-05
2.653504138e-05
2.716810363e-05
2.63864879e-05
2.707256036e-05
2.681628404e-05
2.704697438e-05
2.685484392e-05
2.662289412e-05
2.677274685e-05
2.695431724e-05
2.693666216e-05
2.666092642e-05
2.717315456e-05
2.681701624e-05
2.718590393e-05
2.647414533e-05
2.653033174e-05
2.699329008e-05
2.716673966e-05
2.67293426e-05
2.698771271e-05
2.72116581e-05
2.675873539e-05
2.713220484e-05
2.686818003e-05
2.727588261e-05
2.741883874e-05
2.737120543e-05
2.752136837e-05
2.729367967e-05
2.677291246e-05
2.708323587e-05
2.686824604e-05
2.702023394e-05
2.743418694e-05
2.740010928e-05
2.735300583e-05
2.721882899e-05
2.718449048e-05
2.715393188e-05
2.728225844e-05
2.761645792e-05
2.740372123e-05
2.714259352e-05
2.718066215e-05
2.752533467e-05
2.760694373e-05
2.726838768e-05
2.749097628e-05
2.734055218e-05
2.718600715e-05
2.794584122e-05
2.745714564e-05
2.794725123e-05
2.762319306e-05
2.776071229e-05
2.752774062e-05
2.770992664e-05
2.751054797e-05
2.750688023e-05
2.764075949e-05
2.791632935e-05
2.747768034e-05
2.743136804e-05
2.739363984e-05
2.808487504e-05
2.81663061e-05
2.771376364e-05
2.767246599e-05
2.782979549e-05
2.808488302e-05
2.770241238e-05
2.785456395e-05
2.762072298e-05
2.738198534e-05
2.798270298e-05
2.776243968e-05
2.802996547e-05
2.805067489e-05
2.782674326e-05
2.782901973e-05
2.781767603e-05
2.841814596e-05
2.790307778e-05
2.763652933e-05
2.778333485e-05
2.856250263e-05
2.825430788e-05
2.742937866e-05
2.809256207e-05
2.787585471e-05
2.790049073e-05
2.794094235e-05
2.808578784e-05
2.847278838e-05
2.83652156e-05
2.763313911e-05
2.834400694e-05
2.804666704e-05
2.829924742e-05
2.783682234e-05
2.80700337e-05
2.849219082e-05
2.84876419e-05
2.83739908e-05
2.822929073e-05
2.862603541e-05
2.870176687e-05
2.811078968e-05
2.842595319e-05
2.838098922e-05
2.805520114e-05
2.836917166e-05
2.838522769e-05
2.865961994e-05
2.826597384e-05
2.832925439e-05
2.823174979e-05
2.858470514e-05
2.868684949e-05
2.858951644e-05
2.848694109e-05
2.867363811e-05
2.889892614e-05
2.81108214e-05
2.875181703e-05
2.870073618e-05
2.907350147e-05
2.900230426e-05
2.87373968e-05
2.867125782e-05
2.897632865e-05
2.905723968e-05
2.879503566e-05
2.896232346e-05
2.926197526e-05
2.902706369e-05
2.912582247e-05
2.912346427e-05
2.913009381e-05
2.849714044e-05
2.927321255e-05
2.871828754e-05
2.91768612e-05
2.88297951e-05
2.923835614e-05
2.930025745e-05
2.905550497e-05
2.89243136e-05
2.89245369e-05
2.930281025e-05
2.850315199e-05
2.937140384e-05
2.960120222e-05
2.940474578e-05
2.880877778e-05
2.925644715e-05
2.914464154e-05
2.901904529e-05
2.903940211e-05
2.909479785e-05
2.937264203e-05
2.967445556e-05
2.870349671e-05
2.919492738e-05
2.984069949e-05
2.918976965e-05
2.994455536e-05
2.93639412e-05
2.937569084e-05
2.964914012e-05
2.938553795e-05
2.929372093e-05
2.940139973e-05
2.906092417e-05
2.992017165e-05
2.969001177e-05
2.975102431e-05
2.967759337e-05
2.951613116e-05
2.963110526e-05
2.928161405e-05
3.017741399e-05
2.981875691e-05
2.936677852e-05
2.920848753e-05
2.949948277e-05
2.950682117e-05
2.969766397e-05
3.008911769e-05
2.998505661e-05
2.975304309e-05
2.980974839e-05
2.970192832e-05
2.983823249e-05
2.991558071e-05
2.980895251e-05
2.968466169e-05
2.97480461e-05
3.034588694e-05
3.006419741e-05
3.044165246e-05
3.023341357e-05
3.013608526e-05
2.993022668e-05
3.041560934e-05
2.976990164e-05
2.954789832e-05
3.009107351e-05
3.026708395e-05
3.013494037e-05
3.017645672e-05
3.069047356e-05
3.001790444e-05
3.040090825e-05
3.056300281e-05
3.033427147e-05
3.058204118e-05
3.039119494e-05
3.050578513e-05
3.046422034e-05
3.055429118e-05
3.066800867e-05
3.038312457e-05
3.020806367e-05
3.117180312e-05
3.05375382e-05
3.100685656e-05
3.003182169e-05
3.048323672e-05
3.020206562e-05
3.106712386e-05
3.099971921e-05
3.025402132e-05
3.069152836e-05
3.080488441e-05
3.063927901e-05
3.103656999e-05
3.069774508e-05
3.11075342e-05
3.072342725e-05
3.067341124e-05
3.079359642e-05
3.064583844e-05
3.081991205e-05
3.119348122e-05
3.132877273e-05
3.102423739e-05
3.052319365e-05
3.076900431e-05
3.098508291e-05
3.095867239e-05
3.08555881e-05
3.094493566e-05
3.085606866e-05
3.134949772e-05
3.103782681e-05
3.135355268e-05
3.123560946e-05
3.1053962e-05
3.160355635e-05
3.100810057e-05
3.145370025e-05
3.175975625e-05
3.199487648e-05
3.119923614e-05
3.088593721e-05
3.128062506e-05
3.146057872e-05
3.122503624e-05
3.161448968e-05
3.131110178e-05
3.157743121e-05
3.203252618e-05
3.21253715e-05
3.187706066e-05
3.176123148e-05
3.196690628e-05
3.143056848e-05
3.224427505e-05
3.227740981e-05
3.17748057e-05
3.173326295e-05
3.180672721e-05
3.139478633e-05
3.204142775e-05
3.158675498e-05
3.188080463e-05
3.18061355e-05
3.215393534e-05
3.208803058e-05
3.193349474e-05
3.147683661e-05
3.20488318e-05
3.229236203e-05
3.239447724e-05
3.250478787e-05
3.191199226e-05
3.181089731e-05
3.217822553e-05
3.189586454e-05
3.230708649e-05
3.230032058e-05
3.257357683e-05
3.248224686e-05
3.244562249e-05
3.227237095e-05
3.25680999e-05
3.248601062e-05
3.262773593e-05
3.238533195e-05
3.264289007e-05
3.281247874e-05
3.241432539e-05
3.245022643e-05
3.30072225e-05
3.272454799e-05
3.287577783e-05
3.280307297e-05
3.293283679e-05
3.246798808e-05
3.183067384e-05
3.363376496e-05
3.309952148e-05
3.35938727e-05
3.310137561e-05
3.295595549e-05
3.298566445e-05
3.273569817e-05
3.262487565e-05
3.298010555e-05
3.322274526e-05
3.346801532e-05
3.323452571e-05
3.32372511e-05
3.357832384e-05
3.346096679e-05
3.327957832e-05
3.357555536e-05
3.335779311e-05
3.306921784e-05
3.375612451e-05
3.353979045e-05
3.307288599e-05
3.339725421e-05
3.384716055e-05
3.385048413e-05
3.362115479e-05
3.400847761e-05
3.404914043e-05
3.38363411e-05
3.395913097e-05
3.413886573e-05
3.377215203e-05
3.41855811e-05
3.38351848e-05
3.458760667e-05
3.411620923e-05
3.431254132e-05
3.441771282e-05
3.403407013e-05
3.423693572e-05
3.478341145e-05
3.405020165e-05
3.412465496e-05
3.409210496e-05
3.37579213e-05
3.489021398e-05
3.393492335e-05
3.463498417e-05
3.473308766e-05
3.471814193e-05
3.438740993e-05
3.465031356e-05
3.47903727e-05
3.512636829e-05
3.461895193e-05
3.496975518e-05
3.44731419e-05
3.478557827e-05
3.488431757e-05
3.496147071e-05
3.465416224e-05
3.481105102e-05
3.497669336e-05
3.526751629e-05
3.508651592e-05
3.524750892e-05
3.486802619e-05
3.473001688e-05
3.54953521e-05
3.555819129e-05
3.529214346e-05
3.516341155e-05
3.52268851e-05
3.524982681e-05
3.543959884e-05
3.524086837e-05
3.544726696e-05
3.59065433e-05
3.5429782e-05
3.503443362e-05
3.544099574e-05
3.605448559e-05
3.584275708e-05
3.570831842e-05
3.570744178e-05
3.611423145e-05
3.610598703e-05
3.607305881e-05
3.6164892e-05
3.617288356e-05
3.658153026e-05
3.603323094e-05
3.632808739e-05
3.586166015e-05
3.633281926e-05
3.591459541e-05
3.583554225e-05
3.636490696e-05
3.621783233e-05
3.660825446e-05
3.678964756e-05
3.712014344e-05
3.710390565e-05
3.665114445e-05
3.680370855e-05
3.613037495e-05
3.716587155e-05
3.72293903e-05
3.689145834e-05
3.691774616e-05
3.735169637e-05
3.691355607e-05
3.715810885e-05
3.70661216e-05
3.75409371e-05
3.724646539e-05
3.756342515e-05
3.784258696e-05
3.787692581e-05
3.729532946e-05
3.712886567e-05
3.790254952e-05
3.809658351e-05
3.794767267e-05
3.804269846e-05
3.745884736e-05
3.825935463e-05
3.790457942e-05
3.790924465e-05
3.81621616e-05
3.815340244e-05
3.808579529e-05
3.815886338e-05
3.859419901e-05
3.919942355e-05
3.900256423e-05
3.870095758e-05
3.843609083e-05
3.85627334e-05
3.866217744e-05
3.770492229e-05
3.879921721e-05
3.885652779e-05
3.90587307e-05
3.84137189e-05
3.970949104e-05
3.901034867e-05
3.941823539e-05
3.894652096e-05
3.953717077e-05
3.897254213e-05
4.008646492e-05
3.92997744e-05
3.963358001e-05
3.962319219e-05
3.982429573e-05
3.971658081e-05
3.963157059e-05
3.990765441e-05
3.92331626e-05
3.999764344e-05
3.950725294e-05
4.029918992e-05
3.99481723e-05
4.027421301e-05
4.048377257e-05
4.107138747e-05
4.061801502e-05
4.116224993e-05
4.053490417e-05
4.055846075e-05
4.117308704e-05
4.005036646e-05
4.112179867e-05
4.093373912e-05
4.108032834e-05
4.160360895e-05
4.094619331e-05
4.149651039e-05
4.155647925e-05
4.111989895e-05
4.181201117e-05
4.137430039e-05
4.134822984e-05
4.183421552e-05
4.22780613e-05
4.185995931e-05
4.2181495e-05
4.175626958e-05
4.188012777e-05
4.190147508e-05
4.240689423e-05
4.22705123e-05
4.241605953e-05
4.332744358e-05
4.285364228e-05
4.267684873e-05
4.23308975e-05
4.29591271e-05
4.342676209e-05
4.301379369e-05
4.297964214e-05
4.359752789e-05
4.351037019e-05
4.35256359e-05
4.372876518e-05
4.398295202e-05
4.399285184e-05
4.419067588e-05
4.426326862e-05
4.461833062e-05
4.434574447e-05
4.48359344e-05
4.413335199e-05
4.483720148e-05
4.462686308e-05
4.453423105e-05
4.556397462e-05
4.555497209e-05
4.467696602e-05
4.492701172e-05
4.556171888e-05
4.502344055e-05
4.599944039e-05
4.5662908e-05
4.666105074e-05
4.644769714e-05
4.605484575e-05
4.584964796e-05
4.666457859e-05
4.597869509e-05
4.607098522e-05
4.664727757e-05
4.636421254e-05
4.640102947e-05
4.64832999e-05
4.735199835e-05
4.761222367e-05
4.726232127e-05
4.746172395e-05
4.760198746e-05
4.775406276e-05
4.806634835e-05
4.789266892e-05
4.765222634e-05
4.847262252e-05
4.89446183e-05
4.876230283e-05
4.8514586e-05
4.965327532e-05
4.901175515e-05
4.876495304e-05
5.022954081e-05
4.97593878e-05
4.985157215e-05
4.95712293e-05
5.066297775e-05
5.01350761e-05
5.066464294e-05
5.025119442e-05
5.065758727e-05
5.092495706e-05
5.057266271e-05
5.085571796e-05
5.074878407e-05
5.0928094e-05
5.16632696e-05
5.281871689e-05
5.235345575e-05
5.23090855e-05
5.238438241e-05
5.343519281e-05
5.218862714e-05
5.373007683e-05
5.293344953e-05
5.243682795e-05
5.372636351e-05
5.443753223e-05
5.434101799e-05
5.373474774e-05
5.487285963e-05
5.421333008e-05
5.577036222e-05
5.572493282e-05
5.481045158e-05
5.57135737e-05
5.577588358e-05
5.671928247e-05
5.62098356e-05
5.673283627e-05
5.710410522e-05
5.767866037e-05
5.683158378e-05
5.807466808e-05
5.818472535e-05
5.859113949e-05
5.918086845e-05
5.86500841e-05
5.907462541e-05
6.013222183e-05
6.028646895e-05
6.100543445e-05
6.108883224e-05
6.185089618e-05
6.220511594e-05
6.1527801e-05
6.201815824e-05
6.237031846e-05
6.226767139e-05
6.273400226e-05
6.496783224e-05
6.474960089e-05
6.370787755e-05
6.531192525e-05
6.597116597e-05
6.562347027e-05
6.712338857e-05
6.766658124e-05
6.840205133e-05
6.70754055e-05
6.869391626e-05
6.913502176e-05
6.917881285e-05
7.026593345e-05
7.074158531e-05
7.237469772e-05
7.112922856e-05
7.174405399e-05
7.295212789e-05
7.348090368e-05
7.543129174e-05
7.482221875e-05
7.51167735e-05
7.608895586e-05
7.748137968e-05
7.777949703e-05
7.844600659e-05
7.930475797e-05
8.132689948e-05
8.05010648e-05
8.226084354e-05
8.344323587e-05
8.394703134e-05
8.438564439e-05
8.660276917e-05
8.677923723e-05
8.744493705e-05
8.839015976e-05
8.926372983e-05
9.078095274e-05
9.164608268e-05
9.274123988e-05
9.236719292e-05
9.352509638e-05
9.599449904e-05
9.494981966e-05
9.579264079e-05
9.714306954e-05
9.986054572e-05
9.88933731e-05
9.851134395e-05
0.0001000836223
9.873498215e-05
0.0001011284075
0.0001004532139
0.0001013220894
0.0001012661016
0.0001014400438
0.0001012971404
0.000100078125
9.941967924e-05
0.0001000061429
9.89880312e-05
9.788775188e-05
9.632897804e-05
9.512951584e-05
9.451341507e-05
9.167461105e-05
9.191269269e-05
8.958690419e-05
8.732937651e-05
8.56537134e-05
8.318600799e-05
8.062242381e-05
7.843812164e-05
7.647536543e-05
7.361133603e-05
7.067635739e-05
6.853130422e-05
6.615901554e-05
6.292804039e-05
6.003700565e-05
5.744606242e-05
5.441614054e-05
5.213096219e-05
4.858339643e-05
4.620211086e-05
4.358182911e-05
4.114179733e-05
3.852456866e-05
3.613646963e-05
3.282954277e-05
3.116096703e-05
2.881728745e-05
2.720164681e-05
2.497925531e-05
2.212205397e-05
2.069903592e-05
1.897054716e-05
1.741493774e-05
1.606748805e-05
1.412563851e-05
1.292588783e-05
1.195901235e-05
1.03108334e-05
9.263530282e-06
8.469027721e-06
7.529909988e-06
6.746222292e-06
6.069936558e-06
5.518070073e-06
4.856280029e-06
4.236240854e-06
3.904210676e-06
3.206257045e-06
2.785913921e-06
2.333227673e-06
2.089186098e-06
1.875614753e-06
1.588010347e-06
1.246538165e-06
1.137551145e-06
1.031342488e-06
8.07583852e-07
7.099302876e-07
6.622660018e-07
5.748943614e-07
4.530866069e-07
3.968515939e-07
3.673773398e-07
3.015277386e-07
1.909088233e-07
2.025975403e-07
2.317293431e-07
2.307233452e-07
1.389695454e-07
1.397372507e-07
1.47685948e-07
1.548042739e-07
1.418112632e-07
9.515088266e-08
1.311305665e-07
1.007019254e-07
1.022880093e-07
4.939711436e-08
8.8345596e-08
1.089245139e-07
1.0307121e-07
5.648385635e-08
8.916482758e-08
4.879854638e-08
6.887476903e-08
7.385751135e-08
9.624037085e-08
6.937259977e-08
9.647384578e-08
8.109722235e-08
7.0746616e-08
5.748878034e-08
5.279615305e-08
5.776566235e-08
4.939493343e-08
4.949340471e-08
5.345394624e-08
6.460095991e-08
6.746636079e-08
5.722716497e-08
6.238866944e-08
5.874930334e-08
4.502154623e-08
4.476224896e-08
5.899206849e-08
7.234400348e-08
7.436693408e-08
5.045443451e-08
6.255640382e-08
7.011940954e-08
4.916237021e-08
3.120391086e-08
2.805036237e-08
2.943628037e-08
3.002506527e-08
5.462112695e-08
7.438548617e-08
4.36601229e-08
4.117756086e-08
2.762815848e-08
3.438031025e-08
3.791726029e-08
5.52100221e-08
3.193598462e-08
3.076983105e-08
6.788189923e-08
4.665059859e-08
4.157885759e-08
3.597348314e-08
3.668786673e-08
6.560256323e-08
6.408780999e-08
6.221923963e-08
5.778885033e-08
3.664119904e-08
4.9723011e-08
3.787082239e-08
7.302476835e-08
3.8896854e-08
4.743221405e-08
6.323767501e-08
3.727175759e-08
3.931792257e-08
5.444929314e-08
2.785325022e-08
6.766161058e-08
5.037470152e-08
3.623740866e-08
3.799890525e-08
4.536358014e-08
6.859546617e-08
8.320808989e-08
2.822716003e-08
4.093337924e-08
4.748953431e-08
7.581476165e-08
6.25332593e-08
3.713934636e-08
5.095289498e-08
3.775975111e-08
4.01387411e-08
3.465298572e-08
4.560703249e-08
4.223887891e-08
7.70721429e-08
4.4009786e-08
6.242113839e-08
5.437705524e-08
6.650259523e-08
5.090840012e-08
6.718350386e-08
4.934317131e-08
5.371266064e-08
4.373850268e-08
6.246773614e-08
2.278726042e-08
3.579465747e-08
2.346018767e-08
4.089723375e-08
5.095286519e-08
4.634301145e-08
3.615201908e-08
4.547125558e-08
5.841174795e-08
4.257363603e-08
6.556736207e-08
3.95893624e-08
4.082238135e-08
5.887595899e-08
5.22033142e-08
3.784999767e-08
4.732506615e-08
2.864501644e-08
4.450894263e-08
9.073405214e-08
2.92543048e-08
3.135437249e-08
3.46210249e-08
5.941164142e-08
5.205601421e-08
3.648614553e-08
2.366149655e-08
4.183270049e-08
3.838330058e-08
2.67187173e-08
6.533239793e-08
5.568320846e-08
2.836606324e-08
3.372522035e-08
4.33343319e-08
3.483423896e-08
3.974614235e-08
3.273315229e-08
3.522789874e-08
5.619003412e-08
1.490534106e-08
3.264072684e-08
4.349706615e-08
3.315811837e-08
4.506770342e-08
2.248709182e-08
4.272225607e-08
3.819205942e-08
4.532917238e-08
3.530853593e-08
4.867554764e-08
2.958087493e-08
8.613652098e-08
4.931220173e-08
2.936478008e-08
2.431828854e-08
2.747934601e-08
2.498836405e-08
3.377203572e-08
5.141201377e-08
5.133467268e-08
5.847893034e-08
6.793958859e-08
3.472034978e-08
5.623994825e-08
4.148319083e-08
3.590338575e-08
4.507030726e-08
2.072636815e-08
4.692024135e-08
3.733103528e-08
8.369576589e-08
5.105753131e-08
4.098330074e-08
5.162282057e-08
4.845464284e-08
5.582694618e-08
5.914738775e-08
6.308672692e-08
4.589155589e-08
4.028051327e-08
4.868270345e-08
4.578168009e-08
3.706034956e-08
2.886469216e-08
4.445250175e-08
3.306965057e-08
2.961027145e-08
5.383618204e-08
5.308515517e-08
4.019984223e-08
2.897061149e-08
2.845793891e-08
2.624961905e-08
3.073122498e-08
7.911079364e-09
2.528981936e-08
2.57386215e-08
2.700789347e-08
3.571694372e-08
4.154414918e-08
2.044148551e-08
5.285548633e-08
2.320119651e-08
3.633358555e-08
2.330033075e-08
2.349801405e-08
3.454053883e-08
1.618456224e-08
3.13458387e-08
3.471744954e-08
4.802873883e-08
4.012307513e-08
2.841875367e-08
4.342947659e-08
4.521310149e-08
3.030056914e-08
3.088615385e-08
2.493244903e-08
3.843133334e-08
7.549683745e-08
4.211380957e-08
5.929411974e-08
3.980973025e-08
3.368051291e-08
2.601215229e-08
3.891308337e-08
3.515207243e-08
3.515543163e-08
4.385595374e-08
2.83222328e-08
1.721690682e-08
2.332864686e-08
2.126505947e-08
2.080522316e-08
2.639552695e-08
4.217146197e-08
4.248768323e-08
6.671222006e-08
5.706079561e-08
5.069787872e-08
2.450276356e-08
5.359114651e-08
2.399103835e-08
3.324795145e-08
3.344654965e-08
5.317235206e-08
2.845054161e-08
3.502613396e-08
3.40181092e-08
4.313421328e-08
5.27627038e-08
3.368624401e-08
2.554965319e-08
4.256797779e-08
4.713746271e-08
3.51720399e-08
1.235460488e-08
7.7072084e-08
2.19480132e-08
3.004369169e-08
3.825420189e-08
4.235177145e-08
5.48129299e-08
2.749413932e-08
5.113022812e-08
4.625806644e-08
3.156800594e-08
1.852517995e-08
1.656297244e-08
2.720180712e-08
4.056942225e-08
3.323191579e-08
6.112271642e-08
6.098587758e-08
5.536961052e-08
1.174397496e-08
4.053351784e-08
6.009222614e-08
4.780279154e-08
2.616794761e-08
3.610383504e-08
2.816684327e-08
2.567198468e-08
3.253792536e-08
4.548805015e-08
2.798488722e-08
2.235402497e-08
3.436905992e-08
3.616144891e-08
2.028554995e-08
4.306457779e-08
3.194371888e-08
3.393794733e-08
1.732133652e-08
5.85338406e-08
3.42376685e-08
3.986404818e-08
3.905834028e-08
3.802250375e-08
3.66732807e-08
1.985538561e-08
3.002088637e-08
2.570287182e-08
2.984209028e-08
1.484109813e-08
3.042704215e-08
2.73033445e-08
3.728028959e-08
3.945711067e-08
2.680917301e-08
2.770192763e-08
2.520864874e-08
8.762422567e-08
3.768676794e-08
3.509359241e-08
4.663820541e-08
4.147342179e-08
3.140661872e-08
2.517113314e-08
3.038161069e-08
5.868184516e-08
4.401677754e-08
2.507645591e-08
1.403389759e-08
3.03267404e-08
2.034830174e-08
3.714217963e-08
2.542858595e-08
3.447195757e-08
2.877211324e-08
4.214555582e-08
3.971286529e-08
2.171950925e-08
2.589686216e-08
1.404231858e-08
1.825165735e-08
1.805146842e-08
3.124005421e-08
2.986438075e-08
5.30906555e-09
2.611151339e-08
9.381511654e-09
2.19740054e-08
1.583909699e-08
3.209578458e-08
2.460509974e-08
3.010609174e-08
3.247822033e-08
3.593292715e-08
2.939426429e-08
2.663719181e-08
5.061236677e-08
2.497210429e-08
1.792245415e-08
2.227842051e-08
4.630178366e-08
1.684154356e-08
1.926803533e-08
1.648901992e-08
3.200779289e-08
4.607321648e-08
4.309619914e-08
3.733730681e-08
4.278453975e-08
4.745991964e-08
2.524913118e-08
3.375853427e-08
2.54794508e-08
1.556911865e-08
1.092008983e-08
2.295763082e-08
1.056624563e-08
1.348461807e-08
1.561548535e-08
2.160156941e-08
2.972324587e-08
2.385709196e-08
4.062754968e-08
3.344391351e-08
5.094632741e-08
3.487071508e-08
3.866625324e-08
3.807538599e-08
3.114072001e-08
2.297815789e-08
1.672887928e-08
1.145550405e-08
3.555496773e-08
2.902349684e-08
4.39397257e-08
3.823560535e-08
4.623892352e-08
2.505168046e-08
4.553695559e-08
2.517941909e-08
3.605483818e-08
4.728233099e-08
4.018529036e-08
4.456764982e-08
2.917121578e-08
2.712525856e-08
2.141510309e-08
2.301170047e-08
3.131562431e-08
1.339923936e-08
2.166686401e-08
1.788871649e-08
2.713316313e-08
2.783818537e-08
3.012551224e-08
5.891683274e-08
4.165688685e-08
5.332109661e-08
4.880458759e-08
1.604082673e-08
1.845558809e-08
4.552489018e-08
3.461416278e-08
4.521896997e-08
3.038867913e-08
3.458962445e-08
2.198787931e-08
4.482466863e-08
1.788942975e-08
1.992653581e-08
3.535802193e-08
4.615753741e-08
2.676918477e-08
1.309139147e-08
2.080281514e-08
2.142115549e-08
3.806214494e-08
2.519374173e-08
5.169058538e-08
3.898429237e-08
4.114174801e-08
4.301224525e-08
3.125136779e-08
3.267198053e-08
2.04828446e-08
2.603651271e-08
3.604250302e-08
2.212447489e-08
2.235756657e-08
3.0094421e-08
3.441526004e-08
3.701016613e-08
1.471915256e-08
2.72477455e-08
4.048393431e-08
1.493355717e-08
7.533635901e-09
3.01963505e-08
1.252083154e-08
3.728689843e-08
3.088071312e-08
4.668348027e-08
2.024973286e-08
3.670017391e-08
4.638512095e-08
1.381665994e-08
1.3904664e-08
1.457803949e-08
2.36675866e-08
1.931712018e-08
1.519304243e-08
2.841558025e-08
1.880562593e-08
3.288401818e-08
1.330786968e-08
1.956105282e-08
4.177043465e-08
2.62619854e-08
1.591717002e-08
4.817932649e-08
7.553385396e-09
2.665909529e-08
2.57129495e-08
5.827003436e-09
2.125661012e-08
3.354976613e-08
3.550787308e-08
2.768607727e-08
1.400412091e-08
1.443387943e-08
1.554517966e-08
7.095323589e-09
1.854309111e-08
1.185292204e-08
2.030891967e-08
1.169958244e-08
2.415795789e-08
3.828417084e-08
1.146479571e-08
5.596070103e-08
3.093069804e-08
3.874244412e-08
3.302707076e-08
1.321771118e-08
2.060596128e-08
4.363699659e-08
4.706394805e-08
3.880319892e-08
1.109020642e-08
2.012550356e-08
9.420431297e-09
7.926588982e-09
1.578414841e-08
1.565597142e-08
1.71340984e-08
2.06206995e-08
2.594146888e-08
1.352591615e-08
2.177541938e-08
3.431630576e-08
4.231223934e-08
6.066771588e-08
1.397059765e-08
1.599934847e-08
1.332190441e-08
6.34915634e-09
1.592620587e-08
1.716268411e-08
1.155180241e-08
1.803920739e-08
1.539208457e-08
3.215003142e-08
2.40214684e-08
9.215324958e-09
1.513512756e-08
9.824008092e-09
1.000002342e-08
2.108477338e-08
1.805318927e-08
2.626858106e-08
3.169912307e-08
2.439421568e-08
2.40724271e-08
3.85542696e-08
2.973162694e-08
1.037438266e-08
1.696706505e-08
1.904191445e-08
1.943632561e-08
5.032327022e-08
3.720600778e-08
1.636939883e-08
2.6290645e-08
1.13935568e-08
3.139790301e-08
1.034732611e-08
3.744130438e-08
8.516094194e-09
8.923097217e-09
1.704724e-08
9.626740702e-09
1.112882475e-08
3.929972462e-08
1.389911434e-08
2.625184494e-08
2.257185847e-08
1.089581382e-08
1.647238568e-08
2.192945206e-08
1.582669454e-08
2.199754957e-08
3.732466663e-08
3.614136487e-08
1.221189802e-08
7.134240419e-09
3.387618678e-08
1.134175918e-08
1.051798223e-08
1.974978527e-08
2.344965766e-08
2.605142551e-08
1.4741911e-08
3.654605056e-08
3.261653612e-08
1.903669528e-08
1.58469472e-08
2.327662722e-08
2.245607387e-08
4.495138088e-08
4.076677603e-09
2.318878733e-08
2.666041002e-08
1.828761127e-08
3.46805468e-08
2.849937007e-08
2.474928953e-08
2.177784208e-08
2.250321164e-08
3.091627878e-08
7.01626403e-09
3.523750142e-08
1.527877254e-08
2.586349214e-08
2.28606028e-08
2.146477633e-08
4.605439823e-08
2.216673579e-08
1.639903076e-08
1.811011936e-08
1.139062625e-08
3.25884907e-08
1.508397603e-08
1.388662998e-08
1.764144292e-08
2.493494387e-08
2.50108625e-08
1.924648409e-08
1.987899374e-08
1.559620078e-08
2.168996017e-08
2.039821226e-08
1.466042259e-08
3.76375188e-08
1.54930173e-08
2.707641779e-08
3.031210504e-08
9.835351273e-09
1.844129461e-08
2.019588736e-08
3.087435049e-08
1.456579973e-08
1.872135566e-08
1.601143535e-08
4.890907803e-09
1.361723956e-08
9.761376569e-09
1.877920287e-08
2.001537301e-08
1.065919744e-08
1.480973173e-08
1.114229296e-08
2.124487049e-08
2.275660014e-08
2.173735255e-08
1.320639933e-08
1.713777974e-08
1.305655314e-08
2.684400856e-08
2.276185533e-08
2.997609226e-08
1.43802633e-08
3.953020204e-08
1.796679875e-08
1.318364957e-08
1.831807291e-08
1.557932137e-08
2.193708077e-08
2.182937704e-08
4.897646323e-08
3.820916942e-08
2.030669852e-08
2.3827059e-08
2.214843752e-08
2.506166981e-08
2.285975911e-08
1.77708604e-08
6.698900411e-09
1.748115433e-08
1.449580238e-08
5.220540862e-09
1.922318661e-08
1.105733155e-08
1.216892913e-08
4.70788289e-09
2.279160037e-08
1.272537167e-08
9.882582909e-09
1.342069633e-08
9.692476645e-09
2.588724574e-08
1.546238698e-08
1.410165665e-08
1.126291574e-08
7.472597427e-09
6.420973379e-09
1.565866134e-08
1.135427638e-08
1.658978475e-08
2.171861086e-08
2.168782616e-08
1.787333959e-08
1.517059701e-08
1.658679892e-08
2.266175008e-08
2.813576237e-08
3.386568844e-08
4.137750926e-08
2.385951216e-08
3.669179629e-09
1.147620424e-08
1.397585927e-08
1.786363289e-08
2.116868557e-08
2.553516009e-08
1.170694732e-08
5.435887305e-09
1.836085996e-08
2.94886804e-08
4.591322623e-08
2.716933307e-08
2.85255453e-08
1.073017035e-08
1.097094137e-08
2.392888621e-08
2.361958846e-08
1.269427816e-08
1.776012295e-08
2.180320715e-08
2.646944176e-08
2.617782531e-08
2.091255856e-08
3.17529309e-08
1.862363523e-08
1.102046568e-08
2.639491028e-08
2.107893581e-08
5.132257212e-09
8.364873046e-09
1.322235418e-08
1.013632981e-08
1.426607329e-08
1.096773443e-08
1.016040591e-08
1.030232781e-08
1.898695927e-08
1.228802097e-08
2.400954436e-08
2.226194056e-08
1.521965113e-08
1.669091105e-08
8.590259121e-09
1.596380527e-08
1.416795973e-08
1.764730788e-08
2.424861671e-08
1.998017362e-08
1.515615186e-08
1.285714819e-08
1.346793759e-08
2.12069879e-08
8.745746403e-09
9.076459158e-09
1.621262876e-08
2.08146715e-08
2.375856335e-08
6.967761387e-09
9.24874142e-09
1.784950938e-08
1.502648459e-08
1.758736174e-08
6.945771704e-09
2.335052241e-08
3.14648467e-08
1.274739142e-08
1.599395185e-08
1.167641939e-08
2.928958843e-08
1.376607377e-08
1.892231416e-08
1.253662839e-08
2.201221002e-08
1.247604348e-08
1.944057806e-08
1.478094845e-08
5.024825513e-09
7.03824734e-09
9.520768139e-09
1.390325626e-08
1.144508364e-08
7.079730066e-09
6.608377932e-09
1.979625506e-08
1.217670364e-08
1.072461694e-08
2.391048589e-08
1.028998501e-08
1.299243137e-08
7.240358946e-09
4.496521275e-09
1.548598795e-08
1.288871408e-08
1.423223014e-08
1.24679754e-08
1.410520931e-08
8.899341246e-09
1.07477052e-08
2.018389474e-08
2.06326138e-08
1.882795755e-08
1.126424029e-08
3.919184363e-08
2.174285402e-08
1.247707524e-08
2.668634e-08
1.306478766e-08
2.436059011e-08
2.063749827e-08
3.684341436e-08
2.118153156e-08
4.082086833e-08
1.452334291e-08
1.589081946e-08
1.616548547e-09
7.222054848e-09
7.823734971e-09
1.437682469e-08
9.245428582e-09
2.928495975e-08
2.724980083e-08
3.168608599e-08
2.01894528e-08
1.142098938e-08
2.060167692e-08
2.288635337e-08
2.190963778e-08
1.217754105e-08
1.513259404e-08
1.399158309e-08
1.431352495e-08
1.654658047e-08
3.487284592e-09
1.740321376e-08
2.277458414e-08
4.523998974e-08
3.126072516e-08
1.560467055e-08
1.798955964e-08
8.103719406e-09
2.010608446e-08
7.38600751e-09
7.589787432e-09
8.216786856e-09
2.155474184e-09
5.606858968e-09
3.849058898e-09
9.696680771e-09
3.441284064e-09
6.282548772e-09
1.124105143e-08
4.956754162e-09
2.412966343e-09
1.50017827e-08
1.116163053e-08
1.17353556e-08
1.108646611e-08
1.178763835e-08
5.468844849e-09
1.201241245e-08
2.327181112e-08
8.044370617e-09
5.28725149e-09
3.608049373e-09
2.979417396e-08
7.001459217e-09
4.007117604e-09
9.757400036e-09
1.099461197e-08
2.620516321e-08
2.55507776e-08
5.789112989e-09
2.016711731e-08
1.759798814e-08
1.666290627e-08
2.511691683e-08
1.11559435e-08
4.015994188e-08
8.955093124e-09
9.954790234e-09
1.289742567e-08
1.236277693e-08
1.234588918e-08
3.587884401e-08
6.140660191e-09
9.838339223e-09
1.273167822e-08
4.332595849e-09
1.160313564e-08
1.505526644e-08
3.364355263e-09
3.773798406e-08
2.223407685e-09
1.821769066e-08
1.142637466e-08
4.103007899e-09
3.000213583e-09
4.121011478e-09
9.346690913e-09
2.110371443e-08
1.693623731e-08
2.390787169e-08
1.815231249e-08
6.394040444e-09
1.315255446e-08
7.224218672e-09
2.580149998e-08
1.108118405e-08
2.773708234e-09
4.77003153e-09
2.160129204e-08
7.023008373e-09
2.849686437e-08
8.799238499e-09
2.721709304e-08
2.302610686e-08
1.307369724e-08
5.251453886e-09
6.943243837e-09
1.599116091e-08
1.639105303e-08
3.401473688e-08
5.526285183e-09
9.127413526e-09
3.042377121e-08
1.868033129e-08
6.288916621e-09
9.556672032e-09
1.360516669e-08
5.272355585e-09
1.494502767e-08
3.862982386e-08
1.094211698e-08
2.243716821e-09
1.370245326e-08
2.419136523e-09
3.291797432e-09
2.001243294e-08
1.06717139e-08
7.520657521e-09
8.817978403e-09
1.651575391e-08
1.812164955e-08
3.203421195e-08
2.574171567e-08
8.960207213e-09
1.448345925e-08
1.303858488e-08
5.95735098e-09
7.062481228e-09
2.343286682e-09
1.227242099e-08
7.484694044e-09
6.496001116e-09
9.094046143e-09
2.525690786e-09
2.59866024e-09
1.262509499e-08
7.835774548e-09
5.503929229e-09
2.492212595e-09
4.944352242e-09
1.032594616e-08
8.23181509e-09
8.419446156e-09
1.406441078e-08
1.194344049e-08
1.463865673e-08
1.422520211e-08
1.861565829e-08
2.599279221e-08
2.076768817e-08
1.695238503e-08
1.03037929e-08
1.637660387e-08
1.276741048e-08
6.215730742e-09
9.652575058e-09
1.416083865e-08
1.44387118e-08
8.280111294e-09
2.56992995e-08
3.589005918e-08
1.499775537e-08
1.106751709e-09
7.397308178e-09
2.266335659e-09
9.538586727e-09
3.003705891e-09
7.352539698e-09
7.7701019e-09
5.354223901e-09
1.179501413e-08
9.213180016e-09
1.528365021e-08
9.630359233e-09
2.774330637e-09
6.12655844e-09
1.739152287e-08
1.368573816e-08
4.768551458e-09
2.081832108e-08
6.927003604e-09
1.237714841e-08
5.700718913e-09
1.398588459e-08
1.856547039e-08
7.197964818e-09
1.7259108e-08
6.986211063e-09
2.000060068e-08
1.008554566e-08
4.183488584e-09
7.856922132e-09
7.474478945e-09
9.537222635e-09
3.632879552e-09
4.989537293e-09
9.075733912e-09
1.47647607e-08
1.723670882e-08
9.358486572e-09
1.460861723e-08
7.521416601e-09
1.148467722e-08
1.59442459e-08
9.162424613e-09
1.197074933e-08
5.389705529e-09
2.038579083e-08
1.898443698e-08
4.359523029e-09
1.383573939e-08
6.506761887e-09
2.25134457e-08
4.551887313e-09
1.529647727e-08
9.682819866e-09
1.158003195e-08
1.337997546e-08
1.489627692e-08
2.871952463e-09
1.952318356e-09
1.774394286e-09
1.297392077e-08
1.482540322e-08
3.301479569e-09
5.798207478e-09
1.319284837e-08
4.305135418e-09
7.690374568e-09
1.904448004e-08
8.17845845e-09
1.856932348e-08
2.214886536e-08
7.068010308e-09
1.278541481e-08
1.076675906e-08
1.639300053e-08
3.598432916e-09
1.399690951e-08
1.192416253e-08
3.945355274e-09
1.072645093e-08
1.435808047e-08
1.744556247e-08
1.241978353e-08
6.391404726e-09
9.366106374e-09
5.636592526e-09
2.221119346e-08
1.258013578e-08
1.895031562e-08
1.047724544e-08
2.065818172e-08
2.602930061e-09
2.29949944e-08
8.758639039e-09
2.138231305e-08
6.894204482e-09
1.426578426e-08
1.552593986e-08
9.323989624e-09
1.31566972e-08
1.59672907e-08
5.197403113e-10
1.108221739e-08
2.805164542e-08
2.027127483e-08
2.848161366e-08
1.50614131e-08
2.326646845e-08
1.412195363e-08
7.967579045e-09
1.281244173e-08
2.811720026e-09
3.041812856e-09
5.115404781e-09
6.674655675e-09
2.239092539e-08
7.464931907e-10
7.197828339e-09
1.249153121e-08
1.059666489e-08
1.113576846e-08
7.676843643e-09
2.161607604e-08
1.131284894e-08
6.405373954e-09
4.974997589e-09
4.903565682e-09
9.054933563e-09
3.677825148e-09
8.905453791e-09
1.842442243e-08
4.121220923e-09
1.357815013e-09
1.017075247e-08
9.060421251e-09
5.735950332e-09
5.362563706e-09
1.179753836e-09
9.806246453e-09
2.649431322e-09
4.407356379e-09
1.204511648e-09
9.462461507e-09
1.049270783e-08
5.233944631e-09
1.494950615e-08
8.637233817e-09
1.161432641e-08
4.106248048e-09
4.921405172e-10
1.352252673e-08
7.132875219e-09
1.724480565e-08
1.915376795e-08
8.644797334e-09
9.286107555e-10
9.838057235e-09
1.150747067e-09
1.057906375e-08
1.422250927e-08
9.339777673e-09
1.016994484e-08
3.415984305e-08
2.514209831e-09
2.622500612e-08
2.761242764e-09
2.164700623e-08
1.257254231e-08
8.116646359e-09
1.664041341e-08
3.547099338e-09
5.998114616e-09
3.087677097e-09
1.278502223e-08
1.849343894e-09
6.4564291e-09
6.943114917e-09
8.288159067e-09
7.049503587e-09
1.375535074e-08
1.9922688e-08
1.447248197e-08
9.901496994e-09
1.739075814e-08
2.333318537e-08
2.436496016e-09
4.686748028e-09
7.857488049e-09
9.28282799e-09
9.315542187e-09
5.274493361e-09
2.050713163e-08
5.046895211e-09
4.174510315e-09
5.065729395e-09
1.7117504e-08
1.435482458e-09
2.125234913e-08
1.427095982e-08
7.962577892e-09
1.344638155e-08
2.116248037e-09
2.719946048e-08
1.405427106e-08
5.057888782e-09
7.036032861e-09
2.074468458e-09
1.418701565e-08
8.681782666e-09
1.506140435e-08
6.304755929e-08
1.809421817e-08
1.148620643e-08
9.430035746e-09
1.067554166e-08
2.48056176e-08
6.41077792e-09
2.272546939e-08
4.599802582e-09
1.201644444e-08
7.802571779e-09
4.221321999e-09
5.205288492e-09
2.080459521e-09
9.149599209e-09
9.098963889e-09
6.375962564e-09
1.211780542e-08
2.906566395e-08
1.878488711e-08
3.374616378e-09
2.563506626e-08
1.731080665e-08
7.887891111e-09
1.158610959e-08
1.367540362e-08
8.102462998e-09
1.249457004e-08
1.423271574e-08
1.100924978e-08
7.450110007e-09
8.006528201e-09
1.252707695e-08
1.356606053e-08
7.174363439e-09
3.221088717e-09
1.301908975e-08
1.64950781e-09
5.004375602e-09
2.723524891e-09
3.463474514e-09
9.077919496e-09
2.059234974e-08
1.440656275e-09
1.942387969e-09
5.642294768e-09
9.045595311e-09
5.238758387e-09
1.084293285e-09
1.061232076e-08
2.113390442e-09
6.63822601e-09
4.457476419e-09
4.876904329e-09
5.958012728e-09
8.070941369e-09
5.099540533e-09
6.801022124e-09
1.443268851e-08
9.775247371e-09
1.939024514e-08
6.995514945e-09
3.83604773e-10
1.563720673e-09
9.792882334e-09
1.22783521e-08
2.37523485e-08
1.325842636e-08
9.759134262e-09
3.488495213e-09
1.445989706e-08
5.415524467e-09
6.232167203e-09
1.154343315e-09
7.171545108e-09
6.155666487e-09
4.76658014e-09
7.972490728e-09
1.807885288e-08
6.08724634e-09
1.436410016e-08
1.301232226e-08
1.663520759e-08
5.193446674e-09
9.106634104e-10
7.528052707e-09
3.31061441e-08
1.158403017e-08
1.665742615e-09
9.91933378e-09
5.001234655e-09
8.926948937e-09
1.683888321e-08
1.927524949e-09
1.98546416e-09
8.302887097e-09
7.951142944e-09
5.975456332e-09
2.644675966e-09
1.236119579e-08
3.616233513e-09
7.398484453e-09
1.03226551e-08
1.275873725e-08
6.841642601e-09
1.197904849e-08
8.285721797e-10
4.543781279e-09
7.595097051e-09
1.975264923e-09
1.204615813e-08
1.448925156e-08
6.989407697e-09
4.275087383e-09
1.073474424e-08
1.076751372e-08
1.07676525e-08
6.507460081e-09
8.014901003e-09
1.616054814e-09
6.520437475e-09
2.132565597e-09
1.210000633e-09
1.577122033e-09
9.515587084e-09
1.107515937e-09
9.94403981e-09
1.468753876e-08
7.560668524e-09
1.565694114e-09
5.329099782e-09
4.2533151e-09
3.119482483e-08
1.033260192e-08
5.861446686e-09
8.004290152e-09
5.999058833e-09
6.054130406e-09
1.387762294e-09
8.451706051e-10
3.974831867e-09
1.796266267e-09
6.781844418e-09
3.651709231e-09
1.555529387e-08
1.776758108e-10
6.540547452e-09
9.708529422e-09
5.748380525e-09
2.05533049e-08
9.646446693e-09
1.512332981e-08
5.266857418e-09
9.936745805e-09
9.969022964e-09
3.4358571e-08
1.492404275e-08
5.307183571e-09
4.482988234e-09
9.703228356e-09
9.724146258e-10
8.201629227e-09
1.78906356e-08
1.251520817e-08
2.612112655e-09
1.621802252e-08
2.402100286e-09
1.593931231e-09
6.615365562e-09
2.842023503e-09
1.441450982e-09
3.548648048e-09
1.628972136e-09
5.423506716e-09
6.5758297e-09
6.417006638e-09
9.7987317e-09
2.255078423e-08
1.346256792e-08
1.57136981e-08
2.350256965e-09
1.387302278e-09
3.199728258e-09
1.211721422e-08
6.118043495e-09
1.396443117e-08
1.336252429e-08
1.746679372e-09
7.091099265e-09
2.136223742e-09
1.946814107e-09
2.461519892e-09
9.513753946e-09
1.146305857e-08
4.692813692e-09
7.530732098e-09
6.248365366e-09
1.154332349e-08
1.267480957e-08
1.650581178e-08
1.239013607e-08
7.37504921e-09
6.514539771e-09
8.816743358e-09
1.572423741e-08
8.527478043e-09
8.339809623e-09
1.577448266e-08
8.446932238e-09
2.314548546e-09
1.109363708e-08
1.841764619e-09
1.390706604e-09
8.630356464e-10
1.146454823e-08
2.034864632e-09
6.980384891e-09
5.438803818e-09
6.602981611e-10
8.883717931e-09
1.608052617e-09
1.605557573e-09
4.311511477e-09
1.301025752e-09
5.236719721e-09
5.709527408e-10
9.330607774e-10
3.28071077e-10
1.13518814e-08
9.579749526e-10
5.207399541e-09
1.729871262e-09
3.397538345e-09
9.075752407e-10
9.640017201e-10
7.313964279e-09
5.634799272e-09
6.674400184e-09
2.2448042e-09
2.840650378e-09
4.620781119e-09
4.139265271e-10
1.383522957e-09
1.644655917e-09
4.778411826e-09
4.667528671e-09
5.145418417e-10
2.660157711e-11
7.505374004e-09
1.483386842e-09
7.043332947e-09
3.794354898e-09
5.073985549e-10
6.022748119e-10
1.173164175e-09
5.704207798e-10
7.646099565e-09
7.164068616e-10
2.124653557e-09
3.994926844e-10
2.530693304e-09
2.619256792e-09
2.536683312e-09
2.316876754e-09
6.01091652e-10
1.395253632e-09
1.442888523e-09
5.84945894e-09
7.405296927e-10
2.547701142e-09
1.090891707e-09
5.335868753e-09
7.05770911e-09
6.234000602e-09
7.795086462e-09
1.398756125e-08
5.589294363e-09
4.280586785e-09
8.903638482e-10
7.57939971e-11
4.414767201e-09
2.109655427e-09
3.092505281e-09
1.315098508e-09
9.145645011e-10
2.537692631e-09
6.364108423e-10
5.060595749e-09
7.898321851e-10
3.79334122e-09
1.421418321e-08
9.80082216e-09
9.788359132e-10
9.953606346e-09
8.325593357e-09
1.135111583e-08
6.603496899e-09
3.176421146e-09
2.531704004e-09
1.869960911e-09
6.789311576e-09
6.509128531e-09
5.161292434e-10
4.485175359e-10
8.044785787e-09
5.076676235e-09
3.247356207e-09
6.18556735e-09
1.881054162e-09
1.081090876e-08
1.344373261e-09
5.57592658e-09
1.033812121e-09
7.916368717e-09
3.433124446e-09
6.571374387e-09
8.577312905e-09
4.76309835e-09
6.154905732e-09
8.502885403e-09
7.263549835e-09
5.056444645e-09
1.363298257e-09
9.275427457e-09
7.280952138e-09
5.919251308e-10
1.470649718e-09
4.486936112e-09
6.06082225e-09
4.581670588e-09
3.239685074e-09
1.420522314e-08
3.926902215e-10
2.181793826e-09
1.000678967e-08
8.044125916e-09
1.896580435e-08
6.990817902e-09
1.554007968e-08
2.14050069e-08
7.529964848e-09
7.410394803e-10
9.554496342e-09
8.531720793e-09
7.924846799e-09
9.801490823e-09
8.658685228e-09
1.45429173e-09
7.250899434e-09
6.668377014e-09
9.25557661e-10
4.753261125e-09
1.968860306e-09
8.320657063e-09
1.256854983e-08
1.01773132e-09
1.438472283e-08
7.125697675e-09
4.459631956e-09
3.961481266e-09
6.04014948e-09
7.199307542e-09
9.326872149e-10
7.652102851e-09
1.198818383e-08
8.444565343e-11
1.739871245e-09
1.043662364e-09
1.641817373e-09
1.077490988e-09
1.064999608e-08
5.055287553e-09
7.391668596e-09
5.126769793e-09
1.583156378e-08
9.141664534e-10
4.925669434e-09
3.916691352e-09
3.948377667e-10
1.054106936e-08
9.932441489e-09
1.310316353e-08
1.906906933e-09
9.920998184e-09
9.218233748e-09
9.547624256e-09
8.446174291e-09
1.594116738e-08
1.19242191e-09
6.424129352e-10
5.212833057e-09
5.167766099e-09
1.989525345e-09
1.104308492e-09
7.761890376e-10
1.102036736e-09
1.29396911e-09
2.956866194e-09
8.403313152e-10
3.598403771e-09
4.723212326e-09
3.237716878e-09
1.704276654e-09
4.56697507e-09
5.167924435e-09
1.913568981e-09
2.047706293e-09
2.222760955e-09
7.477038875e-09
1.370382346e-09
1.857535595e-09
2.594434263e-09
1.694255951e-09
6.834878375e-09
1.777613155e-09
1.233626612e-08
1.5261381e-08
1.31962604e-08
1.036880323e-08
4.880243559e-09
5.994037773e-10
1.316956409e-08
4.344109465e-09
8.918118387e-09
4.349292572e-09
5.229143308e-09
3.712941149e-09
4.244660569e-09
6.208493968e-09
1.104302931e-09
6.817181029e-10
1.987025202e-09
1.163446975e-09
7.886462164e-09
2.230560516e-09
1.32349685e-09
7.232449096e-09
9.49295004e-10
1.028983518e-08
5.627121973e-10
4.675364013e-10
1.736380481e-09
4.524183036e-09
2.126071856e-09
1.234297775e-09
1.240099621e-08
7.333004226e-09
1.418494858e-08
1.902498899e-08
2.991176071e-10
8.101376345e-09
9.445489675e-09
1.113879433e-10
9.78506818e-09
4.628892898e-09
4.94192612e-09
1.509713139e-08
9.917176634e-09
6.244273264e-09
3.710586866e-10
3.561265909e-09
3.748171489e-09
8.455907811e-09
4.202808295e-10
8.501882318e-09
8.792098694e-09
1.414285218e-09
1.947119986e-09
6.394566825e-09
1.219243612e-09
1.180746018e-08
4.059139829e-10
8.094870822e-10
8.457601614e-10
1.180921373e-08
1.374591384e-09
7.05440867e-10
4.813877634e-09
1.671430959e-09
1.337042654e-08
5.060111953e-09
3.547223761e-09
9.361292329e-09
7.154407275e-10
7.125604715e-09
5.468484465e-09
1.058117588e-08
5.37011795e-10
6.852636781e-09
1.414121937e-09
1.485140913e-09
1.00508997e-08
1.439124516e-08
1.441764388e-09
4.308055554e-09
2.62890931e-09
1.139196116e-09
1.020700977e-08
9.417703379e-09
1.961759234e-09
1.202894463e-08
1.247355888e-09
1.475287117e-09
1.182937209e-09
6.088880762e-09
4.707814987e-10
7.97768687e-09
8.180691493e-09
4.199030115e-09
1.395696387e-09
7.836877937e-09
3.432226601e-10
6.774064953e-09
1.152876494e-09
3.533588524e-10
7.676832128e-10
5.824712486e-10
2.293494674e-10
3.381491219e-10
9.01749855e-10
1.224759358e-09
9.470392596e-10
2.219936201e-08
2.168793487e-08
6.267533864e-09
1.60362498e-09
5.545545507e-09
9.998021832e-10
1.212639579e-09
9.430099754e-09
7.729924806e-09
7.321322631e-10
4.156150489e-10
5.595698646e-09
2.551061155e-10
9.259956667e-10
8.641335137e-10
4.734212414e-09
4.95412848e-09
8.185202005e-09
4.417087519e-09
6.754417879e-11
3.453973154e-09
8.983176114e-09
1.220657136e-09
2.011929087e-08
4.12933513e-09
1.200841045e-08
1.262186697e-09
1.895943147e-10
1.745776885e-09
5.543294457e-09
1.344648511e-09
9.997467157e-14
3.891694704e-10
7.061830349e-10
3.584836799e-10
5.333706218e-10
2.096482005e-10
2.531552341e-09
1.027887463e-09
6.505264263e-10
4.554667611e-10
1.387714791e-09
1.240444265e-08
3.447901033e-09
1.852625096e-09
1.580975967e-09
2.782916355e-09
2.334043838e-09
8.597009671e-09
1.014908105e-08
8.969872584e-09
1.45991421e-09
5.660111303e-10
1.25347118e-09
7.529095394e-10
2.439371743e-09
1.786800438e-09
6.427007564e-10
2.395162925e-09
5.148624677e-09
1.186547624e-09
1.362602651e-09
6.953966839e-09
4.070866957e-10
1.024951426e-08
7.22980924e-10
1.591505873e-09
1.768685098e-09
1.285949214e-09
2.146330446e-09
9.593958185e-10
1.944495144e-09
1.480793987e-09
1.937823285e-09
1.156043358e-09
4.481347202e-08
4.619173864e-10
1.300460238e-09
7.114012122e-09
6.527796306e-09
3.6182255e-09
1.063461395e-09
1.332889226e-09
2.923346113e-11
9.385399526e-09
1.138362018e-09
8.086278375e-10
4.666856935e-10
4.554799024e-09
3.500010655e-09
7.417462485e-09
3.008871428e-09
1.526835177e-09
1.696840562e-09
1.014515588e-09
8.136429495e-10
3.139581376e-10
1.548145415e-09
9.580015173e-10
2.587353447e-08
7.878682282e-10
5.509733185e-10
5.019221366e-09
6.854700793e-09
4.786437176e-10
1.411624166e-09
3.647339478e-09
6.090786258e-10
1.508592937e-09
6.858094794e-09
4.224294154e-10
1.693884785e-09
2.790216256e-09
3.071442296e-10
6.699249693e-09
4.207805281e-09
1.25312292e-09
2.229519916e-09
2.738040845e-09
3.555542624e-09
9.559581263e-10
7.524078737e-10
1.443395344e-09
8.550228422e-09
5.094123923e-09
7.308966688e-10
1.595516507e-09
7.03638032e-09
5.454340664e-09
2.617528784e-09
8.163521266e-09
2.079231204e-09
3.708670313e-09
7.524220134e-09
2.371159942e-09
8.463476213e-10
2.607216388e-09
1.196735159e-09
3.881057472e-09
1.188203992e-08
4.871079313e-09
5.821502253e-09
5.625382025e-10
9.763845009e-10
9.805855759e-09
7.048680519e-09
6.462115756e-09
4.090911337e-10
5.522890891e-09
2.390316802e-09
9.829170953e-09
9.482662151e-09
3.685109511e-09
5.567590455e-10
1.20535098e-08
9.111840469e-09
5.698171529e-10
4.986588817e-10
5.850537389e-10
4.907952607e-09
5.411908944e-09
6.078500977e-09
1.440038991e-09
1.033357496e-09
4.069899191e-09
4.360006073e-09
1.300018671e-09
7.956381424e-09
4.921523604e-09
1.236207715e-09
2.170345006e-09
2.243266472e-09
3.981994415e-09
8.180266173e-09
3.549019729e-10
1.113564153e-08
7.428567726e-10
8.554814284e-10
4.806973594e-09
8.593530174e-10
2.194404052e-09
6.256847431e-09
6.31316718e-10
5.119723866e-10
1.483501527e-09
1.598903601e-09
5.814015868e-09
2.139524897e-08
9.876592303e-09
7.922777962e-09
3.154405154e-09
1.514662357e-08
8.617267907e-09
1.07970641e-08
1.862123409e-08
2.21246477e-09
2.456489891e-10
7.412975854e-09
3.833765327e-09
8.908809981e-10
3.903262613e-09
7.405033029e-09
1.16301284e-09
4.653336628e-09
1.59538594e-10
1.115592984e-09
8.16204326e-10
1.076194079e-09
1.274977343e-09
4.897030827e-10
4.364844243e-09
1.664065427e-10
5.282329226e-10
5.599040322e-10
1.120093266e-09
3.49716615e-10
4.422888242e-10
7.224757181e-10
7.581952284e-18
5.019755345e-10
4.10435587e-09
5.165218213e-10
1.380036983e-09
1.001148273e-08
1.347072346e-08
7.456709361e-09
1.878718348e-09
4.522534284e-17
9.620717403e-09
1.714386437e-08
2.331780929e-08
1.514966897e-09
6.250314865e-09
7.468683474e-09
2.44727803e-10
5.883021369e-10
8.114414282e-09
1.356164324e-08
1.92146663e-08
7.692284279e-09
2.256322882e-10
1.453587992e-09
4.78258927e-09
2.138700807e-10
9.499684403e-10
6.448944733e-09
5.343743181e-09
6.394250539e-10
4.220603391e-09
4.012409997e-09
9.659875673e-10
3.380387576e-10
4.846441286e-09
3.374297742e-09
2.989893129e-09
8.065871236e-09
2.695698389e-09
5.537108105e-10
5.364731175e-10
9.213930516e-10
4.420411408e-10
1.263664918e-09
9.661369925e-10
8.018631329e-10
3.109480928e-10
1.585197237e-09
1.110130795e-09
1.34363083e-09
3.052585657e-09
1.27755443e-08
1.19219123e-08
7.717882226e-10
6.165255407e-09
4.006219439e-10
5.458242979e-09
6.168911053e-10
6.159199244e-09
2.226668249e-09
1.055726321e-09
4.774943409e-09
1.348810396e-09
4.644770054e-09
4.19520452e-09
1.641203946e-09
3.82454554e-09
9.202963419e-09
8.272892013e-09
8.644173763e-09
5.528768665e-10
4.087179302e-09
5.058393237e-09
5.807293352e-09
5.586442328e-10
8.768856271e-09
8.103973564e-10
1.338427766e-09
7.688938529e-10
4.490906311e-10
1.151613664e-09
5.275703831e-09
6.857384359e-10
6.66148109e-10
1.086949472e-09
4.067888068e-10
5.110892431e-10
9.264779338e-10
7.408119684e-10
4.726698285e-10
3.619065423e-09
4.033227353e-09
2.922584001e-10
4.898554324e-09
4.65276342e-10
1.209995908e-10
2.773818202e-09
5.076122743e-10
4.488881726e-10
4.101231026e-10
4.434289023e-09
6.144208507e-10
7.087945101e-10
1.139221567e-09
5.583085585e-10
1.082717107e-09
9.79286518e-10
6.797854742e-10
3.579359447e-09
1.069702795e-09
4.139913689e-10
9.779157965e-10
1.755013943e-09
3.804041423e-09
2.245163493e-09
3.994927446e-10
1.050659245e-10
4.336379814e-10
3.971541121e-10
4.685170724e-10
1.064758976e-09
1.296989615e-09
1.59801289e-09
1.282422595e-09
1.614438943e-09
6.393129597e-10
1.087475488e-09
1.456477892e-09
1.611333849e-09
7.564521396e-10
3.591591886e-09
1.806747908e-10
7.101791784e-10
5.263423118e-09
8.764240175e-10
7.294795341e-10
4.520706534e-09
2.255419757e-09
4.581083331e-09
2.204997214e-09
3.862668191e-09
1.144227136e-09
1.63581869e-09
8.334059299e-10
1.308149693e-09
1.319624996e-09
1.062513494e-09
8.202755188e-09
1.931769476e-09
4.455837038e-09
6.021011395e-09
2.697533522e-10
1.14392312e-09
1.186754202e-09
8.150588519e-09
1.054095825e-09
7.162248888e-09
5.346217813e-09
1.093477248e-08
1.074258179e-08
3.622600334e-09
8.053728328e-09
1.083956915e-08
4.67460259e-09
8.176688175e-09
8.886223104e-09
1.217689973e-09
4.069414242e-09
3.947466635e-09
3.853228019e-09
7.915127962e-09
5.632492708e-09
1.537426886e-09
1.403115306e-09
1.267145104e-09
1.602214356e-09
3.672656791e-09
1.068607657e-09
2.023841266e-09
1.266834653e-09
7.872079781e-10
8.026504324e-10
4.298897607e-09
5.87749116e-10
1.234618748e-09
3.694300214e-10
4.321711095e-09
7.023925793e-10
1.402107499e-09
8.100967378e-10
3.72839161e-10
7.094762258e-09
2.896517956e-10
1.947512539e-09
1.02811091e-09
1.339405378e-15
9.108172084e-10
5.320759569e-09
4.281583579e-10
8.332728448e-10
3.033723263e-09
5.927308286e-10
1.160393299e-09
1.293200895e-09
4.383189163e-09
3.981845308e-10
1.494062925e-09
6.541272524e-09
1.02569552e-09
1.058619919e-09
2.282207513e-10
8.031639866e-10
1.597997387e-09
7.777033766e-10
1.039048062e-09
5.684437153e-10
5.475432146e-09
1.855599013e-09
2.763239622e-10
2.441138159e-09
3.732327008e-10
6.277644276e-10
2.323741426e-10
6.531453654e-10
7.743561886e-10
1.141015094e-09
6.071611641e-09
5.057607818e-10
0
8.86888724e-10
6.433201775e-10
1.064444113e-08
3.268739482e-09
1.551712497e-08
5.00172708e-09
8.259898931e-10
4.655514966e-09
1.435666727e-08
7.826542462e-09
3.602249237e-09
1.10265033e-08
2.795902506e-10
9.659032972e-09
3.747585783e-09
8.93799745e-09
9.749936212e-10
6.270225961e-10
6.317561342e-10
5.174301182e-09
7.3156095e-10
5.696788846e-10
8.21399926e-09
3.201707089e-10
7.016049155e-10
2.963440337e-10
2.528740794e-10
1.199842176e-09
9.051982688e-09
0
5.44549424e-10
4.9957517e-09
7.469736874e-09
2.403130875e-09
5.908807709e-09
1.297484548e-09
1.64145879e-10
5.997764813e-09
4.451229335e-10
2.425358382e-10
2.248161846e-10
1.191758053e-09
5.216956389e-09
4.957092677e-10
2.704777921e-10
1.091910664e-09
4.609099542e-09
1.136260136e-09
4.457349562e-09
6.374981621e-09
5.548204285e-10
3.380751314e-10
4.071068821e-09
2.107909081e-09
4.9315723e-09
3.532600114e-09
4.387299491e-09
5.12372076e-09
3.342916272e-09
8.077375385e-10
1.791672139e-09
1.388562704e-09
9.116281889e-10
3.405479134e-10
4.105054424e-10
8.652445131e-10
5.687299686e-10
1.093764586e-09
4.26475343e-10
4.32369113e-09
3.202322149e-09
4.331291746e-09
4.690001596e-09
1.20724962e-08
3.777533105e-10
8.515755657e-10
7.191703077e-10
5.17625748e-10
3.989820697e-10
1.629561844e-09
9.121644961e-10
1.564948203e-09
7.354941417e-10
8.33657243e-10
1.510555495e-09
1.389323311e-09
1.307334484e-09
1.798368204e-09
7.9493952e-10
1.261867408e-09
5.042271747e-10
7.084876108e-10
1.437425958e-09
1.325797109e-09
8.116301536e-10
6.740411984e-09
1.078227738e-08
2.853394442e-10
7.674776336e-10
1.230588376e-09
7.027493891e-10
3.984162788e-10
9.826300116e-10
8.994060891e-10
8.137676962e-09
1.279372565e-09
7.265956507e-09
6.894923423e-09
0
1.738770781e-09
2.873421476e-10
2.190974937e-13
5.651432139e-10
5.173180192e-10
5.407179577e-10
7.608503955e-10
1.073201416e-09
1.911525068e-10
4.247573429e-10
5.766757627e-10
1.112765413e-09
5.736491047e-10
9.438178801e-10
3.605693336e-10
3.507916742e-09
1.084644672e-09
3.855068732e-09
3.721303958e-10
3.104765228e-09
3.091073882e-10
8.308769338e-10
1.875956898e-10
8.550592353e-10
6.025740923e-10
3.819264263e-10
1.142977376e-09
5.424705706e-10
2.671398856e-10
4.701041524e-10
3.598951063e-09
4.498710822e-10
5.321339675e-10
3.973424877e-10
1.046066527e-10
2.304194294e-10
1.286089906e-09
4.04396566e-09
3.745821033e-10
3.684293086e-10
3.092602253e-09
3.178233169e-10
8.017496327e-10
1.044035509e-09
2.832781993e-09
1.511182536e-10
1.277418638e-09
8.772934271e-10
4.839274178e-09
1.018775759e-08
4.67534862e-09
6.879111355e-09
5.407657327e-10
7.881559454e-10
8.984588964e-09
6.914704499e-09
3.356930305e-08
2.329121466e-08
8.936059822e-09
1.420065216e-09
8.054289532e-10
1.361897975e-09
8.995340825e-10
1.069816834e-09
5.34755011e-09
1.706771042e-09
1.605673425e-09
2.434454861e-10
1.352588965e-09
5.390727178e-10
3.846361088e-09
5.233863207e-09
8.118971246e-09
5.60069136e-09
6.604162901e-09
7.390553576e-09
4.944830629e-09
5.424511855e-09
7.750868115e-10
5.240706689e-10
4.287501627e-10
5.426511349e-09
9.001740223e-10
6.19175078e-10
1.508900777e-08
1.014503588e-09
1.840925801e-08
5.495201359e-09
1.752379571e-08
1.156486396e-08
2.430572984e-08
1.474230595e-08
6.065674469e-09
2.566040111e-10
1.195609529e-08
7.17925609e-10
5.326165486e-09
9.49233853e-10
5.869400897e-12
1.22188781e-08
9.173495072e-09
5.213993981e-10
7.893044763e-10
4.727726747e-09
1.105895714e-08
2.848077049e-08
7.568502952e-10
8.260632754e-10
7.806443533e-09
1.05269009e-08
8.122791438e-09
8.757231503e-09
5.116294725e-09
6.257012852e-09
1.345582932e-09
8.524763403e-10
8.090781934e-10
3.337900577e-10
5.761389383e-09
1.609121171e-09
7.825636167e-10
5.061088764e-09
9.5579856e-11
4.421218164e-10
1.092697165e-11
1.833796068e-08
4.720261501e-09
4.5816905e-10
9.53879706e-10
1.058878125e-09
4.047234644e-09
4.974410222e-09
4.559096854e-09
2.945900646e-10
9.767523882e-09
1.006526556e-09
9.133308923e-11
6.965734437e-09
4.51676394e-09
6.840498372e-09
2.938514928e-10
2.890297583e-11
1.259851477e-10
4.401146704e-10
2.86184633e-09
3.254448061e-10
9.463146939e-10
7.192161564e-09
4.460083931e-09
4.206372083e-10
7.867393207e-10
5.185324508e-10
6.734700005e-09
1.323665969e-09
9.477393153e-10
6.368755721e-09
1.892339512e-09
1.211708271e-09
5.357076169e-09
1.172770327e-09
5.367555543e-09
1.436315813e-09
4.396236824e-09
1.373131071e-09
7.542404694e-09
1.25929681e-09
4.480772905e-09
7.982777873e-09
9.192014097e-10
4.365350396e-09
7.750814419e-09
9.073812443e-09
4.177368724e-09
4.699918248e-09
7.977205311e-09
6.50083274e-10
4.660147948e-10
7.142693562e-10
5.322122494e-10
4.890074252e-10
1.463356238e-09
5.867673262e-10
6.084189955e-10
5.665370828e-09
2.070740881e-09
3.687609771e-09
1.227298297e-09
7.256707666e-10
6.36585684e-10
3.081164502e-09
2.005650311e-10
6.617249179e-10
9.17581335e-10
9.882094846e-10
1.079489486e-09
9.862770812e-10
4.092203557e-09
1.066172543e-08
0
3.554149356e-09
1.39222728e-12
6.306541771e-10
3.375644683e-10
1.408789189e-09
4.447707688e-09
0
0
4.546184888e-10
3.344448874e-11
6.211039845e-10
4.017638628e-11
5.815566622e-10
1.010510359e-08
1.263979887e-08
4.394294134e-09
0
5.098185423e-10
0
1.958464364e-10
7.116436692e-11
5.71914949e-10
1.360886362e-09
3.871163818e-10
3.304371185e-10
7.921746321e-12
3.064398623e-11
3.944397813e-09
3.362377702e-09
1.722425717e-11
9.485881952e-09
2.080969999e-08
1.434376733e-08
3.109309198e-08
7.122895932e-09
0
7.332640582e-09
0
2.58829215e-10
6.96088619e-12
0
1.149751508e-08
2.082610764e-08
3.192954939e-10
4.079056248e-09
5.438652057e-13
0
2.694432088e-10
2.692521743e-10
3.090982408e-08
3.438696303e-16
3.658550197e-09
4.408131811e-09
8.068350457e-11
8.940030665e-11
0
1.263542203e-10
0
0
4.372695061e-09
0
0
5.674806199e-11
4.27245735e-10
0
2.467388723e-11
4.307787312e-09
5.749695364e-09
6.54567613e-13
0
3.871359254e-10
2.363099769e-09
6.388427051e-09
4.036387449e-10
5.005870927e-09
2.133965091e-10
6.050435131e-11
2.522660229e-10
5.465282221e-09
7.740969325e-09
1.505726328e-10
5.346197578e-10
6.980713654e-11
0
5.632689207e-09
7.537113889e-11
8.41365601e-11
9.987121097e-11
1.103625682e-08
1.577636659e-08
2.787347686e-10
6.649887511e-09
5.285594742e-09
3.645664303e-10
6.925811659e-10
6.999903064e-09
5.409988536e-09
6.631882499e-09
0
2.339867494e-09
1.182660281e-08
3.581270669e-09
4.364984952e-17
0
9.33597663e-11
3.996555559e-09
1.005114718e-08
5.042716491e-10
3.614361453e-08
1.688718178e-08
7.009506999e-09
3.391249258e-09
5.581271799e-09
0
1.49160372e-08
3.648631082e-09
3.840330529e-10
4.704066682e-09
4.499545814e-10
6.800469238e-09
7.300797816e-14
4.033958145e-09
7.537048637e-09
3.955822567e-09
5.124449396e-09
3.836127411e-09
2.574401474e-10
4.13789435e-09
9.649508006e-09
5.969773156e-09
5.096029254e-10
1.002031034e-10
4.766258936e-10
5.935924966e-09
2.695020855e-11
6.440953268e-11
4.998951996e-09
2.574951612e-10
2.047465819e-09
7.294793868e-10
4.790170704e-09
2.974257115e-10
3.990354897e-10
8.138263856e-09
4.177230023e-09
6.63343682e-09
6.884752151e-09
7.170243586e-09
5.248229045e-10
6.954474215e-10
0
2.248044947e-09
6.922306275e-10
1.321473033e-09
4.141951991e-09
4.324123099e-10
0
3.546493842e-10
0
2.299490772e-10
4.944407237e-10
4.234247568e-18
3.530715063e-10
2.089580496e-10
7.924389813e-11
5.071575832e-10
7.604001104e-09
2.854582252e-10
7.188521144e-09
2.853122675e-10
9.16585319e-09
4.91811618e-10
0
6.779047434e-10
3.169964009e-11
0
0
2.437141887e-10
0
6.464408236e-10
1.929812448e-10
0
2.178654985e-10
2.855668094e-11
5.97464729e-10
5.061450647e-10
3.809364364e-10
7.435268054e-09
5.741182441e-09
1.366846017e-11
1.716612087e-10
0
3.928628132e-12
4.900759619e-10
6.14749477e-11
1.005881811e-10
3.465248542e-10
7.251436316e-09
2.00339427e-09
9.515704912e-10
2.79960936e-15
0
0
1.623832326e-08
2.507542594e-08
0
3.771465012e-09
5.057056983e-09
0
2.507302162e-10
3.561924654e-10
4.355363119e-10
1.270614928e-14
5.418372017e-10
3.296559908e-09
3.394542164e-10
1.079226082e-13
4.116678095e-10
7.072937773e-10
4.854539728e-09
7.824703582e-10
4.555223308e-09
7.420312672e-11
9.772610878e-09
3.329338981e-09
8.220682299e-09
7.263223977e-09
1.208700667e-08
3.967135674e-09
7.177155817e-09
9.004215945e-09
8.772814062e-10
8.565841836e-10
3.360383498e-11
8.087655549e-10
6.713743325e-10
5.36404696e-10
0
2.202833899e-10
2.912271213e-09
6.943779546e-10
5.143707809e-10
4.402261949e-10
0
2.103722339e-10
6.909204025e-10
2.112758963e-10
1.389782842e-10
3.153111377e-10
5.606002983e-10
5.143062791e-10
4.322836244e-10
0
6.509058609e-09
1.224554127e-09
1.485219422e-10
0
5.701200272e-11
7.06161436e-10
6.461257615e-10
1.517453969e-10
3.098065525e-10
6.871657443e-09
5.983927814e-10
2.243996429e-10
5.964438854e-09
0
2.072380845e-10
2.123305731e-10
1.926044055e-10
1.846038704e-10
1.585212073e-10
5.979293641e-09
4.866303271e-09
1.355551001e-10
3.700447685e-10
0
4.471201034e-09
3.779816824e-09
3.560043005e-09
6.866913341e-10
3.370895655e-09
6.967750756e-09
4.367893005e-09
7.033838631e-09
5.457144562e-09
1.19218597e-10
5.285592947e-10
5.374047949e-10
7.817422132e-11
1.74490593e-10
6.346911109e-10
9.9206286e-10
1.908322584e-10
1.602653238e-09
3.695317892e-10
2.711072099e-11
4.681753746e-11
1.005420244e-09
3.561184329e-10
7.562055777e-10
8.051670198e-09
2.275870185e-09
1.410320844e-10
3.121729322e-10
1.887130097e-10
1.656750598e-10
1.037981529e-10
2.5965113e-10
1.897827495e-10
0
5.248682549e-10
3.502887677e-09
1.317697069e-09
1.750562382e-10
8.297011956e-11
5.752938189e-10
3.153710887e-10
5.906439623e-10
1.731771167e-10
0
1.767527815e-10
1.318146234e-10
1.620566307e-10
4.379007094e-10
4.747568918e-09
1.372631261e-10
1.116973792e-10
5.697179501e-10
6.564676088e-10
0
8.042202748e-10
9.438025933e-10
7.058720185e-10
9.415809113e-10
0
8.243599867e-10
4.706708469e-11
2.714746056e-11
2.440694335e-10
2.4691375e-10
8.905609784e-10
3.715805083e-10
1.122871777e-10
4.37824853e-10
4.599755092e-10
1.536106341e-10
4.706285102e-10
1.538762302e-10
4.544830657e-10
2.766607291e-10
0
1.946662701e-10
0
2.481076008e-10
8.688328487e-09
4.169352488e-11
2.877228496e-10
6.777555932e-10
3.63816018e-10
3.47767649e-10
5.190630862e-10
7.301051171e-09
6.628984734e-09
2.954316536e-10
1.030361352e-09
4.61249289e-10
6.786514483e-11
3.936053583e-10
1.914341077e-10
6.151081421e-11
4.370397373e-11
2.743773542e-09
4.890732455e-10
4.013738255e-10
7.282976495e-10
5.969091858e-10
5.302100285e-10
3.8849559e-10
5.676118926e-10
0
7.426168678e-10
1.226335855e-09
2.525176504e-10
5.552627989e-10
8.494849883e-10
4.700789351e-10
2.161813034e-10
3.0674041e-10
6.12579778e-15
4.669266193e-10
9.237961937e-10
9.584792705e-10
1.239033055e-12
2.271106209e-10
3.465621673e-10
1.036988101e-09
0
6.537200293e-10
8.393672973e-11
1.727081403e-09
8.816804572e-10
1.615927546e-10
1.071666939e-09
1.079642081e-09
5.553164127e-09
2.446560868e-10
6.021923734e-10
4.842816214e-10
8.716311622e-09
3.596440101e-09
0
6.388756951e-09
1.663298507e-09
1.15166919e-09
1.645821766e-10
2.681936717e-10
6.400716107e-10
2.349911818e-10
5.779792404e-10
2.867559293e-09
2.465088862e-10
5.889452057e-10
3.556337438e-10
1.604195762e-10
4.741337163e-10
7.0069491e-10
4.628969309e-10
4.403987869e-09
9.048910851e-10
2.900534807e-10
