#################################### 
# Matrix Size= (25,25,400)
# Resol      = (1,1,4000)
# VoxelSize  = (25,25,0.1)
# nbVal      = 4000
#################################### 
2.642319648e-14
2.933719327e-14
2.982267799e-14
3.047434541e-14
3.191935669e-14
2.940246014e-14
3.438518274e-14
3.105801674e-14
3.565928541e-14
3.170799812e-14
2.989806246e-14
3.059781895e-14
3.179704635e-14
3.214912589e-14
3.580428197e-14
2.916883472e-14
3.339373245e-14
3.509544031e-14
3.024041399e-14
3.072509304e-14
3.159847398e-14
3.198974782e-14
3.173250328e-14
3.674442471e-14
3.198163919e-14
3.282469925e-14
3.379179679e-14
3.234822718e-14
3.128011998e-14
3.464905258e-14
3.161915969e-14
3.343166552e-14
3.704318887e-14
3.755068006e-14
3.556088313e-14
3.405074437e-14
3.384563878e-14
3.281061486e-14
3.22740646e-14
2.99275498e-14
3.200846951e-14
3.861978153e-14
3.50097257e-14
3.241701295e-14
3.289073069e-14
3.429693226e-14
3.17272785e-14
4.070344529e-14
3.334707291e-14
3.180630551e-14
3.337902308e-14
2.955534791e-14
3.154703288e-14
3.575583556e-14
3.280550432e-14
3.484060829e-14
3.210370347e-14
3.183270795e-14
4.02783723e-14
3.790799088e-14
4.248604338e-14
4.102652276e-14
3.864768442e-14
3.75771862e-14
3.369110905e-14
3.406735731e-14
3.512914795e-14
3.364975307e-14
3.582106635e-14
3.644824741e-14
3.452055275e-14
4.170791715e-14
3.298679033e-14
3.154731163e-14
3.333036126e-14
3.270869237e-14
3.806135818e-14
3.42007103e-14
3.181136661e-14
4.154359391e-14
3.77357895e-14
3.395768955e-14
3.916963415e-14
3.743416728e-14
3.913300533e-14
4.453498241e-14
3.240085532e-14
3.222308027e-14
3.41234798e-14
3.556396466e-14
3.346557083e-14
3.669886638e-14
3.355360936e-14
4.106507283e-14
3.79801751e-14
3.46992504e-14
3.535745688e-14
3.348707029e-14
3.673664696e-14
3.549112389e-14
3.483900349e-14
3.360392522e-14
3.857351663e-14
3.758614334e-14
3.531287887e-14
3.857588351e-14
5.513654784e-14
4.062116128e-14
4.530240414e-14
3.884287234e-14
3.575818471e-14
3.682564268e-14
3.326076623e-14
3.364709927e-14
3.445718274e-14
3.578898325e-14
3.370268875e-14
4.501815495e-14
3.513942715e-14
3.744007723e-14
3.583413935e-14
3.597915408e-14
3.42202051e-14
3.713058272e-14
3.978975763e-14
4.072529644e-14
3.432900429e-14
4.070420047e-14
3.653923113e-14
3.539618319e-14
3.54292326e-14
3.762603311e-14
4.174582867e-14
3.434158955e-14
3.482395171e-14
4.04019309e-14
3.616313218e-14
4.048960144e-14
3.718705973e-14
3.623079126e-14
3.517254382e-14
3.974152227e-14
4.107569472e-14
4.206230794e-14
3.694987626e-14
4.123698109e-14
4.311314438e-14
4.995148633e-14
4.004601696e-14
3.62062229e-14
3.707718463e-14
3.517476692e-14
4.288463469e-14
4.204628408e-14
3.769522702e-14
3.637953561e-14
3.40252004e-14
3.961710143e-14
3.622500434e-14
3.473144984e-14
3.794402987e-14
4.918668978e-14
3.964307129e-14
4.158734754e-14
3.957762861e-14
3.736555858e-14
4.191650444e-14
3.752977516e-14
4.310749864e-14
4.338159004e-14
4.042000779e-14
3.725127335e-14
3.912380191e-14
3.922118571e-14
4.09366249e-14
5.183343558e-14
3.858835698e-14
3.581013102e-14
3.76409148e-14
4.021827679e-14
3.823582733e-14
4.128052659e-14
4.514735586e-14
4.15484359e-14
3.757168969e-14
3.746752414e-14
4.028746076e-14
4.064368955e-14
4.196264259e-14
3.795332664e-14
3.945747948e-14
3.716340926e-14
3.612209096e-14
3.79118921e-14
3.922186362e-14
3.778182078e-14
3.920417695e-14
3.760715228e-14
3.563836535e-14
3.518450623e-14
4.213029514e-14
4.319673976e-14
4.152454293e-14
3.882341207e-14
3.883051731e-14
3.810802862e-14
3.593991699e-14
4.424476214e-14
3.676118653e-14
4.422580517e-14
3.889337851e-14
4.690723207e-14
4.169551265e-14
4.192817202e-14
4.562850019e-14
3.773771873e-14
4.104442737e-14
3.845729373e-14
4.021174636e-14
3.912762015e-14
3.55065297e-14
3.873814513e-14
3.816788829e-14
3.802411094e-14
3.762558838e-14
3.86412383e-14
3.961677867e-14
3.699378838e-14
4.109475985e-14
3.941236868e-14
5.32968219e-14
4.627344303e-14
4.233686372e-14
3.927496991e-14
3.987874408e-14
3.992531529e-14
4.36272392e-14
3.985130983e-14
3.944882869e-14
3.896111524e-14
4.334782338e-14
3.994039668e-14
4.879012417e-14
3.929709844e-14
4.125353299e-14
4.42591915e-14
4.483993612e-14
4.243391849e-14
3.941895348e-14
4.056504183e-14
3.98249293e-14
3.966877541e-14
4.589010822e-14
4.590799189e-14
4.166951336e-14
3.975698588e-14
4.038424375e-14
3.808893792e-14
4.321751303e-14
4.345383497e-14
4.081242102e-14
4.154250605e-14
5.187742271e-14
4.191971521e-14
4.397596712e-14
4.084826995e-14
4.322397967e-14
4.24607238e-14
4.194353639e-14
3.996847873e-14
4.205148638e-14
5.564031779e-14
4.502153439e-14
4.366967153e-14
3.868449635e-14
4.44912558e-14
4.102496014e-14
4.385649412e-14
4.294084585e-14
4.21723191e-14
4.08832654e-14
3.949098394e-14
3.971859735e-14
4.327338766e-14
4.153939205e-14
4.144951934e-14
4.263717745e-14
4.197139687e-14
3.973800665e-14
4.284533335e-14
4.153275322e-14
3.995459793e-14
4.005229399e-14
4.005707227e-14
5.212198843e-14
4.453204706e-14
4.323669882e-14
4.607716868e-14
4.420143496e-14
4.153570996e-14
4.1183827e-14
4.172621603e-14
4.40109496e-14
3.922862943e-14
4.293165143e-14
4.470041562e-14
4.02253623e-14
4.482047062e-14
3.99548936e-14
4.188712219e-14
4.128922527e-14
4.314562444e-14
3.930969013e-14
4.197043433e-14
4.521809676e-14
4.816431548e-14
4.439337608e-14
4.898336652e-14
4.295263603e-14
4.366118905e-14
4.677278713e-14
4.312649237e-14
4.237681936e-14
4.981823511e-14
4.513088689e-14
4.416499775e-14
4.614580199e-14
4.293900051e-14
4.539301309e-14
4.907545154e-14
4.208972803e-14
4.495156385e-14
4.352750644e-14
4.876966328e-14
4.093512493e-14
4.425497495e-14
4.663393051e-14
4.615801102e-14
4.786670006e-14
5.115627927e-14
4.718965332e-14
4.065899448e-14
4.067790917e-14
4.281424775e-14
4.327447608e-14
4.261668542e-14
4.969211378e-14
4.604128995e-14
4.214543991e-14
4.293030807e-14
4.426921416e-14
4.534465225e-14
4.223151886e-14
4.631944166e-14
4.53090201e-14
4.474585658e-14
4.714151149e-14
4.52054951e-14
4.466442796e-14
4.54538669e-14
4.51899992e-14
4.639055725e-14
4.623107968e-14
4.649436814e-14
5.261453711e-14
5.037276034e-14
4.363819288e-14
4.635162753e-14
4.476295242e-14
4.357027509e-14
4.278901625e-14
4.338066399e-14
4.809189912e-14
4.596734826e-14
4.28631843e-14
4.43941266e-14
4.552790307e-14
5.307349968e-14
5.174238585e-14
4.595760604e-14
4.665971028e-14
5.275025531e-14
5.221185674e-14
4.506740715e-14
4.865133961e-14
4.693617203e-14
4.85502755e-14
4.820083156e-14
4.607624674e-14
4.934749934e-14
5.597736184e-14
4.676226867e-14
4.745636852e-14
4.501735944e-14
4.598379979e-14
4.859233148e-14
4.929063036e-14
5.292196551e-14
4.623047843e-14
4.79443097e-14
4.772169385e-14
4.578995741e-14
5.748495583e-14
5.167008705e-14
4.496296528e-14
4.664722842e-14
5.39532271e-14
5.180859894e-14
4.572520283e-14
4.75073376e-14
4.681715204e-14
4.795814064e-14
5.698033796e-14
5.466015494e-14
4.781272616e-14
4.494535649e-14
4.999624681e-14
5.374086884e-14
4.527697189e-14
4.528934685e-14
4.637477737e-14
4.586363824e-14
5.150503349e-14
5.232706224e-14
4.685991261e-14
5.292764399e-14
4.682705283e-14
4.643019293e-14
4.920354742e-14
4.854735007e-14
4.881878474e-14
5.767095918e-14
5.157941244e-14
5.687313872e-14
5.057446949e-14
4.658343437e-14
5.716291702e-14
6.096588987e-14
5.154624787e-14
5.159529537e-14
4.618244926e-14
4.985708429e-14
4.906961427e-14
4.849982298e-14
4.8320748e-14
5.299595962e-14
5.058731789e-14
4.723581152e-14
4.961768973e-14
5.506640146e-14
5.049663156e-14
4.792383433e-14
5.033786385e-14
5.423167393e-14
4.950525662e-14
4.993247162e-14
5.20184203e-14
5.94413621e-14
5.57203228e-14
5.024244938e-14
5.269216832e-14
5.22408033e-14
5.236049303e-14
5.210502401e-14
5.390493909e-14
5.308009261e-14
5.846419285e-14
5.314416052e-14
5.363994501e-14
5.604273624e-14
5.359827586e-14
5.261477879e-14
5.965591238e-14
5.631961744e-14
6.179610812e-14
4.96286547e-14
5.378334145e-14
5.633354796e-14
5.360635758e-14
5.106753429e-14
5.233106184e-14
5.115411038e-14
5.134786523e-14
5.806658232e-14
5.219152469e-14
5.4777332e-14
5.072187235e-14
5.226061108e-14
5.364206183e-14
5.133899884e-14
5.808086625e-14
4.813335049e-14
5.944640273e-14
6.163816336e-14
5.284568534e-14
5.08468728e-14
5.138417389e-14
5.430288355e-14
5.067471115e-14
5.287814365e-14
5.449701403e-14
5.262429129e-14
5.685424268e-14
5.236628396e-14
5.319076768e-14
5.470381635e-14
5.783003802e-14
5.309644028e-14
5.216586345e-14
5.272952068e-14
5.700172942e-14
5.741567658e-14
5.922392985e-14
5.525483362e-14
5.235667323e-14
5.363490578e-14
5.208229354e-14
5.263723415e-14
5.64012139e-14
5.259714644e-14
5.626988756e-14
5.271852082e-14
5.44374041e-14
5.321914031e-14
5.783906832e-14
5.492312753e-14
5.306456184e-14
5.169440788e-14
5.622324062e-14
5.422667075e-14
5.305994051e-14
5.511905211e-14
5.441697089e-14
5.400935363e-14
6.307619626e-14
5.671782424e-14
5.161463315e-14
5.716737909e-14
5.661431169e-14
6.458650236e-14
5.289600153e-14
5.992427992e-14
5.720379715e-14
6.197052301e-14
5.914285544e-14
5.777035001e-14
5.494675904e-14
5.515844115e-14
5.946498036e-14
5.847243058e-14
5.884917327e-14
6.183393329e-14
5.384518646e-14
5.626605505e-14
5.552457521e-14
5.96473715e-14
6.511407208e-14
6.391703437e-14
6.094840672e-14
5.496284539e-14
5.621089893e-14
6.391481537e-14
5.868605676e-14
5.951700094e-14
5.617284382e-14
5.691980607e-14
5.923728583e-14
6.721560971e-14
6.418188316e-14
5.619779442e-14
5.622489077e-14
5.744588274e-14
6.074130181e-14
5.571355186e-14
6.019345683e-14
6.240277178e-14
5.922221715e-14
5.906898454e-14
5.430627784e-14
5.989604983e-14
5.922030317e-14
5.8698064e-14
6.140313096e-14
5.670195477e-14
5.864336389e-14
6.207543448e-14
5.935004897e-14
6.031934366e-14
6.061748418e-14
6.158597461e-14
6.643332862e-14
6.001517314e-14
5.948062892e-14
6.448849878e-14
6.427741151e-14
6.012438438e-14
5.895197456e-14
5.657149377e-14
5.845127543e-14
5.925669699e-14
5.958999392e-14
6.077675626e-14
6.58239387e-14
6.366288731e-14
7.64782479e-14
6.480124245e-14
6.091794236e-14
6.305743716e-14
6.31521657e-14
6.533072081e-14
6.60720057e-14
6.074962918e-14
7.131236511e-14
6.745854621e-14
6.086737799e-14
6.427840645e-14
6.072039845e-14
6.281835138e-14
6.369181856e-14
6.280082236e-14
6.176031538e-14
6.487459138e-14
6.14094147e-14
6.132262362e-14
6.438886635e-14
6.226715585e-14
6.550222245e-14
6.220930477e-14
6.160097199e-14
6.807394153e-14
6.693023123e-14
6.272772044e-14
6.360608944e-14
6.226953477e-14
6.239457381e-14
6.401796036e-14
6.961290961e-14
6.435071149e-14
7.131202481e-14
7.619194935e-14
6.539770946e-14
7.021350544e-14
6.974975091e-14
6.431513084e-14
7.028581061e-14
6.960862529e-14
6.619063961e-14
6.414212705e-14
6.224359467e-14
6.531649425e-14
6.65663961e-14
6.66838694e-14
6.857124799e-14
7.180065672e-14
6.877802252e-14
7.429051419e-14
7.053402051e-14
6.88999053e-14
6.577452949e-14
6.595796488e-14
6.686999563e-14
7.058912545e-14
6.492337804e-14
6.963138427e-14
6.954537461e-14
6.804705832e-14
7.199533422e-14
7.194705005e-14
6.981495423e-14
6.929558569e-14
6.920913354e-14
7.21432174e-14
7.586465116e-14
6.906873597e-14
7.386700107e-14
7.07683263e-14
6.862683234e-14
7.349530909e-14
7.231490647e-14
7.219135405e-14
7.561147502e-14
7.167467617e-14
7.7298227e-14
7.645224269e-14
7.578863649e-14
7.140448009e-14
7.233639963e-14
7.31290253e-14
7.635406642e-14
7.33762223e-14
7.573428741e-14
7.240983459e-14
8.177240293e-14
7.227833876e-14
7.480860721e-14
7.439095167e-14
7.321140201e-14
7.148286432e-14
6.875492026e-14
7.10907349e-14
7.198175696e-14
7.574138514e-14
7.527836902e-14
7.501319419e-14
7.90500958e-14
7.55332132e-14
7.531830981e-14
7.540446286e-14
7.334455359e-14
7.632490766e-14
7.397886666e-14
7.755021805e-14
8.220411495e-14
7.844886382e-14
8.384835872e-14
7.99781763e-14
7.49427686e-14
7.576689988e-14
7.620912289e-14
7.581668529e-14
8.385482339e-14
7.691312129e-14
7.824365995e-14
7.784202926e-14
8.024290151e-14
8.068686645e-14
7.872979311e-14
7.818782287e-14
8.323253605e-14
8.047625746e-14
7.722497507e-14
7.599794158e-14
7.711013547e-14
8.263881778e-14
9.161575464e-14
8.621306318e-14
8.494690524e-14
9.13716097e-14
8.22521872e-14
8.37723213e-14
8.525372525e-14
7.993086597e-14
8.581167993e-14
8.338939484e-14
8.130628398e-14
8.10760063e-14
8.408775432e-14
8.141857872e-14
7.965942168e-14
8.338332627e-14
8.385573604e-14
8.501748297e-14
8.4086421e-14
9.068268223e-14
8.500196534e-14
8.750485351e-14
8.449149252e-14
8.999398137e-14
8.510600664e-14
8.841102283e-14
9.645595478e-14
8.421142248e-14
9.201064876e-14
8.564510905e-14
8.795039157e-14
8.808925148e-14
8.609111871e-14
8.63991952e-14
8.66128069e-14
9.131499244e-14
8.729720606e-14
9.544079032e-14
9.216954971e-14
9.099132149e-14
9.314205082e-14
9.239524573e-14
8.817358389e-14
9.571853372e-14
9.010308507e-14
9.349226604e-14
9.427422042e-14
9.624710425e-14
9.146188535e-14
9.386186967e-14
9.533688927e-14
9.372587322e-14
1.056809873e-13
9.826433726e-14
9.622822533e-14
9.404712541e-14
9.785962517e-14
9.068167717e-14
9.279713195e-14
9.530948595e-14
1.009701568e-13
9.972898987e-14
9.44477679e-14
9.854420752e-14
9.652192695e-14
9.615244568e-14
9.73669434e-14
1.026765475e-13
1.048336436e-13
1.018418896e-13
1.025053666e-13
1.037028601e-13
1.009438008e-13
1.011686458e-13
9.979791019e-14
1.05785682e-13
1.014598296e-13
1.036460323e-13
1.035900728e-13
1.031470957e-13
1.045428653e-13
1.078703483e-13
1.029380176e-13
1.041133604e-13
1.038539508e-13
1.119102375e-13
1.159879982e-13
1.058158626e-13
1.056990248e-13
1.066563147e-13
1.115324545e-13
1.113371254e-13
1.057510591e-13
1.091402652e-13
1.123897068e-13
1.085543586e-13
1.102177215e-13
1.092154673e-13
1.139199442e-13
1.092883179e-13
1.10360291e-13
1.144515915e-13
1.143328241e-13
1.173096477e-13
1.108811886e-13
1.141310597e-13
1.181187889e-13
1.150756765e-13
1.175764529e-13
1.206760926e-13
1.276031337e-13
1.179355492e-13
1.188441336e-13
1.207731568e-13
1.174355982e-13
1.187659714e-13
1.224416131e-13
1.21746851e-13
1.270393416e-13
1.258481492e-13
1.268959994e-13
1.255217739e-13
1.343374253e-13
1.306170008e-13
1.282688086e-13
1.3200704e-13
1.251784284e-13
1.302835157e-13
1.297889184e-13
1.337528239e-13
1.341940997e-13
1.310853541e-13
1.38236185e-13
1.345913387e-13
1.374606709e-13
1.417073454e-13
1.393841386e-13
1.358185378e-13
1.358739533e-13
1.401555104e-13
1.362151764e-13
1.453976564e-13
1.428647219e-13
1.417198691e-13
1.465563538e-13
1.452193138e-13
1.414349126e-13
1.409691526e-13
1.441879172e-13
1.469621535e-13
1.46697549e-13
1.422662012e-13
1.478361816e-13
1.46537621e-13
1.490907178e-13
1.590036657e-13
1.527213525e-13
1.552560878e-13
1.606554047e-13
1.530745091e-13
1.534499721e-13
1.579310407e-13
1.568843416e-13
1.566148821e-13
1.73606416e-13
1.612640531e-13
1.612923299e-13
1.592888359e-13
1.670476498e-13
1.675860819e-13
1.726637421e-13
1.691407526e-13
1.77665929e-13
1.715662155e-13
1.697210465e-13
1.795953565e-13
1.73707512e-13
1.778964628e-13
1.748833596e-13
1.779211908e-13
1.754622629e-13
1.798274803e-13
1.79000952e-13
1.79920205e-13
1.819323917e-13
1.854480759e-13
1.899753236e-13
1.857002749e-13
1.87718816e-13
1.883081943e-13
1.931727629e-13
1.948227297e-13
2.015849426e-13
1.919054074e-13
1.961330857e-13
2.014445922e-13
2.014777127e-13
2.034697498e-13
2.06115926e-13
2.037820935e-13
2.069553826e-13
2.057726478e-13
2.148277523e-13
2.102632025e-13
2.109357122e-13
2.142577714e-13
2.203507735e-13
2.239643619e-13
2.242918045e-13
2.282565308e-13
2.272280871e-13
2.260022379e-13
2.313614104e-13
2.317070691e-13
2.407760672e-13
2.36336979e-13
2.403923398e-13
2.436149794e-13
2.435558052e-13
2.514894501e-13
2.483313526e-13
2.534991088e-13
2.533617533e-13
2.565734107e-13
2.607845609e-13
2.680804259e-13
2.704815861e-13
2.693348159e-13
2.756312062e-13
2.824800031e-13
2.807345724e-13
2.819891591e-13
2.866311101e-13
2.950871183e-13
2.995514789e-13
2.944229633e-13
2.988707088e-13
3.056246646e-13
3.029199904e-13
3.087172127e-13
3.11777838e-13
3.24665626e-13
3.169599328e-13
3.224020409e-13
3.283770216e-13
3.278297242e-13
3.258003213e-13
3.358957365e-13
3.437065222e-13
3.392155981e-13
3.511976232e-13
3.513059038e-13
3.560575117e-13
3.542370863e-13
3.608864483e-13
3.63286614e-13
3.65951979e-13
3.677415978e-13
3.685564633e-13
3.735779808e-13
3.834207665e-13
3.787246188e-13
3.783951417e-13
3.811216387e-13
3.791222208e-13
3.910157339e-13
3.98820525e-13
3.926455887e-13
3.924325887e-13
3.987919941e-13
3.986491671e-13
4.020284221e-13
4.022689314e-13
3.996073459e-13
4.037767367e-13
4.005952304e-13
4.007718606e-13
4.086886244e-13
3.984888673e-13
3.97181057e-13
3.982997853e-13
4.025000546e-13
4.041178318e-13
3.925540571e-13
3.950568815e-13
3.954582706e-13
3.889515317e-13
3.855770783e-13
3.853763079e-13
3.77684427e-13
3.803330538e-13
3.65040437e-13
3.600916444e-13
3.537314425e-13
3.496446315e-13
3.394922614e-13
3.307944956e-13
3.335345454e-13
3.217860347e-13
3.088976444e-13
3.028115221e-13
2.919494055e-13
2.794630918e-13
2.740710617e-13
2.68580579e-13
2.562671259e-13
2.434024897e-13
2.335823456e-13
2.236302244e-13
2.120135081e-13
2.024124456e-13
1.93813563e-13
1.833989195e-13
1.740527522e-13
1.636976617e-13
1.530363955e-13
1.436218496e-13
1.385470575e-13
1.264795389e-13
1.175985391e-13
1.106693254e-13
9.815813338e-14
9.461772325e-14
8.915764086e-14
8.103408694e-14
7.305185811e-14
6.507396266e-14
6.32672351e-14
5.385107478e-14
5.105404543e-14
4.617555387e-14
4.037389564e-14
3.740859051e-14
3.311140316e-14
3.00982852e-14
2.698271884e-14
2.332943164e-14
2.225275179e-14
1.918661993e-14
1.746657271e-14
1.542033261e-14
1.35547152e-14
1.208126274e-14
1.009895992e-14
8.087843531e-15
7.498096186e-15
7.018479498e-15
5.388236601e-15
4.560919484e-15
4.208803028e-15
3.865948174e-15
3.087886782e-15
2.210656953e-15
2.49947308e-15
1.946106122e-15
1.759918105e-15
1.356952422e-15
1.077936652e-15
1.042461742e-15
8.000324436e-16
6.993921459e-16
8.657483551e-16
1.033670781e-15
3.791315255e-16
5.515353075e-16
3.549086021e-16
7.549753507e-16
6.15934388e-16
3.163137444e-16
7.415334237e-16
4.313059303e-16
3.712699989e-16
2.239985298e-16
2.028152599e-16
4.951747756e-16
2.868470525e-16
2.731748631e-16
4.49407363e-16
2.593606439e-16
1.934206977e-16
2.735419919e-16
1.022920423e-15
1.180894011e-16
2.832012655e-16
4.542540621e-16
4.249523711e-16
9.800862876e-17
1.600701318e-16
5.158905063e-16
7.69933331e-17
2.676250797e-16
2.832494056e-16
1.258295343e-16
2.609003112e-16
8.802649494e-17
1.921517074e-16
1.218932991e-16
1.890914219e-16
2.065865751e-16
3.396488769e-16
3.633675547e-16
1.364985367e-16
2.23186659e-16
3.318064922e-16
3.371812957e-16
1.912296885e-16
8.396090927e-17
4.485030461e-17
7.569967517e-17
1.004703586e-16
9.750235778e-17
2.937799374e-16
8.615902087e-17
1.087352211e-16
4.629117451e-17
1.066786971e-16
2.139470468e-16
1.276227034e-16
7.657042776e-17
7.405849861e-17
4.482279116e-16
1.225316857e-16
2.248266851e-16
1.280617051e-16
5.828958868e-17
2.190754928e-16
2.975543733e-16
8.309318445e-16
1.558542618e-16
1.368807547e-16
1.494868046e-16
8.18714277e-17
1.792760034e-16
1.79188579e-16
1.19270539e-16
2.105525313e-16
7.102057517e-17
3.101253292e-16
6.412731268e-17
4.286798239e-17
1.17729053e-15
2.420559121e-16
5.380587306e-17
1.423854213e-16
6.158898832e-17
2.127107603e-16
1.548862849e-16
1.27941939e-16
7.374100412e-17
1.753141599e-16
1.496340472e-16
7.649058332e-17
1.447219478e-16
9.757693237e-17
5.703268307e-17
6.06709831e-17
4.936130339e-17
5.541109394e-17
1.521984498e-16
2.832033772e-16
7.258168475e-17
1.269193507e-15
1.623549706e-16
2.607467827e-16
2.293061836e-17
2.912552412e-16
4.996006639e-17
1.723534927e-16
5.871854526e-17
6.700274927e-17
5.620191e-17
3.148051704e-17
5.760373941e-18
1.153639479e-16
2.0822867e-16
6.287411137e-17
9.343817948e-17
5.723964798e-17
8.651631579e-17
4.411238648e-17
7.782999723e-17
2.130363427e-17
1.33369796e-16
7.128242615e-17
1.616303323e-16
8.738822496e-17
2.496506815e-16
2.489170569e-17
1.102171752e-16
1.042332988e-15
9.073009155e-17
1.379679524e-17
8.588184444e-17
7.234167258e-17
6.154219564e-17
1.209963363e-16
1.002602067e-16
1.874059208e-16
1.493661136e-16
2.292963342e-17
4.458827537e-16
1.421933018e-16
7.183295225e-17
1.117369072e-16
9.081253213e-17
1.779156487e-16
1.352384723e-16
2.527208144e-16
9.370618253e-17
1.733371922e-16
3.034663583e-17
1.221315082e-16
1.214976525e-16
1.358129691e-16
2.993077761e-16
8.033969499e-17
1.403525662e-16
7.236662409e-17
6.648499375e-17
1.462457726e-16
2.110763016e-16
6.358471787e-17
2.567644881e-15
9.389998719e-17
4.95237007e-17
7.953573002e-17
9.914924552e-17
3.632751048e-17
8.57535083e-17
3.854558201e-16
1.354650883e-16
8.777555878e-17
8.305793914e-17
1.329845189e-16
1.373752523e-16
1.909543987e-16
1.245718922e-16
1.123722471e-16
1.35950031e-16
3.161249253e-17
1.811815088e-16
8.463640275e-16
2.199644397e-16
9.902281854e-17
2.232568383e-16
1.400938195e-16
1.624287799e-16
1.288921768e-16
2.100110544e-15
9.428334629e-17
7.319680776e-17
2.442539418e-16
8.187302537e-17
9.625844912e-17
8.68537142e-17
2.86177559e-16
3.862253558e-17
1.7858051e-16
3.785732167e-16
4.64754586e-16
1.73947384e-16
6.118151335e-17
1.488545526e-16
2.216266965e-17
9.124520942e-17
2.483967244e-18
9.443036899e-17
1.529350312e-16
9.416024267e-17
1.189292939e-16
1.16229672e-16
2.814814927e-17
7.558905351e-16
1.545431274e-17
2.161575725e-16
1.691457447e-17
2.930816007e-17
1.87438875e-16
4.893932217e-17
8.195075871e-17
1.094219735e-16
2.001655831e-16
1.418537328e-16
8.754906252e-17
1.258846316e-16
1.313534974e-16
1.202011009e-16
3.964017808e-17
1.002302152e-16
8.925231335e-17
1.167141292e-15
3.537210756e-16
4.744255643e-16
6.315208279e-17
1.415696154e-16
4.897874704e-17
2.972190002e-17
1.121651574e-16
1.193659346e-16
1.132404296e-16
2.425787263e-16
8.398359467e-17
7.716595905e-17
1.57123429e-17
3.615779211e-17
4.695725642e-17
7.601815705e-16
9.027419485e-17
5.110553744e-16
1.859249055e-16
2.180985802e-16
3.439118552e-16
1.726992284e-16
8.257887329e-17
1.195016095e-16
1.050641459e-16
5.05451596e-16
3.174386939e-17
5.709515523e-17
1.006421568e-16
1.280869204e-16
1.992624784e-16
1.297304778e-16
9.247269059e-17
8.614458946e-17
1.579086236e-16
7.78989745e-17
3.120872468e-17
1.154509215e-15
5.947978513e-17
1.193562959e-16
9.58165162e-17
2.3437877e-16
9.859516785e-17
1.281574567e-16
5.02377327e-16
1.594522577e-16
4.726892863e-17
4.752628551e-17
5.734554271e-17
2.370337595e-17
1.734118166e-16
2.582425644e-16
4.407890454e-16
1.343597602e-16
1.201703974e-16
1.55779766e-16
9.2708247e-17
9.654665473e-17
1.473714947e-16
3.850643844e-17
1.166591662e-16
1.19432584e-16
9.927465486e-17
6.928862825e-17
1.539965369e-17
4.244142423e-17
1.180588018e-16
7.164978414e-17
2.239156275e-17
1.011727992e-16
6.781590514e-17
1.264929653e-16
7.357117843e-17
6.231122126e-17
8.621952928e-17
8.20343438e-17
8.139442879e-17
5.021529965e-17
1.752782463e-16
8.535224464e-17
1.226004497e-16
4.501128053e-17
1.667561336e-16
1.097146198e-16
1.848096928e-17
4.021167663e-18
1.015367536e-16
1.679877118e-16
1.188368601e-16
8.296515781e-17
6.947502403e-17
1.46917392e-16
1.459943514e-16
3.139902449e-17
1.169494361e-16
3.908451569e-16
9.043408954e-17
4.147436384e-17
1.232210763e-16
2.701916424e-16
6.162890738e-16
2.15993484e-16
5.110149209e-17
4.486042592e-17
6.479569106e-18
8.139848596e-17
1.17803312e-16
5.636375471e-17
1.167905422e-16
1.221832406e-16
2.345021173e-16
1.242515372e-16
1.310895099e-16
7.011598528e-17
1.833630388e-16
7.839680349e-17
7.673096237e-17
1.889925934e-17
4.960243909e-17
2.848639755e-17
1.497415918e-16
9.514917041e-18
3.084748879e-17
2.433818194e-17
2.327807604e-17
2.388964267e-17
1.245197348e-16
7.09678976e-17
1.281685266e-16
3.55144281e-17
1.281097621e-16
5.126493625e-16
3.521109028e-17
2.66467447e-18
8.975466324e-17
3.590349034e-16
6.97557666e-17
3.798808966e-17
6.236103402e-18
9.101757342e-17
8.446318599e-17
1.937577893e-16
1.905947652e-16
1.244174253e-16
2.016011585e-16
6.896784613e-17
8.472661026e-17
2.754466841e-18
3.389333349e-17
1.175156003e-16
2.1352088e-17
1.305425373e-16
1.038067105e-18
1.877004357e-17
4.29785582e-17
1.691737297e-16
7.430656015e-17
8.28142571e-17
2.75844753e-17
1.011292645e-16
3.367057445e-16
6.946146799e-17
5.690785736e-17
5.575992689e-17
6.072971958e-17
6.717079636e-17
6.265366383e-17
6.328397418e-17
5.638322818e-17
1.294587373e-16
6.599598132e-17
1.579316709e-16
2.050536718e-16
3.834415177e-17
1.062882482e-16
2.0015565e-16
1.123141922e-16
4.241008474e-17
1.458750963e-16
1.347442352e-17
2.833889235e-17
2.730820237e-17
6.092769364e-17
6.09422012e-17
3.192205349e-18
4.099397279e-17
3.93607452e-17
6.141656516e-17
6.423469606e-17
6.237674637e-17
4.415557757e-17
1.241251708e-16
3.545166321e-16
1.420367263e-16
3.527935377e-17
1.010162339e-16
1.062906735e-16
1.999491019e-16
1.244767684e-16
7.0356963e-17
8.633912994e-17
6.417190656e-17
4.195969711e-16
4.467675e-17
6.706945353e-17
6.384040076e-17
9.599451609e-17
2.81368596e-17
2.925316555e-17
4.603793528e-17
5.453416889e-17
1.1695845e-16
1.289260561e-16
1.179046458e-16
2.578632535e-16
1.757915442e-16
1.812569083e-16
2.802752807e-16
3.349525701e-17
4.416253224e-17
1.070268109e-16
1.302890781e-16
9.549286818e-17
1.05104645e-16
6.447581151e-17
2.326109289e-16
1.274314894e-16
1.329448115e-16
1.065763104e-16
2.142755838e-16
4.831639708e-17
1.178844923e-17
8.877482067e-17
7.293520835e-17
1.767243464e-16
2.123724171e-16
1.472721441e-16
4.904044666e-17
3.876579407e-16
1.476278065e-16
2.364159104e-17
8.49844521e-17
1.64294566e-17
9.205025098e-17
6.2073716e-17
1.487793954e-17
5.38318642e-17
1.910863279e-17
5.271177958e-16
2.724041983e-18
1.228354066e-16
3.891544354e-16
1.590656691e-16
9.140446471e-17
1.394341873e-16
7.399265437e-17
1.187265084e-16
2.688855155e-17
2.780719718e-17
3.903402893e-17
8.88794287e-17
1.907377938e-16
6.242401548e-17
3.115639911e-17
1.461814734e-18
8.160311943e-17
2.373263566e-17
2.817628489e-17
7.786573419e-17
1.381507561e-17
3.443924532e-17
1.712020068e-17
2.335913102e-16
1.281779853e-17
9.443198049e-16
2.670146188e-16
1.848391349e-16
1.509634671e-16
6.407780884e-17
5.521845452e-17
1.118878089e-17
3.311868779e-16
9.706307187e-16
7.291970067e-18
3.149683714e-17
4.175730812e-17
1.765610296e-17
6.290397073e-17
5.040182907e-17
3.735202654e-17
1.130171547e-16
2.956282121e-17
5.70357602e-17
7.811614209e-17
2.8249004e-16
8.450434419e-16
1.587100211e-15
1.855309923e-17
6.071424523e-17
2.047928251e-17
2.070790925e-17
4.251205653e-18
4.794831562e-18
2.872954883e-17
8.830535656e-17
9.986942971e-17
3.32174162e-17
1.175441598e-18
3.972047868e-17
1.229544163e-18
4.581688026e-17
7.993658348e-17
7.343138296e-17
8.008051748e-17
4.92769648e-17
6.349086545e-17
1.589742996e-16
1.026584165e-16
1.259138648e-16
4.604268564e-17
2.611694394e-17
2.201412342e-17
5.28244108e-17
2.599166853e-17
1.909290832e-16
5.600649922e-17
1.425706084e-16
6.263980899e-17
6.385691586e-17
1.55168897e-16
2.94006996e-17
2.00372304e-17
1.173732893e-17
6.950622844e-17
5.478645965e-17
1.706411443e-17
1.430062228e-18
3.12588429e-16
1.118194555e-16
7.981609093e-17
6.469882997e-17
3.213445503e-17
2.046781532e-17
5.288810632e-17
3.848957882e-17
4.07036921e-17
3.45776007e-17
2.980543631e-16
4.424481499e-17
1.343522221e-17
2.518391637e-16
4.051879268e-17
1.344932383e-17
2.57794698e-17
2.708116775e-16
5.427661726e-17
6.953470844e-17
2.277389756e-16
7.10192292e-17
1.351638163e-17
6.701589442e-17
1.152078944e-16
1.000301776e-16
9.476004473e-17
2.19165305e-17
1.09517012e-16
6.187285168e-17
1.028073758e-16
7.12825306e-17
3.134254404e-17
8.666885595e-17
6.821924206e-17
3.860470624e-17
3.481046244e-17
1.056718633e-16
1.138454882e-16
9.40891248e-17
1.034376355e-16
1.60203241e-17
7.253175013e-17
9.279476803e-16
7.834253434e-19
3.604851438e-18
2.221883193e-18
7.45895576e-18
1.07397165e-16
1.16472013e-16
1.136606623e-17
5.528357879e-17
5.031928575e-17
2.959373674e-17
4.629019176e-17
1.279639678e-17
8.540420809e-17
2.547757924e-17
5.754647612e-17
6.788561549e-17
7.238221477e-17
8.223458804e-17
1.630271782e-18
5.268962354e-17
4.322083331e-17
5.100716478e-17
4.575670497e-17
1.737146333e-16
1.04499749e-16
8.856814546e-18
5.52796861e-17
1.388275481e-18
8.45626819e-18
5.067530742e-17
1.484168572e-18
7.780611238e-18
1.504925909e-17
4.932149939e-17
8.158779874e-17
2.111171585e-17
5.996860811e-17
2.328828429e-16
3.291010287e-18
9.889675958e-17
7.562056011e-17
1.473495438e-17
4.868676468e-17
7.357114587e-17
1.377973531e-16
5.053176587e-16
5.642865631e-17
2.036080925e-17
1.37843868e-16
5.265089588e-18
1.784484294e-17
7.454652471e-17
3.070073227e-16
2.204152535e-16
7.797351878e-17
1.195003141e-16
5.37435629e-17
7.981338442e-17
3.196159176e-17
6.494244269e-17
6.38381384e-17
4.272007438e-17
6.622002793e-17
9.393277782e-18
7.922206772e-17
1.116513313e-17
8.457744737e-19
1.235219702e-17
2.563622432e-17
1.0341583e-18
6.86640781e-17
3.535376041e-17
1.399920953e-18
2.213908065e-16
1.110945357e-16
4.643509621e-18
2.834361074e-18
5.261866509e-17
3.615152731e-17
1.44425368e-17
1.056398936e-17
1.307930719e-17
1.853862194e-16
2.148189241e-16
1.35823163e-17
1.22774302e-18
4.499503399e-17
1.37763227e-16
8.812291315e-17
1.728261895e-16
3.904674146e-16
9.114780408e-17
9.603467789e-17
5.090095951e-17
6.181986302e-17
3.552460984e-17
7.04950385e-17
5.924347512e-17
2.655044217e-17
4.078836321e-17
1.619310592e-16
1.47520203e-16
2.294354361e-16
2.634398272e-16
1.574476972e-17
3.324268213e-17
4.018847234e-17
6.410361367e-17
9.99167874e-17
8.445262473e-17
5.159014353e-17
7.564633804e-17
1.020267333e-16
4.577720826e-17
9.713285108e-17
7.649168088e-17
1.163489022e-16
1.025790003e-16
1.174850721e-16
5.805372633e-18
2.30933142e-17
3.557404241e-17
4.332414455e-17
3.914936896e-19
3.184524702e-17
1.627860265e-17
5.223129867e-17
5.092010902e-17
5.019768068e-17
7.583455754e-19
2.416884828e-16
1.451533338e-18
4.098931447e-17
6.504002058e-17
1.365517091e-16
1.203641037e-16
3.568460791e-17
1.690678471e-17
1.333093487e-16
4.214425475e-18
4.190030255e-17
6.62160397e-17
2.448972316e-17
5.765806501e-17
6.280969532e-17
1.093239746e-18
1.919497554e-17
3.44632231e-17
1.433635062e-16
4.858905303e-19
1.465983612e-16
1.142827973e-16
4.469714427e-17
2.57874934e-17
2.773040323e-17
1.205730425e-16
2.335396118e-17
4.835831448e-17
9.310769118e-17
6.937889378e-17
2.426926131e-16
1.557375112e-17
1.397772643e-18
1.24111954e-17
1.622732795e-16
7.881781312e-17
5.292462974e-17
9.287239842e-17
1.411757037e-18
2.147700451e-17
1.505523576e-17
1.331413984e-17
2.072124378e-17
7.075560958e-17
1.231009553e-17
9.991479841e-18
4.664450181e-17
8.971862797e-17
6.559033844e-17
1.005050695e-18
3.945213759e-17
7.470028922e-18
7.34740517e-17
2.292477729e-17
3.276338626e-18
5.95079116e-19
5.871407292e-17
1.310953063e-17
5.995207501e-19
7.682828283e-17
2.271423349e-17
7.591900679e-19
1.815345618e-17
8.35228197e-17
4.158724421e-16
1.283825126e-16
1.178684468e-17
4.103516573e-17
6.524580008e-17
1.1865273e-16
3.74364139e-17
2.488134602e-16
1.096521289e-16
2.469084578e-16
3.203765482e-17
6.919215119e-17
1.755578916e-17
1.421154972e-17
1.423763546e-18
5.66429606e-17
1.275357017e-17
5.732648902e-16
3.009624066e-16
5.099925895e-16
1.668300014e-18
6.115614093e-17
2.609361131e-17
1.537430351e-16
8.268094895e-17
7.000791103e-19
2.224462771e-17
4.610078144e-17
5.112694481e-17
2.350516045e-17
5.520169729e-17
7.02672763e-17
2.155178885e-16
2.249096282e-16
1.710295313e-16
1.623020605e-17
5.797934905e-17
1.511410057e-16
2.12320027e-17
1.117269806e-17
1.26377907e-17
4.577112383e-17
8.027257773e-19
6.048432175e-18
2.689623331e-17
2.313431027e-18
7.429642189e-19
4.413306739e-17
4.775830376e-17
4.772046854e-17
3.201093791e-17
4.510006536e-19
6.865266492e-17
6.625697348e-17
5.255532337e-17
1.322096927e-17
1.132867496e-17
1.568541527e-16
7.745823941e-17
3.133277477e-18
1.72550485e-17
2.146878636e-17
2.444745203e-17
8.560072748e-17
2.532062994e-19
1.204876822e-17
1.513320457e-16
1.693819918e-16
6.698768335e-17
4.779633855e-17
5.310710317e-17
2.309873595e-17
1.248354678e-16
2.832865963e-16
6.777522477e-17
5.174131944e-17
3.337619985e-17
3.534433798e-18
1.853438394e-17
1.105763357e-16
4.235829482e-17
1.394472236e-16
5.340401925e-17
1.107074534e-16
1.603052979e-17
1.622736275e-17
6.368089542e-17
5.810397304e-17
4.183361379e-19
6.153045848e-16
2.678068389e-19
1.902982361e-16
5.670786854e-19
1.703857351e-17
3.626667189e-17
2.56223598e-17
1.993847971e-17
3.59397683e-17
7.895719134e-17
1.709914787e-17
8.127230261e-17
2.344294922e-17
1.210506181e-17
1.139108867e-18
7.092029933e-16
2.268165725e-17
8.116485217e-20
4.244937694e-18
6.911004322e-17
6.037049566e-17
3.761937402e-17
1.060833766e-17
6.983433462e-17
5.817413075e-17
8.911115344e-17
2.831839126e-17
1.535324519e-17
3.583053541e-17
5.079590298e-17
4.824321517e-17
7.119263697e-17
1.145873105e-17
1.383254347e-16
9.660410328e-17
9.647157828e-18
2.527009141e-17
1.723374364e-16
5.78833094e-18
4.880089831e-17
6.994215563e-16
1.562876911e-17
1.977225097e-17
2.92291528e-17
1.158092104e-18
2.274961153e-17
1.44371951e-17
3.163872489e-19
2.169945461e-17
2.401766543e-17
7.805314798e-17
6.078266433e-17
3.07892265e-16
1.570834343e-16
1.900103825e-18
1.738824279e-16
6.754467559e-17
1.043145179e-18
1.301238073e-18
3.70359481e-17
4.407342171e-17
3.05008065e-17
1.268623511e-17
1.518046217e-18
6.502703147e-19
7.370786761e-19
1.129074123e-17
1.077502591e-17
1.048273218e-17
3.73454962e-20
2.978579487e-18
3.271516531e-17
5.56669023e-19
3.498679078e-17
9.115669616e-18
4.76743129e-17
1.30764417e-17
1.855234147e-17
1.273355689e-16
3.991802514e-17
1.560106494e-16
1.347451275e-16
2.006968783e-17
1.064237087e-17
7.633320098e-18
2.095435635e-17
1.152784543e-18
6.448372353e-17
2.56007256e-17
2.74918733e-17
4.292603394e-16
5.374662989e-16
5.21362343e-17
5.00915322e-18
4.482190171e-19
3.958831956e-17
2.147964702e-17
2.516764946e-18
1.559877357e-17
4.556942339e-18
1.716646725e-17
1.307053876e-17
2.956819049e-17
1.251718696e-16
1.255300525e-17
2.634472483e-17
1.664492779e-17
4.280938908e-17
1.279097256e-16
2.870854074e-17
4.037089728e-17
9.303882344e-17
5.361437583e-17
3.618489421e-19
1.108710817e-16
2.33284161e-17
3.030520326e-19
1.254041868e-16
1.542539588e-17
2.128345329e-17
2.120931305e-17
6.732399701e-17
4.61110469e-17
2.574915898e-18
7.944234064e-19
7.473636945e-19
4.776552602e-19
1.882809906e-18
2.375503824e-17
1.385312086e-17
6.021974103e-18
9.810429701e-17
1.489541247e-17
1.393200724e-17
3.499284374e-17
1.643381209e-18
6.133480889e-18
1.224723259e-17
8.638363383e-17
4.108166573e-17
1.197886595e-17
2.15854945e-17
4.891193456e-17
7.534295359e-17
1.116092068e-17
1.105745059e-16
5.146877482e-17
1.766142655e-17
2.957190173e-18
4.310991075e-19
5.600122063e-19
8.371858855e-17
2.675829078e-17
3.234072396e-18
3.538335313e-17
1.600592595e-18
6.78243154e-19
4.730223412e-17
1.219896439e-16
1.627939688e-17
9.639272862e-17
3.690977644e-17
7.381874545e-17
5.241487008e-17
1.245253924e-17
3.466987273e-17
2.410317738e-17
2.227326637e-17
1.055428091e-17
6.027738977e-17
4.239539974e-17
1.854975849e-17
3.020399201e-17
1.316859053e-17
1.136333996e-17
9.048887695e-17
8.706453409e-20
4.053371455e-17
2.599877557e-17
1.184188751e-16
4.001159067e-17
2.523968655e-17
2.330457216e-17
3.772230357e-17
3.888420028e-17
2.261225205e-17
4.706613848e-17
8.853419039e-17
4.83183193e-17
8.01342628e-18
1.787473424e-17
2.329835514e-17
4.599614399e-17
2.748539362e-19
1.462794425e-17
8.158079957e-17
6.480792996e-17
3.218936848e-17
7.40128583e-17
1.224110951e-16
4.091827426e-17
1.693852216e-17
4.585354484e-19
8.416757178e-17
3.046112658e-17
2.68604156e-17
2.216823177e-17
1.458713047e-17
8.069504018e-17
8.664718615e-19
1.211977315e-17
1.47918334e-17
2.922273535e-17
6.572534258e-17
2.649055404e-17
3.410597844e-17
2.939363008e-17
3.47739203e-17
1.109735504e-17
1.34776347e-17
6.501755291e-17
2.253271295e-17
5.582102059e-17
1.774770098e-17
1.14576013e-17
8.821090247e-20
7.325305847e-17
1.636240357e-17
9.157087616e-18
2.880123155e-19
1.049082111e-17
3.99837916e-17
2.818394052e-17
2.774033523e-17
2.925530486e-19
4.617940726e-19
1.192754669e-17
2.737172163e-17
1.449432761e-16
8.807547592e-18
2.549361649e-17
1.268309289e-16
2.886614899e-19
5.69431183e-17
2.251083763e-17
6.675727998e-18
7.378253548e-17
1.64706584e-19
7.676391314e-17
5.345925005e-19
3.413292638e-19
6.963765179e-17
2.072189121e-17
7.156064712e-17
7.876622054e-17
7.906661655e-16
6.45570341e-17
3.338750186e-17
6.21701555e-17
1.399941137e-17
7.70808964e-17
3.095871736e-19
1.896092252e-16
9.140000437e-19
5.07743862e-17
4.227732992e-17
1.968819568e-18
1.036085018e-17
2.776220666e-19
5.367772732e-17
4.404276881e-17
2.151599163e-17
2.810755622e-17
6.967410057e-17
1.46989642e-16
7.768169817e-17
4.350397511e-18
4.15735731e-17
1.58884573e-18
3.669333503e-20
3.284041687e-17
4.860803679e-17
1.562487182e-17
6.026126716e-17
6.549094977e-18
9.217466977e-17
5.098945731e-17
4.522844379e-17
8.185383945e-17
6.078465132e-17
1.876959284e-19
9.269798417e-17
6.92254184e-17
1.070962616e-17
1.713899638e-16
3.475824969e-17
1.921075849e-16
1.076039104e-16
7.285331806e-19
1.021954833e-18
2.173129283e-18
7.857245527e-18
8.24024506e-17
2.82527299e-15
1.046061523e-17
2.594306046e-17
8.097617041e-17
6.304608388e-17
8.449207565e-17
5.799800932e-20
5.565634388e-17
3.477918631e-17
5.792245099e-19
2.604949257e-17
2.730963969e-17
1.737478793e-19
4.261661589e-17
5.169095859e-17
9.600607962e-18
3.638575612e-21
2.98196117e-17
2.223440154e-16
1.037001978e-16
1.927422402e-18
2.791462629e-16
1.53968481e-17
6.317589233e-17
1.168687891e-17
3.850703558e-17
6.887830912e-17
5.506182932e-17
6.882288249e-17
3.141249733e-18
1.420730469e-17
1.136910714e-17
7.05837608e-17
1.822585084e-17
3.736123341e-17
2.380499016e-18
8.895679832e-19
2.701061662e-17
1.702024121e-19
2.838264155e-17
3.742815397e-18
1.343941922e-17
2.165582179e-16
4.966623131e-19
6.176120662e-19
2.054134648e-17
2.457582746e-17
3.338666051e-19
6.025260392e-17
1.957678725e-17
1.693869882e-17
2.803237002e-17
9.745559174e-20
3.179718529e-19
1.356694414e-17
6.622321126e-17
1.861749342e-17
4.330526603e-19
1.020358556e-17
1.000947554e-16
7.166276037e-17
3.489888817e-17
5.215099158e-17
8.527568768e-19
1.126403319e-17
1.750632384e-17
1.325552904e-16
9.327372463e-17
4.436201523e-17
2.010731075e-17
8.969146535e-19
3.790894406e-17
1.969437319e-17
8.206056496e-20
1.461989253e-17
3.12011143e-19
1.252906419e-17
4.606121843e-17
5.847563373e-17
8.321391242e-17
3.690998068e-17
1.591494048e-17
1.953261013e-17
1.740501701e-17
2.649254274e-17
6.18030455e-17
1.063978238e-15
5.026197665e-18
2.903850145e-17
1.09891897e-17
1.198884605e-17
2.173314897e-17
3.235934799e-18
2.623330902e-17
3.649764749e-17
5.262132466e-19
2.206865499e-17
2.842417743e-17
3.204286779e-17
1.011312478e-16
4.604885692e-18
5.45139612e-19
4.130027713e-19
5.062401475e-17
6.708510466e-17
3.447546483e-17
2.573879451e-19
1.184005669e-17
1.996704155e-17
1.553043295e-17
4.233739866e-17
9.513633146e-17
3.612744084e-19
1.031243892e-18
8.554036732e-17
7.46671187e-18
2.367665974e-17
2.99492178e-17
7.63284557e-19
4.451509757e-19
5.044927601e-19
4.182921884e-19
2.167659714e-17
2.59811456e-19
2.20323581e-17
3.465322517e-19
2.167411657e-17
2.739249181e-17
1.611165391e-17
2.007441454e-17
2.332794413e-19
1.115718082e-17
6.92441858e-16
4.551105032e-17
8.379753003e-19
2.652834138e-17
2.300585813e-19
9.818130737e-18
5.524068591e-19
5.144697228e-19
5.084966356e-19
4.07053128e-19
5.615827373e-18
8.236679775e-18
7.903461406e-17
1.425404981e-19
1.436802218e-17
1.615586066e-19
1.715034402e-17
6.936335349e-17
2.713259169e-19
9.861861039e-17
3.379451651e-17
1.561455089e-17
1.145772628e-17
6.068295587e-16
1.374685259e-17
1.323396089e-17
6.812604785e-19
5.202867008e-19
3.458311087e-19
8.263256913e-18
8.686242629e-19
1.0465718e-17
6.00472201e-19
4.616077378e-19
2.80189076e-19
7.288020428e-20
2.51373236e-17
1.932902637e-19
6.857078399e-18
3.773304384e-18
4.048551701e-19
1.141734295e-18
5.195866049e-17
3.332711199e-18
7.939274888e-17
7.964682819e-19
1.366264271e-16
4.334837355e-17
8.285398687e-19
1.652644636e-19
4.806974439e-17
5.829796608e-19
6.755165176e-17
1.339467377e-17
4.441185828e-19
8.524500834e-19
5.417515311e-17
6.82105559e-19
3.343572703e-18
6.300389225e-19
3.613704062e-17
1.762310362e-17
9.944320186e-18
1.204723474e-18
4.726610278e-17
9.131108941e-17
2.112824497e-17
6.738569755e-17
9.887107627e-17
4.622743103e-17
9.731888199e-18
3.04906629e-17
3.319887528e-17
4.366246128e-17
5.851873757e-17
2.781916303e-17
5.624054846e-17
2.164500285e-18
4.317085845e-18
1.840429089e-19
4.810514377e-17
1.039440644e-17
4.183785539e-17
3.767805233e-19
1.380647236e-17
2.008022028e-19
8.668159303e-18
2.272878778e-18
1.282541951e-18
1.455005718e-19
3.781982376e-17
9.809552091e-18
6.160595514e-19
9.87451698e-20
4.985497336e-20
1.988178845e-19
5.631206434e-17
3.590814061e-20
5.693895072e-18
3.053351004e-19
2.656492917e-17
1.622896754e-19
9.114163147e-19
8.449862031e-19
2.083473957e-17
8.546949551e-19
3.482974225e-18
1.938374271e-17
1.75870216e-17
3.200406058e-20
3.048778382e-19
2.97938912e-19
1.504478972e-17
4.929907537e-18
1.128560605e-17
2.995557015e-19
1.214282469e-17
1.821217471e-19
4.956743365e-17
1.027059348e-17
4.146358888e-19
7.938938385e-22
8.244913586e-18
4.08120209e-19
1.170582411e-17
1.590578383e-19
1.135537921e-18
1.68692082e-19
7.717415798e-19
1.757355445e-19
3.271126343e-18
4.769125353e-18
2.759595821e-19
6.599356098e-19
6.398049714e-18
4.516542774e-24
6.337143362e-19
4.229251363e-21
1.703163807e-19
2.526900866e-17
4.058646573e-18
1.177255462e-17
2.579793091e-17
1.564398364e-16
1.215958741e-17
1.105027239e-17
2.168069305e-19
8.396071221e-20
1.135460313e-19
1.830071324e-18
4.024084225e-21
1.877288608e-17
3.495449371e-20
8.464396438e-18
1.253819662e-17
2.788654851e-19
4.001857622e-19
1.1377217e-17
1.076165873e-16
1.486491434e-17
3.438289797e-19
1.22880541e-17
5.917176315e-17
2.313601593e-17
1.125307538e-17
8.105784928e-18
1.80734224e-18
7.535169161e-19
2.296590043e-17
6.275252534e-19
3.397498356e-19
2.391734993e-21
2.120305466e-19
1.300118363e-19
1.346612826e-18
2.294646805e-19
8.84100675e-18
2.701920274e-17
1.001732976e-17
5.386956535e-20
2.549264114e-17
6.74733556e-19
2.126728493e-18
7.920219693e-18
5.38120261e-17
1.446753833e-19
1.862389998e-19
2.950060684e-17
1.115033853e-19
1.010215807e-18
2.392684342e-19
9.597413524e-18
6.410265456e-17
1.847670142e-19
8.05400463e-20
1.588315186e-18
4.040958266e-18
3.171072477e-19
1.34348099e-17
8.129580944e-17
1.970185185e-19
4.332942608e-17
3.041349683e-17
8.770731481e-18
1.239506805e-16
6.404929992e-17
4.500228064e-17
1.380186398e-16
5.125945748e-18
6.513153055e-20
4.421106873e-18
2.724106056e-19
4.662928677e-17
2.927515915e-17
1.4975004e-18
6.62131089e-19
1.00954967e-18
1.826691626e-17
2.729812975e-17
2.853920713e-17
5.73343683e-19
3.655912563e-19
2.713860557e-17
1.047591675e-19
1.652072672e-18
1.758867398e-17
1.572205021e-17
1.562636767e-17
1.466022485e-17
1.244731819e-17
1.199491411e-17
1.157499215e-17
4.007375131e-17
3.029553749e-19
3.853142449e-19
3.004610794e-19
1.411447708e-19
1.846437408e-19
9.809243101e-17
1.956788162e-17
1.195381126e-17
1.482117147e-19
6.515539448e-17
6.567868195e-20
1.726844274e-17
2.005522383e-19
3.069635816e-19
1.373622732e-20
6.783433025e-18
2.068006758e-18
2.703990643e-17
4.947300356e-18
8.557321982e-17
1.927643043e-17
5.441115329e-17
1.920940274e-16
6.24733269e-20
2.354191039e-19
2.0236307e-19
1.836795804e-17
1.102096018e-18
9.8257637e-19
2.025751376e-19
3.053882415e-19
3.399469194e-19
1.308952249e-18
3.11701974e-19
5.275531241e-18
4.473113115e-19
3.746646903e-18
6.975815473e-19
1.771871751e-17
1.864474007e-17
6.062276414e-19
1.362013504e-18
3.102140015e-19
1.853820685e-18
4.883109744e-19
1.76611143e-18
2.023860843e-17
1.636826585e-19
3.10023439e-17
3.213168173e-19
1.583297929e-17
3.017501248e-19
3.856421191e-17
4.71492939e-17
1.249983732e-17
1.408425343e-19
5.472337513e-17
1.170439148e-17
4.744405672e-17
1.501948318e-17
1.042738508e-17
1.25795637e-17
1.282125573e-17
2.619131189e-17
2.21786988e-19
6.228946328e-19
3.87872411e-17
2.828269699e-20
4.035746519e-17
8.694640013e-19
4.359115265e-19
5.638365043e-19
2.62284731e-19
6.28679307e-19
9.278625012e-20
1.113349118e-20
7.365796846e-19
1.078807965e-17
3.243612026e-17
1.25627476e-17
1.091946438e-17
7.536682535e-17
9.172432407e-17
4.933261534e-17
5.42873922e-20
5.62322644e-17
1.2230182e-17
6.979463344e-21
1.021223498e-16
1.600824185e-17
1.371007481e-19
1.412227347e-17
4.94179549e-17
2.862013852e-17
2.285346322e-18
4.395211671e-20
3.240788362e-19
4.580013923e-17
2.339064053e-19
4.561780642e-17
5.379417225e-17
1.43517965e-18
3.735707679e-18
2.696684176e-17
2.311783339e-17
4.065719114e-17
5.481974467e-20
2.312097074e-19
1.141470705e-19
5.877098862e-17
2.066251766e-19
2.796597855e-19
1.739494954e-17
6.044526606e-19
5.658424291e-18
4.932459504e-17
1.64919259e-22
6.075470323e-23
4.377759563e-17
8.279551674e-20
6.552964896e-17
1.259818644e-19
1.035128796e-20
3.146472525e-19
2.743638648e-19
7.419856841e-19
3.421687329e-19
1.113574562e-17
1.603881971e-19
6.716272988e-20
3.409098224e-18
3.180455014e-19
6.535216743e-20
2.120319771e-18
6.848177784e-19
1.001582713e-20
2.199194896e-19
8.603672672e-20
1.292870341e-19
1.225655091e-19
3.004023454e-20
9.032204268e-19
4.168123412e-17
1.502778317e-17
1.203041086e-19
9.23895637e-20
5.571403565e-20
1.285883632e-19
6.140600253e-20
1.388231989e-19
1.250200341e-19
4.16644569e-17
1.511194772e-19
1.593495123e-19
2.235707877e-19
2.555916313e-19
1.356353613e-17
1.337473665e-16
4.277173449e-16
4.749674662e-19
5.39772659e-19
7.194132352e-19
8.675806582e-24
8.096400386e-20
1.495260943e-17
2.834467844e-17
2.284326697e-17
1.308324795e-19
2.95300842e-19
1.980982686e-19
1.832818698e-17
2.035684925e-19
2.61671961e-19
1.606109309e-19
1.34486136e-17
2.546929864e-19
1.190786231e-17
2.111579346e-19
1.352945143e-17
2.9544847e-19
9.677997678e-17
1.149421685e-17
2.923966765e-17
5.78104879e-19
1.152628267e-19
3.916879487e-19
2.397814639e-17
3.669909086e-20
1.636545511e-20
5.201838725e-20
1.444105923e-19
3.161181056e-19
2.400039557e-19
3.855206844e-19
5.115971447e-18
1.892437163e-19
4.71191718e-19
1.515135844e-20
1.054190515e-19
1.125486275e-16
6.497139281e-19
9.403019033e-19
1.365585842e-18
1.146492888e-18
3.561809296e-19
1.424297295e-17
6.71436506e-18
6.943074736e-20
2.855304577e-19
3.177170927e-19
4.530221905e-19
2.072905164e-21
2.688486639e-18
1.978395524e-20
2.694425112e-19
5.838201879e-18
1.539526053e-17
7.313925592e-19
3.822962239e-19
9.740581724e-18
4.210011134e-19
2.379016896e-19
1.430735899e-19
1.326277278e-19
7.098304918e-19
7.287718112e-19
2.350998698e-19
1.386738682e-18
6.438525858e-19
7.427088504e-19
1.071722358e-18
3.289911255e-19
1.70634969e-15
9.88176896e-19
1.368156064e-19
3.586369921e-17
3.057581135e-17
6.167238262e-19
8.428181361e-20
5.153028372e-19
2.058167467e-22
1.294128096e-23
2.281586456e-19
3.167680038e-19
1.581086343e-19
4.659254198e-19
2.269898507e-19
1.137227451e-26
4.463928618e-19
3.811601702e-19
7.605182143e-19
5.113830726e-19
1.054092788e-28
5.959077732e-19
2.176631601e-19
2.556233762e-19
6.037135241e-16
1.994661265e-19
3.374385211e-19
1.195305758e-17
2.628736628e-17
1.934421971e-19
1.672468913e-19
3.264195333e-18
4.810389187e-19
1.805965461e-19
3.68299515e-17
4.642294752e-19
9.121114883e-19
7.453644747e-19
3.976980261e-19
2.261670861e-19
3.850547154e-17
4.591096748e-19
1.134789853e-18
2.018520567e-18
4.461454115e-18
5.79512519e-19
2.269332516e-19
7.424304623e-19
1.979965434e-19
3.897821896e-17
5.992321052e-20
2.963010335e-19
1.945182539e-17
6.272362525e-19
1.822712904e-17
3.390855743e-17
2.640853421e-19
2.23582149e-18
4.712552267e-17
5.303431214e-19
4.32993124e-19
7.977065955e-19
2.331350111e-19
1.057938222e-17
2.799498579e-17
3.670678958e-17
4.098920164e-19
1.944581662e-20
2.386771264e-17
2.200470429e-17
2.824785943e-17
3.662579066e-17
1.840475445e-17
9.507855307e-20
4.073341598e-17
1.520643506e-19
1.308186013e-17
1.168159028e-17
3.865746217e-19
6.70861672e-17
4.004044203e-17
9.173064283e-20
1.203422225e-20
4.422252858e-20
1.757438602e-17
3.184323552e-19
1.675897688e-17
2.498580169e-19
1.253128992e-17
2.779567461e-19
1.09554634e-17
1.180164401e-17
1.362819387e-17
1.604224369e-17
8.252259385e-19
5.92452968e-19
2.611884849e-19
8.064231054e-18
8.095550888e-19
8.417944544e-20
9.840890567e-17
1.216771879e-19
1.467233388e-19
1.717103063e-17
1.939984647e-19
5.024454624e-20
2.7520125e-19
2.558299798e-23
9.984436052e-20
1.348876753e-19
1.72926123e-19
1.68900409e-17
1.072759842e-18
5.927933434e-19
2.96405478e-19
2.155285196e-29
1.025657667e-20
1.10536196e-18
4.238507015e-19
2.712225759e-16
1.428494317e-18
1.292456133e-19
6.847013745e-20
3.830460086e-21
1.203941132e-17
1.086240096e-17
4.343519038e-17
7.005327196e-19
2.040162096e-17
1.815327943e-19
8.4564216e-20
3.745796897e-20
3.369558774e-19
8.060630631e-19
9.249621749e-20
1.907066067e-17
2.977308589e-19
2.864396016e-20
6.704077976e-20
0
1.150478814e-19
7.580767732e-20
0
4.221080088e-19
1.551628229e-19
9.887292135e-18
0
1.164347174e-17
1.020370151e-16
3.22037308e-17
2.791302686e-21
2.343145971e-19
2.032735838e-19
8.865657788e-17
1.572452783e-16
3.998668864e-17
9.81511614e-17
4.947670759e-17
9.07474893e-20
4.17890552e-17
1.347422531e-19
6.052914877e-17
2.171270893e-17
2.007944432e-16
1.698534917e-18
3.905838113e-19
1.371142589e-19
1.286660256e-19
1.210214758e-21
1.744715251e-20
1.699349773e-19
1.290013856e-19
3.205136602e-21
8.492807302e-28
8.004082087e-19
1.515812368e-19
3.876593606e-24
3.510661722e-19
2.776238798e-20
1.263915848e-17
1.504591497e-17
5.115850222e-18
2.425777149e-19
2.248392372e-19
1.245450415e-19
6.042788067e-20
2.481083332e-19
1.510510096e-19
1.047029147e-19
3.419102778e-19
3.616218276e-20
6.128462235e-20
4.267605795e-19
3.196704679e-17
1.176472034e-16
1.036628e-16
4.209896496e-19
5.671488475e-19
6.942168661e-20
2.539735855e-19
5.489907821e-19
2.284544643e-17
2.243427308e-17
1.778990967e-19
1.548936797e-17
8.611727365e-19
2.931497165e-19
1.4569544e-17
1.246080412e-17
4.144554829e-17
1.299011524e-17
2.023981116e-17
6.50503153e-20
4.064024365e-19
2.688922755e-19
2.303038407e-19
7.323087899e-19
6.794828639e-19
7.796168576e-20
4.555528749e-19
1.085353267e-19
2.330528501e-20
1.184469148e-19
7.16788563e-20
1.260524271e-17
1.929050176e-19
1.333128645e-19
3.033014542e-19
3.671719128e-19
1.516674681e-19
2.34943483e-19
5.049793537e-19
1.644220997e-21
1.225400338e-19
1.06866271e-17
2.666168847e-19
2.364210153e-17
1.800191577e-19
1.240227892e-19
3.39921785e-18
5.12651534e-19
1.326022903e-17
1.88145052e-19
2.460335928e-19
2.41214839e-21
5.234119546e-19
8.488672626e-18
1.910069027e-19
3.683760783e-19
8.249147191e-19
6.516403155e-20
4.26836516e-19
4.856445376e-20
3.078608125e-19
1.274904925e-19
1.648784785e-19
9.223074757e-19
9.685049539e-19
8.260436118e-21
8.520690009e-18
3.344166418e-19
2.41198294e-21
1.586538946e-19
5.002815598e-19
2.835525075e-19
7.335033478e-19
1.050953456e-18
4.868351469e-19
2.67836476e-19
1.936344013e-19
1.036163997e-17
4.570376614e-21
3.079485764e-19
1.20416259e-19
1.53527664e-17
3.72295397e-19
3.166131558e-18
3.046001462e-19
4.437651266e-19
6.696247237e-19
1.681615388e-17
1.13767885e-17
1.058771158e-18
3.150862806e-19
1.154649919e-19
6.269515511e-19
1.296870029e-19
2.526245553e-19
1.413368653e-18
4.225477694e-19
1.713856316e-17
4.990039262e-19
1.999109895e-19
7.059196091e-19
1.411436274e-19
4.988255814e-20
3.97941708e-19
3.767663317e-19
1.09655137e-19
3.1776349e-17
5.480745846e-19
3.414124963e-28
5.489303475e-17
4.69840604e-19
5.154122906e-17
5.865923551e-18
4.441008001e-19
3.947472808e-19
3.394712348e-19
1.419301133e-17
2.729967047e-17
1.094612142e-17
1.158706527e-17
5.29804933e-17
2.778109345e-21
1.860174111e-17
1.534424068e-18
4.976810383e-19
4.773553175e-19
1.305364829e-18
1.071147392e-19
3.208945373e-19
1.560320998e-17
9.721816162e-20
2.346586771e-19
3.720502995e-19
3.60239774e-20
5.339072552e-20
1.364785407e-19
1.423356189e-17
1.918002217e-19
3.044992755e-19
2.522577778e-19
3.973618187e-21
4.20430135e-19
2.282266865e-19
1.592683872e-18
2.015226704e-17
4.758066911e-19
2.227517683e-17
7.101793841e-19
1.864883325e-19
1.321214323e-19
5.231688491e-18
2.356594402e-19
2.25074236e-19
6.678841568e-19
7.306491449e-18
5.724158101e-19
6.311488574e-19
4.098777075e-19
1.810454701e-19
2.262150362e-19
2.063458525e-19
4.091995665e-19
4.657799328e-19
2.68461313e-19
2.461920495e-17
6.072268357e-20
5.275498361e-20
2.868688891e-17
3.500076656e-19
1.869515907e-19
2.008944335e-19
2.354860474e-19
3.526220933e-20
1.34624011e-19
5.552401511e-19
1.331442967e-19
0
4.739803458e-19
2.954856404e-17
4.705510106e-19
2.699127241e-17
5.012429918e-17
4.382422962e-17
8.470401688e-17
2.204913095e-17
1.498850533e-19
1.110516645e-20
2.083737625e-16
3.565436553e-17
1.275211499e-17
1.107632496e-17
5.096650279e-17
0
4.628516862e-17
2.526920805e-17
1.448428199e-20
4.73699464e-17
4.267956196e-19
5.600144497e-18
3.349463657e-19
6.955266806e-20
2.28194177e-19
1.182898407e-19
1.953345921e-19
3.508853708e-17
9.446928268e-20
6.001114631e-19
8.866677943e-18
6.081032102e-19
1.623821841e-19
1.168383239e-17
5.249533863e-17
4.2095049e-18
1.217538267e-19
2.72828087e-17
9.505376568e-20
2.924553922e-19
1.605721476e-19
1.523268244e-19
2.864540719e-19
2.413316976e-17
1.110549858e-19
3.85307006e-20
2.284146827e-17
0
3.362972997e-17
1.269542388e-18
2.744016898e-19
1.447263559e-17
3.177799302e-19
1.123967629e-17
2.323520248e-19
1.176487161e-17
1.573216914e-19
1.192823722e-17
2.220136893e-19
1.249108398e-17
2.93002422e-17
5.012565824e-19
5.023533781e-19
5.334179853e-19
1.523405444e-19
1.105589018e-19
1.182803076e-19
5.69479667e-19
1.311379774e-19
0
6.672215299e-20
1.262400806e-17
1.004784169e-17
5.72740371e-17
0
1.349495506e-16
1.272303246e-20
2.458738268e-22
1.271495842e-19
2.369138267e-19
0
1.74799194e-19
4.283757669e-19
1.729368434e-19
4.808584278e-20
1.007542481e-19
1.017145209e-18
3.689750629e-19
6.79184298e-21
2.515751689e-26
9.30274988e-20
1.088703568e-20
1.944040256e-19
1.509788712e-19
3.566380887e-19
1.431120161e-19
2.545836558e-19
3.504430222e-17
1.064375661e-16
1.936396217e-19
1.51428984e-19
4.010438997e-19
4.430167403e-19
1.948784222e-19
1.536051721e-20
0
2.269442158e-19
0
2.702386626e-19
2.632257384e-19
2.079879802e-19
7.169670545e-19
0
7.955971322e-20
1.211835709e-19
2.86576794e-19
7.523876113e-20
2.619469215e-19
7.098020738e-20
2.968205716e-20
3.204836811e-19
2.172072844e-19
4.012450803e-19
4.997811557e-20
4.513372537e-19
9.649316484e-18
1.544719933e-19
1.532467305e-19
2.99252835e-18
4.100423091e-23
1.327629942e-21
7.407626259e-22
4.051720868e-19
2.196744738e-19
9.4550622e-18
2.942911938e-19
1.617011524e-19
9.714505587e-18
2.096912279e-19
1.015112117e-20
3.650870454e-19
8.67477209e-20
1.751384358e-19
3.67757907e-19
1.164583858e-19
3.173690794e-21
1.298736904e-17
1.153446389e-19
7.602540935e-20
3.897813526e-19
3.545844969e-20
2.925838037e-19
9.367727615e-20
3.961404464e-20
1.40049538e-18
2.317015276e-20
5.712374637e-18
3.348672798e-19
9.10293395e-20
1.586254289e-19
4.414878527e-17
1.244781228e-17
3.45332473e-17
2.874374757e-19
1.067786273e-20
1.22925953e-17
2.109341433e-17
1.049634203e-15
5.05551252e-16
7.037184014e-17
8.507586155e-19
2.49018633e-17
2.585176337e-19
6.951878416e-19
1.018756747e-19
8.857225745e-21
2.800337031e-18
3.693197212e-19
2.100011164e-17
4.581245568e-19
3.664446653e-19
4.537558427e-19
2.328650935e-17
3.21906463e-17
5.78332728e-20
1.561146658e-19
4.84542937e-17
2.445134995e-17
0
2.586822748e-17
1.632820516e-19
9.425252258e-20
2.005989693e-19
5.300328635e-19
1.744564467e-19
3.455673515e-17
4.374374581e-19
3.30107811e-16
2.403253301e-17
1.26016533e-16
1.821206344e-16
2.141604026e-16
3.275646053e-16
1.812688583e-19
7.96760057e-20
1.309917653e-17
1.405232056e-19
5.989456574e-20
4.109677733e-19
2.208248103e-19
2.899923304e-19
4.53991715e-17
6.717050659e-20
2.972276017e-20
2.698839363e-19
1.666079629e-19
2.027317486e-16
4.242790354e-17
3.631747694e-19
1.272954503e-19
3.558440489e-20
5.573399614e-19
1.083792343e-18
1.620922168e-18
2.129961212e-20
4.450692639e-19
1.822856019e-19
1.176733157e-16
3.220260096e-19
4.517643628e-19
2.771810386e-18
6.829851617e-20
6.254416089e-20
1.175964352e-19
1.65229743e-19
1.98640362e-17
1.822805654e-16
1.839679169e-19
1.36093972e-19
1.714128384e-17
2.033925397e-17
5.389438479e-20
1.482551384e-17
8.946437994e-21
3.721966381e-17
1.189701438e-17
1.110885265e-19
3.573147917e-17
1.26691635e-17
1.885928844e-17
1.640177194e-19
1.587658624e-19
4.363766446e-22
3.08062447e-17
5.526603018e-18
1.062774969e-19
3.111629966e-19
2.58089381e-19
3.455419808e-19
1.585483557e-17
1.18574557e-19
9.209657267e-20
9.041706229e-21
5.638498414e-19
4.60677101e-21
3.820744215e-19
1.148526446e-18
1.057442406e-18
2.722326901e-19
2.332222692e-17
1.7268289e-19
5.407679094e-19
9.158141415e-20
0
2.339011598e-19
2.004963732e-19
1.62863868e-17
2.019753855e-19
2.940471896e-17
1.330730984e-17
2.518952609e-17
1.011751535e-17
7.074830824e-17
1.297806003e-17
1.101135338e-17
1.154369052e-17
1.934665219e-17
1.483305785e-24
1.582294789e-19
6.446633139e-20
9.917660124e-21
3.149634189e-19
0
1.059568951e-17
2.549347858e-17
1.868169856e-18
4.343330372e-19
1.097781213e-19
2.806169733e-19
1.261149612e-19
1.44626216e-19
3.606817367e-21
8.994004395e-18
2.737537092e-19
3.121934057e-19
3.307981293e-22
1.52846936e-19
1.392584863e-19
1.455605433e-17
0
0
1.621069271e-19
1.595916674e-19
9.91108424e-18
1.984686979e-18
1.942731814e-18
0
0
4.995194462e-23
6.957366212e-22
0
1.614142015e-21
5.325528195e-19
2.662235469e-17
2.034699551e-16
4.189379263e-19
1.218016056e-17
1.268057566e-21
1.328856356e-19
8.986963539e-24
5.764556341e-28
7.630604284e-20
2.001059086e-18
1.103448986e-19
2.317397572e-25
9.414389915e-23
1.091887007e-19
1.429551213e-17
1.06478214e-17
2.645884428e-17
1.902244436e-17
1.961387527e-16
5.647783264e-17
3.028692408e-16
4.254696394e-17
1.809115755e-17
5.976070043e-20
4.510641408e-17
2.469461632e-22
4.845393654e-23
4.451164715e-17
5.147201045e-19
4.337267595e-16
1.663869987e-17
0
0
0
1.745492552e-19
7.175089877e-20
9.24114648e-16
0
2.926255745e-17
0
2.102607458e-27
2.186308029e-19
0
0
0
0
1.821845009e-17
0
0
3.220254873e-21
2.025443603e-21
1.447496402e-19
0
2.659766225e-25
0
0
1.855203776e-17
3.305899874e-17
1.128844939e-19
0
8.217598751e-21
6.239184765e-17
4.914063081e-20
1.611848557e-19
2.802034955e-20
4.63458255e-20
2.896515442e-17
6.311802761e-20
4.740266031e-17
4.873036311e-21
0
5.680814603e-21
3.153144301e-17
7.078960746e-21
8.790699921e-21
1.447153891e-17
2.462128377e-16
7.507794178e-21
7.683357613e-17
0
2.707269577e-17
3.492532837e-17
7.825548705e-26
2.962838631e-21
0
6.864029671e-17
5.474979889e-18
6.793467205e-17
1.198668669e-17
9.148291931e-30
1.607729394e-17
8.715456106e-21
9.979974318e-30
1.299327776e-17
0
9.472062005e-16
2.847503267e-16
1.104878901e-17
8.048367903e-17
0
0
4.239482818e-17
2.336710976e-17
1.473644853e-19
1.215453895e-27
0
4.935884997e-17
5.330164875e-27
1.571949183e-17
4.948780884e-20
1.348883336e-17
1.39106759e-17
1.193342457e-17
0
9.141689731e-17
6.604909218e-17
1.498901819e-20
1.163809656e-19
9.220149774e-21
5.945333466e-20
6.886744228e-20
7.058761352e-20
3.003877478e-17
2.174439257e-17
6.630375806e-20
1.279087105e-18
2.288575913e-17
7.18094418e-21
1.322275991e-19
1.495275e-17
1.317409354e-17
3.443974468e-19
4.518122543e-17
7.114718124e-21
1.036806772e-16
9.829474937e-20
3.492080807e-20
1.474364194e-19
2.158413517e-19
1.538922832e-19
1.746290978e-18
8.382735596e-18
1.669461128e-19
0
1.257761857e-19
0
5.287657809e-20
8.275844862e-27
0
2.444711409e-19
6.467864942e-23
4.036713693e-20
9.498228099e-20
5.616486905e-17
0
5.005546438e-17
0
6.311876878e-17
4.312989565e-19
3.59697283e-20
1.149274943e-19
1.004867182e-21
3.225677697e-19
0
0
0
1.780589052e-20
3.685916964e-20
4.746537546e-20
0
3.53332366e-20
0
2.907370428e-19
3.169916226e-19
1.162906449e-17
3.914462692e-17
0
1.551519628e-23
0
2.28734088e-19
0
0
5.183247105e-23
7.811092671e-20
1.130284821e-17
3.182518377e-17
2.33931064e-20
0
2.755704572e-19
0
9.904933267e-23
0
0
1.137227451e-26
1.506005521e-20
0
5.205983452e-21
2.826608687e-19
1.272040416e-19
4.713648496e-24
1.06499241e-17
0
7.611245687e-21
6.366522373e-20
1.295741559e-19
7.375932142e-20
2.115780071e-17
0
1.955799194e-17
1.415052791e-17
7.349762619e-21
9.960379198e-17
1.109696414e-17
6.427700333e-17
3.134532317e-17
1.085396608e-17
4.535174616e-17
6.679040154e-17
4.209499667e-20
4.812791992e-19
1.622419973e-20
4.072811031e-19
2.354906494e-20
2.803846831e-19
7.507350473e-20
3.101335072e-25
6.783827237e-18
4.852477187e-20
1.417139042e-19
8.028702926e-20
3.047272361e-19
1.150615931e-19
7.041214251e-20
1.021427697e-19
3.356213056e-20
9.854508231e-20
5.394888266e-20
2.652786948e-19
0
0
3.836154428e-19
2.13830765e-21
0
1.881091607e-20
1.515078898e-19
0
3.071478332e-19
4.302208305e-19
4.353449768e-20
3.251798954e-19
8.397753443e-20
1.219031388e-27
0
1.874296443e-19
4.268023051e-20
1.828284474e-22
6.05618002e-20
6.968687503e-20
0
0
2.087925854e-20
4.429942374e-20
4.704863632e-20
4.262818951e-20
1.050354693e-19
2.339432728e-20
2.094772877e-19
0
0
3.987964049e-20
0
1.263182005e-17
7.258111322e-17
1.623409007e-19
2.852739283e-23
0
0
0
6.291074287e-20
2.893586385e-19
0
9.879556552e-19
1.409792228e-19
5.257062933e-20
1.769812791e-19
0
3.611306827e-20
3.961654111e-19
5.501511936e-17
2.738052269e-18
3.270713698e-20
4.541833466e-20
0
0
0
1.077405654e-20
2.511397504e-23
3.318272807e-20
3.475670316e-20
1.130494383e-17
1.665764555e-18
3.853673788e-21
2.332462797e-20
3.40108851e-19
2.58883453e-20
1.203726414e-20
0
1.573628502e-19
1.752113899e-20
0
0
7.369214186e-21
2.195298695e-17
7.87407642e-20
1.247630452e-20
4.876702139e-20
7.379982733e-20
1.508067453e-20
1.27503907e-20
1.243930274e-20
2.330505109e-19
1.420077133e-19
0
0
2.215310461e-21
7.369846151e-22
7.418341975e-20
5.194647415e-20
1.715076134e-19
2.337871385e-19
1.946458105e-28
5.004056401e-21
1.736615554e-19
0
7.654115903e-20
2.367789423e-20
2.06554857e-19
3.789495673e-20
0
4.204575295e-20
0
0
6.678099472e-17
2.742611872e-21
6.575633848e-20
3.495067249e-19
3.39695472e-19
1.483391855e-19
3.206327057e-21
4.152129602e-17
3.836389344e-17
2.715174304e-19
1.647092926e-20
7.946277065e-21
4.605677882e-21
1.935474648e-19
1.719621408e-20
1.422295827e-19
5.772072263e-22
6.017014472e-18
3.391007107e-20
1.052073785e-19
9.584471597e-20
1.09023741e-19
2.23133105e-19
1.960799861e-19
1.64126423e-19
0
4.031707649e-20
4.75703468e-19
6.376516379e-20
4.7710306e-19
3.32101579e-21
0
1.020586276e-19
9.797469488e-20
0
2.174458696e-20
2.441602804e-19
3.967063207e-19
2.434816949e-20
5.554323095e-20
0
1.363922773e-19
2.034579515e-19
1.093771062e-19
1.773142331e-19
3.020284457e-19
1.217162519e-19
7.93628533e-20
1.184457898e-18
4.620241216e-19
2.848587605e-17
1.760000639e-19
1.39845259e-19
8.651755641e-20
6.390965889e-17
1.803116686e-19
9.239386467e-20
2.351667462e-19
3.832062483e-17
2.728105299e-19
7.386350483e-20
4.356532594e-20
9.622660051e-20
7.193787626e-20
0
8.404527599e-18
1.077011762e-19
1.195008383e-19
0
0
1.523430807e-19
4.125493688e-19
4.29211301e-19
1.266886926e-17
9.956301218e-20
1.801696311e-19
