#################################### 
# Matrix Size= (25,25,400)
# Resol      = (1,1,4000)
# VoxelSize  = (25,25,0.1)
# nbVal      = 4000
#################################### 
0.008413622412
0.008481130372
0.008397135837
0.008469318587
0.009000701616
0.008554209859
0.009100489097
0.009175253719
0.009250620908
0.008712506495
0.008302939613
0.008525552487
0.008597530318
0.008705904433
0.009275198363
0.008678508584
0.008795533775
0.009051493935
0.008635938735
0.008666723713
0.008865385803
0.008833312233
0.00857867262
0.00961861885
0.00876982807
0.008763488267
0.00898350448
0.008837874033
0.008683788437
0.008906665516
0.00861228619
0.008723268844
0.009558248733
0.009281816408
0.00910454834
0.00881528602
0.008814219668
0.008909735804
0.008960952248
0.008456095192
0.008885729488
0.009221917184
0.009000178868
0.008914312996
0.008659771502
0.00863654455
0.008679595681
0.00947926025
0.008698395826
0.008591189517
0.008639260608
0.008297920553
0.008543607341
0.009032350445
0.00853100161
0.008752407495
0.008582587833
0.008644982012
0.00967478353
0.009426715862
0.009599466758
0.00964054827
0.009098293484
0.008973922051
0.00859412679
0.008708530338
0.008927778056
0.008588099957
0.008972514253
0.008965055882
0.008732621501
0.009423509911
0.008721550123
0.008596121882
0.009018751022
0.008905839273
0.008944871933
0.008734139741
0.008527659233
0.009282599162
0.009031468017
0.009013597547
0.009175367625
0.009202335754
0.009096881733
0.009669667137
0.008825277715
0.008329864178
0.00870373244
0.008766107095
0.008694907638
0.0087816003
0.00889401479
0.009750993351
0.009236654907
0.008666098881
0.00919730469
0.008741277153
0.009130181768
0.008784911196
0.008689311446
0.008650074694
0.009268257412
0.008911925998
0.008864223454
0.009032630179
0.01013045552
0.009395059647
0.00938231696
0.009133593292
0.008711404789
0.008949927232
0.008556002828
0.008911103238
0.008788111346
0.008756182764
0.008607426133
0.009321556526
0.008714190164
0.00875179798
0.008655231876
0.00888439012
0.009001069194
0.008971198713
0.00910496403
0.009180762262
0.008629588405
0.009258311687
0.009769610652
0.008792929034
0.009135572502
0.009058946142
0.00919655461
0.008601398719
0.008594813515
0.009772328509
0.00883386272
0.009159024956
0.008882699434
0.00879511721
0.008710557587
0.00908812753
0.009280663307
0.009294105107
0.008549785153
0.009265235811
0.009248463788
0.009791811319
0.00914136371
0.008726570269
0.00882262248
0.008829576139
0.009396711525
0.009556929857
0.008828286455
0.008769207048
0.008518465774
0.008823457006
0.008665664806
0.008578046696
0.00891954545
0.009776856827
0.008961261224
0.009102302632
0.009009748025
0.008867920304
0.009248388288
0.009012716864
0.009172502064
0.009154224117
0.009169071801
0.008772078412
0.008879158063
0.009238047934
0.00904259127
0.009687131373
0.009263379363
0.008548475066
0.009044351453
0.008725704098
0.008852996431
0.009478970225
0.009523311606
0.008953716088
0.008758073811
0.008739868972
0.008946694621
0.008883294799
0.009292210498
0.008808044792
0.00892858544
0.008835373081
0.008502374606
0.00939051946
0.009010730866
0.008588188708
0.008797687143
0.008649042236
0.008665231643
0.008586662634
0.009159628482
0.009198471406
0.009028408062
0.008776313073
0.008707704125
0.008689454375
0.008594878168
0.009097479837
0.008908887875
0.009170172534
0.008729801907
0.009466604819
0.009158127493
0.008892542753
0.009369830315
0.008647434036
0.008877051654
0.008633350689
0.008786975124
0.008669988757
0.008555187877
0.008747584283
0.008690080765
0.008646860811
0.008555771348
0.008674742787
0.008836225712
0.008853845175
0.009065156135
0.009246120241
0.009942071029
0.009260380801
0.009028868141
0.00871109989
0.008752790745
0.008673891421
0.009242645372
0.008682510065
0.00885178562
0.008720371999
0.009013849611
0.00878859482
0.009496151162
0.008959003694
0.008896717956
0.008884572964
0.00896971153
0.009045067974
0.008875369912
0.008717967104
0.008711692325
0.008678360169
0.009202621992
0.009125179729
0.008877356932
0.008690044502
0.008820028707
0.008688258299
0.008931318922
0.008943229314
0.008682857981
0.008977487871
0.009783567498
0.008870828951
0.009167758788
0.008871286605
0.009123867279
0.009096376279
0.009004143785
0.008573267215
0.008886595013
0.009721963366
0.008971444262
0.008993506756
0.008669230733
0.008989688826
0.008718253177
0.009070811507
0.008911580103
0.008824256312
0.008958924862
0.008518512357
0.008828295438
0.008943622256
0.0087230702
0.008884771294
0.009037146813
0.009047156139
0.008755349881
0.008984024506
0.009181793779
0.008771533192
0.008578860987
0.008632183734
0.009492153624
0.008901745111
0.008827649462
0.009213993622
0.008821791059
0.008760569501
0.008703462088
0.008710495002
0.008934747001
0.008532163504
0.008874781568
0.009059469144
0.008686102065
0.009042942203
0.008549434645
0.008803297601
0.008657802054
0.008737843989
0.008594088412
0.008593448506
0.008856026745
0.009050329856
0.00878903669
0.009113797197
0.008803209905
0.008851426166
0.008974841156
0.008667296598
0.00882127567
0.009151797421
0.008787732709
0.008718765079
0.00888910773
0.009063982078
0.008977917127
0.009121187546
0.008661385717
0.008796241253
0.008905860748
0.00926061026
0.008690068463
0.009228027624
0.009117341861
0.008879594472
0.009102683216
0.009345498115
0.009135066263
0.008639146643
0.008707472851
0.008821000281
0.008581834288
0.008703116459
0.009148841626
0.009015241122
0.008616805632
0.008729259609
0.008959093074
0.008722219577
0.00861363353
0.008889376539
0.008752286833
0.008711462411
0.009376134976
0.008565368624
0.00870033778
0.008796330215
0.008935943482
0.008872616627
0.008819079646
0.008901614491
0.009235014829
0.008948812281
0.00862138651
0.008786159692
0.008776066677
0.008615472263
0.008651065727
0.00867626684
0.008934696244
0.00887033458
0.008559894925
0.008600026521
0.009040177673
0.009323909007
0.009174394929
0.009215607797
0.008853446382
0.009043865966
0.0091195797
0.008634807382
0.00889584588
0.008848952164
0.008999053043
0.008801746948
0.008694349644
0.00886555183
0.009555392239
0.008755632231
0.008885922084
0.008591631288
0.008920289303
0.008822703764
0.008818677138
0.009207949288
0.00869192639
0.008908228334
0.008795055393
0.008650489943
0.009416644535
0.009099788944
0.008687426419
0.008778311165
0.009180456948
0.009002599612
0.008665765798
0.008804685453
0.009031969327
0.008709780482
0.00929931449
0.009264990478
0.008734794661
0.008668606263
0.008885829423
0.009251648656
0.008757142454
0.00870718799
0.00886202059
0.008594160829
0.00905849901
0.0090022064
0.009028492851
0.009050572625
0.008721701124
0.008710554738
0.008842585464
0.008800485815
0.008869688649
0.009247306257
0.009027599578
0.009274274678
0.008853283882
0.008659708047
0.009338852538
0.009401378979
0.009028670521
0.009166641218
0.008598650848
0.008844428117
0.00877285249
0.00875792811
0.008743812217
0.009023457906
0.008866441644
0.008661851254
0.008776286744
0.009129006255
0.008743734681
0.008795014984
0.00883547617
0.008969653333
0.008908576149
0.008692424811
0.009022837319
0.009616530722
0.009023547986
0.008836093382
0.008950275337
0.008953244135
0.009012131296
0.008850734227
0.009145430924
0.008945758886
0.009311787722
0.008834875825
0.009034793635
0.009069991746
0.009099292467
0.00885146631
0.009393833094
0.009168044566
0.00935467064
0.008788151632
0.008806121765
0.009080528085
0.009027558284
0.008782100544
0.009213787331
0.008864731376
0.008846229401
0.009204077282
0.008774239471
0.008975541727
0.008785881588
0.008880479074
0.008847833165
0.008689730225
0.009050193349
0.008851473653
0.009248921182
0.009438411487
0.008860088575
0.008576318875
0.008660092181
0.008794375758
0.008664583923
0.008713018538
0.008995713452
0.008918624242
0.009129226064
0.00883809955
0.008906726111
0.008992489216
0.009076802747
0.008862518844
0.008698275986
0.008876129089
0.008892886454
0.009077070764
0.008963179222
0.00876848688
0.008786252
0.008708174825
0.008749145788
0.008747869593
0.009210899509
0.008667610979
0.008914382681
0.00872698577
0.008735211035
0.008651682038
0.008935774709
0.008982444687
0.008657314376
0.008848105555
0.00881645037
0.008913602593
0.008674919063
0.008894682747
0.00863570198
0.008748652117
0.009288378956
0.008829017909
0.008620755976
0.008998139876
0.00899784013
0.009333756846
0.008612492348
0.009043409585
0.008848682455
0.009210373976
0.00900774459
0.00878866394
0.008791239147
0.008674272385
0.008889352062
0.008903747038
0.009031212795
0.009039602667
0.008658840881
0.008923624987
0.008929114794
0.008957316046
0.009430943151
0.009132382673
0.00912934182
0.00862396721
0.008714288235
0.009055465648
0.008772560472
0.008854371025
0.009037154937
0.008813132875
0.008915633481
0.009573390161
0.00925675681
0.008614697138
0.008703023284
0.008863208357
0.00895330716
0.008673019503
0.00895013963
0.009063711909
0.008716420902
0.008833494056
0.008778942125
0.00897690859
0.009074009684
0.008838540404
0.008975058387
0.008699897251
0.008894702534
0.008861043094
0.009016864865
0.008956141713
0.008753841339
0.008885711407
0.009034110243
0.008804983879
0.008766449659
0.008944469577
0.009092781945
0.008786522883
0.008871653021
0.008702385121
0.008670203896
0.008727493636
0.008642215057
0.008835400928
0.008961755306
0.008985668971
0.009554426072
0.009114677902
0.0088973616
0.008763788831
0.008854567413
0.008954774532
0.008938677714
0.008719677872
0.009335397033
0.009099531642
0.008808574106
0.008837794306
0.008886881099
0.008908446465
0.008873612607
0.008737583798
0.008748591756
0.008957457163
0.008849314511
0.008867600765
0.008821294101
0.008658271951
0.00887726017
0.008720752839
0.008839349894
0.009015922842
0.009172460973
0.008714780641
0.008981594957
0.008755305899
0.009017446539
0.0089386686
0.009063351295
0.00880488319
0.009098110521
0.009538945496
0.008860645041
0.009160514417
0.009108335135
0.008937103895
0.009002636857
0.008892539262
0.008828560517
0.008646496652
0.008675454485
0.008756764131
0.009003932913
0.009117095466
0.008764630652
0.009063152122
0.008838892014
0.009168329914
0.009051458091
0.008916332589
0.008815933673
0.008833857608
0.008751695177
0.008938883764
0.008800925752
0.009147929885
0.008922551098
0.008927331871
0.008966589247
0.008885433772
0.008892921255
0.008804390239
0.00891686695
0.009043452502
0.009127073061
0.008922913393
0.009018931813
0.008828132397
0.008741380482
0.008908412197
0.008898431146
0.008818431113
0.009125113106
0.008864573066
0.009053088453
0.009128243716
0.009197482361
0.009030887617
0.008963947395
0.009049423571
0.009213356539
0.00896879314
0.00896514407
0.008787605106
0.009293358908
0.008865500585
0.008973235258
0.009013477788
0.008998663438
0.008690717511
0.008745690981
0.008746735668
0.008875418095
0.008931443615
0.009015485295
0.008896897656
0.008987703291
0.008937279153
0.008910520838
0.008795483489
0.008923222291
0.008997300311
0.008831165651
0.009158538937
0.009244503588
0.009019213387
0.009197951591
0.008982574546
0.0087842672
0.008831373789
0.008906611525
0.008885411785
0.009130390368
0.008894673055
0.00887979272
0.008832109462
0.008955510245
0.008883856678
0.008847211914
0.008915269326
0.00913100844
0.008891312251
0.008801878782
0.008845699924
0.00917185462
0.009099980061
0.009459296228
0.009137448383
0.009295580759
0.009275681994
0.008888859631
0.009057672476
0.008996926291
0.008771989162
0.008996507786
0.008920730855
0.008781481963
0.009013681493
0.008985213495
0.008951857159
0.008849498716
0.008866565191
0.008899614099
0.008995599267
0.008922476852
0.009034580577
0.008917953092
0.009029845601
0.008943051739
0.009154406438
0.008847772114
0.009017167559
0.009361973992
0.008817069128
0.009036993257
0.008964253473
0.008992693086
0.008937255355
0.008897309314
0.00887325896
0.008860187008
0.00899432772
0.008900736951
0.009206002476
0.009147203149
0.009010856225
0.009060197529
0.008968678181
0.009005004047
0.009298381605
0.008883599094
0.0090202765
0.009036261235
0.009071842476
0.008967975201
0.009019975479
0.009137659615
0.008942372144
0.009266522972
0.009052829357
0.009020020758
0.00901630997
0.009161176677
0.008905280889
0.00910579991
0.008980549003
0.009246228816
0.009105250978
0.008984638314
0.00901822773
0.009057575904
0.008923288564
0.008962250254
0.009043114057
0.00918610149
0.00910233771
0.009192547694
0.00911099016
0.009065449659
0.009074269673
0.008949269054
0.009146017907
0.008901477804
0.009064042368
0.009056511267
0.009186893495
0.008991279274
0.009157757946
0.008998898013
0.009024926615
0.008942799624
0.009201361574
0.009239650598
0.009018252486
0.009002078432
0.009012977054
0.00928173372
0.009027410154
0.008969910452
0.00905809465
0.008987557161
0.009096026025
0.009012137174
0.009005686516
0.009208495707
0.009041227656
0.008991161068
0.009155165899
0.009095926063
0.009088386767
0.008986998405
0.009059217823
0.009171243688
0.00912647966
0.009079346064
0.009137805032
0.009308336957
0.009107318722
0.009269853632
0.009147765358
0.009096473122
0.009067349526
0.009177239976
0.009092966129
0.009256161259
0.009216454117
0.009170797853
0.009132404984
0.009389571586
0.009365130191
0.009149325967
0.009332047835
0.009055829642
0.009212163185
0.009159729988
0.009211836714
0.009228901161
0.009246261763
0.009190031331
0.009246581258
0.009241951118
0.009283692353
0.00931821717
0.009255583719
0.009210499047
0.009279978291
0.009279058011
0.009263374625
0.009225796925
0.009162327241
0.009308674731
0.009328114678
0.009256178768
0.009203207218
0.009247581945
0.009307310685
0.009191964283
0.009276972168
0.009317005345
0.009321673487
0.009240295892
0.009318861688
0.009267774963
0.009262500785
0.009440710464
0.009312228693
0.009254678522
0.009330094453
0.009345550993
0.009237734831
0.009468106404
0.009388194921
0.009281225727
0.009255193935
0.009351511802
0.009306662422
0.009348164624
0.00931491289
0.00939715575
0.009373944779
0.009307191189
0.009457772777
0.009298727136
0.009461679946
0.009347208912
0.009272924143
0.009341620713
0.00938171672
0.009373848789
0.009406380525
0.009276820225
0.009261061354
0.009288317276
0.00932090006
0.00935720382
0.009231413246
0.009431086635
0.009316812465
0.00942242687
0.009404046319
0.009333063131
0.009213068728
0.009264931785
0.009428125229
0.009283013034
0.009314671949
0.009300563755
0.009249310687
0.009437382702
0.009331892174
0.009288175958
0.009257552835
0.009330166909
0.00938252275
0.009295916156
0.009326247948
0.009376658577
0.009281475025
0.009377235397
0.009375068967
0.009305998684
0.00933361755
0.009333175558
0.009268928686
0.00923944656
0.009307906752
0.009244316631
0.009248123759
0.00925611326
0.00928121204
0.009251868012
0.009273624936
0.009324910069
0.009244253773
0.009137646827
0.009202037758
0.009270303444
0.009204830547
0.009187398649
0.009196225834
0.009108151422
0.009144639264
0.009065396019
0.009184098752
0.009074103092
0.00905658291
0.009072271193
0.009061362887
0.009022862847
0.008915106377
0.008993845701
0.008950417711
0.008885884417
0.008846889563
0.008778915112
0.008769744202
0.008801504438
0.008721196981
0.00862761939
0.008637249843
0.008577427588
0.008518522057
0.008406585252
0.008437435739
0.008381824803
0.008244212249
0.008220033307
0.008180408009
0.008045122875
0.008046658726
0.007976562073
0.007928896652
0.007872736339
0.007775233968
0.007720580432
0.007655292044
0.007636244517
0.007571216166
0.007462712698
0.007450607558
0.007406796207
0.007340924663
0.007216480878
0.007226036997
0.00721919484
0.007120032392
0.007133410059
0.007062016736
0.007039950895
0.006991243304
0.006972274507
0.006960716045
0.006949789496
0.00695406573
0.006979753202
0.006937726168
0.006946099244
0.006950212873
0.006996573929
0.007009956356
0.007039795218
0.007143799108
0.007107963459
0.007202510827
0.007274931258
0.007333600566
0.00742652025
0.007550836374
0.007643592574
0.007719451041
0.007856405773
0.008016201156
0.008127189488
0.008255712314
0.008432779965
0.008656979689
0.008850772465
0.009099750555
0.009292170434
0.009588939321
0.009818894732
0.01012298208
0.01043392262
0.01075978807
0.0111415475
0.01170501865
0.01193632272
0.01241577873
0.01285563053
0.01333734405
0.01417367765
0.01472038171
0.01532564125
0.01609093907
0.01665119228
0.01769594269
0.01862214828
0.01926568182
0.02074185115
0.02182566475
0.02288722739
0.02414308415
0.02573456801
0.02711710104
0.0280596139
0.0302302357
0.03240574589
0.03400149423
0.03696035353
0.03984692353
0.04381029937
0.04612935459
0.05025024977
0.05252453667
0.05910056651
0.06310780553
0.06583007395
0.07487585675
0.0776619753
0.0837871341
0.08691609052
0.09808905937
0.1027870696
0.1092170443
0.1272604729
0.1470563343
0.1361587385
0.1430405237
0.1557435191
0.1608404687
0.1711095399
0.1697852278
0.1841360506
0.1752521044
0.2116474636
0.2251573754
0.2060711166
0.2176054493
0.2554926173
0.2538394493
0.2436453196
0.2269993595
0.2446943816
0.2589609374
0.288057109
0.215355971
0.2360561153
0.3350323349
0.2302380998
0.2218132155
0.2453804649
0.2897298013
0.2591634219
0.2737674206
0.3377419224
0.2724276179
0.2587713962
0.3249295489
0.2452759249
0.259103415
0.2545940386
0.2805107727
0.2471860098
0.2333820773
0.3300814613
0.3203975379
0.2958608019
0.2916539092
0.2866367608
0.2932679696
0.3455591612
0.2918733238
0.325044503
0.2718232713
0.2511560428
0.3257536616
0.3125548433
0.3082044027
0.3877135877
0.3975428937
0.3294089025
0.2852013158
0.3114286264
0.2281175548
0.2976862824
0.3303902779
0.3014455442
0.2832699661
0.269804077
0.2867220311
0.3174108983
0.2687267699
0.2772366313
0.4639064075
0.2475209507
0.2610955094
0.2698396447
0.2507622243
0.2308012658
0.2753340487
0.2733403376
0.2845627772
0.2811587206
0.2615403544
0.3099749828
0.2463146173
0.4956842862
0.3079947723
0.2871892871
0.3414521757
0.2921170154
0.2720537537
0.2508363424
0.358563444
0.2737690795
0.2615675729
0.4387591895
0.2447725748
0.2855965931
0.2855367621
0.2745253176
0.3176208125
0.270155832
0.2396606312
0.2820525133
0.2801444467
0.3099761725
0.560722499
0.2760978454
0.3914188636
0.2854344464
0.2931022454
0.2775228078
0.2907759796
0.3302416418
0.27930177
0.3257722005
0.2779412452
0.2883319887
0.2947294914
0.2674413214
0.2489975972
0.2451975613
0.2544051179
0.2547111873
0.334586521
0.2887498163
0.2796594673
0.2456664301
0.2696769362
0.2869482602
0.278261992
0.368905596
0.266387733
0.2976485178
0.476828517
0.2547057738
0.3410517778
0.2691049306
0.2695345555
0.2729472529
0.2964824201
0.3315722418
0.3368841628
0.3010430973
0.3755510943
0.3518872994
0.4869045733
0.2852717415
0.3033301972
0.2776044176
0.3759041213
0.3527666015
0.3382331911
0.3777317842
0.2959276763
0.3089666006
0.3679452847
0.283063344
0.3259804345
0.4001644186
0.3053473443
0.3132689676
0.307542027
0.3218689667
0.3215324636
0.2846678791
0.3639203739
0.5754680637
0.2973881506
0.3456180189
0.3404687241
0.3406809632
0.3222730493
0.3207594263
0.3028629867
0.3417683131
0.2636835567
0.2868116126
0.3060370159
0.2815933061
0.2968935338
0.3056026937
0.2744942396
0.29150062
0.3292217123
0.3499806867
0.3751794933
0.3694765962
0.2879422333
0.307698018
0.2595774969
0.3040346855
0.2463822663
0.5487692401
0.2826790869
0.2686992306
0.2740647585
0.2957371959
0.2704028024
0.3388235829
0.3748517858
0.2664121374
0.3656571244
0.3725271849
0.4746780764
0.3739738662
0.2779196117
0.4183371767
0.3874358394
0.374617982
0.3597455977
0.3299545003
0.3801529235
0.3324893003
0.3540643958
0.3790677104
0.2927654209
0.5180413557
0.3636642563
0.4155187751
0.3382017726
0.3512313147
0.4655124867
0.2282173054
0.3716316079
0.30771602
0.366184434
0.3133457324
0.3518767437
0.317309932
0.3456330074
0.2960360035
0.2955178448
0.298281312
0.3364288939
0.4742952728
0.4355052557
0.4040112094
0.2905723164
0.3053163672
0.4207830242
0.3437898152
0.3962069557
0.3014551397
0.3883731436
0.3416797273
0.3707957647
0.3398800306
0.3468812332
0.3355195415
0.3090247527
0.6180452658
0.313930148
0.347508053
0.2977918695
0.3544723852
0.3158782476
0.3569864184
0.3005782967
0.331263055
0.3606182796
0.3916756755
0.2955283966
0.3292776364
0.3541636084
0.2995269053
0.285943056
0.3200047977
0.3510093
0.3151919628
0.3176216278
0.3441475672
0.3213872835
0.4653883972
0.3627134802
0.3414993391
0.3457520576
0.3500698223
0.3160358027
0.3700207366
0.4659596514
0.3381447278
0.328031289
0.247248625
0.3654995845
0.4160681028
0.3990118466
0.3823553851
0.3043711686
0.3638603422
0.2939219701
0.2798213348
0.2802639351
0.4946354899
0.3014162107
0.2795780125
0.3015502726
0.3431815574
0.4003855457
0.3268153282
0.3102267625
0.3500081027
0.3973095786
0.2963772727
0.3399218043
0.3469024732
0.2914464787
0.2640679397
0.3254084411
0.3361881455
0.2667316576
0.3330292051
0.3292758251
0.3189696585
0.304939118
0.2971632943
0.3939887519
0.2949398344
0.4305053654
0.306263924
0.2945164891
0.3927234625
0.435101853
0.329166602
0.3635900525
0.3850912525
0.3351015075
0.3530727186
0.5399520879
0.4286663306
0.4330910454
0.4515802881
0.3353616598
0.3639794551
0.4036611332
0.5303886927
0.4389299117
0.3077236775
0.3239401139
0.396770695
0.3936029384
0.3838705075
0.3247653874
0.4034723778
0.341395381
0.3296359475
0.3743179565
0.2978711615
0.3957580124
0.4244584764
0.6065580373
0.4323351547
0.4283991486
0.375915989
0.3207652536
0.2937203255
0.474050989
0.3310013733
0.4130821504
0.2949290134
0.3260329726
0.3445577799
0.2959831012
0.3304973354
0.3037291085
0.3820131665
0.4289591403
0.3680515492
0.348898217
0.452747324
0.3683283999
0.4580514828
0.4266573557
0.356164373
0.3486255283
0.3389223329
0.3447773647
0.3946437252
0.3855005894
0.3891737827
0.3198660418
0.3631675275
0.3323334406
0.4142576625
0.3549327804
0.3555989301
0.4440847476
0.3760887104
0.4070901088
0.4869308199
0.3837323481
0.3716070657
0.3431163656
0.3148751522
0.3317833577
0.2772884165
0.3694221726
0.3299785958
0.4782132989
0.3245100017
0.4524835461
0.419349641
0.4418246317
0.3498188778
0.4038174739
0.2883407264
0.4099963442
0.41090676
0.3386587162
0.2838457359
0.3249730803
0.4275042404
0.4598338709
0.3381335851
0.4866562996
0.4443872487
0.4345638928
0.4078717992
0.3079158902
0.3111002025
0.4028289739
0.4275132933
0.368435331
0.3834645806
0.3826454296
0.3770905496
0.6905558573
0.4461228607
0.3827858821
0.3342654172
0.3104222778
0.4154204448
0.3452098013
0.3765723098
0.3130053252
0.3492022216
0.3588672326
0.4425811282
0.4591727859
0.3734175689
0.3438238404
0.3177208747
0.3316314948
0.3400551994
0.4355970567
0.3949979473
0.369810479
0.2802083284
0.3859390578
0.3533374346
0.4714832275
0.3399884177
0.4058636135
0.5440183601
0.4330851388
0.4571775325
0.3824307317
0.3894800536
0.3687429575
0.3746442482
0.372445583
0.4038321403
0.4944385264
0.4008167801
0.5770414693
0.3704175791
0.4081765323
0.2869438939
0.3693416768
0.3693943939
0.4267016232
0.4074022499
0.3376441908
0.4370885014
0.4105059039
0.4486482432
0.4268999805
0.4196418794
0.3780505045
0.3970968264
0.3881922308
0.4476026496
0.4201256414
0.4669403639
0.6892698314
0.4377835279
0.4661904212
0.4525375048
0.365459707
0.4336641074
0.4046738738
0.4300052092
0.326216229
0.3987895902
0.6089993061
0.4966794256
0.4049057291
0.4314240557
0.3546233835
0.4593791708
0.4924848074
0.4081821244
0.2870148813
0.4875342642
0.436514305
0.5030381942
0.5715382688
0.483602267
0.4636135944
0.4886493702
0.568702303
0.4984535025
0.3205007462
0.3863473448
0.4455172841
0.3977529298
0.3399115273
0.4167137958
0.7875011355
0.395738844
0.3805122856
0.4511866249
0.2681583266
0.4569690664
0.4700134288
0.5030055349
0.4334983927
0.3778490463
0.5011809731
0.4404820992
0.6336423862
0.5481527972
0.7216246327
0.4125869983
0.5548928623
0.4613530624
0.3369370707
0.4261497606
0.4772137675
0.4228930491
0.4071902277
0.4561292957
0.352554386
0.4586016324
0.5833601652
0.4235036104
0.4178741819
0.5382221113
0.4595728959
0.3560001841
0.3470861727
0.3341316516
0.5177983744
0.3976547966
0.3035109053
0.4118770126
0.5273412017
0.4695050629
0.3806267995
0.4165922525
0.3916710373
0.46028667
0.5257900332
0.3910082296
0.45451343
0.439929972
0.4713296067
0.5787218921
0.40581453
0.4749494353
0.444285316
0.342932217
0.4772837198
0.5354494437
0.4600444283
0.6103360319
0.4613368326
0.3815645377
0.5879390603
0.3499464847
0.3861521855
0.5571244915
0.3592874502
0.4890488128
0.5482775589
0.5501133214
0.5151402929
0.4524604314
0.4233443103
0.4277635752
0.6061639885
0.4226068325
0.4250159513
0.4651130372
0.3379927519
0.5071830796
0.6672545364
0.4326385072
0.4714098341
0.3938195454
0.2907842321
0.3965005885
0.4087513893
0.4441845393
0.3518444576
0.4519496124
0.4355516595
0.4144783766
0.4240029908
0.4344484203
0.5094138832
0.4158900617
0.5276100903
0.4628612607
0.3911412867
0.4389387694
0.6193540679
0.4492575116
0.5506682967
0.5470305637
0.466700414
0.3907834491
0.4518760889
0.5076253443
0.3859932982
0.3828885384
0.431458713
0.4322484388
0.4288526164
0.4035792468
0.4293733663
0.3873586392
0.3573913776
0.4853672693
0.5004036801
0.6474274761
0.5109231612
0.6889774088
0.4357875688
0.5041925427
0.4406294307
0.5761799053
0.4471949926
0.4780127964
0.2927112186
0.7867073958
0.3038760451
0.5087297239
0.6787806457
0.4469332632
0.4729612604
0.5970085111
0.4252115424
0.4184985342
0.6450125014
0.5629425015
0.4305199175
0.3255241709
0.5240856538
0.4689671258
0.3901756575
0.4160751726
0.5146774548
0.4172786157
0.4744766108
0.4799492738
0.495418259
0.3620991293
0.4623689959
0.3708695259
0.353924376
0.4563000212
0.4693040383
0.3481481554
0.368508848
0.4229123144
0.3976395329
0.5473652817
0.4808915011
0.4790240511
0.5939950853
0.4275887532
0.6405509554
0.4799768319
0.6407922398
0.4553808696
0.4632400125
0.4720485451
0.4870561168
0.5259316242
0.5759036242
0.3668095146
0.4353789672
0.4113990436
0.5631318258
0.2635612197
0.4189058157
0.4842823033
0.5608837529
0.5338299886
0.5620973005
0.3754578985
0.3898783697
0.5060899294
0.6561758386
0.4201034383
0.4140076318
0.5128389124
0.438494972
0.3619252131
0.3828132985
0.4744679963
0.4574883125
0.4256598975
0.4699928479
0.6717316062
0.3310263613
0.4421841125
0.4193098117
0.347493366
0.5677233564
0.4055701058
0.5504687188
0.5819429368
0.4054750497
0.3596929794
0.5642961071
0.4805463225
0.4456270525
0.4241566439
0.4087794321
0.4348591567
0.4263192899
0.501761787
0.6626889271
0.4164984975
0.4540294795
0.2749032233
0.5703143195
0.5201957737
0.5610026746
0.6046993361
0.7344488412
0.5267460882
0.5320557141
0.4684455602
0.5602267508
0.4669377248
0.4405760635
0.4998715535
0.4823140523
0.6388616627
0.5485570918
0.5938034963
0.4244754847
0.4602457738
0.4657474871
0.5046065577
0.4461546679
0.5556411797
0.4337189419
0.7530241763
0.5280998959
0.4775910519
0.4543524647
0.431297544
0.5707437423
0.6357929831
0.5333484054
0.3920710078
0.4627475205
0.5064482039
0.5022808035
0.5154858676
0.5337064147
0.4277917599
0.6208793394
0.4900934531
0.5593629321
0.7069530807
0.4794986399
0.5668723851
0.590589641
0.4955482351
0.5887339884
0.252953621
0.4003807386
0.4438424491
0.516083934
0.4897059526
0.514741324
0.2810399313
0.4662647198
0.5554941053
0.5343489163
0.4692884911
0.5752763409
0.4651815076
0.388281216
0.405848634
0.5142884839
0.5042012645
0.5302733303
0.4624145587
0.631280901
0.5734012612
0.5485439352
0.4479433349
0.481617438
0.4677828328
0.7037996963
0.4372568506
0.4905213635
0.4962630644
0.3326241106
0.5171048927
0.3887077272
0.5417685112
0.4626994633
0.4152407935
0.4425372811
0.4161946953
0.5666401208
0.3884597546
0.5326039559
0.6953108581
0.4491178952
0.4031121206
0.8069820292
0.5940038493
0.6846652558
0.4624847879
0.4702751001
0.4215294159
0.5296028206
0.4578407573
0.5196994389
0.5100038028
0.5438445365
0.6148753226
0.4648460761
0.304742559
0.4187411382
0.3855794556
0.4098899105
0.4450742227
0.425287528
0.4539957062
0.4585721208
0.4331216501
0.4728229821
0.4714964859
0.5877821321
0.3500770792
0.4594941118
0.3148410608
0.6894706204
0.3140523626
0.55305388
0.6412102622
0.6724117694
0.3997949221
0.5149868692
0.7405129062
0.6938614621
0.6488284725
0.5355341886
0.6200425817
0.6574809789
0.5044725019
0.4963310036
0.4293173981
0.3254389752
0.3656179585
0.514902319
0.8513085047
0.5803086008
0.6248128041
0.5413029024
0.3927619011
0.2860928564
0.5087964522
0.6382457087
0.5689519992
0.6589900731
0.4752908712
0.4529935103
0.4965087247
0.5289586262
0.5637899241
0.6018196074
0.5372820714
0.4027674
0.5744149281
0.5278279001
0.5623993133
0.7745976383
0.4610421532
0.5312283079
0.4246961424
0.6747733639
0.4519539919
0.756210078
0.6178141307
0.3342792374
0.3382972351
0.3401737193
0.4756849054
0.4451819508
0.5239706534
0.408145267
0.4850668257
0.5650039375
0.6313895803
0.5462602024
0.8763559635
0.5671415596
0.3819375891
0.4434141469
0.4830740603
0.5715203274
0.591412997
0.5543310097
0.434956828
0.4116744428
0.5807239098
0.7775291017
0.5733517962
0.4512236571
0.6466899063
0.4170969025
0.6405863162
0.7455644565
0.5008080515
0.4655733132
0.5104473133
0.5047792308
0.7975357328
0.6937760762
0.4565245345
0.6975025589
0.7348430024
0.3707393403
0.4350160119
0.4365473629
0.3807698579
0.7206166321
0.5686279659
0.7191727001
0.562380337
0.5355803288
0.502723818
0.4835879389
0.5130239804
0.7524135166
0.9112136416
0.6311601047
0.5326586311
0.5713287991
0.4046135764
0.8314066744
0.7446659745
0.5745582042
0.7122645307
0.3623592163
0.3503073894
0.6141205719
0.4174002825
0.5741742785
0.3934593113
0.4481088689
0.6273330132
0.758953672
0.7006148869
0.4774467428
0.5615340871
0.4509171594
0.5545591923
0.4970223086
0.4364871014
0.4765950537
0.6690019254
0.5063437025
0.3676406666
0.6177890913
0.6625681323
0.5344016914
0.4131616331
0.4342925818
0.4830614603
0.8063725838
0.6097462914
0.6073363636
0.4035103684
0.5616366444
0.3424985812
0.5739010954
0.3618892921
0.6155776638
0.5681178996
0.4303135662
0.544373939
0.7341302026
0.5578856564
0.5597328863
0.3687285976
0.6729417218
0.4760830933
0.7483558834
0.763257231
0.4479907698
0.5104955145
0.5502609796
0.7614657657
0.5526029075
0.5439157968
0.542799927
0.6448234321
0.5602760757
0.4615353532
0.734875973
0.6037664744
0.8628581143
0.7276538638
0.6786786839
0.3209401884
0.7499614256
0.594128891
0.7373993136
0.5775885325
0.4552946049
0.5403884068
0.5155631846
0.5809573818
0.4374213288
0.5806570284
0.5095053086
0.632716893
0.4902770233
0.4728563507
0.7834705081
0.5061879653
0.5910464057
0.4449145782
0.7393258969
0.7221501046
0.4713171309
0.6137075884
0.721497981
0.5353356039
0.3696303183
0.4162759789
0.4311655953
0.5083008129
0.5336769626
0.3896576932
0.6866527962
0.5973527813
0.2966546213
0.5388607254
0.5953063007
0.6774578331
0.4271416521
0.5648391416
0.5337683809
0.5991542305
0.5652247609
0.4551005548
0.3954580652
0.489600757
0.5955567367
0.4083005447
0.5512344545
0.5216044626
0.468942149
0.654352917
0.8122277111
0.6428781926
0.6338059644
0.4197968098
0.5242237744
0.4459493742
0.6038341589
0.4927389578
0.3600293488
0.3854401367
0.480930328
0.4636406826
0.5692604953
0.5812149088
0.5137449602
0.5568992669
0.5719515592
0.4797383061
0.74696183
0.6741208649
0.4145328009
0.5777696935
0.4232636999
0.5258954718
0.5554439375
0.5280881511
0.7385593394
0.6405616201
0.4420603773
0.6689161489
0.7459420189
0.6158754087
0.4249803805
0.6626998049
0.741233138
0.6415862495
0.5240289454
0.4762787473
0.5995393697
0.3878345858
0.4960547231
0.5988486317
0.7352742521
0.3292429738
0.756712169
0.5222429119
0.5728433386
0.4684492937
0.8187368279
0.561799142
0.557978537
0.6478962427
0.6012342416
0.8042885916
0.5695098101
0.8313227694
0.6194453482
0.7823621753
0.4546856597
0.6229129911
0.4913661549
0.6586667727
0.6994299575
0.5799396398
0.6200540951
0.689764331
0.8183188663
0.7666835259
0.6288393579
0.6267261436
0.4365206742
0.607789554
0.636113077
0.7913083435
0.5158583322
0.5777502962
0.5515232713
0.6313867851
0.7402979316
0.8156993737
0.3281644502
0.4281191835
0.3428927335
0.5214578183
0.6039259497
0.6686158061
0.8277514699
0.4863542246
0.8589916247
0.38784465
0.4921179961
0.4017660781
0.8453315241
0.7005794517
0.5915444776
0.496698507
0.5007695066
0.463423807
0.7619645642
0.7272813922
0.5099125418
0.5162217429
0.5185760997
0.8104334104
0.7390654911
0.7545249555
0.6363209674
0.6662262896
0.5522724116
0.6073815711
0.4462281343
0.7504639076
0.5294258247
0.4854345653
0.5369212148
0.5915557529
0.7132819156
0.5504958057
0.4421366771
0.5711334948
0.581548149
0.7066066591
0.8252109179
0.4444638393
0.5970130728
0.5326153122
0.5830552384
0.8406390091
0.5040929121
0.5132640201
0.8745875628
0.4667029452
0.437967299
0.5909503389
0.4703710146
0.4914174632
0.5189274982
0.6730716446
0.5550643724
0.560377826
0.3694614633
0.5443307804
0.5579654821
0.7563810182
0.5476571323
0.5133682133
0.5787550036
0.4694754168
0.6157020851
0.4620057425
0.6228156829
0.6618639921
0.464637069
0.5673227179
0.4930467293
0.5223910127
0.5795129448
0.5203094714
0.5975729518
0.6103903429
0.6924136628
0.6917861728
0.5988429399
0.6121629344
0.6132777568
0.7316495666
0.5157590033
0.5243558846
0.6037288359
0.715006057
0.464056383
0.4409025046
0.5469014942
0.6581182767
0.9392151267
0.4944414407
0.6789932769
0.527586424
0.5558312345
0.9162086427
0.8853924281
0.8782708256
0.8910783235
0.7081960305
0.9422262135
0.5637121726
0.546712736
0.5253217786
0.8399170611
0.7713803113
0.6646706354
0.6541769008
0.545539607
0.5129589117
0.5966050196
0.4912958784
0.7416410113
0.5262370258
0.8628344939
0.7031377039
0.64125368
0.7095254721
0.6886162971
0.7930441393
0.6122413651
0.5654693804
0.5901928012
0.5742974975
0.5885350333
0.6807871018
0.7694664752
0.520662246
0.6782721873
0.98521933
0.5638391273
0.4962136704
0.6888325399
0.7146452439
0.6582444806
0.5316443925
0.4198581449
0.3872533683
0.6349292062
0.823104809
0.8906483693
0.4734861429
0.6205264234
0.5939172275
0.6591123348
0.6585989522
0.5852507369
0.8885867365
0.6428298134
0.5125483946
0.7663322293
0.588285225
0.4317292214
0.6088042767
0.6726069607
0.6757876736
0.4864338417
0.8593719658
0.4970137876
0.6300050407
0.7491198756
0.8381564125
0.386547504
0.7178115269
0.4048116503
0.5121162215
0.4298896877
0.5587001653
0.5479987932
0.5773850752
0.5389989015
0.5521135281
0.4499365761
0.6961581577
0.7699687434
0.8435939257
0.6600013461
0.9066098736
0.5736882215
0.8089524727
0.6169445972
0.5615839306
0.5333286225
0.648122174
0.5812193268
0.6700283398
0.7921868448
0.6257555863
0.6613475153
0.575612198
0.5862017389
0.645199873
0.5336484952
0.4754380648
0.5557300726
0.967839865
0.6808130691
0.5035921859
0.7230575586
0.6332278402
0.6881119123
0.7291552909
0.6995725202
0.5888664259
0.8147822981
0.6113133427
0.6064773706
0.4276844682
0.6657697249
0.4061978748
0.3951003189
0.7620133763
0.4680258742
0.495612639
0.5413578703
0.4634743104
0.6459742394
0.615415822
0.4963556654
0.9092918559
0.8953349607
0.8688116176
0.609373078
0.4591205502
0.4573143756
0.4499971209
0.6359419904
0.6893013265
0.8446757421
0.496702495
0.4008000916
0.7041636788
0.4411770768
0.4819080511
0.6832689192
0.6012245366
0.6434250434
0.4099698066
0.6066335102
0.8565982355
0.7753595755
0.6052194475
0.4699384977
0.6281208221
0.7530920305
0.712339909
0.5666995785
0.5287714416
0.8364535283
0.5631101793
0.644816374
0.4985909042
0.513812445
0.6514919502
0.4858577205
0.4746991255
0.6290035341
0.8376028502
0.4046833103
0.5285330912
0.5640216646
0.584844063
0.6817203817
0.4767571684
0.5039260084
0.476073881
0.5206718489
0.6048927887
0.6536834582
0.5500808975
0.667611093
0.6212463179
0.5213185252
0.4915385023
0.5051076388
0.7786281966
0.7275458612
0.527010236
0.7170813058
0.815421947
0.6723580219
0.4067234511
0.6426948548
0.9052114978
0.7040503571
0.4867670901
0.583237764
0.8076208354
0.7317489541
0.7022331409
1
0.5491615116
0.5709347807
0.9987524229
0.852585396
0.7999097395
0.6243885662
0.5083370588
0.7103614125
0.5876232075
0.6524535404
0.5523062481
0.5557061827
0.4355632714
0.5751485398
0.472543934
0.9294175672
0.9325320957
0.6523557172
0.4583584498
0.76953306
0.7927316836
0.8733199494
0.5470367979
0.9423078307
0.6481466851
0.687698367
0.6531868367
0.7916815849
0.7181711016
0.7923806651
0.5537993168
0.9243400529
0.8367017969
0.6520115018
0.8318179962
0.5538886061
0.6473037763
0.5926550778
0.8199331816
0.7102145738
0.4746380817
0.880935191
0.7485110108
0.73374163
0.5159082609
0.7362266541
0.6199706319
0.4621334381
0.9060616009
0.541569962
0.5580553053
0.5981227189
0.634323961
0.7971107292
0.578238327
0.8194391017
0.7040598516
0.9086404706
0.3461744875
0.764612212
0.7194128898
0.533424702
0.6155439156
0.9008400004
0.5316627243
0.940463733
0.5702371419
0.8673448115
0.6634510297
0.7346732084
0.5831827275
0.8870942115
0.8832240587
0.6998618732
0.4305283738
0.6720638218
0.5730989787
0.785193893
0.6040685228
0.5545116419
0.5718972579
0.7900357427
0.4545854827
0.6340599621
0.6242256844
0.4312121249
0.7097323077
0.8162237014
0.7457292959
0.8818915329
0.7242029694
0.5576060318
0.6114310385
0.707296386
0.6684680983
0.5748619035
0.5144205267
0.7697931725
0.6730481727
0.5430564286
0.7234685458
0.8045721547
0.5883658609
0.9204516683
0.4604918653
0.6485390278
0.5242375825
0.8091392377
0.4856966174
0.6825933436
0.8339179196
0.8338334746
0.6472648903
0.6668595934
0.5634644957
0.8870047737
0.5894643215
0.6679073742
0.429894518
0.5623804208
0.4367435102
0.4548672189
0.8709043269
0.873778587
0.9297385691
0.7092863393
0.6966388018
0.6155141944
0.8447383729
0.8172668343
0.7554156753
0.9436140075
0.927774064
0.6535278147
0.4094935523
0.5746324056
0.6470759081
0.8938751835
0.8726583017
0.8705544594
0.5116321589
0.594358994
0.6736858203
0.8123364572
0.5548388406
0.5632420634
0.4640626847
0.4295928964
0.5591633796
0.4288218885
0.4903547913
0.652070916
0.6942290188
0.5893006237
0.5357592408
0.9058302137
0.8412456432
0.5794712015
0.5431640593
0.3841570793
0.6247276325
0.5327053141
0.6242001499
0.7868770064
0.5034243576
0.8180029075
0.502294634
0.6821182299
0.9664944291
0.6143324368
0.5516892842
0.7360516079
0.7196995672
0.6175119413
0.7655842505
0.5741982487
0.892819178
0.6294900205
0.9546178302
0.832594317
0.8223722852
0.5540967693
0.7048080369
0.8798928236
0.5068661982
0.8035435529
0.4319633963
0.592500243
0.8334393178
0.5108306277
0.6720748705
0.5922039231
0.5605938538
0.4653637374
0.735797423
0.4582442356
0.5938102906
0.6213089674
0.7098615756
0.7437080911
0.5310556455
0.9207342873
0.6927096029
0.6667385143
0.7747449515
0.926058314
0.8643655882
0.8975916401
0.7331255729
0.7092639487
0.8941083385
0.5909655281
0.9698783138
0.9159114795
0.6650203031
0.619516208
0.7927756
0.8378027365
0.8188371067
0.9920525928
0.8193688901
0.5321137035
0.6744541505
0.8490365387
0.5962105178
0.6913522141
0.6511466542
0.5083600128
0.6850391273
0.8551170101
0.556688997
0.5394822088
0.8950923205
0.9460454666
0.6512231137
0.5777334617
0.9257743573
0.8550798622
0.6245385115
0.6767195552
0.8586999491
0.4677392478
0.4859868917
0.6334498992
0.5016385924
0.4735821337
0.8436014131
0.7261260903
0.5365240521
0.6816061447
0.7355149748
0.4749513075
0.6691843962
0.5532316474
0.4975581179
0.4232663254
0.882371703
0.8325455528
0.8764893697
0.8118262932
0.9187119461
0.6017545254
0.891881649
0.7068994593
0.9532033129
0.6504527763
0.8068619
0.5082559441
0.6739753168
0.9922327277
0.7477749768
0.5555516222
0.4899352857
0.5796420213
0.5843854358
0.9538778135
0.9132036894
0.5035959951
0.9042513983
0.5514362804
0.626735284
0.6554708134
0.6534131736
0.5414271523
0.9410677735
0.8553170631
0.7431205675
0.5258303426
0.5450504096
0.9079088289
0.8679982308
0.6523707026
0.8449429088
1
0.996016223
0.5518561339
0.6117176711
0.5922912005
0.8163356451
0.6605076947
0.6119336677
0.9926106034
0.6344114616
0.8822766256
0.4920451143
1
0.6719514853
0.7305081268
0.9717743856
0.7572412943
0.9843261559
0.8932375025
0.5720341695
0.7206960915
0.6165271842
0.4954292959
0.8557647384
0.5375195138
0.4841168345
0.6777361284
0.4550477279
0.3738196303
0.5968611033
0.6799300462
0.8645352276
0.4870146605
0.6536507184
0.5066675195
0.6056605765
0.6938662806
0.4719544109
0.8358510222
0.9868411731
0.7588919781
0.6668450867
0.5562243201
0.6421294553
0.7073186106
0.991407948
0.6668636069
0.4078320444
0.5014297266
0.4390614356
0.5106359505
0.4401371375
0.5696022016
0.5032710957
0.5876629643
0.4687257478
0.9221322042
0.6913762461
0.5183764315
0.8416641636
0.8411980817
0.443144366
0.5804657699
0.5470271762
0.951740021
0.988046014
0.637924525
0.6960202718
0.7007972525
0.7369234161
0.9279190533
0.8744230483
0.6928957677
0.467923272
0.5422117944
0.4825227209
0.7242465027
0.7119296266
0.5033946546
0.5112976692
0.9492176784
0.6340118609
0.6013401416
0.6950479805
0.7548813589
0.7091181017
0.4976830087
0.4958102044
0.8612814329
0.4609707865
0.8832003179
0.6514517028
0.5979515963
0.4301250285
0.6612871403
0.833992282
0.6481094335
0.4561832326
0.5084169346
0.5556496487
0.5284631675
0.7787376076
0.5764538576
0.6543441072
0.7800049543
0.8652715838
0.6104383191
0.4409286359
0.8819552914
0.7860811952
0.4665364308
0.8416806972
0.4218354556
0.5233708476
0.77566775
0.453211754
0.5927017074
0.3993730674
0.7017862906
0.7626315149
0.6752860176
0.7905289692
0.833886774
0.7305824557
0.5621986885
0.6504636418
0.7607961007
0.6599833502
0.9094487346
0.7877181669
0.4973642277
0.6618124065
0.6490452283
0.911611001
0.6303129931
0.6802097458
0.694687945
0.7591308199
0.4892794738
0.8210164825
0.9745736533
0.7783673171
0.6704387535
0.512815196
0.5329104387
0.8729775117
0.7680223206
0.5158123929
0.8774075016
0.8176885104
0.5902650274
0.4829344387
0.627330894
0.7133102209
0.7054137281
0.7841801556
0.8913970229
0.5206461569
0.5973762067
0.8557230575
0.5623920063
0.4017981889
0.9893557491
0.6400964736
0.5921784413
0.4931116322
0.8424778586
0.7118965785
0.6614392148
0.892055776
0.9797777387
0.7760970406
0.6850567739
0.8320329132
0.9295476505
0.8862203504
0.5726111377
0.9991742152
0.8318236648
0.9005817177
0.5566710855
0.8466566233
0.8928253588
0.7417763196
0.966201948
1
0.5212719342
0.6044666803
0.8202071887
0.7147673448
0.8580699453
0.996917157
0.9261938725
0.7067467449
0.7459290947
0.5571418843
0.9689580934
0.7280249048
0.7071700986
1
0.6848879284
0.7752474106
0.5977756327
0.5796054184
0.9991119197
0.7045660242
0.9900508063
0.4682048456
1
0.6078259922
0.6497684409
0.4911390607
0.738068821
0.9382098874
0.9021233259
0.8683233346
0.7181896778
0.8075828804
0.9142706838
0.7384807955
0.7295392436
1
0.8046005527
0.9999926997
0.8529882941
0.7336426162
0.716508413
0.8624479478
0.6955404424
1
0.9015328474
0.6139633047
0.9870127759
0.7450909354
0.9174409461
0.6384896824
0.9117142701
0.835937545
0.8530535437
0.5955147957
0.6316658995
0.7346817906
0.5383743471
0.5769200512
0.6187235741
0.5222934291
0.4565029143
0.5032207626
0.4831725887
0.5759746435
0.8497057153
0.8569542844
0.5648641599
0.8733785892
0.7674283011
0.8447456677
0.7872845202
0.7701703723
0.6378411473
0.5557141926
0.8297273199
0.608319753
0.8214608299
0.8424259343
0.4721157066
0.8686637123
0.7400104478
0.6759281226
0.8960439456
0.5945219208
0.8804986547
0.6989728241
0.7026844716
0.5904680441
0.8882788995
0.5830050975
0.5100237866
0.6023321907
1
0.509354755
0.6665115361
0.5953278374
0.7076769065
0.5207618686
1
0.7619902699
0.7135459381
0.616751904
0.9012718102
0.9084382305
0.5963066564
0.9999296949
0.9926023617
0.7136477744
0.9855273577
0.6697555862
0.9661734044
0.8724382086
1
0.8309398759
0.6625693649
0.6309685526
0.665958738
0.7875812759
0.5611823727
0.9302888209
0.6096387609
0.8240775884
0.5508035958
1
0.6641887001
0.5079868971
0.7723233189
0.5193731006
0.7910060122
0.9268861697
0.7759005307
0.8809548307
0.8501364882
0.6153605789
0.5780283288
0.5777094302
0.6604728459
0.4448470179
0.6981719792
0.5183529469
0.4702267695
0.5562955394
0.682386881
0.8850685348
0.9757656733
0.5966912425
0.3713911062
0.6815352207
0.6439403028
0.8117137288
0.5368003588
0.72215946
0.5429672918
0.9999909743
0.6014748755
0.4709130848
0.7164231602
0.7364001068
0.506156067
0.5089194809
0.6705206178
0.5401448569
0.8853972065
0.8526498765
0.8180642959
0.5628684378
0.6307332544
0.6760814884
0.5456582766
0.7946013593
0.7545412028
0.7047799593
0.6993573447
1
0.5945451323
0.654780173
0.7045413119
0.615387352
0.6717527997
0.6245753772
0.8922286388
0.8353337596
0.8702608136
0.9197112689
0.773687082
0.4882638048
0.582609681
0.6040526033
0.7310711615
0.4074465119
0.5230299041
0.4590378261
0.4947108528
0.5248637721
0.7122834086
0.9221709691
0.7617620466
0.5129572656
1
0.8661471496
0.7923969009
0.5230962375
0.6117490279
0.9999504427
0.6463337207
0.9080817089
0.685896648
0.6814161561
1
0.594745506
0.8898074057
0.8783235955
0.5906071717
0.7620042814
0.7082850039
0.5158313011
0.4597690431
0.6072955397
0.7171604603
0.5705135561
0.7662906906
0.465129938
0.6120257236
1
0.5583378424
0.4400747064
0.7616505583
0.5934271892
0.7234285396
0.936975911
0.8505130961
0.9791514253
0.4420182607
1
0.6236764601
1
0.6894725133
0.7275748346
0.5503037599
0.8983650249
0.9998063433
1
0.6402070357
0.7122476214
0.7350881616
1
0.7427351081
0.9404588665
0.7099376407
0.921833124
0.9605701024
0.6318424594
0.9246388729
0.7010399005
0.9950329309
0.7288145578
0.8760514293
0.9516891839
0.6021601291
0.6917519672
0.7635112761
0.5632914124
0.598117341
0.7598740329
0.8453575768
0.9909239162
0.715791351
1
0.9846731181
0.7335791607
0.7312369487
1
0.7400001819
0.6921907701
0.970325666
0.8634940272
0.887894273
0.4908233413
1
0.8261833214
0.7186219314
0.7568783486
0.9476819911
0.6365388871
0.9184984089
0.7380888885
0.9999985357
0.6102211939
0.8890859972
0.645961258
0.9064610724
0.6107394952
0.7393809004
0.8947886355
0.8288804809
0.5088700734
0.6913517791
0.9470337992
0.808965033
0.7812304324
0.5096716421
0.5832657812
0.4498448244
0.5337743968
0.4889095521
0.7270944691
0.9995202597
0.7865199743
0.5878188384
0.5545840651
0.8126138066
0.8190972575
0.9878944636
0.8249077081
0.86536873
0.9620965753
0.7623157563
0.8882814712
0.7182258363
0.8605756505
0.7403524384
0.4444968556
0.5140370414
0.4758658696
0.5842062817
0.5183964648
0.512117621
0.5386223058
0.5044208032
0.6639464
0.5969893021
0.6741836737
0.8454380111
0.721260074
0.461297037
0.4614064738
0.6557613636
0.881389006
0.9556120226
0.6395033714
0.6165448246
0.589594051
0.6934788943
0.7115570478
0.5414427938
1
0.8726756375
0.527436302
0.9230676985
0.8753948415
1
0.516641781
0.7633885391
1
0.7071078073
0.9201479387
1
0.5960827801
0.6431086818
1
0.9999999707
0.6489042843
0.5871077014
0.781250906
0.5919500509
0.9998479359
0.891677242
0.5577192702
0.6723477898
0.982943069
0.9883339546
0.7380015005
0.7245138508
0.7259518347
0.5748086488
0.7128818567
0.6308935013
0.7977883477
0.8437392126
1
0.7369740549
0.8385035787
0.785839177
1
0.7541143912
0.7174017844
0.9996832019
0.4784769838
0.8936999303
0.7067183168
0.5552396109
0.4952493533
0.7544680648
0.7616564972
1
0.8433172899
0.6789246314
0.6847766393
0.5502942385
0.7196857461
0.6155201528
0.7608359705
0.857359989
0.7627454082
0.5802816355
0.6741461292
0.6805962731
0.9652210921
0.9654984203
0.9372630218
0.6566848272
0.6066545421
0.7114245956
0.5387301952
0.5719398853
0.904850099
0.9280827564
0.5133746674
0.728196228
0.6157289418
0.9999999847
0.9013839844
0.678671982
0.8838698798
0.8381680067
0.8546021044
0.9427971476
1
0.9372409386
0.5793531911
0.7760386314
0.74625006
0.9529033373
0.7196543773
0.7133221112
0.5682994146
0.5940897938
0.9869458952
0.8955369671
0.7692013535
0.7277175365
0.7849116009
0.9833561347
0.8454618595
0.9520010837
0.6914548411
0.6098145609
0.7451951031
0.6723748142
0.9999712811
0.6818725363
0.6761096232
0.5844468169
0.7030826063
0.8440439914
0.6867189329
0.6129504341
0.6458591
0.4766013603
0.644482944
0.7090921287
0.6133977274
0.5365464876
0.7838042099
0.9235134208
0.6221667188
0.6884572273
0.5299600422
0.9999999799
0.8885119073
0.8949510843
0.6335775899
0.8846705892
0.841443139
0.9062851043
0.8234171417
0.9817370743
0.8808674173
0.5461377539
0.780761228
0.5116893626
0.9226326546
0.9607542616
0.8245057571
0.99999994
0.6151052896
0.577155591
1
0.9996352419
0.9614135845
0.8170531763
0.7164206813
0.7227500383
1
1
0.8186735157
0.6063320318
0.7496202182
0.9053984776
0.8866761437
0.9999996896
0.6207558309
0.8369574659
0.8908691342
0.5080456195
0.826479808
0.80175738
0.6645982824
0.5706953587
0.8999216918
0.7439701737
0.9017537607
0.9005080608
0.95972692
0.4839262737
0.6248013914
0.5601097339
0.8618530353
0.6526561526
0.8071479587
0.7761640468
0.6330001169
0.9276848095
0.8263482089
0.7318128431
0.9549505218
0.7670198296
0.9104114455
0.7582353045
0.7727080375
0.5183847486
0.4651782241
0.9077315229
0.796738716
0.8920424524
0.7203028162
0.8709429112
0.4977504416
0.7498569279
0.6055366526
0.9603822527
0.5883027644
0.7802505788
0.6399008771
0.629486308
0.5868165823
0.6257654107
0.838002409
0.8297289567
1
0.9112327641
1
0.7318598292
0.9979048886
1
0.7635674257
1
1
1
0.8164961559
0.9999613446
1
0.741554529
0.9945264853
0.7589234734
0.8077567086
1
0.7446221039
1
1
1
0.99994358
0.999094164
1
1
1
0.9008831273
0.9586689986
0.962319022
1
1
0.5998962188
0.6814807736
0.5597105773
0.9173887554
1
0.9180505076
1
0.9412462947
1
1
0.689497877
1
1
1
1
1
1
0.994842717
0.9834819447
1
0.8661473138
1
1
1
1
0.9999960884
1
1
0.9761274321
1
1
0.9999863886
0.8967122604
1
1
0.9998654463
1
0.8954374328
1
0.9959580348
0.716469968
1
0.9725651635
0.9295467887
1
0.9920489592
0.7439767568
0.9837402488
0.8915081305
1
0.7168607543
1
1
0.9969152037
1
1
0.9387963707
0.6354802569
0.9941558153
0.6984424635
0.9888762093
0.9842682175
0.7122834963
0.7076470253
0.8542448587
0.926851525
0.9958777218
1
1
0.6974626366
0.9667470603
1
1
0.9999661625
0.9999999953
0.7135398954
0.999994002
0.8339365878
0.9992517953
0.9924629756
1
1
1
0.5914514642
1
0.9996036748
0.9999924177
1
0.8018416014
1
0.9830009916
0.8942106074
0.9247816313
0.7302194551
0.9024492343
0.7590314135
0.8306816977
0.9392697768
0.9797064094
0.6625589488
0.9591771005
0.6368265385
0.926499466
0.7302953992
1
0.9342521742
1
0.588032266
0.9999999901
0.9870983422
1
0.7344217208
0.9158973135
0.8029475296
0.8367468999
0.9866398225
0.9420190408
0.6183719983
0.6289988699
1
0.9145181125
0.6150685008
1
0.7059458788
1
1
1
1
1
0.9999990012
1
1
0.9622823278
1
0.7233200354
0.9841340376
1
0.9834049808
0.8109492516
0.8667111278
0.9013117896
1
0.5730226679
1
1
1
1
1
1
0.9948501494
1
1
1
0.7541452414
1
1
0.971795708
0.7131475561
1
0.977323424
1
1
0.9761903523
1
0.9311809676
0.829411483
0.9914878529
0.9103435492
0.6425657776
1
1
1
0.9993872948
0.9998907365
1
0.9208414231
0.9734993302
1
1
0.8143181649
0.6425408527
1
0.811723943
0.988209328
0.7861870546
1
0.8744036447
1
0.9476263698
0.7092892567
0.9710839275
0.9796434527
0.6430167374
0.9999916022
0.6714857161
0.9493280948
0.7381411547
0.8390310538
0.9391442452
0.9094705276
0.6356159044
0.752365372
1
0.7741750149
0.7390227168
0.6233167174
1
1
0.8831096602
0.7938439518
0.7858448305
1
1
0.7207482709
0.6147143194
0.9260062636
0.9944889999
0.9955943818
0.5827730332
0.8928876033
0.7115437446
1
0.9656863567
0.6389155426
0.748056273
1
1
0.7097140912
0.7817048659
0.7544299115
1
0.8829558368
1
0.7122474375
0.952653663
1
0.9968869997
0.8985089913
0.895546908
1
0.9752923109
0.9106886457
0.9328089595
1
1
1
0.8573665458
0.9260731609
1
0.6855904392
1
0.9715042639
0.9726194354
1
0.9243928647
1
0.7738350663
1
1
0.7161537765
0.598976395
0.7080434349
1
0.6702197536
0.6816145155
1
1
0.5611695448
0.6271082058
0.6036341668
0.9213449757
0.731394357
1
0.7141172946
1
1
1
0.7623368076
1
1
0.5395710296
0.9589810223
0.9794701953
0.7363912842
1
0.7706456998
0.9675215645
0.7111434357
0.7074376097
1
0.6778105243
1
0.7197585562
0.6860135349
0.9862196855
0.7828636991
1
0.6145064516
0.6288624766
1
0.8864821269
0.5954401426
0.8381707517
0.5782135248
1
0.5788369783
1
1
1
0.9230659898
0.7412253836
0.8556545043
1
0.7882203244
0.992280184
1
1
1
1
1
1
1
1
1
0.941327121
1
1
0.9958319051
0.7871432563
0.6703671156
0.631594859
0.8846772946
0.934656059
0.8608581534
0.6773215165
0.829513282
1
0.9039818028
0.6964206452
1
0.9975300989
0.8979168686
0.6970253154
0.543347262
0.5162832205
0.7721988069
0.7006475377
0.9999999174
0.7175157655
1
0.6088470729
0.5288917177
1
1
0.5323792798
0.7207731434
1
0.7290425238
1
0.7535590188
0.7940036056
0.6920343213
1
0.9734019068
0.7388537053
0.5022515347
1
0.5816560249
1
0.4722470248
0.5786758519
0.8610369504
0.6716853824
0.6500157396
0.9618989941
1
0.759812716
0.7072833066
0.9186871843
1
1
0.9623981284
0.4712021668
0.5868091511
1
1
0.7212754831
0.9866143855
0.7205877835
1
1
0.7236365147
1
1
0.7137978055
0.6473410484
0.7170871323
0.8114308042
0.8811471744
0.6516252209
