#################################### 
# Matrix Size= (25,25,400)
# Resol      = (1,1,4000)
# VoxelSize  = (25,25,0.1)
# nbVal      = 4000
#################################### 
4020.913043
4464.346437
4538.224396
4637.390977
4857.283551
4474.278332
5232.517189
4726.210347
5426.401984
4825.120357
4549.695924
4656.18039
4838.671146
4892.248359
5448.466634
4438.72671
5081.644625
5340.599643
4601.792789
4675.548148
4808.453672
4867.995223
4828.849395
5591.531542
4866.761303
4995.052792
5142.21951
4922.54632
4760.008598
5272.671213
4811.601492
5087.417037
5636.995562
5714.222325
5411.427755
5181.624497
5150.41284
4992.909519
4911.260732
4554.183118
4870.844171
5876.911349
5327.556142
4933.013698
5005.101034
5219.087794
4828.054321
6193.989973
5074.544274
4840.080146
5079.406247
4497.543815
4800.625696
5441.094369
4992.13183
5301.820935
4885.336265
4844.0979
6129.305084
5768.5956
6465.254349
6243.153836
5881.157432
5718.25586
5126.897493
5184.152547
5345.729057
5120.604206
5451.020772
5546.461176
5253.11693
6346.844076
5019.718775
4800.668114
5072.001203
4977.399607
5791.934055
5204.445352
4840.850311
6321.838417
5742.391095
5167.464009
5960.584404
5696.492156
5955.010465
6777.048786
4930.554933
4903.502263
5192.692909
5411.896682
5092.57653
5584.598767
5105.97367
6249.020139
5779.580133
5280.309996
5380.471649
5095.848181
5590.347975
5400.812239
5301.576728
5113.630416
5869.871052
5719.6189
5373.688052
5870.231229
8390.327208
6181.468519
6893.830117
5910.859881
5441.451847
5603.890774
5061.410676
5120.200366
5243.473688
5446.138572
5128.659618
6850.574893
5347.293278
5697.391494
5453.010138
5475.077552
5207.411946
5650.294598
6054.950829
6197.315141
5223.968311
6194.104891
5560.306495
5386.364771
5391.394019
5725.68907
6352.613209
5225.883456
5299.286244
6148.107442
5503.074163
6161.448584
5658.888908
5513.37009
5352.332762
6047.61068
6250.636511
6400.773
5622.795845
6275.180039
6560.682569
7601.297711
6093.946735
5509.631433
5642.168818
5352.67106
6525.909425
6398.334592
5736.218557
5536.005052
5177.737378
6028.677113
5512.489473
5285.209902
5774.079782
7484.915862
6032.62904
6328.496564
6022.670392
5686.051722
6378.585555
5711.041151
6559.823437
6601.532913
6150.858267
5668.660526
5953.609946
5968.42919
6229.473754
7887.680711
5872.129361
5449.356704
5727.95367
6120.160134
5818.483654
6281.806515
6870.235861
6322.57524
5717.419436
5701.568188
6130.688108
6184.896727
6385.606564
5775.494507
6004.386865
5655.289932
5496.828772
5769.189262
5968.53235
5749.395841
5965.840906
5722.815906
5423.218502
5354.153125
6411.118858
6573.403579
6318.939361
5907.898542
5908.979772
5799.036063
5469.106703
6732.884921
5594.082249
6730.000172
5918.545587
7138.042567
6344.956439
6380.361053
6943.453328
5742.684674
6245.878445
5852.184995
6119.166375
5954.190982
5403.156596
5894.923165
5808.145126
5786.266008
5725.621393
5880.176503
6028.627997
5629.478111
6253.53772
5997.522193
8110.369481
7041.596604
6442.553143
5976.613726
6068.492218
6075.579126
6638.91423
6064.317449
6003.070443
5928.85333
6596.394517
6077.874116
7424.569044
5979.981105
6277.698801
6735.080689
6823.454691
6457.322317
5998.524225
6172.928619
6060.303028
6036.540528
6983.263166
6985.984587
6341.000034
6049.963833
6145.415924
5796.130964
6576.564722
6612.526684
6210.573203
6321.672872
7894.374391
6379.074151
6691.981415
6216.028464
6577.548774
6461.401377
6382.699105
6082.147462
6399.126244
8466.987697
6851.089155
6645.371311
5886.759236
6770.394751
6242.916047
6673.800778
6534.46328
6417.513795
6221.353848
6009.48536
6044.122112
6585.067366
6321.199004
6307.522751
6488.252965
6386.938736
6047.075695
6519.9288
6320.188749
6080.035172
6094.901933
6095.629061
7931.590837
6776.602104
6579.484293
7011.72883
6726.291669
6320.638687
6267.09139
6349.628684
6697.304824
5969.561929
6533.064132
6802.223355
6121.238361
6820.492556
6080.080165
6374.114354
6283.130223
6565.625177
5981.897227
6386.792262
6881.000759
7329.337481
6755.500041
7453.97543
6536.257434
6644.080502
7117.583596
6562.71378
6448.633336
7581.020392
6867.729719
6720.746887
7022.173007
6534.182469
6907.618407
7467.988339
6404.945614
6840.441486
6623.737536
7421.455436
6229.245499
6734.439042
7096.453283
7024.030899
7284.048269
7784.635393
7181.019627
6187.225733
6190.104049
6515.19839
6585.232995
6485.13462
7561.828053
7006.269033
6413.423491
6532.859708
6736.605873
6900.259164
6426.522436
7048.596382
6894.836892
6809.138269
7173.69371
6879.083119
6796.746983
6916.878751
6876.725053
7059.418298
7035.150021
7075.215575
8006.543746
7665.404494
6640.581091
7053.494221
6811.739804
6630.245796
6511.358823
6601.391991
7318.317622
6995.01706
6522.645242
6755.614251
6928.145102
8076.385734
7873.825345
6993.534551
7100.376284
8027.196473
7945.266422
6858.069778
7403.449697
7142.446466
7388.070408
7334.894264
7011.588534
7509.386833
8518.276905
7115.982964
7221.60664
6850.453837
6997.520549
7394.470219
7500.732875
8053.326234
7035.058526
7295.858408
7261.982152
6968.022856
8747.692916
7862.823376
6842.176482
7098.476875
8210.257026
7883.901229
6958.168917
7229.362789
7124.334765
7297.963113
8670.903397
8317.832784
7275.834866
6839.49689
7608.109074
8177.941705
6889.96
6891.843142
7057.017016
6979.235133
7837.706581
7962.797658
7130.841794
8054.190348
7125.841403
7065.449802
7487.48115
7387.625235
7428.930427
8775.997715
7849.025093
8654.590502
7696.099303
7088.769104
8698.687109
9277.399195
7843.978321
7851.442055
7027.749754
7586.932212
7467.10006
7380.392865
7353.14238
8064.586183
7698.054491
7188.043686
7550.502678
8379.652781
7684.254424
7292.742597
7660.09417
8252.629284
7533.393327
7598.404173
7915.830501
9045.406309
8479.162348
7645.574606
8018.357166
7949.671324
7967.884942
7929.0093
8202.908865
8077.389004
8896.706943
8087.138448
8162.583761
8528.225163
8156.242817
8006.580522
9078.055198
8570.359173
9403.736498
7552.171257
8184.404914
8572.479031
8157.472641
7771.130751
7963.406291
7784.305347
7813.78972
8836.201115
7942.17242
8335.664038
7718.530127
7952.685545
8162.905885
7812.44049
8838.374753
7324.625426
9046.17336
9379.701475
8041.718404
7737.551896
7819.31494
8263.465509
7711.353437
8046.657703
8293.007044
8008.028074
8651.715023
7968.766169
8094.230828
8324.476897
8800.205316
8079.876687
7938.267458
8024.04121
8674.158612
8737.150442
9012.31886
8408.327182
7967.30367
8161.816924
7925.550322
8009.997636
8582.776
8003.897344
8562.791598
8022.367322
8283.935986
8098.548393
8801.57949
8357.85027
8075.025631
7866.524364
8555.693165
8251.867932
8074.322386
8387.66482
8280.82659
8218.798003
9598.532123
8630.955736
7854.384755
8699.366118
8615.20386
9828.360847
8049.375201
9118.893655
8704.907986
9430.277841
8999.981475
8791.122377
8361.446361
8393.658791
9049.000386
8897.960508
8955.2908
9409.49249
8193.816093
8562.208391
8449.374731
9076.755502
9908.643033
9726.48549
9274.73872
8363.89428
8553.815085
9726.147817
8930.468773
9056.916544
8548.024102
8661.69204
9014.351288
10228.44159
9766.788484
8551.820925
8555.944274
8741.747023
9243.22282
8478.13199
9159.855274
9496.054694
9012.058233
8988.740274
8263.98203
9114.59778
9011.766975
8932.295958
9343.935748
8628.540822
8923.972046
9446.242597
9031.510861
9179.011928
9224.381045
9371.759725
10109.39906
9132.725204
9051.381682
9813.447289
9781.325378
9149.344271
8970.934444
8608.688102
8894.741253
9017.305154
9068.024149
9248.618052
10016.66599
9687.811016
11637.97063
9861.03862
9270.10285
9595.677484
9610.092668
9941.611251
10054.41524
9244.490027
10851.85962
10265.41011
9262.408287
9781.476782
9240.04188
9559.294939
9692.213589
9556.627485
9398.289788
9872.200392
9344.891967
9331.684655
9798.285863
9475.417529
9967.709273
9466.614122
9374.041931
10359.05704
10185.01452
9545.503303
9679.16788
9475.779537
9494.807179
9741.843761
10593.24735
9792.4797
10851.80784
11594.40354
9951.805154
10684.64219
10614.07099
9787.065264
10695.64513
10592.59539
10072.46819
9760.738655
9471.832139
9939.446344
10129.64841
10147.52475
10434.73395
10926.16472
10466.19958
11305.0553
10733.41612
10484.74692
10009.14722
10037.06124
10175.84825
10741.80164
9879.624433
10596.05871
10582.97031
10354.96612
10955.78949
10948.44192
10623.99321
10544.95903
10531.80329
10978.29341
11544.5974
10510.43849
11240.60778
10769.07128
10443.19242
11184.04608
11004.41995
10985.61854
11506.07067
10906.9938
11762.7498
11634.01332
11533.02997
10865.87709
11007.69065
11128.30735
11619.07348
11165.92421
11524.75948
11018.86551
12443.60128
10998.85532
11383.89538
11320.33924
11140.84291
10877.8051
10462.68402
10818.13335
10953.72339
11525.83956
11455.38073
11415.02812
12029.33799
11494.16129
11461.45867
11474.56889
11161.10507
11614.63629
11257.63077
11801.09619
12509.29645
11937.84635
12759.50695
12170.56734
11404.31121
11529.72223
11597.0169
11537.29826
12760.49071
11704.14688
11906.61974
11845.50215
12210.85153
12278.41128
11980.59638
11898.12281
12665.795
12246.36215
11751.60279
11564.88068
11734.12723
12575.44675
13941.49959
13119.35255
12926.67674
13904.34717
12516.61178
12747.93606
12973.36664
12163.36796
13058.27262
12689.66477
12372.67028
12337.62809
12795.93664
12389.75857
12122.06131
12688.74129
12760.62959
12937.4168
12795.73375
13799.51059
12935.05543
13315.92894
12857.37494
13694.7085
12950.88777
13453.824
14678.05029
12814.75567
14001.59205
13032.92493
13383.72808
13404.85889
13100.79582
13147.67693
13180.183
13895.73152
13284.33048
14523.56905
14025.77258
13846.47734
14173.76158
14060.11755
13417.69206
14565.83426
13711.31121
14227.05509
14346.0479
14646.26875
13918.08474
14283.299
14507.75805
14262.60394
16081.85673
14953.23836
14643.39587
14311.49004
14891.65187
13799.35765
14121.27403
14503.58799
15364.99268
15176.11983
14372.45725
14995.82723
14688.08951
14631.86421
14816.67871
15624.6603
15952.91339
15497.6474
15598.61108
15780.83799
15360.98199
15395.19747
15186.60769
16097.78851
15439.50795
15772.19029
15763.67474
15696.26531
15908.6646
16415.01969
15664.44914
15843.3053
15803.83001
17029.78418
17650.31173
16102.38119
16084.60157
16230.27581
16972.29559
16942.57166
16092.51981
16608.26751
17102.74677
16519.108
16772.22792
16619.71129
17335.60849
16630.79723
16793.92325
17416.51118
17398.43793
17851.4319
16873.1901
17367.73471
17974.56184
17511.48045
17892.03261
18363.71595
19417.82877
17946.67758
18084.94014
18378.48656
17870.59824
18073.04593
18632.38156
18526.65711
19332.03448
19150.76644
19310.22159
19101.10074
20442.61019
19876.45978
19519.12691
20087.98706
19048.85262
19825.71215
19750.4475
20353.64929
20420.79982
19947.73079
21035.89851
20481.2491
20917.88573
21564.11749
21210.58674
20667.99642
20676.42919
21327.96916
20728.35434
22125.68541
21740.23964
21566.02326
22302.00857
22098.54638
21522.66041
21451.78403
21941.59504
22363.76058
22323.49477
21649.1606
22496.76459
22299.15795
22687.67188
24196.16089
23240.15864
23625.87845
24447.51197
23293.89976
23351.03532
24032.93567
23873.65571
23832.65107
26418.31403
24540.13218
24544.43518
24239.55627
25420.24295
25502.1781
26274.86395
25738.75794
27036.06476
26107.84937
25827.06336
27329.67269
26433.69818
27071.14592
26612.63114
27074.90886
26700.72495
27364.99581
27239.22003
27379.10606
27685.30777
28220.3021
28909.2297
28258.68013
28565.84881
28655.53663
29395.79556
29646.87695
30675.90726
29202.93751
29846.27855
30654.54964
30659.58971
30962.72517
31365.40335
31010.25564
31493.14648
31313.16547
32691.11335
31996.50935
32098.84759
32604.37731
33531.57139
34081.46417
34131.29229
34734.61898
34578.11699
34391.5751
35207.09969
35259.69983
36639.76195
35964.2499
36581.36877
37071.76945
37062.7647
38270.05604
37789.47696
38575.87304
38554.97116
39043.70065
39684.52655
40794.76463
41160.15782
40985.64967
41943.79408
42986.00019
42720.3917
42911.30669
43617.68911
44904.47035
45583.82819
44803.40349
45480.23295
46508.00675
46096.42672
46978.61094
47444.35732
49405.53847
48232.93536
49061.08057
49970.31491
49887.0307
49578.20914
51114.46486
52303.06027
51619.66017
53443.0081
53459.48556
54182.55486
53905.53416
54917.39155
55282.63341
55688.23161
55960.56435
56084.56538
56848.70778
58346.51997
57631.89024
57581.75252
57996.65339
57692.39478
59502.27352
60689.95671
59750.29441
59717.88143
60685.61507
60663.88057
61178.11398
61214.71315
60809.69009
61444.16132
60960.02003
60986.89849
62191.62098
60639.48717
60440.47296
60610.71388
61249.88399
61496.06699
59736.36572
60117.22952
60178.31035
59188.15643
58674.65371
58644.10175
57473.60051
57876.65159
55549.51897
54796.44337
53828.58853
53206.68377
51661.76101
50338.19065
50755.1539
48967.34068
47006.06788
46079.92072
44426.99329
42526.90593
41706.38127
40870.87473
38997.09219
37039.43413
35545.06741
34030.61725
32262.85967
30801.83138
29493.30843
27908.47459
26486.23462
24910.46318
23288.09988
21855.4545
21083.20509
19246.8473
17895.39355
16840.95012
14937.07694
14398.31997
13567.43955
12331.24907
11116.56454
9902.539437
9627.603193
8194.712139
7769.078102
7026.700458
6143.841215
5692.600046
5038.681559
4580.164539
4106.057578
3550.123697
3386.281443
2919.697108
2657.951323
2346.567592
2062.669866
1838.449295
1536.79513
1230.7563
1141.012321
1068.027321
819.9473838
694.0515564
640.4687261
588.2952672
469.894861
336.4036361
380.3538272
296.1459828
267.8130812
206.4923407
164.0335055
158.6351606
121.7438204
106.4290236
131.7440475
157.2974083
57.6938107
83.92911558
54.00772114
114.8873202
93.72895578
48.13460254
112.8418137
65.63337793
56.49749386
34.08666361
30.86312909
75.35253031
43.65054984
41.5700035
68.38793818
39.46784396
29.43352469
41.62587081
155.6614876
17.97008978
43.09575728
69.12547785
64.66653393
14.91432628
24.35844888
78.50491772
11.716353
40.72547296
43.10308294
19.14793375
39.7021407
13.395309
29.24041787
18.54894265
28.7747232
31.43702372
51.68559376
55.29495045
20.7714743
33.96311831
50.49218982
51.31009304
29.10011093
12.77663418
6.825032502
11.51949241
15.28893659
14.8372852
44.70555192
13.11112874
16.54663049
7.044294867
16.23368183
32.55709322
19.42080675
11.65199797
11.26974866
68.2084568
18.64608825
34.21268699
19.48761123
8.870136797
33.33750732
45.27992142
126.4458936
23.71690475
20.82963779
22.74794583
12.45867023
27.28107559
27.2677719
18.14982779
32.04053757
10.8074569
47.1928891
9.758484298
6.523375385
179.1525431
36.83452056
8.18783363
21.66730274
9.372218331
32.36896305
23.56960421
19.46938598
11.22143437
26.67818758
22.77035228
11.63984775
22.0228604
14.84863349
8.67886894
9.232522168
7.511487444
8.432105877
23.16058667
43.09607863
11.04501657
193.1377504
24.70614103
39.6787777
3.489434843
44.32135979
7.602603368
26.22765219
8.935412665
10.19604985
8.552447208
4.79050374
0.8765768642
17.55534774
31.68690721
9.567780138
14.21882454
8.710363536
13.1654996
6.71274084
11.84367119
3.24185081
20.29536254
10.8473037
24.59587021
13.29818116
37.99024399
3.78786057
16.77214479
158.6155676
13.80672504
2.099508058
13.0689498
11.00849305
9.365097721
18.41244859
15.25695702
28.51823442
22.72957985
3.489284961
67.85158568
21.63806722
10.93107924
17.00340789
13.81927032
27.0740655
20.57972575
38.45743718
14.25960753
26.37734527
4.617956949
18.58519179
18.48873569
20.66714901
45.54674306
12.22558095
21.35795586
11.01229001
10.11726112
22.25474632
32.12024158
9.67591569
390.7277758
14.28909948
7.536200029
12.1032387
15.08789804
5.528088201
13.04942043
58.6562014
20.61421072
13.35712314
12.63922596
20.23673354
20.90488726
29.05821909
18.95655381
17.10008985
20.68800621
4.810586926
27.57104321
128.7942645
33.47278158
15.06865919
33.97379775
21.31858143
24.71737286
19.61398709
319.5813908
14.34743662
11.13862205
37.16900267
12.45891336
14.64799514
13.21684273
43.54867059
5.877330443
27.17523984
57.60885083
70.72338041
26.47020036
9.310211397
22.65173377
3.372573319
13.88511238
0.3779942483
14.3698096
23.2726749
14.3287035
18.0978993
17.6870881
4.283405326
115.0265871
2.35173847
32.89347689
2.573951761
4.45992835
28.52324917
7.447273042
12.47074232
16.65113609
30.45991822
21.58639379
13.32265639
19.15631811
19.98853513
18.29143475
6.032188769
15.25239309
13.58184621
177.6080969
53.82701095
72.19504805
9.61008005
21.54315861
7.453272467
4.522888649
17.06857626
18.16434449
17.23220431
36.91407909
12.78008629
11.74262211
2.391003849
5.502261545
7.145654953
115.6795694
13.7373496
77.76913827
28.29286298
33.18884702
52.33430653
26.28026403
12.56632478
18.18499063
15.98798975
76.91639112
4.830579016
8.688375553
15.31507973
19.49144833
30.32248952
19.74155438
14.07190262
13.10893266
24.02952439
11.85416771
4.749144117
175.6858284
9.05125328
18.16287773
14.58074461
35.66626218
15.00358205
19.50218209
76.44856851
24.26442475
7.193083237
7.23224616
8.726477919
3.607028149
26.38870114
39.29770178
67.07645774
20.44600897
18.28676249
23.70556845
14.10774808
14.69185242
22.42605151
5.859663523
17.75244578
18.17448677
15.10698204
10.54390029
2.343420806
6.458464493
17.96543338
10.90320589
3.407404808
15.3958295
10.31979071
19.24889044
11.19559139
9.482123122
13.12033652
12.48346176
12.38608359
7.641443133
26.67272247
12.98835869
18.6565523
6.849528788
25.37588188
16.69566913
2.812315704
0.6119155764
15.45121375
25.56329557
18.08383332
12.62510709
10.57226481
22.35694906
22.21648665
4.778102725
17.7966172
59.47631621
13.76168135
6.311303428
18.75099529
41.11603605
93.78292959
32.86850695
7.776298231
6.826572698
0.9860193845
12.38670098
17.92655457
8.577075701
17.77243775
18.5930641
35.68503238
18.90780425
19.9483632
10.66980219
27.90301448
11.92992415
11.6764271
2.875968411
7.548181934
4.334877786
22.78671772
1.44791922
4.69417355
3.703628866
3.542308731
3.635373028
18.94861683
10.79944076
19.50386664
5.404358525
19.49492423
78.01170118
5.358198515
0.4054931181
13.6582906
54.63563528
10.61498642
5.78078452
0.9489703309
13.85047219
12.85306743
29.48482114
29.00349236
18.93304803
30.6783749
10.49508572
12.89315366
0.4191571469
5.157670715
17.88277244
3.249224188
19.86512841
0.1579664128
2.856305181
6.540202105
25.74377619
11.30749707
12.60214398
4.197629026
15.38920467
51.23772669
10.57020194
8.659873762
8.485189045
9.24146031
10.22162218
9.534233842
9.630150439
8.580039048
19.70020265
10.04284634
24.03303157
31.20375629
5.834967775
16.17426581
30.45840666
17.09125544
6.453695449
22.19833917
2.050451592
4.312431388
4.155587579
9.271586736
9.273794405
0.4857693933
6.238200589
5.989666461
9.345980078
9.774825213
9.492094313
6.719313385
18.88857461
53.94807366
21.61424058
5.368586416
15.3720044
16.17463487
30.42697549
18.94207849
10.70647264
13.13853659
9.765270309
63.8515834
6.798622072
10.20620048
9.714823877
14.6078315
4.281687336
4.451559636
7.005758541
8.298661033
17.79798888
19.61914263
17.9419749
39.23998067
26.75083286
27.58251703
42.65049964
5.097093983
6.720371701
16.28665555
19.8265586
14.53149393
15.99415265
9.811516622
35.39724342
19.39170903
20.23069113
16.21810127
32.60708788
7.352480286
1.793890807
13.50918442
11.09881353
26.89278074
32.31747614
22.41093297
7.46266152
58.99130603
22.46505539
3.597626118
12.93239038
2.500129625
14.00761846
9.445981089
2.264029683
8.191788796
2.907829523
80.21341482
0.4145272866
18.69230655
59.21903302
24.20559616
13.90934683
21.21820283
11.2597289
18.0670407
4.091727802
4.231521418
5.939948869
13.525103
29.02525754
9.499287424
4.741181546
0.2224496168
12.4178408
3.611480705
4.287686825
11.84910942
2.102289848
5.240744086
2.605242642
35.54643159
1.9505306
143.7005482
40.63257692
28.12763736
22.97265489
9.75095112
8.402791242
1.702637115
50.39790088
147.7043748
1.109645367
4.792987228
6.354360079
2.686792824
9.572323945
7.669827988
5.683992503
17.19822777
4.498681054
8.679337198
11.88721489
42.98752754
128.5933063
241.5147594
2.823291979
9.239105523
3.116406231
3.151197186
0.6469212865
0.7296468003
4.371878993
13.43774438
15.19749107
5.054813945
0.1788711845
6.044408401
0.1871041667
6.972119802
12.16423802
11.17431821
12.18614097
7.498653338
9.661633829
24.19169215
15.62190124
19.16076662
7.006481422
3.97430949
3.349968504
8.038480981
3.955245879
29.05436674
8.522710845
21.69548333
9.5321255
9.717337039
23.61261031
4.474010424
3.049137568
1.786111647
10.5770133
8.337053026
2.596707795
0.2176177234
47.56770787
17.01596957
12.14590223
9.845454144
4.890015841
3.114661227
8.048173758
5.857097933
6.194027531
5.261798123
45.35600668
6.732892964
2.044486187
38.32327322
6.16589072
2.046632081
3.922954834
41.21038902
8.259468472
10.5813472
34.65586074
10.80725207
2.056836508
10.19805019
17.53160052
15.22195266
14.41997754
3.335117438
16.66559843
9.415414843
15.64456891
10.8473196
4.769507891
13.18871218
10.38116794
5.874617287
5.297233534
16.0804683
17.32427826
14.31788124
15.74047781
2.437870459
11.03741784
141.209143
0.1192166581
0.548563236
0.3381119736
1.135056182
16.34301367
17.72396601
1.729615263
8.412701438
7.657267074
4.503385581
7.044145319
1.947273819
12.99626616
3.87701506
8.75705468
10.33039878
11.0146625
12.51393365
0.2480843329
8.017969918
6.577069981
7.761944105
6.962962712
26.43478185
15.90210344
1.347773391
8.412109072
0.2112588836
1.286820808
7.711444175
0.2258512808
1.184003655
2.290099996
7.505430327
12.41550939
3.212645892
9.125639235
35.43862156
0.5008048968
15.04947635
11.50745318
2.242271115
7.408840459
11.19558643
20.96911987
76.89600939
8.586952011
3.098377728
20.97619822
0.801207659
2.715514066
11.34401335
46.7184108
33.54138354
11.86551139
18.1847935
8.17835167
12.14549037
4.863710614
9.882525569
9.714479606
6.500867691
10.07694032
1.429408935
12.05550758
1.699038549
0.12870455
1.87967834
3.901156653
0.1573715958
10.44886024
5.379909144
0.213031017
33.68983696
16.90565591
0.7066195951
0.4313149403
8.007171915
5.501308209
2.197772879
1.607560336
1.990325316
28.21088917
32.68976993
2.066870025
0.1868300804
6.847056493
20.96392678
13.40998131
26.29958416
59.4188338
13.87028986
14.61394306
7.745782466
9.407351368
5.405907918
10.72748409
9.015293134
4.040276478
6.206912239
24.64163291
22.44868099
34.91401724
40.088588
2.395938355
5.058658754
6.115624684
9.754877935
15.20469766
12.85146029
7.850658082
11.5113759
15.52577573
6.966082771
14.78105603
11.64001477
17.7052318
15.6098162
17.87812685
0.8834244773
3.514192855
5.413430249
6.592791225
0.05957500577
4.846006016
2.477173637
7.94822497
7.748696517
7.638761992
0.1154001794
36.77860752
0.2208850596
6.237491717
9.897374348
20.77956574
18.31623947
5.4302554
2.572766365
20.28616407
0.6413243142
6.376120057
10.07633342
3.726689439
8.774035564
9.557977716
0.1663622325
2.920968611
5.244392872
21.81614144
0.07393971325
22.308401
17.39082517
6.801725541
3.924175814
4.219835406
18.34803445
3.553856446
7.358859008
14.16853295
10.55763632
36.93140965
2.369913838
0.2127041009
1.888656336
24.6937098
11.9939907
8.053731659
14.1327276
0.2148321566
3.268233184
2.291009488
2.026060646
3.15322635
10.76713613
1.873271605
1.520439499
7.098061956
13.65280698
9.981118202
0.1529421867
6.003573971
1.136741224
11.18081126
3.488545986
0.4985722573
0.09055533387
8.934732094
1.994924526
0.09123123334
11.6912367
3.456506777
0.1155286889
2.762476856
12.70996851
63.2848084
19.53642965
1.793646638
6.244469069
9.928688558
18.05581358
5.696834031
37.862841
16.68615966
37.57294994
4.875285404
10.52921903
2.671527712
2.162622742
0.2166592304
8.619563466
1.940756738
87.2357845
45.79853414
77.60741046
0.2538712261
9.306350384
3.970758879
23.39563177
12.581858
0.1065335614
3.385045173
7.015322069
7.780171464
3.576864982
8.400241234
10.69282469
32.79613387
34.22530874
26.02618021
2.469808951
8.822926514
22.99967158
3.230950376
1.700189733
1.923138161
6.965156881
0.1221536747
0.9204117239
4.092896763
0.3520431375
0.113059543
6.71588793
7.267553214
7.261795691
4.871219796
0.06863039496
10.44712346
10.08256246
7.997532977
2.011882545
1.7239253
23.86906175
11.78709947
0.4768021266
2.625762921
3.266982598
3.720256889
13.02617122
0.03853131518
1.833504486
23.02874283
25.77546817
10.19375721
7.273341105
8.081499298
3.515017902
18.99666306
43.10874238
10.31360023
7.873663065
5.078976625
0.5378475299
2.820444006
16.82679954
6.445814391
21.22018662
8.126682088
16.84675219
2.439423495
2.469376276
9.690551375
8.841890995
0.06365971787
93.63311635
0.0407531319
28.95836846
0.08629440743
2.592821142
5.518830175
3.899046839
3.03411032
5.469084076
12.01520038
2.602038961
12.36749921
3.567398076
1.842070885
0.1733423019
107.9219756
3.451549534
0.01235114809
0.6459674685
10.51672436
9.186795911
5.724675732
1.614308976
10.6269424
8.852567147
13.56036539
4.309311664
2.336358657
5.452461714
7.729795635
7.34134393
10.83364016
1.743716403
21.04947994
14.70059458
1.468042777
3.845440888
26.22520883
0.8808311814
7.426208585
106.4334991
2.378286125
3.008814693
4.44790553
0.1762310495
3.46189038
2.196960013
0.04814578799
3.302084217
3.654854712
11.87762885
9.249517103
46.85307566
23.90395235
0.2891456474
26.46031575
10.27851673
0.1587391615
0.1980140874
5.635893707
6.706811431
4.641417656
1.930510121
0.2310065642
0.09895397749
0.1121639187
1.718152787
1.639674528
1.595195137
0.005682998758
0.4532611759
4.978384617
0.08471033158
5.324066052
1.3871643
7.254772022
1.989889263
2.823176668
19.37711246
6.074469758
23.74070281
20.5046517
3.054076732
1.619487932
1.161589831
3.18869993
0.1754233788
9.812720622
3.895754685
4.183537447
65.32209299
81.78818385
7.933758682
0.7622608995
0.06820710331
6.024297271
3.268635304
0.3829851927
2.373721595
0.6934463399
2.612283193
1.988990993
4.499498117
19.04785454
1.910236053
4.008971728
2.532918653
6.51445903
19.46448396
4.368682116
6.143384943
14.15805309
8.158692807
0.05506385769
16.87165211
3.549969159
0.04611652006
19.08320709
2.347338087
3.238779797
3.227497609
10.24493527
7.0168842
0.3918342327
0.120890273
0.113729027
0.07268652251
0.2865139694
3.614889787
2.108079331
0.9163855037
14.92888446
2.266688602
2.120083755
5.324987153
0.2500792417
0.9333538932
1.863705524
13.1453089
6.251545141
1.822867206
3.284742497
7.44310537
11.4652088
1.698397526
16.82652109
7.832188968
2.687602934
0.4500062869
0.06560190496
0.08521907583
12.73975936
4.07190555
0.4921404528
5.384412374
0.2435679441
0.1032107053
7.198151453
18.56360379
2.477294498
14.66842893
5.61669371
11.23326455
7.976159694
1.894947778
5.275839491
3.667867374
3.38940322
1.606082966
9.172627653
6.45146078
2.822783607
4.596250326
2.003911883
1.729200397
13.77001855
0.01324892395
6.168161434
3.956327383
18.02022703
6.088707961
3.840814072
3.546340741
5.740338893
5.917148903
3.440987893
7.162223928
13.47256685
7.352772797
1.219431959
2.720062733
3.545394673
6.99939901
0.04182551411
2.225986999
12.4144443
9.862056283
4.898372218
11.2628034
18.62773754
6.226681272
2.577595966
0.06977699184
12.80808275
4.63537942
4.087446253
3.373419727
2.219776218
12.2796551
0.1318541461
1.844309562
2.250926601
4.446928963
10.00166227
4.031163085
5.190029665
4.47293463
5.291672785
1.688724513
2.050940248
9.893955363
3.428884142
8.494485893
2.700731624
1.743544485
0.01342337096
11.14718193
2.489925925
1.393467027
0.04382787211
1.59642606
6.084477677
4.28885181
4.221346794
0.04451885182
0.07027286842
1.815057769
4.165253533
22.05654073
1.340276261
3.879455506
19.30031958
0.04392665932
8.665239546
3.425555296
1.01586959
11.22775435
0.02506399453
11.68144133
0.08135086758
0.0519413043
10.59701246
3.153324871
10.88964159
11.98613967
120.3185201
9.823876555
5.080696493
9.460656637
2.130340885
11.72967782
0.04711099602
28.85351919
0.1390866809
7.72652135
6.43349367
0.2996023697
1.576647914
0.04224675048
8.168333232
6.702146869
3.274165995
4.277228136
10.602559
22.3679436
11.82110399
0.662015669
6.326400458
0.2417803813
0.005583757041
4.997444599
7.396860152
2.37769306
9.170174218
0.9965993869
14.02655171
7.759249495
6.882575303
12.45599377
9.249819471
0.02856236592
14.10618635
10.53428142
1.629722412
26.08102852
5.289288131
29.23370359
16.37447487
0.1108635199
0.1555145503
0.3306929154
1.195665371
12.5394779
429.9319737
1.591829522
3.947849014
12.32243571
9.593949815
12.85746368
0.008825766115
8.469426445
5.292474132
0.08814268131
3.964045171
4.155806301
0.02643984101
6.485124039
7.865999473
1.460959116
0.000553695165
4.537757788
33.8348902
15.78043285
0.2933028137
42.47869293
2.342993869
9.613703235
1.778434485
5.859754391
10.48146055
8.378957021
10.47302608
0.4780152936
2.161976761
1.73007801
10.74098528
2.773493412
5.685393545
0.362249115
0.1353687662
4.110302883
0.02590031449
4.319088862
0.5695577089
2.045124861
32.95444454
0.07557889426
0.09398425411
3.125850729
3.739792242
0.05080568462
9.1688559
2.979070275
2.577622849
4.265786779
0.01483016864
0.04838692289
2.064530788
10.07742474
2.833091074
0.06589918412
1.55271639
15.23177969
10.90518053
5.310689595
7.936004352
0.1297670875
1.714088529
2.664000395
20.1714163
14.19379885
6.750727746
3.059801948
0.1364867355
5.768740649
2.996963751
0.01248745193
2.224761739
0.04747986018
1.906592855
7.009301622
8.898447943
12.66296097
5.61672479
2.421833854
2.972347683
2.648584169
4.031465714
9.404792184
161.9094033
0.7648546141
4.418893426
1.672264605
1.824385914
3.307211609
0.4924238613
3.992017183
5.553978563
0.08007576632
3.358266769
4.325409525
4.87607868
15.38950648
0.7007420526
0.08295585956
0.06284812025
7.703638784
10.20858216
5.24625574
0.03916765129
1.8017441
3.038456679
2.363321957
6.442634547
14.47723845
0.05497642883
0.1569280998
13.016986
1.136236457
3.602962648
4.557480416
0.1161517621
0.06774022838
0.0767704816
0.06365302992
3.298605914
0.03953644567
3.352743341
0.05273306171
3.298228436
4.168414207
2.451768446
3.054796012
0.03549897337
1.697828418
105.3713732
6.925580558
0.1275177217
4.036913322
0.03500884349
1.494060341
0.08406174273
0.07828871197
0.07737976576
0.06194274158
0.8545806919
1.253405248
12.02698208
0.02169090134
2.186433721
0.02458495545
2.609829663
10.5552715
0.04128864269
15.00714938
5.14263338
2.376122487
1.743563504
92.34344108
2.091908106
2.013859527
0.1036698624
0.07917390248
0.05262636626
1.257449587
0.1321816848
1.592606028
0.09137601904
0.07024451318
0.04263738155
0.01109044336
3.825237132
0.02941367608
1.043466334
0.5741973278
0.06160827041
0.1737418227
7.906736636
0.507150675
12.08148074
0.1212014491
20.79093584
6.596478239
0.126081898
0.02514888907
7.314946257
0.08871411616
10.27957832
2.038315785
0.06758312544
0.1297204016
8.244028306
0.1037984614
0.5088035091
0.09587529363
5.499103717
2.681771195
1.513263044
0.183327113
7.192653216
13.89513758
3.215161188
10.25432447
15.04556803
7.034594793
1.480936503
4.639874068
5.051992507
6.644274102
8.905007209
4.233342303
8.558326961
0.3293798096
0.6569465126
0.02800647277
7.320333108
1.581754291
6.366617246
0.05733605022
2.100980661
0.03055679493
1.319065043
0.3458721555
0.1951690312
0.02214134642
5.755178891
1.492754897
0.09374800234
0.01502640839
0.007586610983
0.03025483407
8.56920979
0.005464271177
0.8664605351
0.04646394272
4.042481017
0.02469620483
0.1386935055
0.128584596
3.170497413
0.1300620118
0.5300167411
2.949693991
2.676280463
0.004870173248
0.04639435947
0.04533843807
2.289419876
0.7502017983
1.717371348
0.04558447076
1.847817398
0.02771412266
7.542855029
1.562913227
0.06309663763
0.0001208096868
1.254658217
0.06210512315
1.781317444
0.02420440453
0.1727988982
0.02567048212
0.1174386977
0.02674231119
0.4977790854
0.7257349938
0.04199376422
0.1004247803
0.9736142848
6.872985925e-07
0.09643459457
0.0006435804229
0.0259176575
3.845276122
0.6176188772
1.791472067
3.925764128
23.80601374
1.850368242
1.681559777
0.03299229203
0.01277660419
0.01727870883
0.2784885493
0.0006123594002
2.856737736
0.005319151291
1.288057713
1.90798257
0.04243596595
0.06089770978
1.731312117
16.37640396
2.262047591
0.05232169508
1.869917481
9.004380465
3.52069093
1.712421039
1.233486507
0.2750297826
0.114665385
3.494803841
0.09549277954
0.05170095701
0.0003639589342
0.03226545247
0.01978436972
0.2049189271
0.03491846747
1.345367862
4.111609464
1.524373174
0.008197525916
3.879307083
0.1026766371
0.32363194
1.205248377
8.188769961
0.02201577452
0.02834065984
4.489213669
0.01696787203
0.1537281803
0.03641034
1.460473007
9.754731983
0.0281166625
0.01225606913
0.2416996465
0.6149271838
0.0482553528
2.044423444
12.37107633
0.02998101805
6.593594934
4.62813143
1.334673821
18.86202179
9.746612816
6.848159242
21.00279386
0.7800336394
0.009911299751
0.6727757674
0.04145370368
7.095746629
4.454906482
0.2278800331
0.1007588743
0.153626812
2.779742485
4.154054792
4.342914009
0.08724777468
0.05563333914
4.129779422
0.01594158009
0.2514018528
2.676531913
2.392481046
2.377920689
2.230899253
1.894153272
1.825309312
1.761408275
6.098167171
0.04610181131
0.05863465739
0.04572224538
0.02147850848
0.02809790353
14.92707877
2.977715073
1.819054543
0.02255391081
9.914931211
0.009994561751
2.62780117
0.03051875693
0.04671175458
0.00209029122
1.032259452
0.3146960419
4.114760019
0.7528485263
13.02198528
2.933363894
8.279941304
29.2316405
0.009506791321
0.03582457354
0.03079431772
2.795118377
0.1677099232
0.1495221876
0.03082658882
0.04647202939
0.05173094797
0.1991879814
0.04743281282
0.802796603
0.06806897447
0.5701407628
0.1061534983
2.696321105
2.837237296
0.09225184516
0.2072625039
0.04720638269
0.2821025752
0.07430804094
0.2687555417
3.079781989
0.02490818009
4.71773841
0.04889593818
2.409361524
0.04591840406
5.86845512
7.174877988
1.902145297
0.02143251607
8.327453228
1.781099437
7.21973311
2.285568889
1.58677277
1.914277547
1.951056695
3.985626329
0.03375012533
0.0947881213
5.902394275
0.004303879937
6.141340935
0.1323094708
0.0663342281
0.08580103304
0.03991281284
0.09566839603
0.0141196181
0.00169422348
0.1120879854
1.641660963
4.935921326
1.911718581
1.661654251
11.46884145
13.95802099
7.50712188
0.008261108134
8.557066346
1.861110874
0.001062090092
15.54032603
2.436031859
0.02086311498
2.149037253
7.52010831
4.355229631
0.3477693867
0.006688352012
0.04931624456
6.969572259
0.03559438074
6.941826018
8.186053077
0.2183964601
0.5684761017
4.103641505
3.517924029
6.186951312
0.008342118127
0.0351840145
0.01737017113
8.94339316
0.03144289784
0.04255683751
2.647052167
0.09198173993
0.8610628184
7.505901402
2.509635804e-05
9.245262162e-06
6.66179451
0.01259929219
9.971882864
0.01917111437
0.001575192797
0.04788100646
0.04175093817
0.1129106358
0.05206904934
1.694566547
0.02440685002
0.01022039467
0.5187747638
0.04839813024
0.009944874861
0.3226567015
0.1042111896
0.001524144513
0.03346594136
0.0130925188
0.01967407396
0.01865123528
0.004571330761
0.1374463077
6.342783623
2.286831928
0.01830710981
0.0140592529
0.008478205609
0.01956775469
0.009344372725
0.02112522653
0.01902474919
6.340230573
0.02299639551
0.02424878962
0.03402157255
0.03889429973
2.064012179
20.35281881
65.08728995
0.07227751121
0.08213915097
0.1094757049
1.320228757e-06
0.01232058428
2.27539247
4.313311878
3.476142267
0.01990924996
0.04493699345
0.03014532752
2.789066272
0.0309777512
0.03981956542
0.02444074422
2.046524003
0.0387575497
1.812062327
0.03213266397
2.058825387
0.04495945853
14.72735788
1.749116405
4.449505612
0.08797230305
0.01753995977
0.05960456687
3.648840959
0.005584632928
0.002490390288
0.007915825472
0.02197548031
0.04810483148
0.03652226697
0.05866607204
0.778515814
0.02879789838
0.071702942
0.002305636823
0.01604199702
17.1269303
0.09886931014
0.1430891297
0.2078061195
0.1744659549
0.0542013358
2.167404528
1.021749131
0.01056552707
0.04345019886
0.04834815512
0.0689380195
0.0003154414499
0.4091167017
0.003010595774
0.04100203806
0.8884202219
2.342752282
0.1112986418
0.05817539427
1.482259428
0.0640652568
0.03620235755
0.02177202383
0.02018243936
0.1080174643
0.1108998332
0.03577599454
0.2110250233
0.09797736855
0.1130206826
0.1630878539
0.05006376532
259.6613824
0.1503744399
0.02081972394
5.457508369
4.652831415
0.09384908742
0.01282546735
0.07841548999
3.131987615e-05
1.969321367e-06
0.03471972343
0.04820372884
0.02405996074
0.07090155042
0.0345418637
1.73056e-09
0.06792921066
0.05800251688
0.1157307977
0.07781900528
1.604050987e-11
0.09068143362
0.03312258757
0.03889913048
91.86926286
0.03035347939
0.05134923594
1.818939853
4.000243272
0.02943679634
0.02545056224
0.4967243687
0.07320142601
0.02748202733
5.604546462
0.07064347241
0.1387992926
0.1134247986
0.06051914201
0.03441666065
5.859516386
0.06986437394
0.1726850619
0.3071655498
0.6789155526
0.0881865087
0.0345332508
0.1129783193
0.03012984763
5.931456064
0.009118730919
0.0450891962
2.960054378
0.09544880124
2.77368792
5.159987397
0.04018681832
0.3402330144
7.171260634
0.08070422425
0.06589012427
0.1213898877
0.0354769949
1.609902723
4.260097887
5.585804469
0.06237474547
0.002959140001
3.632035857
3.348535161
4.298578581
5.573478571
2.800717819
0.0144684461
6.198550721
0.0231401803
1.990713806
1.777629696
0.05882645348
10.20874385
6.093098377
0.01395898253
0.001831290973
0.006729501561
2.674357663
0.04845699919
2.550273915
0.03802179497
1.906931553
0.04229767986
1.667132351
1.795898705
2.073851379
2.441206041
0.1255776053
0.09015570345
0.03974599312
1.227163105
0.1231929157
0.01280988961
14.97523786
0.01851605622
0.02232741928
2.612977619
0.02952144559
0.007645893693
0.04187836609
3.893057009e-06
0.0151936762
0.02052634371
0.0263147914
2.570218398
0.1632457316
0.09020749961
0.04510508989
3.279775164e-12
0.001560780239
0.1682069134
0.0644988889
41.27291692
0.2173791288
0.0196677708
0.0104193476
0.0005828949171
1.832080613
1.652970704
6.609689469
0.1066025888
3.104588193
0.02762449959
0.01286844154
0.005700114144
0.05127579033
0.1226615215
0.01407548279
2.902051169
0.04530677789
0.004358854656
0.01020183708
0
0.01750725076
0.01153592748
0
0.06423369707
0.023611686
1.50458488
0
1.77182906
15.52734035
4.900557785
0.0004247625901
0.03565649675
0.03093287389
13.49119099
23.92858074
6.08491853
14.93601599
7.529048917
0.01380937252
6.359191146
0.02050421429
9.210938728
3.304101175
30.55561413
0.2584721801
0.0594365463
0.02086517096
0.01957957285
0.0001841627416
0.002654996081
0.02585961797
0.01963060579
0.0004877371887
1.292381097e-10
0.121801002
0.02306666313
5.899152211e-07
0.05342300473
0.00422470264
1.923346299
2.289591109
0.7784973668
0.03691392517
0.03421459709
0.01895246785
0.009195528395
0.0377555393
0.02298597655
0.01593301989
0.05202971928
0.005502929686
0.009325901865
0.06494169551
4.864540726
17.90279897
15.7747419
0.06406351231
0.08630508423
0.01056414826
0.03864807588
0.08354190599
3.476473923
3.413904192
0.02707154673
2.35707295
0.1310477591
0.04460964893
2.217100022
1.896205474
6.306918461
1.976752656
3.079965013
0.009898940934
0.06184372351
0.0409183067
0.0350461655
0.1114380679
0.1033993564
0.01186371071
0.06932312287
0.01651621184
0.003546449218
0.01802449393
0.01090762991
1.918185215
0.02935505179
0.02028669908
0.04615447545
0.05587387333
0.02307978527
0.03575219659
0.07684452831
0.0002502070352
0.0186473586
1.626222563
0.04057205229
3.597703801
0.02739416406
0.01887299483
0.5172712317
0.07801203163
2.017856843
0.02863071067
0.03743981856
0.0003670653144
0.07964948361
1.291751908
0.02906620881
0.05605711554
0.125530246
0.009916245545
0.06495325104
0.007390227965
0.04684828943
0.01940068774
0.02509015233
0.1403508528
0.1473808895
0.001257020336
1.296624109
0.05088938568
0.0003670401373
0.02414293496
0.07612964807
0.04314920705
0.1116198481
0.1599273753
0.07408345895
0.04075764188
0.02946604475
1.5767681
0.0006954906819
0.04686164478
0.01832417613
2.336285797
0.05665353239
0.4818016506
0.04635210208
0.06752933873
0.1018992077
2.558974745
1.73124691
0.1611170231
0.04794781496
0.01757072398
0.0954054772
0.01973493865
0.03844278909
0.2150774019
0.06430061701
2.608036927
0.07593522597
0.03042117579
0.1074223312
0.02147833449
0.007590808658
0.06055622397
0.05733389064
0.01668661741
4.835521555
0.08340248491
5.195397008e-11
8.353270943
0.07149733811
7.843214591
0.8926387287
0.06758041939
0.06007011647
0.05165856132
2.159801689
4.154289248
1.665710749
1.763245485
8.062232617
0.0004227549119
2.83069399
0.2334988408
0.07573391734
0.07264087915
0.1986420709
0.01630003593
0.0488316783
2.3743967
0.01479403805
0.03570885664
0.05661623502
0.005481898479
0.008124659133
0.02076843144
2.165972413
0.02918693102
0.04633675223
0.03838697523
0.0006046798012
0.06397836896
0.03473007747
0.2423644452
3.066643108
0.07240521908
3.389693943
0.1080705565
0.0283786017
0.02010539454
0.7961248937
0.03586114638
0.03425035771
0.1016343393
1.111855138
0.08710657692
0.09604419642
0.06237256804
0.0275503417
0.03442395738
0.03140039209
0.06226937287
0.07087941113
0.04085272559
3.74639315
0.009240389616
0.008027915995
4.365387279
0.05326192798
0.02844909737
0.03057083001
0.03583476057
0.005365977486
0.02048622097
0.08449289499
0.0202610475
0
0.07212729755
4.496511489
0.07160544325
4.107359204
7.627595264
6.668890973
12.88971554
3.355295726
0.02280854878
0.001689913204
31.70898647
5.425653309
1.940535299
1.685524291
7.755756424
0
7.04338093
3.845306463
0.002204125395
7.208455475
0.0649470277
0.8521941722
0.05096999569
0.01058408018
0.03472513038
0.0180005914
0.0297247689
5.339549154
0.01437573123
0.09132112426
1.34927434
0.09253725722
0.02471028222
1.777970886
7.988404883
0.6405755325
0.01852771863
4.151723333
0.01446467412
0.0445039911
0.02443484244
0.02318012188
0.04359074856
3.672431423
0.01689963745
0.005863355582
3.475868551
0
5.117557218
0.1931908408
0.04175669414
2.20235312
0.04835771732
1.710382052
0.03535784505
1.790302916
0.0239402088
1.81516285
0.03378462328
1.90081327
4.45872346
0.07627802077
0.07644492413
0.08117213736
0.02318220971
0.01682414657
0.01799914071
0.08665977344
0.01995573866
0
0.0101533505
1.921040806
1.529016285
8.715596652
0
20.53575949
0.001936109706
3.74155064e-05
0.0193488105
0.03605203089
0
0.02659982336
0.0651874844
0.02631642276
0.007317396007
0.01533213707
0.1547826525
0.05614826519
0.001033539225
3.828310019e-09
0.01415632978
0.001656719458
0.02958316125
0.02297499898
0.05427090335
0.02177787129
0.03874091248
5.332817776
16.19698806
0.02946683915
0.02304349427
0.06102829567
0.06741545409
0.02965535189
0.002337465266
0
0.03453491927
0
0.04112319128
0.04005600932
0.03165028057
0.1091034608
0
0.01210688831
0.01844094075
0.04360942363
0.01144935346
0.03986140716
0.01080131398
0.004516825618
0.04876915683
0.03305321532
0.06105891003
0.007605349977
0.06868161661
1.468371267
0.02350655997
0.02332010731
0.4553838247
6.239761605e-06
0.0002020302333
0.0001127245186
0.06165649677
0.03342865642
1.438810893
0.04478335165
0.02460664716
1.478291328
0.03190946991
0.001544732695
0.05555661154
0.01320071335
0.02665144701
0.05596304618
0.01772189231
0.0004829519668
1.976334756
0.01755240942
0.01156906055
0.05931443327
0.005395840089
0.04452353194
0.01425520874
0.006028211949
0.2131184297
0.003525885656
0.8692726371
0.0509579609
0.01385226268
0.02413860324
6.718279775
1.894228459
5.255048707
0.04374039665
0.001624888856
1.870608532
3.209860883
159.7266197
76.93155612
10.70873655
0.1294630048
3.789406289
0.03933956007
0.1057892395
0.01550278859
0.001347835965
0.4261373789
0.05620071308
3.195662676
0.06971446498
0.05576320545
0.06904966201
3.543592057
4.89856667
0.008800697564
0.02375653136
7.373464512
3.72085005
0
3.936461409
0.02484721829
0.01434274607
0.03052586816
0.08065701118
0.02654766627
5.258622937
0.06656643462
50.23369538
3.657117166
19.17639001
27.71395333
32.58956034
49.8466866
0.0275843355
0.01212458496
1.993348905
0.02138392267
0.009114371941
0.06253844727
0.03360370728
0.04412917811
6.908555554
0.01022157808
0.004523019542
0.04106921131
0.0253533342
30.85042087
6.456407
0.05526561361
0.01937100746
0.005415007145
0.08481243069
0.1649245871
0.2466615684
0.003241238745
0.06772779401
0.02773905703
17.90677257
0.04900385853
0.06874661134
0.4217963766
0.01039323137
0.009517570385
0.01789507339
0.02514360552
3.022781982
27.73829062
0.02799506097
0.02070991022
2.608450942
3.095097583
0.00820130278
2.256051876
0.001361411714
5.663850389
1.810411557
0.01690474147
5.437387969
1.927912272
2.869885895
0.02495916751
0.02415997351
6.64050068e-05
4.687897288
0.8410031002
0.01617262974
0.04735079469
0.03927439132
0.05258236862
2.412687473
0.01804391771
0.0140146674
0.001375909025
0.0858030626
0.0007010289483
0.0581416418
0.1747754088
0.1609148221
0.04142662964
3.549027328
0.02627777776
0.08229060181
0.01393627387
0
0.03559358251
0.03051025574
2.478358179
0.03073532237
4.474622064
2.0250213
3.833180974
1.539618777
10.76602506
1.97491817
1.675637331
1.756644992
2.944049793
2.257199874e-07
0.0240783501
0.009810073997
0.001509206086
0.04792911864
0
1.612384261
3.879434519
0.2842861402
0.0660940237
0.01670533237
0.04270249622
0.01919136819
0.02200829255
0.0005488623985
1.368650065
0.04165808859
0.04750759576
5.03387436e-05
0.02325926914
0.02119146577
2.21504725
0
0
0.02466839536
0.02428563922
1.50820541
0.3020169708
0.2956325022
0
0
7.601367449e-06
0.0001058727492
0
0.0002456298081
0.08104048197
4.051219666
30.96275641
0.06375129418
1.853498932
0.0001929648902
0.02022168612
1.367578633e-06
8.772133151e-11
0.01161176556
0.3045083733
0.01679158093
3.526467408e-08
1.432621645e-05
0.01661563812
2.175399605
1.620317359
4.026337697
2.894713919
29.84714092
8.59443535
46.08870398
6.47452485
2.752996648
0.009094001173
6.864005603
3.757868769e-05
7.373410162e-06
6.773497775
0.07832681346
66.00176422
2.531970929
0
0
0
0.02656178928
0.01091859287
140.6258567
0
4.452988835
0
3.19961355e-10
0.03326983727
0
0
0
0
2.772367213
0
0
0.0004900377904
0.0003082190532
0.02202707446
0
4.047462128e-08
0
0
2.823130451
5.03070699
0.0171780403
0
0.00125050162
9.494392329
0.007477906903
0.02452808044
0.004263957582
0.007052611305
4.407731944
0.009604897751
7.213433667
0.0007415474989
0
0.0008644700329
4.798253329
0.001077230971
0.00133771249
2.202186234
37.46709491
0.0011424881
11.6920422
0
4.119749691
5.314713095
1.190841951e-08
0.0004508658332
0
10.44524134
0.8331474226
10.3378639
1.824057317
1.392128555e-12
2.446539764
0.001326262368
1.518688662e-12
1.977233907
0
144.1397815
43.33148351
1.681334046
12.24749152
0
0
6.451373804
3.555857312
0.02242498485
1.849599999e-10
0
7.5111141
8.111104e-10
2.392091728
0.007530738235
2.052644389
2.116837688
1.815952228
0
13.91123875
10.05092841
0.002280932922
0.017710111
0.001403063422
0.009047228216
0.0104798069
0.01074157156
4.571108624
3.308922588
0.01008968184
0.1946432949
3.482608451
0.001092750157
0.02012155033
2.27541386
2.004749296
0.05240820075
6.875389917
0.0010826723
15.77746234
0.01495786629
0.005314025226
0.02243593132
0.03284535642
0.02341834339
0.2657393921
1.275631089
0.02540479169
0
0.01913981551
0
0.008046419466
1.25936514e-09
0
0.03720205464
9.842383198e-06
0.006142812717
0.01445379603
8.546810553
0
7.617120425
0
9.605010538
0.06563231669
0.005473643197
0.01748893104
0.0001529142608
0.04908630012
0
0
0
0.002709586537
0.005608992692
0.007222977258
0
0.005376785962
0
0.04424250368
0.04823775771
1.769636658
5.956778964
0
2.361003338e-06
0
0.03480729057
0
0
7.887533934e-06
0.01188642124
1.71999515
4.842952919
0.003559813314
0
0.04193454968
0
1.507269395e-05
0
0
1.73056e-09
0.002291742881
0
0.0007922132654
0.04301352315
0.01935709747
7.172928805e-07
1.620637335
0
0.001158230689
0.009688166557
0.01971776632
0.01122422178
3.219658792
0
2.976210125
2.153336834
0.001118439868
15.15706802
1.688665028
9.781263264
4.769930801
1.651687138
6.90133867
10.16373613
0.006405747363
0.07323799036
0.002468894948
0.06197743338
0.003583546087
0.04266714778
0.01142420579
4.719413357e-08
1.032319441
0.007384189428
0.02156511557
0.01221756661
0.04637144182
0.01750933733
0.01071486951
0.0155434334
0.005107270372
0.01499596035
0.008209595917
0.04036841511
0
0
0.05837614456
0.000325393982
0
0.002862524897
0.02305550166
0
0.04673979279
0.06546825437
0.006624801419
0.0494837967
0.01277916409
1.855044e-10
0
0.02852184451
0.006494804505
2.782166379e-05
0.009215907414
0.01060450294
0
0
0.003177272025
0.006741202975
0.007159560561
0.006486885238
0.01598362593
0.0035599991
0.03187691387
0
0
0.006068628628
0
1.922229585
11.0449296
0.02470399997
4.341116186e-06
0
0
0
0.009573354485
0.04403274693
0
0.1503407728
0.02145331645
0.007999862141
0.02693187911
0
0.005495455758
0.06028591846
8.371848998
0.4166592822
0.004977162918
0.006911471682
0
0
0
0.001639527016
3.821684098e-06
0.005049535328
0.00528905279
1.720314048
0.253485396
0.0005864274297
0.003549392704
0.05175558968
0.00393952281
0.001831753868
0
0.02394647208
0.00266625487
0
0
0.001121399883
3.340665148
0.01198226589
0.001898564226
0.007421053411
0.01123038571
0.002294880596
0.001940272908
0.001892933531
0.0354641362
0.02160982556
0
0
0.0003371117773
0.0001121496051
0.01128875836
0.007904882197
0.02609893168
0.03557623148
2.961995453e-11
0.0007614852982
0.02642670479
0
0.01164754404
0.003603150506
0.03143219706
0.005766612147
0
0.006398253767
0
0
10.16230466
0.0004173531335
0.01000637903
0.05318569802
0.0516926843
0.02257330851
0.0004879183445
6.318445267
5.837971936
0.04131778599
0.002506440669
0.001209213621
0.0007008626031
0.0294528153
0.002616809875
0.02164358823
8.7835704e-05
0.9156307787
0.005160217734
0.01600978597
0.01458503587
0.01659053561
0.03395496881
0.0298381982
0.02497570933
0
0.00613519484
0.07238951125
0.009703374796
0.07260249221
0.0005053709424
0
0.0155306292
0.01490916244
0
0.003308952169
0.03715474987
0.06036823063
0.003705148707
0.008452213643
0
0.02075530442
0.03096092979
0.01664430847
0.02698254593
0.04596075715
0.01852200075
0.01207693143
0.1802432274
0.0703078758
4.334798427
0.02678256406
0.02128075709
0.01316568839
9.725363136
0.02743867648
0.01405990739
0.03578617135
5.831387595
0.04151456159
0.01124007575
0.006629492667
0.01464314862
0.01094704591
0
1.278947256
0.01638927616
0.01818487328
0
0
0.02318259566
0.06277912436
0.06531463064
1.927867496
0.01515086241
0.02741706213
