#################################### 
# Matrix Size= (25,25,400)
# Resol      = (1,1,4000)
# VoxelSize  = (25,25,0.1)
# nbVal      = 4000
#################################### 
4977.377056
5393.561639
5568.874785
5755.958192
6394.638191
5783.68207
6667.381168
6611.111437
6748.419025
6216.357859
5535.981968
5761.737698
5847.440861
6197.78797
6914.060851
6143.949601
6201.420449
6666.954969
6028.959563
5973.971133
6552.270217
6418.819508
5895.117825
7611.178086
6270.008885
6276.075596
6744.090066
6317.826062
6042.085646
6434.9826
6155.364274
6176.747645
7680.897947
7172.045307
6923.522853
6374.606831
6424.510496
6439.193514
6577.84291
6017.06901
6600.261
7125.332641
6667.175001
6547.337667
6514.280795
6264.910196
6021.315716
7611.576792
6321.723602
6192.115363
6404.542629
5928.048953
6120.295287
6872.176493
6289.097641
6577.516592
6246.350252
6334.697394
8118.706006
7736.468947
8214.204547
7870.127085
7080.304023
7096.591445
6532.787821
6527.555804
6713.936951
6338.311106
7016.380347
6856.907344
6528.287421
7784.866858
6323.340486
6265.592863
7082.048369
6918.354893
7037.717116
6721.314615
6197.445274
7628.221497
7087.707704
6932.487104
7341.784195
7252.930481
7141.134297
8137.439494
6690.083228
6153.69317
6482.278382
6671.916122
6601.379298
6858.35501
6907.712427
8541.227974
7635.928089
6501.765157
7736.24182
6775.746887
7255.99724
7023.832695
6689.115603
6552.21315
7615.179921
7158.753015
6920.278749
7340.328795
9329.341343
7882.574867
7954.674824
7418.05144
6737.876433
7198.063835
6429.173402
7245.076962
6904.021753
6767.508986
6560.178146
7904.936613
6631.132388
7131.844212
6730.218494
7029.476711
7384.709639
7301.459232
7776.336279
7689.796236
6695.422388
7858.127151
9107.971282
7166.906493
7566.877322
7422.017685
7562.161958
6779.688539
6874.233125
8789.751633
7146.064674
7741.594707
7409.19509
7012.448884
6773.973042
7713.251551
7897.622754
7854.801102
6908.585225
8032.46346
8269.095978
8863.568185
7618.019058
7044.939986
7134.781804
7175.820394
8318.023902
8548.659926
7013.071134
7039.442999
6743.42327
7442.816438
7154.617264
6820.816436
7408.306067
8932.910326
7777.591023
7568.914916
7466.448749
7508.422734
7912.685015
7730.417689
8042.241615
8076.323518
8003.774994
7293.042575
7512.247343
8065.934873
7676.326342
9187.680454
8018.871297
7050.892639
7849.607132
7491.567344
7335.574549
8528.913666
8665.386558
7680.835229
7273.719891
7460.043187
7708.402013
7624.697803
8607.944626
7428.704089
7640.199396
7697.945364
7134.875724
8207.504274
7624.743153
7156.96049
7432.423835
7016.350936
7293.11115
7230.451781
8008.46627
8225.022259
7814.659818
7368.138573
7409.144263
7366.456996
6944.517081
8031.057661
7708.762709
8313.837663
7428.274713
8951.732744
8440.411386
7650.949873
8462.408777
7495.108526
8013.949424
7227.024162
7634.620527
7396.538878
7145.766499
7507.961003
7371.957122
7440.209113
7081.528267
7456.297402
7750.65047
7774.686622
8228.485561
8697.243078
9692.584802
8660.558616
8017.73399
7507.56982
7502.048916
7586.668544
8695.266096
7549.73696
7951.76347
7619.675218
7999.110446
7805.944773
9058.507729
7895.386825
8187.361553
8196.822822
8132.97847
8318.944762
8129.982212
7626.115298
7584.323578
7582.916309
8579.772347
8520.472835
8068.928517
7608.51946
7896.000469
7518.183688
7948.68662
8371.464639
7855.809639
7997.66812
10117.16361
8182.438751
8816.019613
8033.296657
8763.940676
8659.319392
8379.319261
7607.385529
8178.644943
10125.39845
8494.89657
8014.85457
7743.568799
8377.502522
7912.676475
8519.900382
8301.312317
8096.067855
8328.987583
7665.001972
8213.82286
8027.261437
8177.412459
8419.536877
8513.493632
8685.275073
7961.734141
8320.571411
8885.754008
8135.235982
7734.35296
7942.207999
9541.816623
8505.8256
8176.678855
9078.621389
8374.494777
8252.736049
8180.798509
7932.465403
8616.333643
7883.725497
8407.50063
8685.841009
7955.913261
8621.725447
7714.423456
8211.475319
8134.853462
8265.008193
7745.295224
7850.701909
8631.537789
9028.817389
8331.648841
9220.051692
8332.49101
8512.676813
8728.756064
8139.68281
8474.528177
9257.978965
8464.162956
8451.616973
8688.647259
8776.186499
8882.24005
9170.941686
8073.816951
8728.086811
8438.69983
9602.002842
8300.333273
9516.801281
9159.229822
8540.201634
9074.182823
9692.931077
9250.84599
8108.988225
8556.747066
8551.696531
8320.476274
8114.087915
9000.836423
9048.634782
8376.298904
8320.821689
8933.040022
8609.975949
8120.633538
8889.556366
8451.708002
8629.434502
10095.51755
8402.100614
8763.139235
8809.136389
8746.22019
8824.269114
8580.679268
8840.525263
9806.017638
9187.102066
8500.545898
8740.725453
8698.751826
8365.824654
8514.694069
8775.255463
9160.675821
8858.452025
8274.987719
8565.582651
9516.944609
9874.524081
9718.313271
9698.46376
8853.147945
9759.961838
9579.366347
8901.433526
9227.560769
9222.080711
9376.869429
9091.013889
8744.253629
9088.063347
10654.14927
9130.932084
9110.324842
8490.673059
9124.562469
9383.035735
9428.950389
9948.557123
8842.578597
9392.091301
9324.574901
8777.807158
10508.81555
9651.984917
8648.987056
9221.785758
9924.240874
9729.772915
9031.56859
9173.921591
9653.190633
8972.209791
10668.49943
10209.78365
8906.454409
8866.019931
9843.674036
10438.42136
8818.192676
9144.984694
9326.1089
8788.715591
9788.00993
9767.715846
10097.22505
10069.94718
8877.710282
9316.592348
9399.564128
9479.106722
9316.042945
10293.07523
10108.99851
10663.30706
9643.436838
9134.226572
10917.05103
11121.7815
9842.493813
10373.11386
9103.500548
9409.188828
9466.535189
9445.174675
9597.785682
9940.023059
9641.525786
9140.32064
9618.41842
10478.17149
9550.720706
9593.37596
9808.783595
10267.141
9583.477306
9546.922197
10246.7482
11938.04733
10464.85297
9853.824407
10062.56852
10284.63646
10478.07925
9926.064974
10718.69025
10470.94888
11160.35136
10119.22332
10578.68278
10665.78734
10273.10944
10260.16115
11116.78879
10931.72379
11110.41864
10090.4506
10174.52656
10635.80515
10417.86224
9861.472897
11136.17383
9756.507955
10316.9411
11340.28285
10173.47499
10216.53099
10097.74502
10236.72868
10074.5248
9732.849718
10593.74342
10329.99597
11507.36488
11210.59394
10225.16476
10012.04375
9767.232838
10598.7026
9894.350713
10012.79566
10869.7577
10495.86866
10926.71719
10319.11207
10238.00285
11061.49233
11096.32775
10624.20815
10185.25875
10489.11485
10610.77402
10793.79347
11179.58266
10448.31691
10174.90369
9888.181479
10180.90445
10183.0119
11431.17358
10396.31838
10918.15817
10304.50525
10363.24316
10093.44231
10863.23115
11033.50962
10179.4946
10542.63482
10512.40387
11180.56141
10396.53701
11203.72666
10419.47192
10623.86226
11806.29905
11020.72523
10067.65341
10801.45207
11201.48233
12191.35087
10296.38675
11379.06501
11270.63865
11677.70817
11458.42484
11026.73953
10868.64966
10756.17715
11153.29231
11273.82954
11565.98807
11656.01998
10778.45229
11233.13097
11117.66786
11912.95179
12668.99194
12250.53871
11484.57546
10563.73893
10587.13573
12092.73874
11302.7592
10966.38304
11754.62064
11264.16002
11402.97245
13483.25712
12335.47889
10977.32908
10927.62729
11294.94625
11615.26556
10797.99476
11626.92934
12213.4308
11397.34169
11477.77572
10973.81938
11657.68711
12078.07217
11442.32064
11718.57661
11077.83891
11510.89695
11792.60807
11967.67581
12049.12861
11426.71888
11635.5591
12455.23726
11392.26039
11620.09824
12331.28706
12931.26536
11485.03379
11473.74698
11325.93292
11372.41585
11350.64629
11410.26221
11696.04116
12237.07771
12659.35642
14388.90152
12897.85281
12203.40947
11995.13084
11836.43314
12739.58568
12720.11831
11732.90867
13405.78246
12798.529
11687.65053
12254.62888
12041.40311
12325.99545
12172.96954
12063.74683
12044.50395
12502.64964
11857.28568
12342.77895
12401.08843
12024.59287
12724.03515
11837.34554
12083.15942
12860.59344
13076.66295
12115.7315
12860.28623
12430.74485
13109.1681
12853.01865
13071.85772
12567.08429
13346.87931
14794.55337
12583.64744
13660.85342
13646.98541
12823.76243
13040.57137
13165.44537
12756.15059
12351.04354
12378.61076
12710.67355
13058.59454
12867.13852
13281.21518
13749.91414
13474.23159
14071.18014
13595.8843
13218.41211
12728.51307
12693.71753
12732.49761
13476.73749
13259.30597
14121.80653
13439.4672
13731.34931
13755.22014
13362.3187
13623.89092
13182.44246
13287.04776
14238.9956
14317.17257
13307.9501
13862.67375
13645.04164
13381.9504
13708.35619
13994.74111
13778.17629
14565.23717
13848.61416
14594.64795
14519.94586
15103.26966
14266.20834
14688.47481
14563.53211
15268.02183
14560.19431
14225.87301
13833.77304
15962.5361
13925.89286
14327.42075
14428.123
14100.37539
14053.03696
13462.00481
14026.49887
14522.36931
14692.86316
14685.6704
14522.98046
14939.74639
15059.99931
14540.94637
14458.09529
14459.67906
14967.41125
14504.00571
15663.6663
15678.61943
15062.14263
15811.99543
15334.90392
14517.86622
14808.28422
14738.04922
14552.3806
16047.00278
15286.37252
15008.35096
14740.15108
15207.913
14986.03141
15023.64083
15084.08131
16005.71298
15575.62329
14862.48686
14677.09058
16142.94659
16446.87253
17557.97891
16265.15695
16829.91245
17142.21551
15740.48321
16311.70302
16176.57672
15387.88356
16549.91529
15789.26051
15553.67803
15965.50033
16284.84378
15794.65613
15369.12308
15887.38763
15876.33931
16570.77121
16465.53751
17184.79748
16731.12935
16735.80929
16553.89239
16713.54262
16524.98237
17219.79957
18221.0855
16192.5856
17409.11807
16731.58119
17061.31013
16769.12647
17048.71511
16692.07722
16927.60423
17702.06909
17368.56881
18009.22537
17622.435
17823.27128
18203.15026
17699.55559
17932.10249
18532.49416
17653.17654
17862.31761
17929.83515
18312.66659
17889.19567
18032.3211
18575.06406
18201.00178
20156.48428
19048.33462
18619.72827
18350.6897
19067.72107
18114.59641
18010.00854
18551.63346
19719.07061
19324.21748
18201.31361
19595.05943
19075.84596
18905.91499
18616.97998
19532.28254
19580.83876
20341.56407
19938.8839
19922.20447
19713.99991
19953.23374
19304.64449
20073.03375
19284.08263
19321.82578
20048.93299
20125.28673
20061.42584
20447.21131
20070.3967
20396.80895
20614.42975
21339.64865
22097.38589
20418.25482
20369.03375
21041.70876
21109.96476
21056.32124
20600.30955
21156.38678
21363.52973
21194.14031
21369.61436
21400.87997
21904.05384
21835.51628
21145.55647
21893.19726
22122.9222
22557.55434
21624.93557
22311.3003
22405.60808
22320.10933
22113.60379
22941.72987
23649.71821
22799.3646
24642.93818
23478.54648
23025.86471
22509.82191
23745.95917
23823.88425
24216.02697
23971.40152
24422.77562
24122.78115
25512.90339
25618.20494
24740.70422
25746.3965
24469.13586
25401.06318
25518.3843
25494.01109
26157.00221
25438.72696
25939.45586
26012.62398
25878.91128
27333.81726
27525.83192
26121.65892
26159.15378
27309.33117
26662.59488
27737.44819
27112.62591
27924.20695
28556.8775
28192.79429
27514.46316
28177.21681
27618.38987
28087.33566
28087.84529
28261.57181
28550.35952
28680.29889
29246.89304
30072.2318
29309.09521
29523.42933
30847.49726
30208.78667
30229.50564
30500.65473
30294.91522
30630.65688
32801.00926
32011.87928
30972.18345
32262.11044
32088.95583
31463.78005
33679.35169
32817.99611
33521.69797
32982.81343
33964.54963
34341.21696
33905.2677
34528.88273
34248.83807
34065.45931
34093.45521
34771.6285
34567.72049
35053.56332
35089.73918
36552.83007
36122.57732
36313.84451
36701.62148
37172.84108
37003.16941
38280.12608
37997.29113
37142.8643
38407.96061
38427.91613
38722.40997
39203.59036
39637.74652
38953.97584
41099.35606
40583.16451
40868.75815
41291.42029
40998.48183
42119.08431
42014.81275
43280.15258
43045.74849
44202.27413
43376.88015
44383.73809
45472.62242
46088.86108
46333.6201
45775.70407
46436.42009
47456.37067
47398.3559
49254.73713
48719.53772
49983.62593
50644.82994
49815.97961
50294.87356
51106.27366
51500.96876
51378.28688
53843.71309
54235.99876
53283.72937
55215.49416
56123.44248
55639.75679
57106.94722
58499.00761
58750.14755
57976.47291
59365.99526
59899.81845
60182.84962
61940.59835
62251.8145
63618.49317
62533.42764
63008.7617
64216.40522
64582.53109
67019.05388
65804.02123
66802.32693
67302.90042
68305.60074
68985.30344
69208.30209
69768.04749
71464.52045
70532.96382
72687.26838
72367.6562
72817.24286
72875.93965
74250.43676
74581.66317
74423.37205
75139.64739
75556.19325
76233.10836
76610.5841
77138.59931
76139.4681
76744.08255
78562.79967
76614.4843
77071.72086
77865.02564
79533.28412
78205.54677
77456.53295
77781.33925
75982.10134
78133.2825
76615.61353
76879.0531
76380.77921
76391.22406
75938.81004
74212.72157
73777.75927
73760.54889
72439.69628
70921.62455
69593.90386
68129.69347
67819.94671
65693.62395
65378.72416
63764.32084
61807.96062
60415.6543
58428.85364
56724.76025
55012.2466
53330.75357
51170.00696
49098.89367
47444.31079
45618.93823
43052.67249
41289.28879
39506.28028
37462.63948
35845.80743
33145.73445
31425.84614
29715.11534
28127.33842
26222.30165
24733.54072
22525.18713
21101.67937
19522.31882
18646.24574
16921.93085
14985.63634
14149.63131
12881.07528
11964.77593
10905.55153
9518.418806
8825.447938
8085.156481
6965.593157
6224.88002
5720.960285
5032.137907
4588.944195
4124.685395
3649.730634
3280.862823
2868.681594
2682.420611
2137.539003
1875.665226
1590.308129
1413.566418
1351.948782
1058.82154
825.99054
784.3024126
701.4990562
556.4470766
462.6062094
468.5753039
379.9573149
300.5784337
253.2130658
244.9948113
224.0731024
119.9403605
115.7994149
167.1962379
196.4935041
76.02820058
86.9995412
95.68026241
123.6479708
93.99220331
61.71549166
132.6545858
65.53184395
75.39303498
24.23825049
76.52960511
107.1788339
83.30402855
29.06954774
81.13290117
30.06850897
33.47930622
46.2553138
158.2080201
38.82149342
69.68449266
60.26060884
63.93498774
33.7796339
31.79136681
57.92284807
27.55549439
24.9613772
45.90695783
38.20580678
46.50098813
32.30296146
46.60704388
32.09185103
16.80032391
33.22053133
54.36334628
69.7141238
71.58734279
31.82756434
51.21694606
89.34324401
31.33251923
15.6546824
8.846904982
8.317534329
14.55750939
44.35212603
79.98246682
43.6045788
40.77831935
12.60419338
14.63064911
21.21932843
24.13766312
13.75368526
15.72697694
63.71863773
26.57397296
19.15063998
16.18929933
20.63617522
47.2938498
48.03891102
126.7797805
31.13533789
13.92770196
27.39476141
13.72382539
43.22735357
17.45379566
25.5796953
49.277531
16.71105529
16.09162267
43.3489388
7.162649508
171.1727929
36.63130326
16.48130801
25.61783134
26.72201678
52.99579443
66.29083769
15.58858517
19.11019433
23.48036939
168.3836553
35.65243865
17.12046333
32.21089166
16.35174682
24.73352503
13.3367859
18.18020308
21.59860566
70.94142875
28.32016799
186.4227787
34.30034482
103.1100074
32.13162003
59.00712548
28.53596344
37.12028316
31.74914264
46.32334884
8.385960653
15.06202887
6.96289013
22.10934647
28.25761123
20.26284081
11.95746169
20.36418338
33.6851014
30.87726631
54.54560639
18.6533612
15.30487833
38.3623119
34.14634968
16.88031497
46.38239729
8.860695612
26.70808926
284.8425557
8.448868633
17.40112349
13.20882943
39.02232847
30.72135771
17.8071614
9.366584371
30.22271319
20.31808443
15.32178916
80.4275303
111.860306
9.964525002
15.92508072
22.02206382
26.09197985
29.91611783
18.65299422
26.94515805
42.07562686
3.227361423
21.94958821
23.06896896
17.77883782
49.49346749
7.174565681
27.25735851
20.99402995
32.39323865
19.61325426
29.21726722
17.63498302
373.9010862
32.72630146
15.67424577
10.43183938
13.33671736
9.868796679
17.85722312
36.89456485
46.8409404
36.18313567
57.78035821
17.18133194
38.16589807
23.08270021
18.3200181
23.29102551
5.554772382
36.31097673
25.97577957
150.0463279
54.15439837
21.19168704
38.39490246
24.07388626
43.84042514
32.31704149
182.3875437
25.6090765
17.82641549
27.08924322
27.89563112
15.28208325
14.55531352
42.25244024
11.81159228
17.83910746
61.2075044
96.62385367
34.39310795
9.864947291
21.56750051
15.73931189
20.16866711
1.23254493
10.59595435
14.56892207
12.27092392
24.3362372
37.73927145
5.45011088
114.0903022
10.83333758
34.68469187
9.44966426
10.36547319
39.34238972
2.076065361
20.65024972
17.36746971
47.06980351
24.05340962
15.21708741
28.89862255
37.16202861
12.24422978
12.67756723
8.416330442
25.43887731
195.1169223
51.18890087
87.32732375
20.36234716
16.09156564
18.23093727
27.23439355
29.51794806
17.09113992
44.14643548
14.25062206
6.201832363
9.566891108
8.280092672
7.415165768
10.12483387
103.3754572
27.07277673
81.78636648
43.93818696
49.14560953
9.116123742
55.69674331
7.913235898
18.45934515
22.13800161
66.00321208
10.75772286
20.24181249
22.08861806
25.40131717
34.63810678
17.68311435
12.23904756
27.39409437
34.11089819
22.29589582
2.399140503
195.7785727
9.644019967
16.01868095
26.62123694
33.44974969
45.66455565
15.74971228
86.37577023
37.23236645
16.31794135
3.192524149
5.576871008
19.49235791
39.87579159
24.56887959
52.66875617
74.93216453
40.30397632
1.643360757
19.63830725
134.4456969
31.59224616
8.144911761
18.03710766
14.21885572
16.07739775
17.2077897
30.30357385
14.59969163
12.00354801
15.78941106
22.99270823
7.535789343
23.97170358
10.8278832
18.55963029
5.160218037
37.09406133
19.78397225
26.21941567
23.6192945
20.45730599
18.07301775
9.312459846
11.9303925
18.63203971
12.71132698
2.907315435
21.72867726
21.47600568
22.91556667
31.31950019
16.21938192
13.11333678
12.05501625
340.6422515
39.71517711
35.15232203
67.49840436
29.43791366
19.88549381
15.71011898
39.51389116
100.9573195
27.91894661
10.04158657
4.718194978
21.68244471
9.284659822
22.14189572
16.01814082
21.07597133
13.68841517
37.87259898
21.29414351
11.24344903
18.38673843
11.03981873
9.475140803
9.100436861
20.98675829
13.96439911
0.3700369025
23.31599898
1.467390623
12.53808884
3.320753804
16.66324518
10.9374173
12.08324075
17.53318759
18.12586646
19.18766054
19.86775049
52.80448901
11.55175984
10.01951336
10.24659229
68.44849471
7.85709923
7.166649108
5.028615494
17.90821391
38.39856163
44.01781232
31.52653389
42.18917356
35.06960436
12.79520286
19.15383512
16.95357343
4.646870939
2.294635141
15.81706015
2.403046661
4.585624162
8.798027086
10.4560487
18.56524242
10.19666819
24.90340222
18.73630193
30.36898556
25.25270269
24.77286487
50.45122822
15.5401079
16.45037833
7.489041733
3.898236455
23.5411366
20.90305475
24.42685658
37.3969301
54.9341035
10.95314121
25.42340478
10.18888685
36.15329871
71.93488276
28.09643952
71.58531803
25.57243906
21.14438214
11.60988047
7.640157946
14.44319963
4.433449488
13.05663718
6.61029971
16.47371431
17.26692794
19.63814118
251.8928825
52.55602223
63.3942895
40.49903422
3.773114135
8.944818469
37.58412521
25.85500528
30.48494692
17.13633772
23.44766555
14.41094276
64.46534709
6.790827656
7.142923327
19.20472253
35.65638381
12.60983964
4.948589595
10.27481491
9.549584025
17.30970323
14.38675886
50.7624466
51.41047778
29.77379259
46.37506413
43.98502522
30.46754349
13.34412721
15.08729461
29.98751414
10.12823243
10.67646344
19.1177979
29.39300185
50.95730489
5.296603782
37.6196556
34.22069601
5.654089154
0.7111220893
18.9280464
3.255271294
38.52131345
24.08582586
37.80815343
11.92112658
34.53942479
65.90361401
5.294176111
5.181060316
4.62208666
13.44128787
8.556941929
7.037439974
21.68759712
11.73378881
78.17858161
5.165065695
12.65467486
54.37346802
14.01762316
7.250678028
57.84580229
1.605353529
11.50912966
16.00042479
1.916300957
16.96211969
28.08192679
35.71066947
14.66891273
6.297876944
7.689384899
6.126881856
0.6310941909
12.43696301
4.073687952
15.88237038
6.804104562
20.77001915
47.9391877
4.776030772
154.1259961
36.17166593
23.46241499
24.77628167
5.276932542
10.22239434
33.47972826
58.53188153
142.0943642
2.931141114
8.924236278
2.749121284
0.6875375901
7.916911527
8.239870948
11.30336614
12.15966814
14.62062654
6.992980061
14.00004758
71.94970901
81.86060586
291.6603869
5.055930312
11.99395801
5.748298385
0.6964181663
7.009533688
10.20789432
3.631621586
8.210500874
7.500853659
19.5503886
18.46758755
4.397789681
6.25210689
2.564534305
4.408235499
14.28849731
6.285627499
12.64993335
17.07144211
24.27922424
13.94415843
20.83695787
22.81983465
4.55457269
9.656813599
7.993926067
9.976787603
59.11813889
44.62958065
11.27274972
16.08105019
4.080862545
29.03409672
3.619474729
71.44656894
1.817507281
2.733164836
8.729150591
1.658500229
4.293304249
67.38382269
6.221765976
39.06584756
16.50101877
2.630240941
14.27306465
8.961881463
5.683784299
22.85560701
27.36631199
47.53935713
6.821925037
2.343902086
46.34253709
4.007393076
3.017118101
10.86106296
30.74629952
18.4448873
5.973900892
43.9681081
18.49400189
14.18575236
17.01428877
15.43229089
17.05315605
47.6892754
0.213843146
12.86423161
18.07141589
10.04108758
22.65758681
25.24587624
17.68254466
12.39862343
13.85373375
27.45306406
1.943986035
32.6819015
9.888782348
21.80800075
12.16698028
13.50829548
123.8111542
15.09155822
12.40955386
14.93500853
4.300425448
24.67976088
7.069851323
7.561710826
7.056151391
13.87080581
17.72049236
10.5319705
11.05973933
6.028862194
13.19859432
9.500596048
4.177547866
50.783513
9.146454156
46.76319691
36.49918039
6.987618755
9.828164827
15.77823671
28.16323835
10.7182653
10.66616648
8.914138832
0.311887924
17.46401265
1.338923657
13.88891356
28.08832063
3.453617827
7.465954727
6.733638228
12.41818852
13.80201986
29.91500586
8.410785683
8.283913847
2.748932734
30.1188919
17.33963527
20.81663409
5.447751615
62.98948913
8.553299468
5.954437541
11.76224049
9.065272465
9.601805748
15.50243622
50.20620241
27.82892832
13.06530335
19.02783174
9.0480452
12.97944419
14.22276235
7.598644351
2.045979148
10.75410384
7.337345518
1.463309846
10.28118762
7.633919321
5.191407069
1.384922032
16.39226956
5.288018156
3.311723666
6.502013932
3.954283507
33.82290723
4.895245978
5.736078784
3.267143902
2.694653671
0.4358188617
6.547598638
4.601039063
13.1754927
20.45548177
22.61490076
6.852895558
5.323579712
10.72309856
33.64859073
21.26032256
29.9141411
68.5220524
16.65682758
0.2683588439
2.937045942
6.691303221
10.16341013
12.35529837
21.91792849
9.41062348
0.4927272176
10.03072278
23.26594688
38.73548861
36.20521329
20.36759942
5.309066716
6.202806038
14.32561592
10.9837054
7.808538678
11.0841466
14.36559994
19.18147938
17.42550011
12.58495093
27.88544522
13.28812906
8.116313861
18.39108176
13.93815696
0.3029127748
3.463274278
7.199310899
4.920746268
11.32471974
9.874074563
4.358775072
4.572193968
12.03840454
7.211593129
19.12606416
14.63887701
8.807770749
9.861880155
4.583167403
11.6696055
10.77059563
8.538904114
18.95367466
13.17769361
8.900684921
5.007259401
8.521787311
12.87403567
6.600107925
3.496268525
9.123449152
13.61020863
15.97843655
2.406625328
5.2618235
13.79158752
5.281829313
10.07927864
1.883002196
20.93274192
40.033586
7.043478264
7.123876332
7.997851668
31.35625048
9.022921862
27.23134872
5.498903221
23.69395342
8.261616033
14.12309849
11.52344736
0.245847172
1.208413276
2.717324887
7.834539238
4.780226701
2.02092966
0.5248882135
12.9649558
6.962384977
4.997503806
19.16004171
5.332392765
5.558602236
1.202688335
0.5067824226
9.652307807
6.426385757
8.667327027
5.058185243
12.06546089
3.962530612
5.289248725
12.43930186
15.02632268
11.80415283
9.564041181
44.6894049
17.30966797
5.834306816
11.99018746
6.945471424
13.64464049
19.02310011
44.22395614
11.77212228
49.65970384
5.559891057
12.33805958
0.06000807667
2.251490055
4.503246966
6.344341819
2.113712338
84.98776228
39.86986598
71.61982627
13.26734005
4.389865973
11.47627416
22.35596781
15.31225562
6.094855568
9.06386295
8.810953788
11.7870979
9.002739878
0.1718627446
8.081466465
11.73461482
52.32623602
29.45797528
6.70215526
10.15043
2.101473688
11.54023745
1.855908133
1.948749332
3.549575384
0.08664696767
1.01004107
0.2234768237
6.801695929
0.1777402662
1.837157034
7.905954901
1.690459908
0.1416175784
9.082758779
10.39584978
10.08968306
7.873822008
6.06411873
1.74974111
9.492188931
20.97370305
2.425865515
0.7840736904
0.2098092446
18.05751574
1.977727947
1.770832579
4.878944164
7.181236132
30.61922015
15.32523248
0.4174255524
16.02195616
19.19735455
13.67704853
41.68980997
4.278301445
50.36281531
3.00838733
4.219367308
8.046005499
8.423727594
6.695594287
31.77792833
1.89330764
4.103627887
7.80190236
1.713910419
4.354836672
9.733723506
0.3106707143
98.67627696
0.1536620238
28.8809187
7.583543045
0.2862621899
0.1567623227
0.299053988
3.008114238
13.43175656
11.98360534
14.48943374
11.79795848
1.986064471
10.49432679
2.369848354
77.80193033
6.010282912
0.1707837443
0.6807717222
16.57015973
2.45159858
43.22305662
3.620496898
21.32631053
13.67378922
8.771540499
2.537066436
2.411608535
7.922889561
17.09800359
30.63008312
1.90704717
7.047016493
35.32713818
11.51026056
1.568170415
3.541245775
17.91626363
2.036045636
7.083722971
110.4781888
9.838554205
0.1052964353
5.406884484
0.1697162537
0.2390735381
31.64811174
5.603564918
4.451613722
3.742294461
11.90654419
12.62973195
36.51899455
26.53933534
6.916537274
26.50479111
10.30574855
1.532300717
2.477573065
0.1367955018
15.84261594
4.727271745
2.119824284
6.384639938
0.1274615713
0.1261066423
9.147789572
1.627831148
1.519752162
0.1463221067
0.74700892
6.385509391
5.939654442
5.294991254
6.861716514
6.844642822
6.630341118
9.470051937
13.02711748
19.58793439
14.90785601
19.5729306
4.142140393
5.516136841
9.467289877
2.580982058
4.049129922
5.209043085
5.983587797
2.434540092
65.35118746
72.87629001
12.62556073
0.03034938334
2.626624176
0.09168671949
4.560177994
0.1798069879
3.117310242
2.965309335
0.8077986011
6.273808432
6.961530781
11.06328798
4.421669393
0.1592466577
2.586589873
10.43231191
15.96218165
2.015831525
13.23638652
1.902893251
7.058595439
2.867473763
9.089622938
15.51725619
2.322943645
18.84767761
2.331455892
12.96689178
8.359231376
0.9708558321
6.993958477
4.501434972
6.375463387
0.2068667981
2.130776201
4.424502495
18.03838831
15.08292012
2.762715293
9.4835283
2.288246521
6.77432062
7.401978466
4.307247371
5.660826442
1.769654477
15.20120421
12.26291521
1.775262898
7.463939735
2.250673959
15.26782327
1.723432541
18.56851907
3.169348449
7.685675933
14.18144008
9.677148778
0.1714864889
0.1005087783
0.08906937808
6.61795537
9.525979235
0.2518395147
2.412133712
9.451016252
0.2482085268
2.613290741
19.55954684
4.671398728
9.573615589
23.81728046
2.165906607
8.929897854
5.6357534
8.469768046
0.3081539958
7.146415409
7.6743508
0.3948864239
5.320157247
8.535227013
10.18470212
10.05059235
4.100979945
5.51715382
1.942162065
13.23006754
6.618259505
10.86785719
6.090727497
15.7673158
0.1336414278
11.95420355
2.700084745
14.95589116
2.343851229
10.46175166
9.681678995
4.102952644
8.61691642
8.929169558
0.02293554506
8.493141694
20.57664228
20.87426797
22.11521778
9.547067855
25.41446953
8.463346271
5.269422211
10.25003078
0.2350970888
0.6300105896
2.215693051
2.57147925
13.77913107
0.03724130563
4.331637146
9.774194654
4.692331247
4.280579923
3.223594376
10.69515134
4.792288162
2.239044309
2.036216327
0.3966409436
7.144492877
0.5613929801
3.960257879
11.3358159
1.732526324
0.08854886455
4.900956015
5.243813411
1.809829905
2.830793254
0.06869495508
10.11310114
0.4098744849
1.809303602
0.04564407445
5.286918111
4.045064214
1.808544814
16.63725335
3.818163788
7.891994498
1.220762872
0.02468100096
16.35638741
3.061598474
17.77508892
10.63795183
4.201028906
0.05309768741
9.222519727
0.05362414479
5.684790152
9.363102827
5.291802141
8.625607923
118.1493647
0.1035920988
19.18229411
0.1364162662
19.38981947
8.773101872
4.481733546
28.87137967
0.4528891141
4.03967808
0.2182325399
6.023948473
0.08400825543
4.53292243
3.600501317
3.657889311
1.865703171
7.220359932
12.97156586
18.5052525
7.891255918
11.96652789
22.07803276
0.2429383768
2.195418333
5.131835826
7.465299904
5.346976574
1.879076843
19.51893836
1.429918782
0.5280376427
2.199292702
12.49772079
0.0738919231
19.81411577
10.84519405
4.908731534
8.337935848
0.1332251277
36.72277287
10.1654736
1.943718976
5.1300907
0.1293678777
10.91664948
3.253754695
11.73518519
427.4595486
12.66020036
5.289012678
10.35076965
3.777467782
17.96070565
2.184052298
17.38788119
0.7775339092
5.917047483
4.196987121
0.8354554934
1.294765551
0.0899077388
3.774588376
3.922276404
3.539257777
6.702010594
33.88115265
17.98648546
0.3819569101
37.9096436
9.733504161
3.672657662
8.948542101
6.143952776
3.21539324
5.775087568
8.412143207
6.194144695
2.286591322
3.483452766
8.897220803
13.42697694
3.748435014
0.5662012536
9.665734695
0.15572658
2.040071967
0.3002590177
0.5018986106
4.570840559
32.98911906
0.06801459345
0.1116084347
1.449003479
5.392892062
3.684056157
0.04373841463
7.901165905
0.1891848712
2.071713118
2.538085404
2.83726203
4.166766235
7.870811427
1.984762488
6.248821016
10.07277055
4.346238571
15.78909065
5.253534287
0.0133243039
0.1643882795
6.245266896
6.827668204
22.59009225
9.521324269
3.498232008
1.018598853
8.811156407
3.322579788
2.922122652
0.08338141475
3.940042633
2.734287924
2.174442513
3.625542089
15.90375082
1.964125202
10.355482
8.924704808
19.51724807
2.430133799
0.03421114942
3.967462379
161.8908792
6.491864072
0.1039664015
7.104471968
1.943904588
5.254362963
12.19575634
0.0996655768
0.08996107974
4.229104488
6.517916559
4.310166754
0.2386158628
8.953257753
0.7019470797
3.61862788
7.033385487
8.484747657
5.624187428
9.023524441
0.02744543906
1.845051301
3.037960606
0.1106658314
8.184498659
14.45287086
3.395007819
0.6580779655
12.95045854
4.358203535
7.0027667
3.616305445
6.867297425
0.05938244458
3.333602314
0.1134098742
0.05843162903
0.06994950056
4.300989893
0.05605299684
5.016449356
9.537037542
2.651653851
0.07551901788
2.094416344
1.632077333
105.3831986
7.076989523
4.297242729
3.208759262
3.583865143
2.122928835
0.09242706284
0.03091848765
1.00992893
0.1658674367
3.142110788
1.27346509
14.41801466
0.00210114284
2.156889012
4.928794491
2.093240337
18.30684897
3.200828896
10.74885725
3.954116611
6.964398653
3.835331534
93.91941648
13.59040858
2.029485066
1.625978188
7.011928287
0.04989719726
6.795522182
18.2019895
8.76687739
0.1899200157
17.74121633
0.1448763925
0.06035232843
3.866983488
0.2692370973
0.0776648083
0.5616094965
0.08673981699
1.86779966
2.492171896
1.543798851
12.08052178
62.03456598
20.81835586
13.95284946
0.1771838075
0.0612508021
0.3154899728
9.036081002
2.706342986
21.17219711
6.703621226
0.0745799504
3.794144301
0.1351634531
0.1339421108
0.430456751
4.978709714
8.278210696
0.563261951
3.175899607
4.359398429
12.19010553
8.954641695
9.155786625
9.216755823
4.69424104
3.27703817
3.798934545
10.51997886
7.742197461
3.35612918
15.744247
2.699146691
0.2152194697
7.948872659
0.1218502048
0.06632048928
0.04484388056
14.03232301
0.1031909714
2.071299055
1.431983443
0.02269342006
5.581379745
0.0894406183
0.09961507494
0.6411322519
0.06982962285
1.526915671
0.02119702126
0.04008783987
0.007299993679
7.568379534
0.03795371909
0.9970034613
0.1161810214
1.064948016
0.06634764062
0.03927655806
4.185833359
3.212632822
3.064539116
0.1268514446
0.5072064276
2.662381434
0.01292389556
0.06901682074
0.1400170697
2.266321852
1.775160648
0.01986751328
0.0001076847235
2.585142711
0.1091494301
7.530285742
1.592542601
0.0250680083
0.02151983009
0.05412038416
0.02498554743
3.071972885
0.03324743762
0.2095442842
0.007499766979
0.18489343
0.3453471054
0.2186536438
0.705613641
0.04781325585
0.1260708821
0.06656039841
3.08336817
0.05244170449
0.7533262436
0.054192106
3.84711548
3.184297561
2.796849866
3.945083892
18.66055265
2.451936841
1.750708196
0.03699810846
0.0007469172974
2.076330134
0.2879208335
1.006970889
0.08074229448
0.0533315848
0.3442085476
0.04143539293
1.965721201
0.02138624997
1.69930411
17.22580969
7.869566126
0.03880650047
8.171907533
4.054265481
4.187470473
5.447569322
0.4503238716
0.3037525876
0.1903641838
2.822365502
4.096589186
0.01355408787
0.02055566921
4.881885649
3.238041752
0.1923049066
3.403932739
0.27867531
5.060697071
0.1042071173
3.839447893
0.04597220749
8.434813389
0.5832163928
4.943509416
4.927875911
1.863403701
1.960612307
8.657878935
6.262950656
1.905700561
0.05242341147
5.913279452
2.649569064
0.0328720509
0.1200965354
0.9420213846
1.828263327
1.993795523
0.3300476138
12.34514864
0.009143721624
0.1346943272
7.675703012
6.560176478
30.43998149
5.783965496
19.27376427
21.67830479
3.225673673
0.04180469339
6.207496382
3.660496081
2.529053748
8.663069759
5.168157073
0.09491452103
4.187574344
4.380358881
0.04512752246
2.912893981
0.125087409
4.431257672
6.606422674
0.1031934677
7.428018041
3.600131592
2.104670144
1.660402029
2.325942643
3.507436093
0.04202858778
7.010562699
7.59908731
0.0004840905276
0.08513301234
0.05242278256
0.07824247059
0.03655413015
13.09119119
2.969162008
7.186973092
2.01219606
18.50983004
0.04817994167
2.634597988
1.559214437
0.01353782184
15.05557842
12.92218149
11.15886429
0.0927882912
4.945732107
5.41433872
11.08367447
8.266999273
29.30700957
0.05663896369
0.02218532646
1.876730652
2.681741964
0.1854267198
0.05887224856
0.01974368258
0.03410721771
0.07966451295
0.2446567506
0.02583816853
0.8378166155
1.63613806
0.5539762408
0.126870081
2.604295408
2.876188545
0.1871076623
0.1882508965
0.1109541021
3.32032245
0.08109559437
0.2045792491
0.6342178599
0.1107047465
4.756753811
0.1213197047
10.77522296
33.10744882
10.0011102
4.979503252
1.963536481
0.02831919446
10.06405688
1.683165927
3.990339203
2.294582256
1.648839317
1.911765217
1.900606496
3.966878096
0.0569753943
0.0351310251
0.4651635445
0.05291997069
6.11114652
0.1412738799
0.09357557061
5.529146932
0.03578458491
7.277658183
0.01689875903
0.010453631
0.09936071742
1.686305702
0.1444407617
0.08174758366
9.033747554
4.12335453
16.93557663
15.5334736
0.01154228892
4.792471242
6.035309538
0.001133269769
12.495215
2.436063349
2.994259644
18.64168043
7.528896693
4.743331251
0.00731727033
1.815443086
1.793433446
4.812046302
0.01031630246
6.91305705
8.256729304
0.2040837532
0.567798383
4.177539831
0.06405153738
9.650667269
0.01807424516
0.03544530364
0.05202746309
8.997857609
0.07430700223
0.03553787673
2.57857973
0.1317473257
7.917434116
3.121729555
1.713722629
5.655496672
0.02599812209
6.62205981
3.327259722
6.645472533
0.02009669311
5.269115017
0.06657653505
0.07927280588
6.168420393
7.93082527
0.07094454957
2.009909824
0.5545168517
0.05684798403
7.365522297
7.301506962
0.1321080889
9.860210094
0.07246602667
0.08199370277
0.03814967223
4.392557459
0.02337729062
7.440234929
6.71190279
2.26462376
0.1073396613
7.434298339
0.008957909626
6.344671495
0.0855729762
0.0123700021
0.02316694476
0.02345181556
0.007880647399
0.0097296636
0.03819096689
0.05479220225
0.04585590865
25.61057684
65.12702456
4.98503313
0.09924529195
3.826540236
0.0462549794
0.08789644688
5.814050631
3.882092078
0.02391106006
0.02327896553
3.485798571
0.005468897038
0.03607853552
0.03375784444
2.81137848
2.813918955
4.338975764
2.119659611
0.0006942488653
1.800984885
3.739824599
0.08484553851
21.60904105
1.729167968
9.573402631
0.09078110443
0.005389491234
0.1866633521
3.639861112
0.06661425551
1.520965276e-09
0.01040621671
0.04049711795
0.01846753831
0.02482368175
0.006480367875
0.7781209046
0.05261077576
0.03344827164
0.01199934116
0.07192892573
17.14757323
0.5226822318
0.1224095369
0.1747074032
0.2440361069
0.1158463734
4.006646009
7.24638498
9.151184522
0.0769269535
0.02082960093
0.06137826117
0.03164344709
0.4359603835
0.1082161382
0.04391519012
0.8501664716
2.323174466
0.09527079005
0.08741340883
3.03424013
0.0126166327
15.71269535
0.03537261921
0.06410903457
0.1196908483
0.04851076842
0.1827913685
0.02713386133
0.1866795188
0.08451484804
0.197344299
0.04468129051
259.8620842
0.01552018923
0.06915512524
5.455646981
4.58848295
0.391220536
0.05798775549
0.08089945312
0.0001177976103
13.08576754
0.08024887072
0.04820372884
0.01627695763
1.71444122
1.605085857
6.401669973
0.6614279783
0.0776736025
0.1288129925
0.03646639138
0.05284209196
0.00760251155
0.09242308363
0.03651066604
91.78727963
0.03797007738
0.01670479344
1.852003288
4.074495509
0.01753078404
0.07510754445
0.497648922
0.04187706786
0.07359203467
5.582963243
0.01152423949
0.1561131118
0.2191821197
0.006277755376
4.750242529
1.131742125
0.04972855749
0.1955250791
0.3522261406
0.5372555693
0.08433337028
0.02862696986
0.1357445842
6.768455482
2.956536668
0.03029249963
0.07531459411
5.860452079
2.797426917
0.2269310405
7.184378061
0.1170662546
0.5733175322
5.183389913
0.1757372861
0.03829212842
0.164987785
0.1073359827
1.333119482
9.797088438
2.256448338
3.586110781
0.02570289093
0.04585229207
6.19093976
4.376144377
2.767928962
0.02106376192
2.880143096
0.2150798811
6.439365825
5.764345509
1.717351794
0.01874073541
10.2294491
6.097210969
0.02847368771
0.009058596133
0.03511031026
3.481523959
2.700284771
2.527264552
0.08298698898
0.0461476229
1.920935527
1.706323216
0.06842620434
7.416060192
2.464417784
0.08102454516
0.1671759149
0.3013662623
1.227715259
5.067131299
0.01178658359
14.99381703
0.02276330013
0.03974262979
2.57483451
0.0355435769
0.1183012195
5.831166253
0.02484991942
0.01398742773
0.08143409372
0.2761219546
2.606907999
30.47572745
11.81238618
9.169579879
0.912024331
16.38416396
7.822752573
15.32830115
41.44190617
0.2442372683
0.009167517037
5.786115592
1.813997415
0.03742625468
1.661917833
6.651604182
0.1132542201
3.076125833
0.003873208246
0.05146120472
0.03704094822
0.1185680662
0.1263786772
0.02686893396
2.881343062
0.003614797332
0.02120889474
0.02654371627
0.05926245496
0.0174735786
0.015777706
0.03972224268
8.747851877e-18
0.01798637383
1.540671647
0.01450752576
0.09736120416
15.2252493
13.70770371
8.293707705
0.1177429748
3.112454867e-16
5.203709278
18.88313931
19.95833118
0.1902564783
5.2329086
6.908110779
0.00687177516
0.02716555815
6.534734776
23.39448961
30.63963252
4.792337801
0.00774714746
0.208153018
3.480640396
0.005064371897
0.07391403444
3.249072202
3.232185807
0.03009979609
2.710743431
1.99119172
0.05352633035
0.01694017424
1.984284382
1.458352112
0.5545728894
8.229234353
0.7727333394
0.03395142203
0.01553175859
0.05154710447
0.01604956936
0.07043236241
0.04727682538
0.03745703356
0.004013697442
0.07968812332
0.04749032672
0.06413635858
0.4704159802
17.93227068
15.88351193
0.02892171019
4.412112722
0.01438416041
3.235169659
0.03589383458
3.424219123
0.3069556526
0.05237756766
2.388617612
0.1024484095
2.215345936
1.900680497
0.09136120827
1.679586621
7.057819392
4.758337495
9.129457237
0.01644114931
1.970807213
1.902327282
2.534006458
0.01655781531
9.232598733
0.03396881083
0.07091048839
0.03263957588
0.03069073694
0.05235933087
1.881549565
0.02536115081
0.03381824898
0.04875697819
0.02518125179
0.02307978527
0.0665048783
0.03176702469
0.02761637669
1.644837622
0.8802059736
0.01299607664
3.597707029
0.01677757692
0.002163936455
0.5252041892
0.03660275075
0.02333915092
0.0255957462
2.065982253
0.02521936259
0.03043656695
0.08758919773
0.02942244444
0.0561794756
0.1262974275
0.02613535933
1.323994645
0.05282742641
0.02608085956
0.06419857651
0.1209500093
1.313494308
0.2069162354
0.01519556229
0.001443164798
0.01722686097
0.01862793778
0.0241416827
0.06532832552
0.08552850087
0.1296937614
0.1091721268
0.07848822919
0.0303173561
0.04835371187
0.0713776638
0.12227055
0.04054746821
1.537684134
0.00472961214
0.02732591964
0.5814867158
0.05429310051
0.03357816589
2.049074814
0.2230591487
1.665490089
0.2181238228
2.27042047
0.07207738979
0.09030081766
0.05424901671
0.1412153874
0.06789060949
0.04449454813
4.603448378
0.1656802601
2.368504749
4.010696014
0.007410507925
0.06308805059
0.08526141985
4.620782484
0.05034326158
4.928750522
2.476273749
9.037869549
8.589247085
1.997009692
3.489017908
7.665749098
1.650599815
3.852933986
5.422416821
0.08802027693
2.006113422
1.65461285
1.711148297
8.06414354
2.889823986
0.08575072388
0.1016908147
0.0891541984
0.2087853375
0.3407547777
0.04753673122
0.1313377921
0.05976989852
0.02597836869
0.04973911024
2.391533377
0.03050437019
0.06103343857
0.02076843144
2.13223073
0.04713947904
0.08185882906
0.03737316785
0.02115141006
3.19984434
0.01052789788
0.2715297225
0.07468687391
2.730004757e-13
0.04465441295
3.410976022
0.02152074601
0.03685627907
0.813216493
0.02682073013
0.0545212161
0.05379616444
1.078251783
0.01240911777
0.1105628795
3.823411253
0.0346358106
0.06387913744
0.007925918247
0.03060146569
0.07525664875
0.05339233698
0.05785564608
0.0257339038
4.005281097
0.3790265726
0.01113976808
0.1771760702
0.02119818616
0.02332661194
0.008217031041
0.0308597995
0.04830324874
0.059996705
4.52744312
0.03891001537
0
0.0490589995
0.03194889403
9.316741298
1.625922887
20.21295766
3.367122661
0.05232742234
2.802718147
28.94041402
3.721320282
1.688228249
9.092861456
0.01177764022
7.54120644
1.640218633
11.01057658
0.05245261232
0.02862903267
0.03540538133
1.292734405
0.0291348915
0.02851562436
7.337187248
0.0153173327
0.03837934899
0.0133638534
0.009434787527
0.1178912765
6.667194698
0
0.02471028222
1.819670615
7.994383565
0.6552588549
4.188529602
0.06171554767
0.004100145747
3.736552641
0.01557042037
0.00512794597
0.006907481728
0.08757206903
3.494061806
0.02037093015
0.01113271985
0.06755980076
2.555401122
0.08198001871
2.484225776
2.306797414
0.02560830238
0.01392536967
1.732766753
0.1750883752
1.768921106
1.703174942
1.916873558
2.43819609
0.4417450365
0.03377638274
0.09885131118
0.08359612745
0.03022959467
0.00932991281
0.02561889352
0.07047525187
0.01700743534
0.05599150506
0.0182766102
1.908620857
1.522966926
1.942607199
2.506615682
20.52914351
0.01261902446
0.08707369121
0.04059990404
0.03019598684
0.01327771144
0.07983971814
0.03345606731
0.08439347528
0.02809509383
0.02842096625
0.09106522035
0.08521479356
0.06617579444
0.2169515625
0.03427211152
0.1101345064
0.02765383836
0.03973633103
0.06690709276
0.05694575625
0.04310697187
5.370905494
16.15561708
0.005066975855
0.03407221219
0.0801071722
0.0361415632
0.01223018614
0.04307495976
0.1230979935
7.674427148
0.06929051746
6.845293082
5.543783117
0
0.1228014349
0.007321993992
7.304897831e-09
0.02430120285
0.03448020825
0.04449189597
0.03130050056
0.07248877341
0.005560314065
0.02745497751
0.02130905579
0.06495048422
0.03056420666
0.04749918094
0.01977811101
1.488858016
0.05568598711
1.022331439
0.02036040212
1.432861765
0.007919043136
0.05514501357
0.002822284449
0.03676026323
0.02807989639
0.008835091912
0.1265289941
0.03187925891
0.01085967425
0.01826551917
1.38580177
0.01901879179
0.04309047592
0.01366293201
0.0008570042579
0.008074252187
0.05762415594
1.987640007
0.01066414925
0.00636808536
0.356973307
0.0087496901
0.05674600255
0.1658707721
0.8684557616
0.001601830206
0.1164404459
0.03546658252
1.845804588
5.983858615
1.925526525
5.293348437
0.0258891005
0.03183036193
5.582696494
3.370279186
159.7635103
76.95321143
10.67466975
0.1323335798
0.036330967
0.1428520139
0.03573695644
0.05697170904
3.562889564
0.3818240578
0.1034005954
0.004782332389
0.1055480902
0.04422155597
1.829191354
1.920012572
7.836426108
3.353395894
4.847332943
7.388049629
3.72085005
3.933355253
0.03068506975
0.0251701505
0.01557818281
4.068913607
0.06386168242
0.02968504929
11.1896219
0.05527782544
50.23409589
3.685306558
27.64877344
10.7781989
55.38577609
31.98098493
4.002078691
0.009081155428
10.40029992
0.02916715315
2.397224676
0.06198816973
5.242059303e-06
10.56351748
5.853874366
0.01413092698
0.04686421152
2.423116445
8.776591421
46.37604936
0.03636093687
0.0235872334
3.851845267
8.479024072
3.777761156
3.359603762
2.447178844
5.081124872
0.1066532386
0.0524153009
0.02797737356
0.01695454357
3.987680239
0.3155843495
0.03740920363
3.050636447
0.0009842868378
0.02443165762
1.231909588e-05
49.32099057
2.630828747
0.009527864328
0.08440401674
0.04467293278
2.121845524
3.475739124
2.150227526
0.0132061269
5.492972842
0.05135419273
0.001269391605
7.378299345
2.869555538
4.753522262
0.006744216379
6.64050068e-05
0.002415338621
0.0294761676
0.8353211938
0.005925367483
0.07657609048
6.452644638
2.379882288
0.02692492054
0.03629467284
0.02866144258
5.477768813
0.06881798819
0.09336448011
3.967660672
0.2406888955
0.07276867253
3.536750667
0.1158447698
3.565072605
0.2545742388
2.708924196
0.06719271544
3.379427948
0.07570805524
2.269403263
4.130631805
0.08376586419
1.74696693
3.663041179
10.78250919
1.813306407
1.800197332
8.8308523
0.03783472628
0.0273913971
0.04463458224
0.02573593885
0.00977856348
0.07051454864
0.04317039652
0.03575829332
3.886575369
0.3385487399
1.569671107
0.05678888443
0.04505837366
0.02261175045
1.332469763
0.00211861386
0.04056603831
0.0524631168
0.05888574303
0.06106342944
0.05796429283
1.789552235
11.90876909
0
1.596134035
2.9495761e-07
0.03241737355
0.01726756429
0.3020169708
1.755119493
0
0
0.03145093165
0.0001134741167
0.05869949721
0.0002456298081
0.02830151598
15.36928185
14.00282727
1.917250226
0
0.0219301976
0
0.005836744384
0.0007706629974
0.04976834704
0.2813169467
0.02280459831
0.01661563639
9.549512215e-06
0.0001159756416
2.175895957
1.593200644
4.514610934e-05
13.69287862
23.71501872
14.54029351
46.08870398
6.497695837
0
6.895937239
0
0.009031762212
7.373410162e-06
0
9.563422194
66.00176422
0.01551403997
2.531970929
4.50113333e-08
0
0.0110477493
0.01091859146
140.6258567
1.79939691e-14
1.528061864
2.956980574
0.0009906239756
0.001216234571
0
0.00242949178
0
0
2.772367212
0
0
0.0004900377905
0.02233577622
0
9.264339847e-05
2.823130492
5.030706691
5.227798991e-08
0
0.02262290423
0.4362139615
6.210509162
0.02345105841
3.294891775
0.006929692256
0.0005482501497
0.005360134653
4.398710697
7.247374004
0.003450097874
0.02235110934
0.0007415474989
0
4.798299415
0.000864469116
0.001077230971
0.00133771249
7.484921713
37.43365399
0.005767439391
6.580392295
4.11864138
0.01026121017
0.03655225681
5.44111844
3.826065301
6.637812922
0
0.8331474226
10.35383875
1.824060962
2.89937793e-16
0
0.001326262369
2.430586226
7.827214793
0.0386957458
138.2511048
43.33148351
7.364493866
1.75008342
4.740298297
0
11.84362735
2.025812441
0.02242498827
3.367283481
0.0308089348
4.524747383
8.111104e-10
2.392819942
6.912284955
2.036532516
2.130790101
1.82377378
0.00581047296
1.797908027
12.50058634
5.205313479
0.0173481187
0.001405721501
0.01401964805
4.60263465
5.894688271e-05
0.0006313055731
3.319139572
0.01008968184
0.2205846234
0.08097768688
3.402218145
0.01346158958
0.01306933596
8.45466604
1.71194781
4.688185713
7.021553874
6.942670067
0.01602746186
0.02911842502
0
0.6431821133
0.02758596358
0.2657393921
1.301045271
0.02845348226
0
0.01913981551
0
0.008046419466
0.03720205464
2.728298099e-18
0.01896988367
0.006152655101
0.0009555886636
0.02047794139
8.521816524
0.01240007893
7.604720346
0.008146435953
9.603596698
0.02990109079
0
0.02296257423
0.0001529142608
0
0
0.009038595575
0
0.06359117896
0.005608992692
0
0.007222977258
0.0001240951435
0.03089398781
0.03898426405
0.02208230257
7.944792321
2.550944201
2.843010805e-05
0.004283120391
0
2.348665516e-06
0.0348285311
0.0005750897973
0.001335062019
0.01257037573
7.866149563
0.5061542053
0.05689271351
1.192708188e-12
0
0
40.07645888
95.66235201
0
1.835393603
3.688131043
0
0.009566491223
0.01280256834
0.01191762626
2.456785463e-11
0.02943701397
1.614950344
0.01083811134
1.77241e-09
0.0197177387
0.0761270501
3.220399402
0.04687292143
2.977640151
0.000804118076
6.009042843
1.686739689
4.636911316
7.234872531
12.11311419
1.685968921
6.913670847
10.20489219
0.04731587775
0.06320291916
0.0001718371312
0.05965722103
0.03746144205
0.0170114858
0
0.007384189428
1.006542862
0.0462382662
0.02486369092
0.02949110795
0
0.003498513198
0.02744999437
0.005824613402
0.002906920717
0.01499625531
0.01624221116
0.03209050884
0.01439727321
0
6.01240037
0.09314990479
0.001878404928
0
0.0004946202827
0.03822208019
0.03882032471
0.001994381725
0.01460563774
5.601964268
0.0544893991
0.003887277829
4.91302084
0
0.006494868038
0.005538718335
0.004527395904
0.005185861709
0.003637338149
4.51210258
3.135617705
0.002796218153
0.02083760803
0
2.236252506
1.864538924
1.928633985
0.03372811956
1.729139156
6.972908588
2.746434243
7.528771703
3.872428768
0.002162854677
0.02545796378
0.04394833243
0.0009299646811
0.002376271582
0.02199296751
0.07508231487
0.005541698662
0.1755711213
0.00965429943
0.0001118462589
0.0003335465556
0.0484421131
0.00758950453
0.03170786201
8.374441469
0.4216359527
0.003026740418
0.007562563868
0.005419297699
0.004176895392
0.001639527016
0.005962297518
0.005480911573
0
0.01220499315
1.717164053
0.253485396
0.002528785029
0.001047569291
0.02991082284
0.01416786463
0.02684759682
0.002284003526
0
0.002184181009
0.00264403082
0.002070364177
0.01373270705
3.336024419
0.001757193145
0.001898564226
0.01865143561
0.02593447829
0
0.07734448809
0.0480593777
0.05326676533
0.04510569697
0
0.03464862118
0.0003371117773
0.0001121496051
0.009064964618
0.007904882197
0.06630821489
0.01538303792
0.001918667234
0.0181232255
0.03170132277
0.003590722894
0.03370511339
0.003603150506
0.03143219706
0.01164754404
0
0.005766612147
0
0.009367408619
10.17871497
0.0002645309874
0.01259760633
0.06931985114
0.01247988566
0.008270719029
0.01635524322
6.348628495
5.841670233
0.009842753804
0.07411538393
0.02227704081
0.0007008626031
0.01926552018
0.002704714266
0.0005757610457
0.0002892232473
0.9236515228
0.01768415833
0.007237569279
0.0215146142
0.03233063258
0.02100073781
0.02296737925
0.0252409288
0
0.03110897032
0.06401652335
0.009703374796
0.04691767502
0.03112385612
0.01746940983
0.00711173538
0.007610043922
5.71037513e-12
0.01883958137
0.08187224476
0.06695148299
2.336173601e-07
0.007437014181
0.00997742933
0.0412790646
0
0.02200167043
0.001072120046
0.1012287578
0.03961254658
0.002945959174
0.07884805102
0.07494572711
4.341894821
0.009108594682
0.03185833319
0.01785345458
9.757536102
1.968271436
0
5.752830933
0.09347485225
0.06950064824
0.004121970983
0.0109455195
0.03243388194
0.008179699492
0.02639597636
1.251307767
0.009247077249
0.02763950028
0.01924621133
0.003916102554
0.01742976624
0.03130860711
0.01676686723
1.943276556
0.09674508123
0.005436150306
