#################################### 
# Matrix Size= (25,25,400)
# Resol      = (1,1,4000)
# VoxelSize  = (25,25,0.1)
# nbVal      = 4000
#################################### 
0.00559214383
0.005985524832
0.006788894646
0.005964144096
0.005901713524
0.006627579622
0.006070395999
0.006312083064
0.006163612768
0.006499140909
0.005911099253
0.006112089426
0.006720684712
0.00619118221
0.006649917312
0.006753425823
0.006051073947
0.006577962934
0.006245736404
0.006497541809
0.005696599813
0.005977238494
0.006326828469
0.006111691829
0.006224393645
0.00618315089
0.006182116107
0.0061333544
0.005990190265
0.006053023466
0.006350804394
0.005919465929
0.006835796201
0.006188125036
0.006231715084
0.006029056169
0.005884373653
0.006478908272
0.006134429565
0.006472289383
0.006645165185
0.006843318152
0.006817717187
0.006060031433
0.006278517667
0.006957170731
0.006148405504
0.006439818965
0.006321977341
0.006412131299
0.006392381017
0.00610171103
0.006471567495
0.006534857552
0.00662255332
0.006254380677
0.006393477868
0.006233832373
0.006406854601
0.006291967363
0.006024118244
0.006023569118
0.006553979618
0.006629780084
0.006104758864
0.00676734175
0.006062640748
0.006055647343
0.006627134937
0.006324089045
0.006629689338
0.006726897748
0.006559731507
0.00648973757
0.006436486129
0.006678116317
0.006638580355
0.006498648889
0.006334254687
0.006229470566
0.006440026164
0.006054593562
0.006319589176
0.006531909952
0.005953430415
0.005872214388
0.006150627909
0.006523964924
0.007076678365
0.0067106655
0.005992491333
0.006320993922
0.00668799052
0.006167554338
0.00641558753
0.006544979856
0.006286830006
0.006758871417
0.006794206399
0.006192021128
0.005729806453
0.005882127814
0.006421896276
0.006084376617
0.006328959512
0.006026096904
0.006234994687
0.006141307792
0.006193974263
0.006238063494
0.00586311748
0.006117069071
0.00607458161
0.006016491905
0.006164050959
0.005700671225
0.006090732379
0.006214499357
0.006128238547
0.006145050116
0.006846791019
0.00659927517
0.006959631533
0.005995278866
0.006406782167
0.006759069669
0.00647611495
0.0065020721
0.006265696827
0.007279064062
0.007028945923
0.006076314239
0.006614471671
0.00629998901
0.006201695088
0.006528631498
0.006907584632
0.006470713852
0.0071683062
0.006772601932
0.006903337764
0.006587110574
0.006442740557
0.006117952954
0.006032023261
0.007125416184
0.006551977834
0.006731891253
0.006476450876
0.00605144114
0.005939822
0.00610105462
0.006075072421
0.005995632281
0.006681534872
0.006261187186
0.006296923187
0.006808961392
0.006344390393
0.006944497976
0.00662248597
0.006755396784
0.006306854928
0.006396743237
0.006878809947
0.006281355127
0.006576475241
0.00680354888
0.00634436388
0.006370773137
0.006632803282
0.006681600107
0.006649193044
0.006144278643
0.006662494374
0.006624476928
0.006157030291
0.006531678337
0.006827071279
0.006377727421
0.006669721942
0.006819327279
0.006619718745
0.006395793954
0.006526984507
0.006597775077
0.006082150241
0.006183942749
0.006165379508
0.006357348225
0.006132683189
0.006460005664
0.006570334702
0.00627609932
0.006614386461
0.006591411363
0.006504496756
0.006720656447
0.006375548145
0.006544413258
0.00628218584
0.006064786218
0.006168112345
0.006044934447
0.006176175137
0.006433767747
0.006700024882
0.006355104284
0.006479749125
0.00623239029
0.006643409285
0.006213839142
0.006814033615
0.006548811635
0.00614833583
0.006544177869
0.006450460743
0.006369548456
0.006510809093
0.006357471934
0.007014023933
0.006173216808
0.006413676104
0.006273617012
0.00649069718
0.006165375427
0.006351893667
0.006686935776
0.006114648177
0.006716492899
0.006251787621
0.006146091266
0.006161057894
0.006314101554
0.006441893897
0.006284009882
0.005848040053
0.006204655367
0.006171484084
0.006722975842
0.006524932575
0.006287175473
0.00617165435
0.006143640101
0.006085714068
0.006040198805
0.006271986368
0.006151124183
0.006658125444
0.006966969156
0.006554625576
0.006786284228
0.006142481616
0.006559562279
0.00629662494
0.006513861083
0.006569923091
0.00628423142
0.006841293941
0.007215018569
0.006224993099
0.005909777616
0.006046550541
0.006121148757
0.006423698663
0.006682954227
0.0065685267
0.006135117796
0.006501955895
0.006861346032
0.006429528364
0.006178277936
0.007107362264
0.006611966164
0.006141874307
0.006474656511
0.005928860663
0.006016327836
0.00635205826
0.006506551876
0.006272264017
0.006717090444
0.006529442875
0.006476802969
0.006264030285
0.006118189159
0.006068252016
0.006493262321
0.006222902242
0.006884973792
0.006508269272
0.006474369262
0.006377806537
0.006813173976
0.006893640977
0.006602390217
0.006397370426
0.006105340623
0.006644512538
0.0067979384
0.006254465598
0.006128035441
0.006188427264
0.006794637733
0.006441263955
0.006528481607
0.006297659421
0.006529526026
0.006033374494
0.006573654786
0.006287846981
0.00688349483
0.006229564021
0.006430594809
0.006720813453
0.00632539669
0.006828806467
0.00655743559
0.006406838404
0.006138433951
0.006018624554
0.006442297912
0.006411508719
0.006482795956
0.006565649673
0.00625061597
0.006445311445
0.006270040879
0.006312092166
0.006855034439
0.005971212456
0.006760285811
0.006576291212
0.006686389494
0.006836050985
0.006093465286
0.006802906738
0.007122871619
0.006261383985
0.00615792322
0.006427912177
0.006491065743
0.006255563681
0.006242339136
0.006256043862
0.006708798401
0.006526087873
0.006574638067
0.006419002135
0.006224081038
0.005864567843
0.006141598897
0.006074429086
0.006663102338
0.006620648161
0.006658066656
0.006088794219
0.006088579828
0.006131944746
0.005987341452
0.006310795647
0.006245104642
0.006051815089
0.006061911528
0.007092446052
0.00693121679
0.006672955251
0.006307955201
0.00711345312
0.006604459369
0.006588873956
0.007278409935
0.006751512259
0.006465590571
0.006119092121
0.006300926235
0.006438074008
0.006328378758
0.005933374081
0.006502285261
0.006865831052
0.006872927749
0.006335310702
0.006382378402
0.006427100476
0.006648702872
0.006042829582
0.006405687582
0.006289273745
0.006542021415
0.006635475681
0.00642067015
0.006424413274
0.006532776903
0.006643921031
0.006131942982
0.006729034749
0.006676441305
0.00677981888
0.006560766483
0.006366386017
0.006502199771
0.006383633545
0.006519581835
0.006415055763
0.006418006508
0.006109136858
0.006320952748
0.006138727646
0.006146611489
0.006498580844
0.006070948404
0.006627592756
0.006709746293
0.006430780898
0.00663729654
0.006255812316
0.006317690995
0.006476359028
0.00648480171
0.006479868576
0.006153492074
0.006582397606
0.006671385946
0.006462024923
0.006483064428
0.00621041252
0.006537952356
0.006384707222
0.006221801879
0.006326794581
0.006377069203
0.006946945208
0.006418666071
0.006443914682
0.006532365414
0.006417950977
0.006410808089
0.006248883659
0.006132376624
0.006610619565
0.006406049405
0.006193680407
0.006363501826
0.005951035374
0.006462598486
0.0060025289
0.006145631067
0.006102147632
0.006498915026
0.006278938839
0.006452291966
0.006515114772
0.006198163078
0.006198128721
0.007014809997
0.006349926734
0.006289500948
0.006431292741
0.006397687174
0.006150887575
0.006203190323
0.00619284204
0.007123863504
0.006404311188
0.006542306648
0.006680672204
0.006206468854
0.006421946594
0.00629778646
0.006112034862
0.006319089087
0.00622218195
0.00675017876
0.006315446538
0.006110194339
0.006378318563
0.006401837134
0.006789060622
0.006269718941
0.00618512265
0.006329046186
0.00609919694
0.006340964194
0.007002002769
0.005964455128
0.006307800264
0.006134381288
0.006540935634
0.005974624845
0.006481482656
0.006289847371
0.006516078796
0.006069026747
0.006527128015
0.006433542568
0.00659271329
0.006320938975
0.006478759799
0.007031768385
0.006343674701
0.00606548295
0.006257471474
0.006135561728
0.006421945775
0.007044397516
0.006588709227
0.006243106086
0.006498309611
0.006359676443
0.006209059739
0.006339239729
0.006614360983
0.006108701692
0.006884131946
0.006306819686
0.006456265632
0.00613272432
0.006356832225
0.006109729544
0.006092602193
0.00652041781
0.006409726347
0.006765046717
0.006778982552
0.006478509779
0.006560190105
0.006165958434
0.006568798963
0.006473012602
0.00676153731
0.006087867482
0.006172678735
0.006596199723
0.006844584423
0.006419476274
0.006607802503
0.006655086956
0.006071418278
0.006346857732
0.006054636388
0.006310611655
0.00620729363
0.006863089443
0.006624303829
0.006606860527
0.006298967992
0.006465626131
0.006681728231
0.006571494656
0.006394288145
0.006395917674
0.005980974301
0.006192382705
0.006037972797
0.006247946216
0.006350065964
0.005858466262
0.006135539881
0.006652236263
0.006303890064
0.006374793012
0.006966059496
0.006161988639
0.00615519733
0.006374422796
0.006200023712
0.006281833373
0.006595488521
0.006887974412
0.005990457181
0.006124907466
0.006387841561
0.006741232248
0.006537203054
0.006410916192
0.006777748114
0.005976891691
0.006155351483
0.006237265224
0.006064701057
0.006371781395
0.006414473177
0.006591674512
0.005985732585
0.006043590999
0.006017980498
0.006433598326
0.006292719035
0.006388621055
0.006619647107
0.006174133551
0.006451528142
0.006685192996
0.006946520623
0.006285742182
0.006495099052
0.006382109701
0.006657701124
0.006532498993
0.005997535677
0.00602110673
0.006306886875
0.006470258094
0.006365401433
0.006145986256
0.006408439995
0.006393634323
0.006400354647
0.006258667807
0.006766053194
0.006457790212
0.006395155115
0.006347551354
0.006626084403
0.006564393344
0.006565749327
0.006225849734
0.006498145795
0.006825019523
0.00650521318
0.006592020119
0.006521654434
0.006183014866
0.006088468052
0.006341529345
0.006786901304
0.006440860286
0.006433503682
0.00671208548
0.006512648703
0.006347398708
0.005966452718
0.006333105229
0.005933287041
0.006413501198
0.006480564915
0.006213162323
0.006962847123
0.006735451164
0.006245984543
0.006540287313
0.006377436614
0.006300652638
0.006713419182
0.006194487736
0.006388126843
0.006192794263
0.006325856865
0.006092300758
0.006289308216
0.006961921606
0.006871104484
0.00658144515
0.006329972706
0.006724030128
0.006555938505
0.006531009788
0.006211883235
0.006488065279
0.006716707694
0.006530279392
0.006432437745
0.006306924612
0.006179941024
0.006355677273
0.006300638566
0.006523839437
0.006175932686
0.006136050843
0.006762727659
0.006652328459
0.006371513459
0.006359508658
0.006732536606
0.006419799946
0.006504758718
0.006299143536
0.006531989643
0.006160239455
0.006402157703
0.006339612669
0.006210197077
0.006177503417
0.006136508101
0.006138886281
0.006350894881
0.006301985265
0.006639457908
0.006153086043
0.00616709117
0.006532432572
0.006504619464
0.00670438498
0.006139449142
0.006172452372
0.00626790351
0.006538250996
0.006669285322
0.006244297796
0.006856196011
0.0062343505
0.00664782269
0.006318436978
0.00626627714
0.006260869783
0.006194175007
0.006044095752
0.006846197012
0.006406593229
0.00658461367
0.006616747384
0.006657780949
0.006559558993
0.006134185024
0.006202255147
0.006745605131
0.006425825446
0.00625994598
0.006449720977
0.006412767464
0.0065430888
0.006419468297
0.006620884017
0.006464874354
0.006342038518
0.006122339515
0.006462117644
0.006309101799
0.006333108051
0.006043692408
0.006248121896
0.006330394898
0.006428761274
0.006018780148
0.006156368874
0.006188909489
0.006211620678
0.006361836206
0.006651083776
0.006249436171
0.00614861676
0.006401097913
0.006496477278
0.006468733533
0.006111089692
0.006679789782
0.006930671245
0.006842676451
0.006190903938
0.006175714925
0.006119977768
0.006268433501
0.006354348649
0.006133377538
0.006265393171
0.006104146371
0.006129870174
0.006193589431
0.007023227297
0.006092991991
0.006220191217
0.006161104511
0.006142484614
0.006390133579
0.006672830832
0.006055369159
0.00612728093
0.005907761392
0.006325888881
0.006607924297
0.006492584545
0.006606700866
0.006371921465
0.00599018361
0.006210106656
0.006223466463
0.006788827683
0.006405096929
0.006243559631
0.006230746373
0.006224966793
0.00618284001
0.006379580792
0.006181264038
0.006250690892
0.005971923193
0.006116062264
0.00621938865
0.006188834914
0.006147219237
0.006372571429
0.006599397837
0.006205348571
0.006202102833
0.006266968131
0.005976559016
0.006105366788
0.006267929615
0.006041663078
0.00634025418
0.006631778268
0.006599354956
0.006316711356
0.00654715108
0.006308361525
0.006176914127
0.006052026077
0.006544881656
0.006483197797
0.006139088926
0.006277836799
0.006393955642
0.006582210666
0.006346170031
0.006771913286
0.00651445193
0.006623476853
0.006526822285
0.006442108966
0.006223279928
0.00647893803
0.006302178619
0.00671815913
0.006770925283
0.006341443136
0.006711485887
0.00656455793
0.006781354902
0.006491058488
0.006892209569
0.006850634465
0.006240486523
0.006385650957
0.006231250925
0.00639526945
0.006280979709
0.006277649304
0.00598799336
0.006631231726
0.006589532067
0.006491429821
0.006646490312
0.006427461288
0.006479646532
0.006473807442
0.00653115546
0.006254580801
0.00630344771
0.006427337714
0.006430089157
0.006163764013
0.006061984269
0.006505052789
0.006109034128
0.006024140691
0.006125800811
0.006566101479
0.00669232604
0.006437688007
0.006895878586
0.006514279494
0.006224910169
0.006166507427
0.006251399373
0.006818030482
0.006223173825
0.006272518616
0.006301466431
0.006300107088
0.00628824511
0.00616968065
0.006390336607
0.006683004268
0.006466145947
0.006273091291
0.006520905484
0.006290720996
0.006612133009
0.006269190445
0.006592134933
0.006094363995
0.006232211534
0.006786259872
0.006609097443
0.006376826845
0.006398399434
0.006236352303
0.00650587925
0.006358790257
0.006406170614
0.006708797028
0.006409383679
0.006727971721
0.006694371297
0.006669745303
0.006706659068
0.006621744408
0.00636665439
0.006404469618
0.006263556264
0.006530694601
0.006033292009
0.006768833906
0.006167967987
0.006841623765
0.006529350976
0.00629038473
0.006420154569
0.006329823592
0.006364251118
0.006529531776
0.006076131587
0.006346524981
0.006404266175
0.006660624904
0.006363265268
0.006210322575
0.006243926816
0.006363147006
0.006376966615
0.006435508869
0.006204838619
0.006035190008
0.006188377667
0.005991945005
0.00627231836
0.006364484249
0.006448332349
0.006233946347
0.00639715775
0.006179217808
0.00601513648
0.006022735327
0.006221486965
0.006220605672
0.006124709107
0.006703331891
0.006540119941
0.006531130215
0.006112139375
0.006606016653
0.006236368116
0.00607872795
0.006640537726
0.006465268863
0.006658967069
0.006732537273
0.006207556365
0.006421859498
0.006192928992
0.006250878754
0.005977996235
0.005992122112
0.006380939179
0.006777205033
0.00639033268
0.00653500078
0.006109732192
0.006333755415
0.006027040144
0.006422513278
0.006153529981
0.006307075327
0.006286786397
0.00686735049
0.006117922533
0.006345554766
0.006230585363
0.006134453396
0.006194699529
0.00684529042
0.006090739859
0.006337395674
0.007029717489
0.006137190359
0.006141909725
0.006053754422
0.006284606699
0.006032443216
0.006230295948
0.006360170752
0.006054538736
0.00634722832
0.006183053205
0.006126485888
0.0066342681
0.00600989744
0.00617942654
0.006529772198
0.006450843174
0.006258826547
0.006531235205
0.006479237058
0.00647464828
0.006423535425
0.006460105571
0.006131984281
0.006483571097
0.005979282998
0.006367922323
0.006354529737
0.006497558613
0.006119202936
0.006683502922
0.006335465074
0.006256520222
0.006298971334
0.006239139049
0.006507474911
0.006173941635
0.006143120104
0.006304354578
0.006444861822
0.006239809642
0.006005869954
0.006412734587
0.00610425433
0.006418746614
0.006476850818
0.006080835557
0.006262399197
0.006692561135
0.006461541923
0.00638032239
0.006140407338
0.006159420816
0.00665975555
0.006371912899
0.006111497063
0.006325015887
0.006381144739
0.006448544052
0.006497257497
0.006379074228
0.006279180027
0.006946448926
0.006297599173
0.006080521167
0.006112139792
0.006292313771
0.00616678138
0.006286255714
0.006271202768
0.006600081068
0.006331476236
0.006451574323
0.006351645722
0.006370096101
0.006615288767
0.00682626208
0.006360301023
0.006619241427
0.006298136897
0.00628789589
0.006380663755
0.006557885131
0.006368299543
0.006366377144
0.006292796008
0.006598273896
0.006145350136
0.006150738637
0.00644964531
0.006216616472
0.006750788987
0.006195790447
0.006171573871
0.006293803751
0.00610683892
0.006180546367
0.006476239933
0.006954094151
0.006780462877
0.006299784087
0.006711391779
0.006113470453
0.006585677904
0.006449274489
0.006299773612
0.006264148318
0.006447197221
0.006128358489
0.006311067939
0.006492752807
0.006370940464
0.006364150931
0.006304905244
0.006456127449
0.006220012085
0.006412404786
0.006855835024
0.0061209859
0.006648609466
0.00622876485
0.006311030796
0.006218069602
0.006814067764
0.006342984741
0.006289962115
0.006206361321
0.006333110452
0.006377405034
0.006593499559
0.006362928561
0.00643424513
0.006337549455
0.006325278658
0.006358118884
0.006359757989
0.006251475825
0.006247789818
0.006096539802
0.006072511995
0.006760964036
0.006881869799
0.006430041586
0.006474190956
0.006149254751
0.006287355929
0.006364806928
0.006511830105
0.005977539292
0.006239967014
0.006237453745
0.00610355916
0.006393440932
0.006468644191
0.006757702756
0.00619026061
0.006492426182
0.006501682721
0.006443790137
0.00649194552
0.006101502176
0.00635670599
0.006381451052
0.007011651811
0.006190426424
0.006241136062
0.006112592744
0.006754681098
0.006455683536
0.00619089937
0.006139956778
0.006374941984
0.006503395417
0.006346824437
0.006923751656
0.006476566533
0.006308041086
0.00674570184
0.006509235535
0.006500273678
0.005998798925
0.006382520334
0.006267487468
0.006226167437
0.006345493503
0.006120091956
0.006478186544
0.006006467832
0.006710702046
0.006417416902
0.006457588196
0.006334404087
0.006216235415
0.006618947209
0.006155385396
0.006171770463
0.00673222393
0.006238288045
0.006416798146
0.006268242401
0.006022851152
0.006375056468
0.006478141772
0.006233986941
0.006732195578
0.006270786062
0.006443553668
0.006126720176
0.006442040495
0.006045708378
0.006380420793
0.006865858649
0.006391365694
0.006552157467
0.006652562353
0.006189417725
0.006078214338
0.006136833571
0.0065355107
0.006440520342
0.006374459981
0.006172061287
0.006403120584
0.006494228906
0.006476250868
0.006212324193
0.006259928806
0.006665154161
0.006346279608
0.006606666599
0.006371197502
0.006210810127
0.00595874545
0.005962391593
0.006008147234
0.006187212752
0.006415311429
0.006178418367
0.006305811001
0.006640849505
0.006398326177
0.006502830574
0.006760255576
0.006207249159
0.006098493329
0.006201054705
0.006373333416
0.006284331223
0.006346184981
0.006307678354
0.006416535233
0.00622351893
0.006237100042
0.006730602642
0.006626095738
0.006386264786
0.006028481477
0.006531910813
0.006178604518
0.0062838104
0.006132747821
0.006298467227
0.006228969714
0.006421344646
0.006547027579
0.006530607941
0.006454808691
0.006357848136
0.006229665812
0.006984228688
0.006216270371
0.006359012216
0.006422500877
0.006339767737
0.006335277962
0.006076403397
0.006291440226
0.006320017995
0.006178006065
0.00663697702
0.00624873415
0.006368501892
0.006171978787
0.006181567658
0.006045620019
0.006356498564
0.006301253581
0.006307516263
0.006652084814
0.006288246962
0.006408823054
0.00651957868
0.006094383985
0.005966822569
0.006437752863
0.006342179494
0.006431217885
0.006322888815
0.00618335498
0.006146192794
0.006038757885
0.006384588295
0.006696091468
0.006365381125
0.006175614753
0.00633913139
0.006088641413
0.006210298675
0.006312367539
0.006379871528
0.006253692275
0.00626487554
0.00645086091
0.006228523557
0.006537413904
0.006235035632
0.006578421629
0.006421334506
0.006119559653
0.006509896102
0.006092955006
0.006271845325
0.006393183672
0.006516622008
0.006270499549
0.006335382271
0.006173674646
0.006173300207
0.006263447719
0.006105838765
0.00661950637
0.006357272364
0.006417478126
0.006430826474
0.006226258504
0.006412463053
0.006155200345
0.006402318725
0.00630197753
0.006226033591
0.00668669163
0.006425228551
0.00612026222
0.006632956808
0.006292166234
0.006161733316
0.006709502869
0.006362890332
0.006413099384
0.006267769391
0.006488462592
0.006479471802
0.006317875702
0.006265420329
0.006374323456
0.006478694754
0.00608731777
0.006412580961
0.006427862545
0.006206295922
0.006157163442
0.006202572391
0.006462894644
0.006272014222
0.006625200271
0.006241035718
0.006219733927
0.006594122883
0.006662676537
0.006144064948
0.006216612034
0.006298055333
0.006173089947
0.006387502858
0.00637823939
0.006334884724
0.006384941581
0.005956614966
0.006119534454
0.006166407873
0.006401856737
0.006525186577
0.006673924445
0.006343895739
0.006455118708
0.006207637516
0.006313491241
0.006465543817
0.006225688728
0.006420717555
0.006105230278
0.006635377953
0.006402804207
0.00638129259
0.006411963803
0.006354220891
0.006417289729
0.006732446361
0.006592556436
0.006252095021
0.006203927925
0.006123883846
0.006435315445
0.006311356055
0.006364023324
0.006240056178
0.006486350041
0.006629407707
0.006599911664
0.006282980291
0.006346214951
0.006356348224
0.006291118185
0.006267429267
0.006295681645
0.00631689064
0.006356602465
0.006531607241
0.006547518806
0.006753998911
0.006351594392
0.006356118742
0.006458078832
0.006299202598
0.00644723865
0.00609178229
0.006584378877
0.006361252939
0.006253924867
0.006091356715
0.005969975434
0.006279185704
0.006202118631
0.006266979069
0.006371117821
0.006167588442
0.006041416823
0.00628479886
0.006379439287
0.006265148589
0.006655030475
0.006409312494
0.0063208337
0.006352450029
0.006534688533
0.006104792327
0.006524445073
0.006363038312
0.006212528433
0.006426913098
0.006227527206
0.006191036321
0.006448745294
0.006298340175
0.006241844515
0.006440213961
0.006301076758
0.006082548157
0.006450693212
0.006261784359
0.006469851064
0.006909087763
0.006475361107
0.006122194408
0.006436829176
0.006235032945
0.006340789452
0.006339457771
0.006215932363
0.006429411015
0.006092542739
0.006370947813
0.006450517428
0.006544066956
0.006519836973
0.006237197653
0.006208562702
0.006514285634
0.006145472435
0.006401328079
0.006397266058
0.006103568313
0.006140117569
0.006019441345
0.006541054097
0.006531371018
0.006855547297
0.006431976113
0.006317235622
0.006440232539
0.00662012317
0.006826685316
0.006470941482
0.00647112322
0.006792317244
0.006386689132
0.006343317518
0.006387888221
0.00614220631
0.007023579216
0.006167036627
0.006160571944
0.006558538214
0.006159412739
0.00619100282
0.006543191247
0.006706995603
0.006280230199
0.006233871064
0.006268259682
0.006522301595
0.00631617778
0.006715264788
0.006576232583
0.006330261428
0.00622119657
0.006364650698
0.00670831055
0.006478815412
0.006084112651
0.006316880711
0.006424142304
0.006406585625
0.006186368063
0.006470767883
0.006196628978
0.006083342516
0.006488323371
0.006375977989
0.006364861302
0.006055248312
0.006558005915
0.00673228802
0.006478523826
0.006341596246
0.006129856908
0.006275233233
0.006298393347
0.006336053813
0.006276279682
0.006392812656
0.006321379864
0.006322031935
0.006134409937
0.006275158869
0.006165022872
0.006305358215
0.006238275223
0.006388724394
0.006252473536
0.006532311295
0.006125008343
0.006235590614
0.006596679738
0.006136699728
0.006107388219
0.006389863825
0.006347730176
0.006459710689
0.006376911539
0.006783527895
0.006596586613
0.006384677935
0.006579381777
0.00664287435
0.006443572591
0.006268930495
0.006561575142
0.006527966465
0.006296669979
0.006221398869
0.006631729767
0.006413374487
0.006429425552
0.006717967786
0.006544830058
0.00654970811
0.006873582606
0.006453404067
0.00629393869
0.006159716456
0.006403448902
0.00634326934
0.006363408477
0.006231361078
0.006221692283
0.006330458479
0.006249133767
0.006498150868
0.00618683022
0.006268289215
0.006280276146
0.006440369642
0.006124900196
0.006394404677
0.00624534375
0.00610943511
0.006345169795
0.006581729021
0.00640104288
0.00640099262
0.006274665591
0.00672409604
0.006313302439
0.006318054035
0.006238471535
0.006905951797
0.006431838622
0.006585171382
0.00614026297
0.006435085036
0.006461956227
0.006364376309
0.006146355909
0.006303867529
0.00626881
0.006843346366
0.006441248413
0.006129106928
0.006286767884
0.006148551387
0.006286167244
0.006309866225
0.00640978161
0.005994050566
0.006271398546
0.006392927621
0.006547936402
0.006316460004
0.006162776333
0.006422171826
0.006843985996
0.006348028805
0.006390306499
0.006331497444
0.00640476043
0.006226734888
0.007284283022
0.006360999861
0.006144019056
0.006458173807
0.006329197303
0.006541582243
0.006480131725
0.006410832407
0.006304093867
0.006200413828
0.006303828906
0.006167046156
0.006195653037
0.006343633733
0.006038573062
0.00625138954
0.006302447225
0.006382507749
0.006889397499
0.006161612811
0.006367966883
0.006133118987
0.006241362815
0.006265598507
0.00663206698
0.006351740777
0.006595725403
0.006382866031
0.006268007738
0.006300230989
0.006111027685
0.006357742972
0.006355381719
0.006401857989
0.006167370822
0.006269388859
0.006349697672
0.006301880293
0.006344903723
0.006333890565
0.006094760214
0.006091781754
0.006251051441
0.006190256613
0.00633410984
0.006363567483
0.006413257046
0.006519997221
0.006045125968
0.006783828633
0.006348625335
0.006355947442
0.006372092898
0.006419317055
0.006301454391
0.006608256444
0.006392005042
0.00661629554
0.006583092845
0.006203835978
0.006379947549
0.006592266286
0.006498904126
0.006353193295
0.006318412819
0.006373482359
0.006553237147
0.006224535038
0.006398005591
0.006433215563
0.006285562812
0.006128702126
0.006326325996
0.006281559135
0.006286414816
0.006356575152
0.0065004503
0.006491244349
0.006491329038
0.006111348078
0.006194397104
0.006146497537
0.006383545545
0.006326591703
0.006218633929
0.0060369602
0.006329029604
0.006260319757
0.006450624915
0.006253192902
0.006159356107
0.006213811789
0.006694798929
0.006118840112
0.006775546617
0.006366139974
0.006593815233
0.006279386731
0.006548479042
0.006717089078
0.006420561493
0.006594755983
0.006522892497
0.006105233749
0.006385961836
0.006332337308
0.006470280048
0.006724940293
0.006094795451
0.006387542914
0.006463637855
0.006406837493
0.0061859858
0.006164194462
0.006448553079
0.006399179511
0.006466546269
0.006402100424
0.006298725342
0.006205288619
0.006192701537
0.006219198184
0.006131056834
0.006470984197
0.006376898367
0.006413585809
0.006222218086
0.006263659946
0.006337873794
0.006376619144
0.00621082297
0.006508827813
0.006136943097
0.006150855397
0.006474094838
0.006184024439
0.006251998388
0.006284514055
0.006578882845
0.006103561505
0.006181890452
0.006359498953
0.006526455458
0.006361487819
0.006558558653
0.006466988815
0.006591005025
0.006182597665
0.006350377148
0.006131342049
0.006225963422
0.006164023954
0.006555993752
0.006260659677
0.006375866012
0.006384427545
0.006528001168
0.006715155915
0.006257976853
0.006520519517
0.006151496542
0.0064066943
0.006229430781
0.006262593582
0.006242309545
0.006787527003
0.006292201836
0.006249109635
0.006192214131
0.006397708693
0.006268317271
0.006235365936
0.006564852429
0.006278601668
0.006320575048
0.00648004445
0.006428462832
0.00655547182
0.006614057777
0.006272891432
0.006354485687
0.006332913275
0.006280786322
0.006005640308
0.006380750192
0.006392605064
0.00611923362
0.006249541961
0.006185739512
0.006342244946
0.006450591004
0.006305214708
0.006607067738
0.006205124532
0.006161284683
0.006209806314
0.006354236522
0.00626232233
0.006196032553
0.006185821446
0.006264792942
0.006089006377
0.006518316673
0.006358659553
0.006417101366
0.006263099185
0.006084616035
0.006528327417
0.006139074736
0.006180727966
0.006550437959
0.006709767878
0.005954126985
0.006254905648
0.006205131079
0.006401015006
0.006327188084
0.006320394673
0.006344324887
0.006197136971
0.006560187152
0.00637972151
0.006434478201
0.006332494224
0.006577169833
0.006692255347
0.006170655852
0.006120106503
0.006225602597
0.006485364627
0.006681643512
0.006542794822
0.006312780334
0.006134894813
0.00626992918
0.006425933061
0.00628686639
0.00633793648
0.006232006354
0.00663932714
0.006378658598
0.006268686379
0.00627391803
0.00645538769
0.0064981916
0.006039113348
0.00640119481
0.006094071284
0.006215415694
0.006201908682
0.006400145791
0.006260614375
0.006144847873
0.006255282438
0.006149473649
0.006040253146
0.006379329513
0.006272735785
0.006083371359
0.006064678632
0.006384662388
0.006275331244
0.006237296992
0.006306723566
0.006039140324
0.006169281226
0.006345139258
0.006168886832
0.006429334285
0.00649976465
0.006366687447
0.006305025063
0.006485693947
0.00626152832
0.006456156674
0.006172698314
0.006445189857
0.006519811545
0.006567426753
0.006352798646
0.006373412873
0.006298969523
0.006347357802
0.006183189072
0.00620572275
0.006305236104
0.006547730825
0.006280267569
0.006209011475
0.006239191199
0.006470715628
0.006578001969
0.006332626906
0.006178908353
0.006304499354
0.006183996607
0.006276164741
0.006116762942
0.006097325081
0.006171552729
0.006001734199
0.006315352456
0.006225462337
0.006232898484
0.006339638642
0.006108699519
0.006209453806
0.006353367717
0.006056046493
0.006366554808
0.006195173841
0.006308581755
0.006068458283
0.006132849784
0.006076499955
0.006299802639
0.00639872496
0.006352981353
0.00625486506
0.006230806501
0.00625795347
0.006370088699
0.006133066806
0.006124609063
0.006285599241
0.006279158764
0.006241755964
0.006088341124
0.006316193402
0.006313566509
0.006306952226
0.006249599746
0.00625518801
0.006224059825
0.006208886775
0.006392181775
0.006215915251
0.006319957012
0.0061689523
0.006231382534
0.00634382792
0.006594845773
0.006085065943
0.006179426187
0.00642796209
0.006278101236
0.006158829975
0.006236443724
0.00632629593
0.006149971458
0.006350004888
0.006193596683
0.006397217246
0.00616266975
0.006204985285
0.006185284417
0.006227195076
0.006381902893
0.006109015773
0.006442628493
0.006438736452
0.006551884746
0.006335845159
0.006353195011
0.00649822908
0.00631634262
0.006309815386
0.006265280828
0.006099065801
0.006157856452
0.006153355476
0.006361803142
0.006254383852
0.006509853093
0.006398088737
0.006394610358
0.006369365806
0.006574110972
0.00633132705
0.006433054367
0.006341121108
0.006320374389
0.006558453982
0.006417458391
0.006517837717
0.006305148993
0.006269929371
0.006475224915
0.006377324228
0.006231759266
0.006289741738
0.006394377121
0.006366747757
0.006499042708
0.006237122763
0.006218817314
0.006282501315
0.00630932065
0.006401734725
0.006308038752
0.006283711044
0.006238395403
0.006146911599
0.006212154843
0.006344234708
0.006324690718
0.006399331531
0.006216523988
0.006365432158
0.00626634692
0.006258666313
0.006416138899
0.006533591908
0.006431550147
0.006495399167
0.006293644419
0.006309402105
0.006183094625
0.006202669924
0.00630487342
0.006096529997
0.00611498941
0.006088453362
0.006547984335
0.00645297894
0.006446060009
0.006617497725
0.006397573225
0.006329140211
0.006634262425
0.006228582071
0.006148991038
0.006289864872
0.006303222165
0.006283389456
0.006362099681
0.00627778115
0.006219980912
0.006271059608
0.006324493196
0.00625090119
0.006312421814
0.00650254978
0.006098764272
0.006161367475
0.006259300271
0.006240804032
0.006289526979
0.006360505706
0.006277030717
0.006180131768
0.006288304919
0.006259526244
0.006453693535
0.006360110286
0.006309784549
0.006610613985
0.006354418759
0.006357724455
0.006427631334
0.006291138459
0.006194140012
0.006254250667
0.0062785914
0.006122524641
0.006218698407
0.006247504968
0.006256075329
0.006371251649
0.006099481011
0.006578202804
0.006238187297
0.006113675725
0.006663439078
0.00613108543
0.006396111459
0.006442088674
0.006143822142
0.006242038249
0.006346876995
0.006415032737
0.006311261117
0.006313902988
0.006244133286
0.00629074553
0.006210675428
0.006177545699
0.006219671048
0.006357922476
0.006508252679
0.006443736568
0.006508341501
0.006138143869
0.006569968581
0.006237686872
0.006087617645
0.006082806273
0.006529351766
0.006344628099
0.006219187564
0.006155236651
0.0061673852
0.006535403817
0.006149944591
0.006293754533
0.006182353578
0.006422624294
0.006273112178
0.006168738253
0.006352747694
0.006100993081
0.006197547975
0.006434841705
0.006292716471
0.006215691435
0.006347567797
0.006097514606
0.006357831283
0.006199553553
0.006275373285
0.006483933065
0.00635081278
0.006241876496
0.006260577056
0.006353670257
0.006204613566
0.006504688722
0.006864939943
0.006339300601
0.006320815094
0.006255281655
0.006486382426
0.006311275988
0.006314144395
0.006412113042
0.006526988045
0.006326589572
0.006404186313
0.006430899105
0.006729554966
0.00639090501
0.006074408256
0.006488219549
0.006562327667
0.006312583605
0.00642048561
0.006600482768
0.006476294695
0.006263688514
0.006388281048
0.006249302388
0.006088158008
0.006252556255
0.006313936832
0.006315764568
0.0062425319
0.006287819476
0.006294178839
0.006298446962
0.006155470664
0.006123294768
0.00621789161
0.006371190471
0.006210825661
0.006207963889
0.006234600837
0.006243430435
0.006347094346
0.006438892094
0.006351188124
0.006310680818
0.006274556378
0.00640882795
0.006297508419
0.006223653546
0.006238704281
0.006314769785
0.00629405155
0.006424699217
0.00614861799
0.006276127767
0.006151872579
0.00620172037
0.006702150289
0.006170452186
0.006410062019
0.006427274614
0.006190741876
0.00644375564
0.006210494193
0.006212821668
0.006130115187
0.006224410695
0.006324290194
0.00635881851
0.006243860177
0.006265440254
0.006480368863
0.006188592784
0.006279474061
0.006290240924
0.006554210735
0.006403606549
0.006546250185
0.006290896072
0.006303998566
0.006242429111
0.006168626612
0.006256869678
0.006310520973
0.006331208025
0.006352432968
0.006358418872
0.006220136099
0.006388066233
0.006405724044
0.006316801627
0.006444815809
0.006152801256
0.0062441829
0.006244017368
0.006435354294
0.006372750866
0.006480807887
0.006577068324
0.006302866272
0.006356424944
0.006412050242
0.006446744199
0.006207160338
0.006503252443
0.006455264384
0.006392200833
0.006501324406
0.006331102368
0.006397021087
0.006405460978
0.006116194817
0.006222740688
0.006324843216
0.006244621927
0.006272680402
0.00626609067
0.00635058204
0.006201815951
0.006269270085
0.00640795861
0.006376989257
0.006254959869
0.00615383242
0.006260560047
0.006560457866
0.006335266559
0.00646248252
0.006226374179
0.006218579079
0.006329745541
0.006300434041
0.006300119685
0.00633905596
0.006232577994
0.006488073931
0.006231884649
0.006441661018
0.006183845993
0.006369471262
0.006249429251
0.006475688466
0.006296747191
0.006419731649
0.006206501763
0.006477542853
0.006387479047
0.00629283852
0.006309986222
0.006243871613
0.006292172787
0.006350819436
0.00654614725
0.006247625237
0.006274879333
0.006339497232
0.006384477157
0.006420804821
0.006472740423
0.006488795095
0.00633488663
0.006323253359
0.006281185022
0.006546739994
0.006407937255
0.00631105355
0.006370619922
0.006117274423
0.006212683217
0.006227517668
0.006358948452
0.006402669414
0.006506727702
0.006368258949
0.006513105702
0.006219106613
0.006239961138
0.006295398581
0.006375117152
0.00638676893
0.006362579681
0.006210836999
0.006322525665
0.006228727807
0.006231234205
0.006260298143
0.006377582384
0.006127900032
0.006351143844
0.006398106183
0.006295679625
0.00650847998
0.006353323012
0.006263242516
0.006439628958
0.006296082012
0.006256837935
0.006277013004
0.006257583667
0.006336685086
0.006358330359
0.006234207606
0.006493971446
0.006389593087
0.006410887948
0.006221835863
0.006423120176
0.006275659792
0.006209213064
0.006311462383
0.006180627479
0.006189979204
0.006402217728
0.006257643301
0.006260200106
0.006308008296
0.006382075891
0.006269503111
0.006162529041
0.006259410156
0.006489599736
0.006218284356
0.006520773924
0.006334945117
0.006220240295
0.006320882276
0.006433752909
0.006253437906
0.006390042407
0.006666893927
0.006339698975
0.006390845899
0.006558500669
0.006229012218
0.0062042569
0.006238758887
0.006381808518
0.006425210732
0.006294674561
0.006316337402
0.006245144869
0.00626447464
0.006518702701
0.006271509108
0.006390618846
0.006213136184
0.006316742696
0.006346193921
0.006284175778
0.006325737396
0.006330827441
0.006386745518
0.006247517173
0.006181955287
0.006322182813
0.006367555744
0.006728932813
0.00639741166
0.006217012719
0.006640534724
0.006433853773
0.006278333275
0.006228719716
0.006368786997
0.00626221092
0.006318708173
0.006205937697
0.006227821303
0.006388921797
0.006337443815
0.006279186513
0.006463972709
0.006446702506
0.006398494353
0.006518177699
0.006395981872
0.006220438734
0.006305324647
0.006549061362
0.00629982792
0.006188870152
0.006094577708
0.006307827686
0.006329864641
0.006293474784
0.006232328746
0.006275592115
0.006314271865
0.006368235591
0.006354548117
0.006369831722
0.006545352174
0.00643252326
0.006341760806
0.006583339614
0.006364892275
0.006320740555
0.006682497369
0.006203824474
0.006236571127
0.006303937965
0.006232682518
0.006230255653
0.006447199033
0.006286165695
0.006271974561
0.006349010866
0.006277450043
0.006268005665
0.006243109026
0.006255611957
0.006197667578
0.006343196973
0.006287608263
0.006425746278
0.006388870184
0.006436529523
0.006251089571
0.006247194874
0.006271419957
0.00628015577
0.006197800983
0.006389038722
0.006485798898
0.006296463306
0.006380708095
0.006328062309
0.00634890073
0.006383907029
0.006293263548
0.006233275225
0.006224594502
0.006248954079
0.006255626723
0.006327441485
0.006275244133
0.006239704105
0.006350086024
0.006356090388
0.006431784485
0.006132287886
0.006340723398
0.006560716492
0.006378955144
0.006198373398
0.006317737183
0.006447268863
0.0063363
0.006319169022
0.006426769328
0.00613496114
0.006241330171
0.006467812884
0.006376069498
0.006242428836
0.006291274253
0.006213830171
0.006304576385
0.006192975369
0.006264690633
0.006313734625
0.00642915734
0.006232126975
0.006304094431
0.006387769013
0.006293418782
0.00627464583
0.006385010719
0.006303408884
0.006235447503
0.006207779404
0.006380476877
0.006348074101
0.006214754574
0.006465777822
0.006250069633
0.006229850282
0.006389174079
0.006250462461
0.006440874789
0.006291119308
0.006318674715
0.00632107895
0.006335951781
0.006239928345
0.006268241168
0.006222712216
0.006290187321
0.00645639279
0.006541307841
0.006404393315
0.006424398861
0.006238378931
0.006300495231
0.006329821598
0.006413903664
0.006282761903
0.006291386092
0.006398476196
0.0062550353
0.006509275179
0.00629990851
0.006357571627
0.006507777118
0.006462449113
0.00636394151
0.006321600775
0.00634236359
0.006507226199
0.006232434903
0.006365357613
0.006365835625
0.006685669191
0.006265258293
0.006471337904
0.006442542818
0.006335164264
0.006466128341
0.00632028916
0.006380804841
0.006561400249
0.006350372814
0.006509515955
0.006443712365
0.006457106677
0.006405780528
0.006299619122
0.006255066415
0.006465661779
0.006559901363
0.006292675447
0.006313247208
0.006327748706
0.00631649048
0.006380540804
0.00647326688
0.006355789214
0.006377337092
0.006315874554
0.006401416133
0.006438280161
0.006236931894
0.006361898905
0.006381473961
0.006351333372
0.006484847613
0.006361823149
0.006364213375
0.006303668562
0.006292655498
0.006351508464
0.006342022001
0.006339650163
0.006321608038
0.006246711511
0.006316762613
0.006355962456
0.006426613267
0.006347039787
0.006333898255
0.006347882504
0.006314990167
0.006410450618
0.006315666648
0.006359500209
0.006385583047
0.006485396439
0.006317476013
0.006398698977
0.006254514726
0.006353646777
0.006298797932
0.006364738798
0.006352787594
0.006380285383
0.006264887113
0.006454462638
0.006465295821
0.006284285369
0.006442521716
0.006397871385
0.006508210603
0.006298906051
0.006295304674
0.006412181686
0.006398391422
0.006336449002
0.006289577418
0.006426128256
0.006400204932
0.006387035865
0.006344822535
0.006564978478
0.006366394263
0.00644048071
0.006406987924
0.006362953489
0.006423243327
0.006433407368
0.006358537098
0.006397595608
0.006424794969
0.006436621426
0.006393724285
0.006348882821
0.006396863188
0.006459800244
0.006450257011
0.00643873422
0.006432547577
0.006355209861
0.006492501335
0.00644745458
0.00641049303
0.006422439102
0.006357317132
0.006536937612
0.006383893676
0.006471012957
0.006481623744
0.006453207212
0.006532355652
0.006481183138
0.006482856849
0.00641837246
0.006424020461
0.006448733649
0.006480001067
0.006367750995
0.006491536837
0.006536267703
0.006481945989
0.006382610785
0.006365835998
0.006423244555
0.006511827604
0.006396203185
0.006426118788
0.006439930632
0.006444204702
0.006529413272
0.0064651214
0.006485723002
0.006488743843
0.006454794463
0.006429693194
0.006532803566
0.006359761597
0.006434114403
0.006520372321
0.006427639339
0.006486610988
0.006431319056
0.006395089657
0.006488570389
0.006434390779
0.006462862312
0.006468435679
0.006418163725
0.006414554072
0.006517099622
0.006460358646
0.006511820873
0.006446043666
0.006491556284
0.006528633198
0.006520341619
0.006563636885
0.00654541402
0.00645188748
0.006560203144
0.006531648303
0.006546478799
0.006498528219
0.00648619284
0.006456677552
0.006484274456
0.006527493288
0.006593540493
0.006489309979
0.006512835936
0.006444367849
0.006477864507
0.006555462087
0.006606529119
0.006626020897
0.006529125404
0.006578536043
0.00651850807
0.006476261843
0.006596022881
0.006492145595
0.006583075156
0.006560506584
0.006503378739
0.006516592336
0.006523863089
0.006611081328
0.006555751531
0.00656893874
0.006580983054
0.006597895079
0.006577458789
0.006599174637
0.006565976529
0.006604613392
0.006662326465
0.006577059075
0.006535877888
0.00651455896
0.006594115835
0.006547023974
0.006533820682
0.006644988734
0.006587270737
0.006580912085
0.006576554833
0.00666868101
0.00654934073
0.006610907013
0.006571264621
0.006544519885
0.006604490951
0.006602707139
0.006592214315
0.006614363128
0.006592984674
0.006627447071
0.006568761602
0.006599091627
0.006596508638
0.006574426819
0.006600556028
0.006612777758
0.006619986691
0.006680900439
0.00663542722
0.006598250922
0.006641276578
0.006612883544
0.006564869614
0.00661312572
0.006609692373
0.006615867454
0.006646767942
0.006637499833
0.006606539084
0.00662995838
0.006633627546
0.006597238335
0.006666706428
0.006601490437
0.006568906856
0.006638687821
0.006656242352
0.006588306232
0.006611817706
0.006640073448
0.006626298843
0.006580163439
0.006573962111
0.006614628067
0.006579243302
0.006569687664
0.006552405016
0.00661509786
0.006586998352
0.006587114338
0.006587445862
0.006568389156
0.00658769351
0.006508240161
0.00654326543
0.006602794107
0.006538239005
0.006525391178
0.006546379271
0.00653661433
0.006550862146
0.006535838987
0.006537776126
0.006498869565
0.006477827189
0.006495173328
0.006487574109
0.006472496371
0.006475940584
0.006411452026
0.00647327644
0.006471727862
0.006412872685
0.006454312365
0.006411214222
0.006405305004
0.006346866875
0.006386347185
0.006343269548
0.006354527811
0.00633189286
0.006317707709
0.006322477505
0.006295947644
0.006269875981
0.006249360651
0.006261840775
0.006258612993
0.006261694242
0.006199488103
0.006183238945
0.006212807438
0.006194297181
0.006164227714
0.006171672529
0.006123945778
0.006125834522
0.006109949479
0.006092507983
0.006076785295
0.006046599209
0.006020517048
0.006050439382
0.006058104815
0.006034702896
0.00599363297
0.005963856093
0.005970875201
0.005943296412
0.005990508225
0.005921860849
0.005900136248
0.005922195576
0.00591376344
0.005893657615
0.005900355166
0.00592153591
0.005890323039
0.005884815519
0.005894234851
0.00586554968
0.005858968564
0.005856048914
0.005856816338
0.00583364443
0.005862351354
0.005855835356
0.005890746475
0.005856699912
0.005848694807
0.005858650662
0.00587463649
0.005884293849
0.005901300117
0.005884626322
0.005894503553
0.005921982833
0.005939657152
0.005956227936
0.005951062687
0.005983245336
0.005994772551
0.005974004788
0.006000691203
0.006063228063
0.006063523588
0.006107828893
0.006142647121
0.006163347612
0.006200901647
0.006220352057
0.006258732137
0.006283015663
0.006331559534
0.00638914916
0.006413986352
0.006463701569
0.006503553735
0.006545458713
0.006638099124
0.006676062604
0.006742000223
0.006780548816
0.006854467918
0.006935043165
0.006997737423
0.007080820302
0.007163834753
0.007258786223
0.007293217133
0.00744327415
0.007484282699
0.007528252244
0.007667755524
0.007771302938
0.007957921136
0.007987091046
0.008114489753
0.008226466426
0.008275909609
0.008489301582
0.008562394265
0.008702868281
0.008861287148
0.009008033139
0.009215272381
0.009300188895
0.009494388612
0.009663587837
0.009871264919
0.01005720403
0.01030500381
0.0104498278
0.01066886959
0.01090932166
0.01108846679
0.01138898725
0.01164727117
0.01192424739
0.01221345102
0.01238352926
0.01283356526
0.01303246757
0.01332508124
0.01378312997
0.01414608672
0.01435673855
0.01477673521
0.01501622479
0.01561957989
0.01599080292
0.01648692095
0.01693645082
0.01722826048
0.01808896764
0.01836464197
0.01905550067
0.01925795125
0.02035811755
0.02090778705
0.02100508615
0.02301890413
0.02271022029
0.02363105346
0.02497565586
0.02521102049
0.02661779449
0.02842540563
0.02865697365
0.02987224001
0.03051457939
0.03145030229
0.0326319679
0.03433383768
0.03558365046
0.03775098511
0.03806914801
0.03854838958
0.04182435272
0.04088625681
0.04354505944
0.04635928363
0.04616208314
0.04835439131
0.0491127914
0.05103835307
0.05494772951
0.05577101931
0.05731715685
0.05938166421
0.0639786061
0.06232120049
0.06832667551
0.07159438981
0.07893457994
0.07326798246
0.07898686161
0.08284291448
0.08008562197
0.0832782776
0.09064108986
0.0887812594
0.09035781713
0.09003059793
0.0935808011
0.1035862675
0.1036307061
0.1007957337
0.108565271
0.1223844364
0.1144139282
0.1189145036
0.137967725
0.1307601448
0.1344462787
0.1259578878
0.1387742288
0.1294961477
0.1385225911
0.1485748805
0.1266499941
0.1450973442
0.1475561312
0.1871391207
0.1572613994
0.1483461155
0.1603708259
0.15158027
0.1759676095
0.1564824732
0.1691820539
0.2049380679
0.1998079098
0.1654976531
0.1771142488
0.1518549021
0.1650243355
0.1738973696
0.1740637054
0.184905503
0.1634701817
0.1545746032
0.1939231852
0.1714347017
0.1745002405
0.1887579006
0.1684086457
0.1822643614
0.1532902485
0.1595245757
0.1796713123
0.1971611732
0.220991985
0.1996842854
0.1940973389
0.1608142937
0.1734472
0.1687069518
0.1763440545
0.1465641623
0.173165062
0.1458434222
0.1568690175
0.2340053418
0.1696304581
0.1491203044
0.2147191854
0.2021050662
0.1604287106
0.1525086649
0.2154897838
0.1862478848
0.2286391332
0.2127005828
0.1719129167
0.1557620557
0.1759199451
0.1667393741
0.1586448092
0.1824252658
0.2223563854
0.2943483119
0.2374339806
0.1822722329
0.1513939792
0.1645456545
0.14704863
0.1581901911
0.2087903487
0.1656691579
0.1694927641
0.1503013931
0.1657790767
0.1622484099
0.2337716464
0.1752772657
0.2290691593
0.182250194
0.1616260267
0.1578197654
0.1584952
0.169167165
0.3175511012
0.1607294701
0.1635402551
0.1563147227
0.1697757518
0.1850976588
0.1831027849
0.168170897
0.1573743189
0.1766471396
0.1612508926
0.1428085883
0.2671368335
0.176833753
0.1772963206
0.1770376461
0.1835035544
0.1901521411
0.1657239937
0.1700305486
0.1977945644
0.1749133805
0.1773424403
0.2547638693
0.2094325861
0.1896428367
0.1928013171
0.2049269271
0.162456154
0.163835972
0.1631022783
0.2061672634
0.1889781591
0.1723690961
0.2639949949
0.1691388518
0.1807950942
0.1657788058
0.2298728106
0.2131891598
0.1883835641
0.1645096309
0.3186321997
0.1554791577
0.1680929117
0.1830969887
0.1851410932
0.1778327636
0.1769220286
0.1799783715
0.2010116088
0.195818252
0.1571119257
0.1924549849
0.2204618583
0.216192326
0.1788528076
0.2170519491
0.208948437
0.1499948663
0.1793715782
0.1920607028
0.1672706857
0.1656377279
0.1704518935
0.1903623106
0.2362022539
0.1717712777
0.1768753592
0.1685475974
0.2780275407
0.1553078137
0.1862672285
0.1527386578
0.1704059119
0.1805349727
0.1654568591
0.1549617116
0.1543657348
0.1763576831
0.1797244704
0.1972987233
0.2713488382
0.2408983258
0.1739280738
0.1896884082
0.1998321697
0.207682316
0.2094198498
0.1715316734
0.1987058084
0.203160358
0.1910891959
0.1823771082
0.1846598104
0.2095949784
0.2040177926
0.2425601211
0.1792370611
0.1788241309
0.1808601448
0.1745696229
0.2270857842
0.1825467706
0.1855616243
0.2300011465
0.2010090526
0.1782698519
0.2583434267
0.1761404524
0.1753953186
0.2185861019
0.1703560602
0.1874597638
0.1973260568
0.1637334571
0.1941237806
0.177210202
0.1609378169
0.1949527009
0.1898437426
0.2062399169
0.2084441778
0.2342393427
0.1897862752
0.1764124502
0.1742089326
0.198815604
0.2948256739
0.1794481921
0.185151556
0.2020369277
0.1737578481
0.2041310094
0.2322555355
0.2055969486
0.1744858396
0.1705335096
0.2375504277
0.1686668921
0.1778494522
0.2110633155
0.220253319
0.2354696616
0.2785577722
0.1925892438
0.1789313136
0.2282707948
0.1945934382
0.181830802
0.1942254287
0.221842897
0.194649155
0.1960152698
0.2101091868
0.1919699063
0.2247384932
0.1881215205
0.2075916658
0.1862621545
0.1837708754
0.2672377218
0.2052057053
0.235706739
0.1865671217
0.2587210203
0.1688074141
0.1933265329
0.1737259056
0.1921783303
0.2404969471
0.1780373231
0.1973496222
0.1865754536
0.1977006078
0.1919660523
0.2055046766
0.1778413862
0.1963242062
0.184360155
0.2105605432
0.1775827764
0.1763568738
0.170060645
0.1665062998
0.1794903224
0.1911491982
0.2044733368
0.1972265978
0.2196353039
0.1878633654
0.1998695709
0.1929603362
0.1887476014
0.2238436097
0.3561490646
0.2125524612
0.2677130776
0.2062201589
0.2127592952
0.2135918647
0.2111053126
0.2097845758
0.1900686434
0.2082715861
0.2158864538
0.2168256103
0.2155996198
0.1994504484
0.2546031595
0.2571549301
0.191294953
0.1941684222
0.1877567501
0.1967911982
0.2300493335
0.2653940814
0.2360453386
0.2175162577
0.1789686466
0.2419273683
0.2820256273
0.1873386257
0.2371667866
0.1698850446
0.1955797997
0.2892744759
0.1912256695
0.1842791089
0.2130356342
0.1957326075
0.1960671207
0.2174097972
0.2098638379
0.2053771699
0.2369708102
0.2168103156
0.2304087166
0.2086816275
0.2371707787
0.2511315377
0.2165176034
0.1897274098
0.1989162837
0.2194654603
0.1956347869
0.1945894528
0.199411237
0.2186091716
0.1816018623
0.2615874708
0.2102852421
0.2417815748
0.193152703
0.2075756608
0.2027312966
0.2580094228
0.1839955698
0.1740533522
0.2085404182
0.190217564
0.2187473531
0.2673349904
0.2157576527
0.1999549221
0.1997609024
0.2243133309
0.208025165
0.1959673974
0.2157564341
0.2709752185
0.2061986969
0.1842935855
0.2388422993
0.2256887096
0.190849907
0.2117510059
0.1817380673
0.1981940015
0.2754111729
0.1837020361
0.1936573798
0.1958746652
0.2046375881
0.2162496392
0.1836204765
0.1871950874
0.1993620137
0.2559998759
0.1884500468
0.1923149136
0.2367871372
0.1978635541
0.1998073167
0.1964233869
0.224742717
0.2530873795
0.2154552981
0.1677429611
0.2088351588
0.2143623805
0.1986756387
0.2752727718
0.2401199735
0.2606184396
0.3187193382
0.2682799292
0.2224655575
0.2086640258
0.2781287957
0.2185915737
0.2321920777
0.1960214862
0.2200329668
0.2081341255
0.2780211025
0.2148409253
0.2282521958
0.2677598862
0.2495476081
0.2816732566
0.2249148647
0.1858823699
0.2869757732
0.233445432
0.2097593798
0.2101624529
0.2057156869
0.2859437252
0.2299080858
0.2208227898
0.2811718308
0.4475674178
0.2040144918
0.247545992
0.1860339905
0.2750006851
0.2223982989
0.2743949066
0.2000831948
0.2334998502
0.1990658759
0.226716747
0.207332968
0.2195266965
0.4243559298
0.2245884855
0.2147793463
0.2710254916
0.2059975318
0.2133236314
0.3220441787
0.2466455888
0.2310647205
0.186187773
0.2012533393
0.2271817503
0.2279691823
0.2835275815
0.1910493138
0.1908822425
0.2489186145
0.203354647
0.2206042213
0.1872087127
0.2486072293
0.2136320249
0.1874311896
0.2113900815
0.203271185
0.1994903271
0.2025992516
0.2135680779
0.2168982106
0.2220566757
0.2754014569
0.2159330644
0.207335339
0.212068399
0.2336411688
0.2946915195
0.2214296956
0.3334239621
0.2159766316
0.245236106
0.2543648445
0.1966960751
0.216401631
0.2074636211
0.2167970453
0.2172352552
0.2036059428
0.2175028895
0.2223502062
0.207155735
0.2984975039
0.203970941
0.1959358106
0.2015688677
0.2478243989
0.1912411658
0.2079900201
0.1950297589
0.2010601859
0.4125819262
0.2099718562
0.2786140075
0.1704490674
0.2154496479
0.2100623854
0.2030148269
0.1889062764
0.197155964
0.1966710283
0.2222651328
0.2417638706
0.2422026884
0.2125162352
0.2024465053
0.2031946738
0.2138972694
0.3422341183
0.2244750893
0.2067389138
0.2132240121
0.3050341785
0.2803374625
0.2147633572
0.2080489964
0.2315989659
0.2873768262
0.2321728904
0.2443572683
0.2041146418
0.207081266
0.4623753383
0.1931263833
0.2215929471
0.2604953923
0.232524589
0.19049531
0.2283801534
0.2093264153
0.4581957241
0.2609328002
0.2361107628
0.2343426548
0.2696715443
0.2046690274
0.2289887252
0.2046698584
0.2104470072
0.2411951969
0.2218821478
0.2337167432
0.2705470738
0.2739799966
0.2284831619
0.2089909461
0.2034450702
0.2507264123
0.2446422935
0.2335796495
0.2496625031
0.2209288127
0.1988582328
0.31381377
0.2897409187
0.3406393352
0.257426561
0.2619529266
0.2179527936
0.2316106251
0.2670405605
0.2397152447
0.2262362441
0.2571134544
0.1947925572
0.2578835131
0.2148738785
0.2383309955
0.2319205247
0.272445228
0.2836820955
0.2150036768
0.2562959327
0.2446557785
0.2620711104
0.2760889267
0.2154102551
0.2345053053
0.2193002574
0.2588487754
0.2803971951
0.2188793434
0.2148285194
0.2266104962
0.2636550896
0.2247420611
0.241332791
0.2239786742
0.2238135608
0.219586995
0.2303937758
0.2637286665
0.2236301243
0.2324047627
0.1950127485
0.2807266307
0.207835086
0.2950864052
0.2567094399
0.2569950081
0.2007629136
0.2146401951
0.2714140494
0.2620556321
0.2403522336
0.2060530925
0.2198918673
0.21666473
0.1817976287
0.2311890148
0.2494813117
0.2623709099
0.2163611612
0.2869320942
0.2340478352
0.2533124942
0.2545913184
0.2917225117
0.2504323254
0.2422253043
0.2372345734
0.2450511904
0.3299206443
0.3205844672
0.2441648265
0.2280675413
0.2630730304
0.2430715361
0.2680935197
0.2489166323
0.2302179144
0.2310405756
0.2617076769
0.2359901895
0.2488628961
0.2263068976
0.3599379617
0.2126407009
0.3438725076
0.2309318463
0.2197385162
0.2244240297
0.2319890881
0.264623563
0.2387826802
0.2133845469
0.2187031413
0.2430787115
0.275191821
0.2640857471
0.2357253677
0.3060415634
0.3133712013
0.2953240725
0.2315657902
0.312389477
0.2425909182
0.2513941605
0.2425935984
0.258896487
0.2793115709
0.2299336377
0.2103746421
0.2546443137
0.221455193
0.2565126997
0.2324240019
0.225678152
0.2036586016
0.1994163705
0.2322069007
0.2914003337
0.237371349
0.2233218979
0.261295487
0.2411681816
0.2608030791
0.2067726759
0.2273771779
0.2857664461
0.3006272266
0.240326676
0.2471968744
0.2413095026
0.2306569805
0.2316344657
0.2071216835
0.2829688624
0.2651045677
0.3409478896
0.219079632
0.2326501345
0.2874147963
0.2443286441
0.2867076995
0.2398296029
0.2371307098
0.2192868934
0.2756322219
0.2184616276
0.2750709088
0.2324555751
0.2649807415
0.280627203
0.2689479233
0.2466241094
0.3475041041
0.2589497034
0.2450036534
0.2480300222
0.2389906884
0.239989703
0.251411623
0.2352006803
0.3116109655
0.2652092103
0.2280971112
0.2391343572
0.2446033382
0.2322842168
0.2510469204
0.2360002831
0.2260565154
0.3786930156
0.2442069086
0.3803700928
0.2193698728
0.3846766432
0.2406513456
0.2884601293
0.202053923
0.2209461986
0.2389135823
0.2664312227
0.2758550748
0.2682640047
0.2263868057
0.255112378
0.2481046888
0.2293035841
0.2514012175
0.3178908576
0.3003923644
0.2307165279
0.2402651037
0.2661370888
0.5220849159
0.2386801468
0.250804415
0.3034522759
0.2834137387
0.2403071135
0.3156566189
0.2454246833
0.2541318301
0.3492749759
0.2570481598
0.2701614021
0.2406694021
0.2309426708
0.2630569993
0.3324616136
0.3395368578
0.4004284823
0.2571749864
0.2337405028
0.2876860129
0.2354287113
0.2841376987
0.2455471432
0.2273537449
0.2889940539
0.2468033759
0.2354515181
0.2086717466
0.267847898
0.2346928646
0.270407673
0.3336546831
0.2876123535
0.2424499681
0.2320466594
0.2683844843
0.279499496
0.2974013168
0.3194662749
0.2174313226
0.2078546551
0.2642858819
0.2330722172
0.2679508671
0.2750826639
0.2606121909
0.2537332377
0.2594032307
0.2649240161
0.256355881
0.2911600471
0.2321945743
0.2818774516
0.2720271509
0.3047291168
0.5047085576
0.3093007164
0.4085417128
0.356275406
0.278755608
0.244641676
0.3018502687
0.4475965925
0.2306462123
0.2631466495
0.2706267205
0.2756104731
0.2859288334
0.2351361113
0.2487661594
0.2511198537
0.3139737518
0.2399571068
0.2575730163
0.2202106378
0.2860138192
0.3372320653
0.2744810573
0.2652079951
0.2259143521
0.3185481747
0.2356039665
0.219666712
0.2167363936
0.2755705581
0.2280534901
0.2470362039
0.2552424041
0.217730009
0.2565249022
0.2943467018
0.2632112352
0.2539688323
0.3065148064
0.2610005181
0.2606823451
0.2366971833
0.2728265961
0.2948098734
0.3138493852
0.2166442138
0.242859972
0.2939932019
0.2963838577
0.3414460157
0.2896104735
0.2610712787
0.3172099974
0.2550249252
0.2743423278
0.2471490463
0.2838242069
0.340754028
0.2567448467
0.2590294513
0.2586491432
0.2409904203
0.3158679411
0.2910731107
0.2037880325
0.2305823696
0.3569727006
0.2271549363
0.2409026991
0.2917503488
0.2613007323
0.3171718654
0.4326159987
0.2895854954
0.3560412515
0.2665490176
0.2739096051
0.3218858981
0.2826804763
0.2528621611
0.2320001176
0.4031997663
0.3633719817
0.352736406
0.2876776066
0.2362148315
0.3393553755
0.245410167
0.3475416113
0.2429221206
0.2796039557
0.2585521523
0.2775722693
0.2793371486
0.2872660246
0.3142560241
0.3231204924
0.252124057
0.2602792221
0.2812985857
0.3196022758
0.3053045247
0.2281650014
0.2586834102
0.2522109324
0.4178677647
0.3313738284
0.2631886712
0.2730260973
0.3019049436
0.3693112235
0.2592942473
0.2956074407
0.2629984533
0.5028209706
0.2978459322
0.2729359134
0.3168213837
0.2877623361
0.3012225848
0.2677943068
0.318282578
0.4394114757
0.2319737073
0.2828975366
0.378511895
0.2966891071
0.2630208332
0.2628290178
0.33379367
0.2355373054
0.3736573474
0.2753471751
0.2944999967
0.4216015954
0.2530926484
0.3033262326
0.2728769013
0.2971046862
0.3903136493
0.4493915065
0.3701154633
0.4708971099
0.4471888441
0.5166619212
0.3796317373
0.2740178813
0.2573661813
0.2607655879
0.3349089625
0.2824305221
0.3071589872
0.3183127613
0.2795274812
0.3105153854
0.2878151586
0.2692379351
0.2384815551
0.2717912863
0.2418205007
0.2977641859
0.2737216814
0.4388808618
0.2917752691
0.2673166763
0.3177692755
0.3910892354
0.2647268439
