#################################### 
# Matrix Size= (25,25,400)
# Resol      = (1,1,4000)
# VoxelSize  = (25,25,0.1)
# nbVal      = 4000
#################################### 
14953.52774
15562.01498
15613.5776
15712.57303
15850.74077
15901.27881
16115.95228
16216.34039
16005.56374
16180.73411
15999.90298
16283.29788
16286.10193
16064.394
16298.79745
16039.57736
16253.2217
16207.83642
16306.8755
16361.51328
16211.60846
16344.75995
16260.17279
16214.75377
16267.48471
16279.12696
16334.95695
16266.75473
16463.88282
16243.0359
16423.21248
16358.17838
16537.18096
16443.48561
16479.39102
16405.42742
16406.68553
16336.67499
16427.23305
16469.97313
16620.5141
16623.796
16543.04368
16576.1154
16531.43843
16514.0627
16440.38264
16359.35956
16385.82051
16637.19875
16574.09969
16465.39565
16528.77399
16663.75174
16716.13914
16656.74096
16374.12606
16559.53397
16359.26251
16667.39324
16514.56348
16597.64395
16728.21424
16687.73003
16591.81541
16803.19841
16765.88802
16390.04635
16646.55464
16614.96211
16642.18501
16698.99514
16600.37243
16759.85587
16641.07006
16831.76072
16692.86655
16726.21439
16638.38059
16693.6269
16909.56667
16722.31543
16825.41185
16650.60225
16717.69073
16521.62768
16699.95415
16809.60681
16914.82779
16826.25425
16689.5837
16700.42244
16817.23708
16829.1796
16656.45385
16852.56159
16795.20143
16864.31442
16956.30107
16787.02817
16724.72398
16683.63386
16712.72169
16823.17566
16833.67381
16721.21423
16699.44599
16808.30865
16715.62119
16751.87492
16886.62197
16733.87689
16720.8598
16737.20612
16703.34423
16723.78377
16591.9812
16804.03955
16760.37131
16818.91522
16874.36468
16972.40203
16941.47562
16766.92386
16955.26004
17081.53973
16988.71668
17040.42777
17047.81174
17132.7992
17011.00245
17051.97577
17019.45856
16980.48672
16764.46787
16932.75541
17079.37272
17065.85207
17218.85909
17150.19874
17327.76499
17107.45659
17121.85672
17120.59804
17006.38158
17043.64083
17132.32912
17128.67398
17017.57317
16942.96055
17100.88021
16933.47265
16970.33266
16986.16166
17198.44596
17004.42116
17046.83713
17026.06979
16991.81406
17050.65296
17217.31869
17217.31272
17039.57801
17090.00378
16992.15917
17131.60256
17227.02421
17267.57311
17208.06547
17055.58494
17383.50081
17095.29268
17250.10945
17059.6814
17287.89906
17123.44468
17278.93542
17099.15165
17323.02318
17195.72566
17297.09692
17315.22903
17219.66005
17395.8069
17240.24511
17359.10794
16997.39743
17193.56696
17227.47619
17185.5824
17118.08523
17165.91426
17305.40227
17114.11738
17274.98244
17348.64367
17193.5848
17410.4614
17298.5845
17263.08674
17274.31366
17230.28613
17249.9506
17175.3899
17255.85042
17350.73114
17220.41941
17225.34059
17101.8232
17422.04129
17403.9763
17231.79
17372.93419
17296.95104
17297.20924
17442.20732
17429.1381
17458.06273
17149.73549
17319.49906
17379.63138
17166.77588
17443.40374
17219.44419
17430.67823
17402.86559
17291.05822
17458.12406
17315.47668
17499.40337
17232.97821
17226.7688
17283.21494
17223.0585
17406.30579
17149.7781
17096.05311
17276.4202
17315.95363
17408.99527
17468.48046
17396.32956
17379.14502
17350.89259
17152.77674
17310.50652
17465.73827
17270.62177
17482.67734
17582.51188
17279.07419
17451.73249
17401.44378
17521.54269
17400.24087
17487.86813
17597.76548
17417.27847
17693.91399
17606.1192
17317.39627
17468.40813
17446.71043
17322.70616
17206.66418
17515.80232
17482.88512
17477.91608
17581.5272
17530.89641
17499.15148
17504.5689
17652.32719
17516.64555
17287.30859
17381.29752
17224.06559
17259.12987
17377.82654
17537.72924
17603.38517
17469.778
17652.41458
17544.80013
17561.248
17290.01137
17528.90273
17535.67516
17455.41289
17658.64
17434.08981
17353.05579
17449.75956
17471.47095
17457.28237
17495.73354
17502.35281
17554.48485
17583.48325
17624.63469
17576.03172
17381.74617
17299.91345
17467.12288
17411.2033
17560.88976
17515.55477
17539.46155
17362.42231
17595.21062
17508.1956
17642.54504
17659.41016
17564.73425
17668.262
17623.83231
17792.4985
17686.77837
17758.39154
17501.56949
17535.05506
17589.91786
17573.0142
17673.55218
17579.40972
17533.59478
17659.33851
17608.89315
17664.60146
17685.97479
17465.25158
17546.90575
17670.19097
17618.67674
17614.87778
17651.30791
17777.03116
17823.91238
17760.46195
17518.60709
17583.65886
17751.22381
17633.14699
17548.04343
17577.60536
17807.79327
17700.70122
17765.16279
17560.62305
17801.59749
17497.07153
17588.96086
17540.86562
17598.8255
17745.43774
17500.26433
17783.72166
17692.52619
17478.69088
17636.12408
17835.10253
17600.86953
17575.49642
17737.37982
17759.07109
17835.08739
17679.92694
17606.44887
17885.05095
17875.20004
17749.08689
17866.55798
17662.38104
17832.60339
17620.98166
17785.32114
17613.04222
17722.97994
17646.31765
17901.96552
17702.66029
17774.68168
17698.89588
17714.6182
17943.48194
17691.42696
17684.4943
17748.14919
17622.1018
18010.13831
17753.67663
17839.32472
17739.58654
17929.72214
17931.27205
17843.55116
17845.32734
17837.82703
17871.95364
17945.71501
17922.16978
17888.65621
17789.83584
17913.15253
17880.62094
17963.66077
17740.2369
17881.06793
17850.75072
17898.15347
17739.1825
17790.87836
17763.73385
17908.75331
17916.69976
17940.58971
17748.61141
17942.58698
17950.15933
17682.63886
17857.13699
17675.75423
17956.82567
17784.56161
17909.19149
17865.10939
18023.95202
17876.77546
17847.7355
17778.1801
17879.15455
17897.33387
17924.14064
17928.95787
18019.93513
17847.71324
17853.23902
17794.05141
17989.19403
17880.71174
18007.50175
17782.15717
17839.07999
17727.58907
17887.81721
17901.32089
17864.49952
17718.84583
17854.35313
17855.94113
17875.48039
17936.92957
17928.80028
17828.97938
17697.69842
18147.57669
18041.5044
18108.73233
17798.96424
17908.4896
17862.40861
18028.22414
17937.1143
18001.13176
17922.90763
18088.55311
17962.06836
17817.94165
17845.45948
17803.43789
17861.69385
18043.54555
17840.20724
17887.73738
18069.18804
17921.35204
17883.79665
17974.21601
18065.22615
17964.50226
17888.77976
18069.50262
17933.87283
17980.87607
18057.95649
17883.09495
17884.22701
17886.07742
18141.99881
17968.15503
17902.53485
17824.83633
18013.01251
17925.12957
17992.73568
18067.32251
18115.68815
17966.78255
18083.79431
18326.67094
17935.43601
17866.33967
18061.83526
18058.30434
18041.00206
17985.39869
18056.92168
18048.5776
17906.42404
17911.92609
18097.26868
17936.64172
18152.43308
18094.75445
18061.86621
18004.63982
17821.49684
17966.012
18033.55602
17904.23794
18029.92504
18032.3589
17906.58234
18141.87001
18064.82425
18040.87519
17827.98434
17964.61534
18067.0312
17989.47768
18075.01969
18044.05031
17929.62122
18099.69886
18012.14823
17979.23979
17959.60211
18242.67993
18115.64753
18077.16266
17999.69006
18047.70584
18021.60499
18176.41919
18245.2076
18171.88803
18129.68095
18223.8582
18296.24282
18156.48139
18187.32764
18052.30697
17921.00498
18122.00588
18029.81539
18010.50293
18249.53995
18023.22475
17907.66048
18093.18908
18239.01563
18169.51211
18231.09554
18104.41316
17985.47156
17896.14802
18091.15207
18225.08213
18019.54359
18026.34209
18021.52285
18164.65823
18163.35917
18165.47768
18196.1024
18189.84654
18178.6703
18116.78387
18036.24811
17994.60582
18074.34959
17968.56414
17950.0372
18188.99349
18130.20871
18040.53821
18050.59268
18215.80871
18199.3183
18102.05705
18120.97796
18026.54154
18198.01824
18291.14409
18375.64481
18038.73892
18265.99309
18118.71763
18261.32626
18157.72651
18117.28788
18026.79734
18061.8102
18204.66232
18058.90467
18200.94274
18054.34727
18280.30958
18244.67908
18242.02085
18221.53518
18192.19091
18376.56397
18040.80508
18230.76237
18336.65695
18233.72754
18147.43892
18136.86745
18087.70917
18395.36415
18189.28807
18223.45621
18193.63369
18010.6325
18169.46384
18331.1049
18278.731
18181.94412
18258.90202
18336.33283
18337.92557
18033.55534
18118.31124
18096.02587
18137.31643
18200.14144
18272.74633
18222.79242
18519.86059
18331.04908
18460.66536
18216.72786
18185.76549
18354.04326
18258.02135
18325.71161
18125.57096
18309.52468
18112.62926
18249.57994
18479.60721
18361.19448
18496.16696
18259.07292
18292.71018
18338.01683
18212.97109
18143.87354
18237.322
18444.91132
18415.64073
18325.16178
18332.66988
18154.47788
18312.77621
18388.5859
18375.39172
18085.59733
18238.95163
18285.94502
18448.4219
18270.92123
18237.01087
18275.77065
18368.46121
18221.53587
18202.39973
18202.03024
18198.89837
18250.87867
18316.43453
18066.79525
18363.75525
18192.35533
18415.93979
18263.95699
18064.16238
18338.10207
18101.24979
18246.97289
18386.53827
18211.47088
18469.93893
18200.64903
18277.42862
18329.42866
18422.43232
18237.75523
18351.76749
18311.91316
18424.50238
18413.98247
18411.02691
18222.5216
18253.46047
18483.87096
18379.30612
18282.25361
18314.18237
18466.75176
18355.29511
18516.2385
18193.49712
18406.236
18157.55012
18494.1168
18247.25917
18373.01855
18354.22668
18460.32995
18476.81927
18295.68043
18455.95351
18273.84562
18383.88792
18372.29764
18430.55688
18521.56473
18373.61893
18257.26252
18308.70749
18406.12333
18386.73937
18171.85793
18278.8645
18278.77466
18348.49909
18327.75428
18303.69295
18282.99298
18331.64287
18347.48879
18549.95065
18314.77496
18363.74616
18238.5417
18560.33371
18526.15019
18391.72086
18404.96226
18260.98212
18380.29414
18357.56009
18340.83136
18284.45795
18254.75713
18282.97244
18389.45941
18235.6964
18526.8254
18151.96487
18249.89551
18219.80539
18451.35651
18336.51231
18225.79888
18348.03086
18345.11436
18399.64717
18474.05777
18550.4133
18431.23589
18504.26
18189.22222
18246.18307
18244.73642
18335.8588
18349.83472
18551.79261
18435.05196
18426.64428
18276.08012
18216.90946
18337.26364
18296.56375
18381.98022
18307.58715
18333.8534
18148.42946
18398.21979
18431.17962
18306.90454
18402.658
18389.93949
18345.33858
18373.80165
18382.06727
18543.97997
18368.94274
18475.94375
18462.13047
18391.37106
18513.70146
18576.97347
18353.12666
18456.51434
18230.25556
18401.59921
18516.75493
18415.8049
18372.79573
18637.7701
18541.32744
18543.77863
18545.48651
18478.98372
18423.10912
18548.80972
18587.40055
18412.46327
18513.96542
18359.7543
18561.62367
18576.21729
18537.1418
18553.29472
18523.36471
18658.6444
18523.29551
18653.76909
18553.95337
18376.81155
18252.87348
18681.93834
18346.35644
18410.18676
18417.65016
18431.69353
18459.54758
18574.66437
18845.10862
18456.48231
18532.48997
18530.21951
18462.62153
18322.16359
18415.65533
18514.64288
18691.25701
18627.02407
18305.47471
18456.28327
18305.80032
18503.76881
18482.74734
18355.11076
18348.84855
18599.39544
18617.76767
18734.14884
18671.61926
18514.54039
18651.47281
18438.90727
18544.50784
18454.5909
18397.33068
18470.38047
18577.18764
18497.55326
18473.79794
18674.16214
18694.4713
18509.52421
18550.95949
18651.11377
18715.42645
18714.63792
18383.62248
18651.86632
18538.96699
18346.82304
18718.55996
18613.41419
18553.73451
18556.41759
18571.84413
18688.60181
18585.94998
18487.55499
18640.62629
18653.8671
18712.4687
18715.6517
18728.09599
18519.99098
18762.95216
18419.29636
18513.20436
18379.55407
18478.62614
18640.04356
18647.64565
18517.33338
18626.35872
18611.35913
18512.16915
18591.8261
18485.17365
18660.39755
18628.03583
18556.70489
18558.70362
18553.62562
18848.79879
18523.61119
18644.43052
18375.37886
18593.64895
18536.39422
18505.51727
18445.66839
18540.34594
18415.20578
18559.43542
18663.48208
18492.65315
18678.13947
18532.24722
18566.05347
18205.41031
18520.29615
18717.34605
18545.00797
18306.05451
18366.28978
18617.43889
18657.08811
18615.09093
18591.91593
18659.9492
18544.33181
18373.29285
18451.73299
18639.56204
18725.73911
18634.53814
18627.94351
18662.88207
18695.45395
18530.6827
18388.79023
18522.71905
18609.50977
18699.79204
18610.05911
18504.85847
18591.18838
18496.62417
18590.96431
18677.03074
18670.89402
18527.96153
18490.75685
18627.33833
18506.5832
18450.7415
18636.08776
18469.32015
18466.20747
18663.19442
18571.54392
18670.49756
18658.61833
18731.19943
18489.85293
18352.67627
18471.79805
18604.48784
18628.54219
18724.98513
18515.55868
18588.68559
18409.83019
18662.60252
18706.38451
18566.74893
18561.85701
18745.05504
18679.69034
18493.16369
18767.07978
18619.89544
18459.90297
18624.48365
18740.3804
18695.17557
18672.8549
18698.28617
18612.64305
18581.41869
18668.78338
18564.62129
18754.58888
18494.83179
18632.27729
18550.48003
18638.82073
18724.73547
18444.49674
18522.21942
18538.44539
18665.1251
18612.33028
18581.0161
18706.34114
18606.66767
18578.38313
18536.04527
18496.54681
18671.13877
18739.79956
18829.77271
18841.59773
18494.86635
18624.5548
18816.37873
18779.55298
18496.49587
18527.62535
18834.18823
18528.10573
18683.63493
18869.49451
18708.79774
18799.95789
18851.48314
18704.95347
18547.38994
18632.10229
18477.17858
18789.34057
18858.65787
18821.00857
18795.96691
18709.87126
18585.62118
18815.54865
18852.54389
18876.36131
18643.41156
18692.11433
18611.70388
18769.99517
18732.17807
18906.84949
18773.28032
18776.06337
18837.13673
18720.11201
18752.47006
18686.79611
18800.68314
18767.6982
18840.59799
18679.12249
18751.30573
18765.85379
18716.645
18696.14926
18729.94772
18842.57597
18927.26182
18670.75655
18805.93961
18753.77809
18770.17565
19003.92256
18768.71189
18793.0009
18767.88852
18872.85703
18685.97393
18908.83909
18868.06019
18913.94545
18607.15795
18752.30679
18839.35225
18665.17915
18855.05058
18874.543
19031.26246
18815.5223
18771.23302
18687.82791
18737.37513
18819.33837
18738.78579
18843.2813
18855.87656
18806.31356
18825.32151
18923.34381
18763.96796
18788.87535
18714.47456
18868.16923
18870.45183
18969.08132
18862.62517
18712.80289
18905.58229
18890.81003
19015.08267
18712.98389
18720.05894
18912.87928
18899.69834
18849.87076
18689.46374
18696.49648
18807.39964
18847.10723
18954.06648
18936.85287
18663.78019
18929.24521
18899.2578
18881.6155
18811.81494
18898.0849
18649.63955
18811.69074
19025.63694
18697.86304
18857.59789
18851.9768
18803.04944
19002.71122
18883.61242
18981.33467
18730.05453
18794.67705
19110.0962
18900.28858
18783.28393
18898.14175
18774.48629
18885.85756
18952.16206
19025.73798
18842.02107
18601.42509
18909.58233
19002.34747
18759.80316
18718.24501
18736.59618
18764.8948
18893.76836
18749.34162
18971.83973
18894.39225
18966.63073
18896.52872
18919.04799
18826.7334
18746.70444
18798.23602
18988.19405
18691.45692
18880.20958
18771.59204
18825.09695
18798.76365
18771.18687
19067.00566
18857.71012
18886.47675
18762.32085
18728.49817
18859.14717
19175.65972
19011.3302
18982.80609
18879.60543
19017.17447
18840.30927
18930.12288
18900.61775
18988.91108
18940.80684
18841.50385
18755.62027
18765.5504
19080.00843
19109.57053
18949.50216
18811.54127
18951.83014
19044.71987
18884.72453
18768.90625
18884.16299
18800.88818
18881.25148
19019.30762
18823.50629
18941.4634
18979.38292
18924.78264
19206.9862
18954.56403
19229.19665
18963.57025
18816.31723
19063.18531
18990.98225
19034.75134
18910.83169
18939.54649
19021.31709
19000.9722
18962.7717
18934.61365
19038.51887
19145.27828
18907.66195
18873.88808
18875.43818
18958.94321
19255.49305
18959.37821
18804.92828
18923.5743
19283.4755
19120.22833
18913.82677
18920.71005
19025.74963
18936.65239
18964.78525
18863.94553
19040.53367
19061.04483
19000.57578
19113.78113
18932.19822
19038.88622
18887.11409
18972.20601
18994.11525
18788.94277
19087.87655
18983.42306
19196.72526
19020.76261
18915.3624
18986.10751
19041.41076
18955.67414
19113.01541
19025.95552
19074.66539
18867.71954
19015.97563
19105.26074
19056.53716
18871.27559
18997.24737
19037.21479
19126.29443
19008.7074
19116.81346
19090.58105
19063.5091
19026.55051
19080.66885
19078.45758
18962.73764
19182.81565
19163.37647
19116.67157
19025.80371
19014.82544
19037.03803
19009.38076
18851.05086
19074.44711
19081.08285
18964.34684
18931.52249
19279.96818
19038.75649
19136.32824
19190.97366
19117.93543
19046.31277
19127.94496
18973.202
18987.46719
19183.98753
19083.5655
19143.75792
19099.80886
19309.87811
19133.83228
19036.39245
18992.86614
19423.3564
18857.25763
19255.70102
19116.70092
19131.30859
19122.061
18950.25679
19166.89374
19142.48682
19102.7662
19055.88768
19005.06456
19094.9804
18983.1614
19235.7042
19216.162
19170.45691
19249.76922
19166.04621
18898.01628
19051.26987
19113.63274
19168.12232
19022.01111
19193.64475
19227.06861
19153.55634
19145.41203
19197.30407
19090.60665
19274.87363
19111.22515
19035.1311
19256.07717
19258.28729
19061.94012
18948.48679
19308.03918
19048.12675
19112.97472
19097.82814
19100.07974
19248.44578
19277.45871
19400.42244
19224.4818
19014.85283
19187.29052
19206.10308
19328.73832
19218.93492
19052.99533
19164.81656
19161.68815
19171.06663
19350.40593
19173.2557
19266.48019
19209.63844
19262.02923
19489.50053
19114.45279
19260.50675
19370.02123
19159.10668
19308.38728
19382.36056
19308.18484
19227.73752
19462.12273
19270.91617
19215.37064
19179.81128
19322.83654
19262.28213
19273.26418
19307.49432
19249.06021
18988.4973
19259.42055
19297.43989
19455.78785
19529.50242
19254.13554
19338.66624
19215.46191
19168.5856
19256.47875
19282.58857
19259.93483
19338.86633
19212.78712
19023.93655
19131.72937
19300.18958
19299.49991
19222.51379
19289.55749
19180.40446
19119.39381
19175.87977
19392.80648
19131.39439
19497.39072
19287.63674
19457.26895
19296.44229
19150.33526
19498.12522
19290.46747
19282.55715
19100.39053
19531.73623
19307.19715
19103.46203
19219.05069
19346.53812
19331.64284
19372.62845
19296.38414
19440.01833
19529.68649
19260.16397
19320.38496
19305.71606
19261.64372
19264.33345
19363.37144
19275.00161
19217.9509
19138.34858
19233.01549
19351.61539
19170.24111
19415.19559
19310.11369
19428.64629
19346.45511
19275.66129
19481.6622
19270.26736
19273.42121
19331.60122
19141.34211
18999.32184
19437.79353
19170.18152
19293.18342
19486.02349
19509.94139
19345.72444
19223.53677
19229.01852
19485.61316
19618.41321
19454.52748
19397.89855
19419.0772
19315.14364
19325.28299
19264.9071
19409.83577
19409.79682
19106.64812
19536.3091
19373.91875
19296.47869
19564.19639
19369.04111
19530.9342
19457.29625
19415.47946
19193.96779
19483.08297
19425.47639
19253.48554
19429.26194
19519.16266
19309.10502
19111.02627
19675.73035
19518.14965
19465.99906
19357.5409
19512.13372
19372.02929
19107.46326
19466.41099
19330.46637
19359.54002
19367.16195
19588.79898
19438.51986
19448.94173
19383.50199
19494.73344
19545.14947
19471.59273
19535.38622
19293.57807
19369.93637
19332.76759
19523.39476
19320.72091
19576.7237
19261.12973
19354.32593
19491.19597
19473.19612
19415.20002
19374.25925
19416.83167
19436.0779
19274.2236
19274.03826
19502.6303
19673.27541
19482.38406
19372.62775
19357.61592
19412.43531
19424.04092
19242.19728
19601.71844
19605.17854
19517.10217
19509.5221
19419.01788
19636.26085
19576.92945
19640.68384
19644.66866
19612.32038
19367.39214
19573.82267
19401.35576
19522.64176
19474.97664
19688.52584
19516.41618
19726.86954
19448.533
19697.06827
19572.4204
19375.42515
19562.45557
19667.69059
19569.73217
19539.58737
19508.76353
19427.50865
19596.13052
19581.98551
19627.60847
19623.34593
19334.79479
19476.56474
19566.46199
19293.06999
19395.75957
19563.47904
19621.7335
19621.70817
19587.16216
19719.61335
19540.36976
19693.64928
19427.43264
19612.65963
19632.19723
19649.83434
19541.3649
19418.58295
19795.9674
19626.25029
19770.94049
19622.87805
19648.77924
19612.24535
19645.77003
19594.29559
19520.54366
19454.11652
19653.47505
19674.35276
19806.25194
19538.5747
19449.0463
19775.02974
19744.68382
19711.66046
19577.85068
19664.39548
19523.10132
19764.4542
19578.593
19522.25181
19621.02398
19722.60632
19677.80726
19904.25024
19753.55363
19619.43967
19781.51734
19769.28153
19877.34446
19724.96779
19897.02595
19732.64119
19638.1591
19549.01121
19490.04719
19606.52212
19511.35789
19541.94727
19629.40525
19714.35569
19881.29679
19799.83166
19663.88996
19702.0569
19645.49799
19457.25922
19604.77514
19803.70895
19957.16238
19961.34289
19640.89211
19616.17687
19954.04151
19530.5085
19649.1402
19836.3065
19696.08329
19667.44049
19760.01784
19622.12044
19552.05659
19628.21224
19888.75274
19688.47556
19738.30589
19904.06306
19712.90215
19631.86229
19843.17276
19932.84605
19632.94567
19965.387
19906.31128
19779.09883
19921.55073
19917.56053
19887.49351
19677.34896
20001.99207
19697.68746
19943.83285
20011.67109
19714.17322
19843.8547
19982.73209
19736.80417
19751.33924
19957.31925
19844.99518
19882.21156
19812.38331
19824.11403
20023.06818
19704.85298
19806.58362
19767.94531
19753.27187
19851.00917
19779.574
19943.71281
19802.24562
19708.32924
19867.72283
19942.23949
19878.45719
19855.03688
19792.31977
20011.27587
19569.55041
19953.74927
19773.06278
19894.68166
19832.03739
19934.90651
19962.69488
20141.25934
20015.87783
19930.22659
20001.4989
20104.15107
19822.23908
20137.46018
20010.79168
19993.0814
20145.84097
20061.72949
19778.67218
19982.8551
19807.86123
19847.97385
20045.97836
19833.79188
20020.3562
19927.77012
20215.9297
19852.76452
19920.70008
19972.93797
19916.69038
20029.70057
19840.32256
19883.98353
19877.89936
19865.40051
20049.05518
20017.42429
19999.69141
20072.32775
20065.56915
20087.28183
20057.72231
20021.49092
20094.61915
19974.69868
20031.88564
20075.91058
20075.79943
20022.94017
19652.4668
20119.33987
19783.89747
20054.98299
19999.48145
19900.73544
20092.62625
20312.9933
20154.77705
20104.80883
19997.33734
20101.41026
19907.15905
20090.64708
20085.7502
19939.41676
20075.75353
20145.27602
19960.49959
19996.8134
20158.29739
20135.89749
20088.37013
20335.6132
20171.16913
20169.05871
20073.49691
20138.60121
19963.40384
20014.51025
19980.02099
19986.52377
20105.33442
20062.49911
20141.58583
20190.72532
20084.56072
20423.97936
20063.61559
20093.88148
20216.58748
20216.86403
20334.73553
19888.80804
20176.35265
20284.1537
20166.13444
20150.97296
20041.80761
20372.07676
20077.66886
20078.32445
20082.3067
20015.13454
20273.99833
20634.90217
20166.26062
20169.68122
20041.46261
20114.98947
20181.98534
20249.48838
20125.59984
20116.73557
20180.28097
20258.37257
20309.85526
20388.07467
20103.65155
20014.2345
20080.0403
20077.85556
20105.29778
20132.08691
20064.44463
20461.50228
20285.8031
20175.34138
20170.00823
20048.46914
20110.38074
20348.99821
20492.75559
20274.17014
20395.73298
20288.68707
20067.6987
20343.721
20158.18177
20434.28099
20291.98073
20168.0146
20129.47609
20281.53071
20267.17627
20241.28231
20503.60856
20298.47915
20369.05928
20545.23014
20268.47023
20265.2554
20196.00624
20184.44387
20349.78206
20344.8856
20362.59662
20339.01929
20305.74437
20189.61933
20389.14325
20349.34808
20333.4818
20469.10611
20315.45135
20554.60641
20051.59464
20275.34865
20327.55884
20389.5005
20149.81567
20566.65875
20423.4605
20213.67155
20462.90301
20266.35833
20735.18081
20571.96723
20622.26894
20432.0184
20579.74559
20309.57353
20283.26037
20366.75891
20394.62908
20360.14044
20549.61432
20294.83779
20494.92799
20568.35699
20585.9944
20583.49397
20639.14956
20845.1802
20512.39876
20610.19489
20497.03374
20496.35953
20492.15636
20498.66906
20442.24713
20463.85163
20700.74257
20488.57827
20539.77437
20691.69019
20524.17975
20559.99219
20575.74103
20622.59272
20543.77484
20810.29641
20527.02936
20353.61984
20517.95158
20602.86476
20511.89994
20592.23764
20530.75563
20559.25538
20666.89073
20628.48487
20593.488
20567.00281
20532.98689
20671.06945
20711.05574
20776.07332
20440.04475
20369.14856
20506.97862
20706.24161
20650.43386
20556.51518
20502.56339
20818.63958
20850.88583
20602.67774
20579.1075
20556.0152
20863.85401
20680.13104
20575.2836
20482.78652
20633.46005
20772.45108
20822.85629
20597.52194
20707.45235
20785.34297
20603.11394
20598.68294
20797.37686
20609.83832
20898.8516
20719.51435
20695.95625
20517.1812
20766.42976
20860.36018
20679.63879
20694.36527
20885.90256
20761.46264
20582.9002
20847.0093
20592.54874
20820.84756
20835.50718
20677.02048
20682.23131
20695.99858
21110.6196
20890.51208
20771.4704
21104.16411
20852.75311
20803.93136
20833.85076
21016.29512
21032.14505
20755.21026
20801.2037
20791.36949
20758.64499
20914.10416
21016.76202
20970.53199
20909.88921
20828.19141
21030.91366
20877.23532
20986.40656
20864.66908
21018.02386
20861.6242
21007.2824
21011.91018
21031.90257
20742.58384
20951.03634
21033.0653
20869.25421
20988.23503
20937.50217
20975.9653
21193.64956
20918.40208
20998.94455
21256.01827
20796.85481
20985.80929
21060.97019
20986.79735
21052.33731
21011.57631
20935.90019
21056.07063
21256.90104
21092.75214
20987.51078
20863.06124
21193.15178
21131.79757
21082.40205
21032.02572
21000.30538
21062.31969
21258.20628
20893.58931
21172.66332
21051.77619
21047.85471
21055.33816
21094.8323
21003.42887
21040.46121
21084.54903
21103.30338
21229.42563
21326.20515
21216.62308
21138.29753
21249.09275
21258.06571
21124.20216
21029.8481
21058.64171
21162.70227
21272.89717
21181.25938
21091.13653
21286.99219
21335.83721
21249.26884
21244.07911
21398.34399
21189.74208
21185.92473
21077.57787
21445.23258
21200.79574
21310.3216
21385.12796
21128.60481
21188.45885
21434.47854
21116.62329
21413.72512
21391.89713
21389.57276
21502.94529
21001.78909
21149.15477
21219.42257
21188.72301
21271.63819
21213.62919
21127.52793
21369.89597
21213.48712
21452.7085
21376.63596
21225.254
21310.86208
21425.29998
21078.10384
20936.39167
21419.28903
21253.42904
21484.04468
21537.38275
21229.48705
21453.89859
21607.22941
21324.66751
21386.89858
21514.76214
21434.08323
21260.58383
21562.77419
21481.41472
21540.20167
21320.93167
21594.55603
21601.20241
21437.79727
21613.79309
21299.36147
21461.61344
21359.8409
21388.06959
21422.6974
21454.03861
21417.42762
21670.2551
21832.35285
21474.37124
21263.14457
21151.60129
21777.77684
21645.43229
21527.20851
21581.61261
21444.1183
21464.6116
21451.65806
21607.2433
21375.03646
21605.97336
21479.52286
21941.78076
21775.84157
21513.34253
21632.39052
21596.03598
21547.52947
21500.79597
21660.87392
21783.49988
21812.0587
21835.28196
21735.04283
21741.91913
21766.57415
21691.11407
21511.65049
21903.52065
21805.46194
21867.47023
22020.49886
21719.20544
21775.10716
21867.39947
21753.71914
21786.59725
21725.04218
21544.26796
21895.10488
21919.43072
21909.86224
22068.2448
21838.47293
21795.37165
21943.41345
21842.51923
22062.85993
21933.35021
22045.90745
21616.53415
21911.54877
21723.603
21811.95514
22001.91696
21836.72214
21963.49745
21947.79249
21946.55007
21995.07795
21991.31134
21893.42321
22000.2405
21878.74467
21992.38737
21913.48699
22068.42797
22189.16807
21942.23698
22108.03813
22143.48707
21843.83404
22003.67596
21953.35962
21879.20604
22215.12842
22020.8161
21981.42741
22066.8056
22151.49182
22009.33376
22110.6952
22102.60904
21956.60328
21911.15801
22121.95028
22251.74662
22203.21356
22155.66521
22185.88207
22217.7617
22103.81879
22259.03206
22093.43266
22335.71369
21972.49295
22213.50968
22244.4657
22165.84961
22542.78807
22397.9483
22371.44493
22081.34411
22054.38678
22596.59649
22342.16267
22272.85959
22564.43148
22457.0612
22344.95894
22392.43854
22467.62683
22313.67251
22394.54267
22411.48764
22192.41166
22204.10841
22490.76982
22474.48705
22323.57574
22752.63414
22173.15938
22543.28974
22490.84825
22518.69641
22396.41556
22594.30655
22429.93395
22609.94654
22499.32036
22612.68659
22682.39173
22424.65526
22613.58882
22361.43695
22489.00594
22468.7213
22394.9301
22688.01197
22495.90048
22430.14208
22637.86346
22360.28005
22571.3113
22510.75077
22374.9012
22412.7249
22953.9345
22603.3054
22726.77761
22667.49926
22456.52428
22803.8803
22480.33165
22632.16218
22826.26393
22721.08149
22727.08229
22672.37821
22724.60558
22476.13293
22879.36919
22889.50347
22973.18855
22818.01473
22589.74953
22832.0295
22763.00072
22707.87904
22792.29339
22621.61803
22592.75653
22870.38108
23098.06979
22959.38357
22945.52911
23040.6689
22892.60382
22823.9274
22952.04703
22934.95154
22950.57721
22849.67452
23139.58385
23301.76474
23035.51886
22802.4045
22765.48833
23044.86637
22963.67189
23008.13166
23055.89892
22910.46212
23017.77199
23125.40304
23355.50038
23106.96241
23265.51107
23065.13889
23120.6712
23027.22484
23222.5863
23145.61713
23037.32429
23252.98628
22871.83878
23287.23133
23193.31895
23590.71518
23120.57087
22922.18028
23158.01267
23236.48725
23609.29805
23337.32091
23197.29711
23269.98741
23148.55058
23139.51555
23324.30651
23477.77749
23439.08834
23476.36061
23244.39103
23461.75365
23358.5084
23399.56684
23347.11081
23474.38902
23623.56098
23489.78784
23284.46776
23391.93402
23422.56327
23451.90009
23691.58323
23462.01708
23659.40615
23607.67367
23523.34203
23696.56335
23311.28106
23117.12302
23669.28353
23791.92584
23522.85513
23702.11611
23668.768
23352.27186
23663.2852
23910.34552
23755.35913
23595.72987
23743.22358
23876.30395
23685.52125
23767.51897
23839.68149
23719.63252
23767.73324
23856.57601
24076.25541
23833.15845
23935.12785
23737.85717
23687.59844
24049.86953
23952.60539
24054.29545
23829.49374
23953.76332
23752.67844
23847.52865
24116.11524
23778.67976
24283.60214
24226.33092
23867.00433
24063.57668
23944.89682
23949.14365
23950.06608
24103.05028
24260.41306
24155.04954
24140.79967
24196.9302
24077.91492
24295.0034
24268.48658
24368.33489
24097.25346
24237.81191
24534.19783
24229.23181
24672.52223
24521.24349
24037.06575
24268.37576
24181.98835
24105.53094
24523.22648
24416.65806
24173.52375
24198.13598
24319.72933
24593.24555
24481.49014
24716.38986
24362.05766
24486.10575
24316.48314
24390.97204
24608.38643
24894.78059
24678.62734
24650.73625
24612.42244
24497.36557
24508.1281
24631.06989
24629.5198
24526.10844
24726.40636
24387.70797
24719.67888
24880.02625
24637.10437
24851.83374
24736.97953
24946.00588
24884.03533
24592.87447
24615.88998
24870.46308
24995.41374
24941.58099
24973.00783
24993.63442
24936.94355
24772.30888
24709.06793
25046.7015
25014.08315
25071.6979
24921.49197
24910.70371
25156.15977
24721.35919
24816.57486
24973.22469
25112.86043
25122.26429
25492.91187
24972.77985
25007.87476
25264.40762
25079.3063
25048.07728
25122.16167
25338.28061
25401.45697
25319.91339
25281.11202
25341.35035
25429.6177
25671.06501
25120.93008
25236.46469
25628.93338
25293.68816
25554.32919
25621.13376
25268.64256
25610.30467
25585.80366
25735.74805
25413.15478
25510.82476
25518.93604
25482.97729
25545.30542
25788.21929
25760.10464
25857.39577
25701.76106
25662.40958
25430.62143
25889.81846
26012.62507
25715.3249
25618.13166
25997.10083
25607.07672
25628.4523
25827.27473
26127.09253
26169.38584
25980.42008
26077.86326
25932.31577
26185.30272
26057.98945
26154.03676
26097.11108
25911.32149
26091.7865
25926.621
26143.64214
26412.71155
26396.78643
26410.14393
26400.49427
26363.87572
26426.66155
26333.91845
26285.73674
26413.09322
26209.96021
26521.44139
26157.51327
26863.23923
26504.37197
26449.27101
26303.51474
26647.66225
26671.22182
26648.80175
26417.77929
26636.74747
26785.19335
26814.84988
26658.01465
26622.61558
26708.87323
26788.16887
26676.1473
27138.0431
27108.05155
27121.55282
27022.96988
27065.52047
27075.45002
27146.13543
27346.49257
27105.64145
27411.3078
27387.65932
27034.5525
27075.96201
26973.94586
27290.62467
27254.60563
27209.73773
27008.50506
27044.40444
27447.70018
27690.99686
27261.42675
27088.22607
27631.85838
27229.69983
27416.21163
27427.4521
27847.24822
27542.30359
27579.97927
27855.14565
27664.79212
27659.22204
27730.71363
27676.68214
28036.11337
27708.15855
27641.5916
27761.00038
28120.74001
28003.71622
27674.21873
27855.08728
27849.54956
28089.60669
28013.54145
28276.61361
28290.0654
27971.06313
28191.11212
28304.79593
28188.5404
28139.43408
28248.5161
28675.90186
28469.19478
28354.3786
28621.7144
28839.47659
28604.82344
28758.7333
28710.1799
28412.30741
28930.22619
28632.65248
29198.31699
28593.69834
28938.63068
28464.21249
28794.37979
28796.883
28843.79448
29106.72836
29038.63834
28952.78981
29200.72993
29176.42575
29212.16732
29401.58286
29134.18202
29399.07744
28971.78921
29270.16161
29361.47628
29634.55751
29872.20394
29510.87444
29650.67957
29314.40699
29683.37422
29294.37796
29581.54115
29938.57762
29592.21414
29677.48153
30002.62969
30046.60789
30096.2559
30035.60691
29843.82118
29755.44126
30256.75972
30003.74018
30099.55237
30220.80222
30346.56443
30312.24571
30351.4483
30120.76594
30529.57778
30803.03916
30419.82221
30316.66662
30848.54274
30749.33835
31173.53164
30717.96697
30587.22402
30475.26448
31180.56937
30907.02742
31277.71336
31198.3722
31189.04766
31131.79706
30810.72293
31306.29264
31056.03027
31183.99479
31752.70932
31404.94231
31568.86071
31824.06249
31833.91208
31550.69927
31723.82835
31484.81632
31970.7209
31897.99135
31706.21579
31729.37267
32289.78678
32036.92275
32225.87057
32553.67651
32167.74299
32162.33934
32611.67403
32493.17307
32679.1737
32408.97443
32445.37037
32448.43913
32874.46138
33041.5162
32850.69797
32830.00047
33157.67951
32975.83216
33200.81471
33044.17341
32956.11701
33404.81215
33000.36046
33627.46231
33796.68063
33485.25673
33600.73371
33750.59933
33731.19613
33612.41353
34208.12941
34299.36164
34155.29504
34297.74393
34005.58285
34490.82757
34431.04541
34634.39983
34611.99064
34469.40312
34721.823
34866.40414
34432.50041
35004.15703
35244.47525
35175.68166
35159.38817
35457.62967
35153.1996
35779.84879
35580.44609
35730.54144
35764.09749
36173.81528
35964.91206
35776.24729
36197.40487
36038.64114
36201.6564
36607.37658
36493.46605
36200.18306
36711.86388
36945.03205
37317.89306
37096.73367
37193.58404
37161.81504
37361.02995
37507.52263
37384.55846
37545.77281
38215.39117
37723.66417
37663.72122
38091.68548
38179.94222
37916.97021
38347.16923
38888.57121
39002.60438
38976.64801
38658.78166
39184.16637
39274.82562
39351.91167
39827.52365
39537.90512
39608.98663
40542.06676
39859.7653
40011.31783
40094.36618
40562.82234
40395.25704
40939.11184
41001.98336
41318.92374
41159.49983
41775.38534
41591.89522
41305.38869
41965.8243
41919.07752
42312.21131
42456.79197
42730.1339
43176.27006
43309.2474
43099.82829
43339.08832
43400.82841
44257.38645
43840.28824
44213.40411
44753.33185
44964.6969
44343.13123
45263.25252
45615.19259
45456.51201
45637.38476
45793.21362
46462.9864
46340.69957
46667.73302
47205.60097
47260.32247
47273.10783
47524.99447
47663.76814
48881.53299
48077.55016
48630.82543
48901.90179
48527.22055
49500.08273
49494.46234
50403.81875
50318.73822
50743.22066
51016.19851
51260.01657
51564.37666
51949.56692
52358.03573
52629.13117
52752.3066
52864.40481
52889.43249
53348.8085
54024.89091
54360.60746
53981.90055
54426.11242
54954.66048
54576.25076
55558.71563
56226.37168
56067.34866
55900.06703
56588.94599
57214.57455
57806.95912
57382.9935
56891.64252
57276.72193
58048.37504
58452.87695
58693.8182
59029.43605
58187.93966
59372.64246
59450.5888
59216.15824
59338.58884
59611.30276
59774.50819
59077.59776
59663.95656
59448.56878
59266.09429
59690.32977
59916.29677
59785.65831
59635.74218
60015.15254
59278.27034
59311.51365
58925.1897
59391.70638
59293.94934
58791.3724
58505.78382
58231.00643
57739.33059
58022.7737
57864.88333
57102.28785
56428.76828
56480.2818
56200.96067
55671.75203
55044.24112
55242.33394
54633.72974
53437.81303
53019.3898
52540.81975
51933.13289
51321.71357
50919.85379
50227.53691
49457.17407
49046.5706
48307.14108
47609.89608
46783.49449
45978.28963
45181.32937
44528.27543
43397.44081
43088.79171
41872.46975
41341.82309
40393.78042
39377.69594
38545.75839
37712.41887
36932.73948
35715.79834
35399.61913
34089.94104
33578.20344
33044.8793
31709.47995
31184.00619
29385.57132
28922.77093
28345.54048
27358.91566
26812.39514
25559.89616
25176.99197
24251.27296
23421.41895
22610.49173
21860.40395
21174.25426
20307.45413
19616.74797
18647.22978
18074.52506
17220.71575
16569.35536
15987.41747
15254.04725
14755.29017
13898.20449
13302.24473
12648.66491
12140.60615
11848.97711
11037.71309
10579.53665
10158.65861
9544.996237
9000.311377
8645.864011
8086.997176
7909.156043
7461.736206
7015.219064
6669.96311
6302.249954
6006.929699
5636.695941
5305.082423
4896.819962
4822.257934
4326.862766
4005.525902
3992.476282
3538.725242
3445.155885
3192.248022
2892.476879
2782.506404
2534.0805
2466.396042
2148.667392
2016.684625
1886.54544
1818.992573
1699.474744
1596.614033
1363.142851
1396.677601
1210.310855
1203.321309
996.6840329
1060.028896
908.15656
868.107579
824.594759
759.0362835
716.3398234
659.2295211
571.7653131
585.5835866
527.5565306
483.8984856
456.8946228
453.6730575
396.8912106
408.4792349
402.381282
334.3797745
297.1347186
288.4591082
258.3763879
265.7568233
223.3282414
209.2605545
205.4812778
203.0480187
202.4118267
156.4614209
154.5574938
170.7251075
141.7482917
148.4410491
113.8680255
112.0288839
113.0610041
110.9573533
87.79608342
85.61301747
96.91400815
88.25421648
96.02394152
104.5866111
101.6452458
64.81248431
63.4848415
102.4553874
87.36500082
80.5489697
73.80019988
76.75952513
73.11287899
50.36830542
61.44097113
66.27335456
53.7233815
72.68415557
63.92438253
67.90634925
48.27067576
71.43609099
57.66509816
69.54438972
59.93632423
64.15510342
64.54438391
77.39115815
86.63908164
68.20065327
73.34162447
75.38332375
60.64313849
70.34851312
65.75783725
63.12090038
81.82493299
79.88922568
77.16650037
68.84402586
65.77004692
62.60646112
76.72293057
65.71952622
75.28565773
75.905741
70.23277628
90.03258842
66.96556467
73.88284293
76.25129097
67.93419361
76.27541124
63.01105306
87.98228934
70.8754997
103.217946
71.79352624
42.64655009
63.19406305
54.3466535
81.85328386
45.68633187
64.56383301
60.14459387
100.5544916
89.04097663
39.6499536
78.0071079
65.55294929
73.37962502
71.26144416
56.00897843
68.7669822
69.27763316
68.88588818
58.12446104
59.12077638
63.19926656
53.38636569
74.1232632
77.78803574
57.88639553
56.02885937
56.16656392
56.00353729
97.87185383
70.74425057
61.14371771
59.16968527
63.4279593
68.98503852
60.94025206
59.18437624
56.9773136
65.06079511
58.37123046
73.9205027
69.76300003
58.85215958
64.68202513
51.98759599
64.0954913
51.35403258
56.02060978
41.00984134
73.78337672
83.6393458
46.95995202
56.33682616
53.67685085
65.81591175
55.21666885
69.70318377
60.38767071
73.89755971
63.74042203
39.57364368
73.71232129
50.83266702
76.43453346
72.49014936
67.07742536
63.70112907
77.95753256
62.73209776
84.21722205
63.83483172
76.89080841
63.42269038
55.56202969
49.70192151
70.14425237
49.17928579
69.42705967
67.16336125
69.92558339
47.59012864
52.34177425
48.58168354
79.51908039
81.12277783
63.57631457
71.05868997
85.07047381
79.98536787
59.77428781
56.8258982
55.56360249
64.86192155
50.59111771
60.35820644
74.53752262
62.63656
65.99363651
56.78544349
57.11181902
69.27029897
56.91738105
56.46962032
61.30977085
65.49221182
68.64602972
75.39388757
83.12470512
65.97565817
61.17880206
62.45713381
71.02610469
50.37455641
55.69637357
61.91448919
65.12065413
37.36763246
30.79630699
56.93649824
42.59999669
47.99428633
46.15354535
44.08659059
51.11750055
37.14161295
39.86056838
63.75597308
41.36298338
49.5406961
39.5632331
58.14671435
79.26451327
64.82022143
54.10177225
61.1050605
42.72709737
56.3020585
56.72804381
59.08562919
59.73840437
53.49336789
50.73810993
49.92701061
55.55698762
58.02815189
40.84713587
48.51503404
53.63801493
52.14816946
59.70597331
54.57170726
48.27440528
59.48201001
41.25103485
59.28042406
44.70747479
65.08086979
61.11138065
58.24613361
33.41586165
61.4526121
55.38822312
40.97357758
51.18843189
36.06667869
33.73411114
53.03140986
55.15010619
48.23685823
51.25596825
55.65970598
56.11729557
51.11866827
57.76444432
56.02885233
51.24167574
57.69440072
44.16450181
40.76356515
36.64064047
45.72869889
49.72873056
47.11985671
52.95133223
80.17576669
55.23162297
57.77514681
59.61433248
41.80967783
50.85562061
44.52450307
45.77245299
53.81675684
42.70027936
59.68829249
59.89081559
57.17227041
55.17239255
35.38260578
61.95023988
51.75463159
43.36476584
66.68171408
35.58534454
55.58026041
38.31184642
50.96360909
54.95982025
46.40102932
53.45191951
49.9349697
58.44727847
47.34435177
59.58620365
55.14943988
57.62218896
42.00438671
51.82309544
33.86149797
48.20626365
40.89949089
55.40128316
32.27084495
39.44374551
49.60802615
57.59682915
55.75980892
34.8896879
36.73068077
38.2796266
42.75952639
39.7995447
45.66028377
41.88268136
29.45693992
30.58304699
50.10211827
47.08662004
48.62593571
51.00030543
36.17145898
40.02932999
43.8212713
66.07191998
54.71417823
73.84010809
48.38694432
58.10377613
59.7543254
60.4003189
76.4610439
48.0256628
66.63240465
69.09573269
52.67458772
67.78359234
37.24040975
30.00295171
33.70062499
50.58873731
44.82841954
37.61879039
28.05439161
51.59017829
52.69710533
47.10897308
42.02672862
33.34714466
49.61632001
26.49242705
39.10627167
43.71707768
51.98926462
35.56958327
42.06178409
41.33340134
38.43529103
41.32198341
52.79746821
44.92573789
39.33693817
60.22944564
35.0751856
40.39894091
46.99650382
47.1874161
53.55654537
54.32599873
29.51062618
36.40115442
45.00580565
39.1752626
42.5392752
40.05919725
43.07702638
26.13816023
40.49347046
53.65473999
34.04365915
41.39072394
45.62639514
48.3616954
35.62616007
36.29230767
48.48182059
47.55378348
41.63454084
47.7790035
50.36845024
42.75594507
37.49795255
44.42502744
46.88044742
38.88754107
54.24503362
41.25033991
44.39278072
59.90673641
44.85950014
41.09411371
56.00449295
37.21652673
56.12421295
43.37440238
44.59758899
48.78397469
33.9397471
58.53639547
38.66331024
48.32515022
36.17658558
44.50832054
33.15597548
41.13635942
69.29390038
57.99235894
31.78051111
47.6700157
35.49140089
25.88900243
31.48661904
25.60881445
27.47364256
35.98996744
44.64338723
47.89544015
50.98190124
39.0497971
49.821809
34.85009656
39.27858126
53.80313633
37.88131429
37.72062348
44.87468404
41.13789436
37.76001611
51.03925383
31.09523353
27.01958314
49.98558224
48.41691746
37.64146651
66.22683945
54.34852409
52.40257128
34.16765253
27.47547994
35.85429366
47.46044522
39.34544652
32.37285382
32.0087335
36.2390071
47.82140881
25.75811973
47.64629598
38.84889951
40.17095592
35.06599834
27.04700433
49.00926013
57.3225253
44.4752408
45.1365459
37.82983426
36.53853771
48.68264899
43.18490065
41.65789246
26.28348069
25.56567588
36.76429504
40.40802388
34.58021143
42.6574622
33.85439596
30.63942046
32.98444944
42.02193041
28.12345571
34.12707684
35.00659904
26.05493377
20.25295939
33.88309493
38.34791823
47.24031751
34.62231702
25.50379002
29.49820761
39.60389357
36.40867777
30.02986872
44.00892519
45.45589609
34.42286739
35.60377827
30.62460215
44.7260634
39.42153915
39.67006534
44.82554845
31.93733756
48.1874416
37.77534267
53.87792081
44.75429706
44.59279149
35.22429578
44.88286063
51.1878444
42.01185275
43.13876995
34.47680764
38.67394779
57.48637933
42.89158908
47.68413034
36.55301349
44.60739102
40.32191562
44.81160483
30.11304212
30.14556249
28.507627
39.64669305
35.86185994
30.190197
43.3731586
36.72495023
33.59834443
36.60852847
36.08424289
40.64453179
39.34280449
38.53498238
40.85294309
14.77036911
35.46809967
33.94304905
25.00629812
45.7463389
35.29023496
73.28809467
39.36389968
40.26092173
20.27704794
31.52279214
44.83481877
28.01408249
38.99987669
34.72805614
42.01582581
43.8716136
52.43373275
22.8835731
41.1038895
56.16849034
36.57391282
39.1539332
60.29995538
47.36868358
58.24644769
24.22106466
37.65106572
30.68791247
34.87876312
40.51874201
39.29058375
31.51699296
42.95302217
27.64033164
33.32009443
48.44980829
54.91868096
34.04316978
48.36470434
42.3978548
39.67679354
25.33135165
29.55363555
16.86905519
29.74202783
27.41777004
24.02866846
31.33579967
16.1355093
38.80349042
30.12510574
27.39095199
17.69649563
27.52827448
26.36207506
19.54884589
33.60959578
39.18882594
47.04407625
23.08315006
22.58178335
21.61949283
22.84744993
15.42320579
37.48685297
26.68036965
27.72591138
31.71389758
21.62298326
33.94396867
24.46535732
31.30384274
35.2302834
23.44677073
29.86377033
39.34302578
28.6877954
39.58343413
32.1213777
36.92538341
35.33321834
21.48614013
23.58375392
40.6444303
31.83126485
29.54160384
44.7844075
50.51507806
34.32253121
39.49326787
43.67574217
45.50361361
56.45278197
46.96944821
50.97808467
52.75398258
43.25683202
26.3690364
32.5209129
29.40454097
19.19966444
24.77315593
30.14803316
35.99048118
25.32709908
33.95386233
39.63090106
19.48065442
32.5796119
19.62118511
23.36173721
26.41976112
20.90600648
29.8921393
49.97434732
39.02586542
49.51365321
38.44901778
33.06345358
39.82839632
42.41579734
45.64322034
32.46852299
33.23233992
26.66162391
36.66947439
40.70577471
37.02367752
36.32903861
26.14394521
31.25147151
41.70423511
40.33099168
26.67182406
16.9813598
34.67436598
32.9164462
23.36545172
34.65182859
22.65707581
27.76598959
26.4871244
25.35476084
21.94683542
39.20404643
27.58648156
22.61516233
23.65311438
33.48570032
24.75694654
30.78567349
31.76758134
43.25123896
35.17657293
58.05183428
40.79602534
23.86582571
44.14877629
23.14095042
19.86221963
34.37882189
26.63629749
50.25731467
28.11328197
29.0081008
18.06872663
28.85421465
31.29334552
25.59860652
30.27830161
32.70196127
25.27699278
31.2663034
28.88903153
29.19423837
24.07670137
25.84616331
33.49640713
26.43612768
30.78237205
35.08545498
19.77593787
31.07062429
24.68478654
30.47977005
47.05223219
37.71502934
13.01683057
25.75504909
34.24389317
21.53092992
22.3394261
19.28740747
20.78884482
28.23545086
27.12545507
29.13434447
35.10201381
30.05064308
27.76966539
25.72814093
35.66771065
36.69058044
28.28499802
26.62828102
50.25816196
35.33934
26.11601355
26.42438966
27.24630593
27.90545959
27.40834837
35.28083295
35.26402974
32.0480531
24.38958279
30.51905519
25.10293278
36.11085067
42.95884595
37.52026984
23.10314948
31.14519685
31.03691381
28.9725022
14.57277781
34.68847615
24.49486207
36.220719
65.419062
27.77828592
24.15619111
17.36446943
14.12613772
27.80225164
25.06765053
22.57437898
32.46307417
33.16200938
26.71191817
27.32940548
29.1319646
29.62578102
21.42073548
12.57565107
14.76871482
46.85872125
20.16170214
38.31040753
24.67025316
26.5386564
24.73216775
31.68755955
32.90773629
30.5910527
24.98453385
40.67975052
42.55288373
29.13318214
34.88136325
21.81329006
28.6153135
28.40249374
28.10319907
28.33632403
23.23210895
33.89997308
29.37600851
14.80812896
38.32444084
31.85128225
26.6289336
23.39708946
21.53506996
24.94636393
20.55898003
27.72787012
22.59180578
17.36200525
20.0844572
24.46858013
31.13128721
21.11923479
18.02583906
17.00508913
31.92639197
19.18659819
31.77620812
20.70577688
17.71270951
19.49435786
27.05065446
41.6385874
22.89282918
20.1948741
20.05516989
22.8402112
39.87793991
25.55960147
27.00456245
26.22325291
19.25117475
28.02371201
27.90129452
29.18132644
26.54851033
35.37546329
11.63501855
18.33458668
34.51745837
13.79891331
31.08620549
37.27178978
29.83556441
24.23105334
25.86679327
37.13480524
32.20971115
31.82104649
21.48562258
21.61171906
29.16451511
14.34667182
17.89318394
17.88577322
16.37912346
20.92056442
20.53854509
17.75006951
21.98784041
25.07915782
22.50594331
11.53538774
26.96894759
23.67641211
19.13329797
17.37590476
27.90766786
22.30301325
24.15124261
26.63034942
20.75390217
34.61886613
20.28756703
30.37316187
19.10706956
24.7282132
15.48399976
21.21264104
33.51289603
37.67589375
12.5431557
35.07328901
24.57221782
25.76165686
43.25203494
25.22669581
9.742009986
20.51191624
12.17452013
18.06711193
23.40100102
18.94494645
17.52363833
14.11708766
26.78376341
41.50703578
35.52020397
23.75067276
23.13219685
22.85167383
34.19322806
21.07641423
23.19039599
35.36646205
25.22097821
20.79383681
21.05017178
23.38753517
33.6383216
34.22004573
17.53317446
23.52283485
28.10156563
24.22477125
37.46424286
27.48070022
31.85072527
23.06934424
16.97496605
19.85729099
17.59311452
23.0226971
17.87857419
14.73462423
32.45170328
22.75493125
28.51056044
21.4534812
33.54494746
20.03503393
32.63795257
20.40610599
26.04163969
21.78429688
26.28862323
12.63243988
31.08116862
21.77315727
22.14117596
14.24203869
19.16054221
23.07105331
18.58257852
12.6881729
27.69708605
18.43140585
21.51457097
17.79860993
32.29941973
17.74989892
19.73316175
25.22752372
14.36482143
17.1802795
25.35095767
19.92621685
41.87359249
24.80092201
35.47420852
31.57111058
19.29682586
27.11883638
24.48656111
36.02564502
24.0306125
15.26790716
34.23820194
20.93942741
12.13989198
16.07905256
23.28379812
21.48589001
20.93264124
29.81861144
15.06680063
21.36255013
30.89633137
29.32228522
18.16121759
17.90055467
40.59675518
15.71351062
