#################################### 
# Matrix Size= (25,25,400)
# Resol      = (1,1,4000)
# VoxelSize  = (25,25,0.1)
# nbVal      = 4000
#################################### 
7015.045462
8700.548159
11260.15114
8806.63587
8776.077218
11131.70192
9596.721862
10503.63778
9757.853086
11084.9893
8970.410484
9931.7338
12006.64727
9917.617765
11774.01419
11759.4021
9699.029353
11392.92994
10399.69632
11328.50336
8554.996423
9571.32581
10609.77058
9847.017225
10279.08337
10158.19038
10224.5716
9980.467076
9753.362546
9693.102297
10905.58835
9403.13223
12806.47309
10380.98451
10573.39222
9809.951253
9347.48099
11229.60154
10181.92073
11390.35061
12225.95546
12969.40932
12748.0011
10118.03592
10800.29972
13227.2473
10244.62644
11125.6611
10757.89938
11408.28016
11252.43924
10120.74534
11469.27435
11885.94102
12283.21165
10880.71571
10986.30633
10683.7213
11012.19444
11025.64162
9924.673241
10022.95881
12048.11688
12268.16693
10286.99585
12958.87666
10359.9275
9877.889496
12197.98334
11068.25511
12200.95922
12646.45985
11885.45626
11858.36281
11500.24704
12663.09126
12308.25724
11843.18599
11135.10137
10842.29783
11887.37784
10278.8818
11334.31142
11856.5117
9933.691979
9439.892539
10578.30093
12054.72987
14356.89023
12778.19042
10030.29051
11171.49301
12678.57387
10801.69809
11447.00259
12194.41822
11177.15421
13020.73053
13300.85228
10832.87399
9211.250645
9658.363986
11547.09368
10505.57089
11379.03101
10181.27351
10869.05976
10683.65084
10747.66981
10948.15666
9831.148079
10506.03773
10344.87507
10168.3544
10628.71528
9117.071661
10240.10971
10933.5884
10577.75318
10710.14503
13376.86674
12574.04851
13930.62573
10132.8617
11828.93216
13359.1068
12133.45493
12305.25313
11438.80922
15582.12113
14325.78131
10764.76349
12702.03397
11472.88534
10837.47322
12249.46907
13947.79179
12223.52049
15264.62571
13520.57536
14338.82801
12728.01019
12197.98148
11000.40923
10552.16982
14777.45765
12629.55674
13325.35814
12175.969
10540.96855
10346.96423
10702.0511
10657.58336
10400.8036
13234.34885
11364.31994
11551.49723
13468.71791
11650.29355
14049.57882
13030.5337
13557.60691
11578.00622
11980.14807
13691.17006
11609.19116
12865.00185
13831.54866
11948.62284
11835.48878
13324.61657
13076.32508
13185.68652
11016.21635
13296.44036
12896.5615
11348.03365
12503.03483
14016.73912
12057.00046
13339.42237
13972.44486
13023.21234
12409.04702
12692.00492
13147.59469
10716.46435
11334.36089
11311.07611
11966.12964
11050.05883
12326.47985
12958.15603
11566.17487
13085.96805
13106.4869
12536.76581
13721.58788
12193.35663
12793.55155
11806.5268
10949.51957
11350.6369
10808.94332
11388.03882
12491.48868
13341.56013
12013.09605
12309.32635
11820.17666
13398.67474
11494.87026
14043.94749
12861.02367
11340.03893
13059.48159
12669.97519
12395.91194
12497.06506
12153.81742
14890.09416
11260.006
12546.74182
11699.74132
12830.41983
11542.54474
12092.73733
13659.02107
11240.14248
13845.00806
11636.9403
11239.67626
11368.47522
11855.82024
12603.33829
11643.64852
10024.90764
11520.44997
11450.13956
13728.72715
13022.1037
11992.88502
11534.49718
11393.16096
10926.04447
10962.528
12030.58306
11315.43365
13579.95578
15036.38338
12857.19857
14056.69228
11455.33479
13240.44314
12034.28073
13006.87667
13398.01834
12010.55875
14684.23093
16167.22988
11650.973
10687.85632
11159.08757
11273.3983
12246.58071
13733.09165
13218.05391
11528.62091
13098.67219
14499.34448
12689.41131
11726.64958
15771.74289
13444.83103
11303.32813
12694.99564
10457.97331
10811.82275
12215.03852
13051.8811
12222.03479
13800.62016
13316.12677
12943.5152
12131.7602
11220.05493
11345.25933
12995.69971
11829.49536
14812.70106
12904.87011
12652.65454
12416.17728
14200.13387
14513.20963
13374.01438
12567.69661
11517.53329
13681.02412
14385.78042
12115.20643
11375.86038
11491.61186
14116.10904
12607.97129
13174.53006
12198.31217
13146.59344
11003.54394
13409.31313
12150.20844
14779.3731
12133.47813
12788.93474
14131.61243
12458.34312
14794.27733
13482.62038
12976.31835
11572.31303
11168.78669
12872.24629
12725.30365
13158.44308
13352.73535
12041.97376
12986.16191
12221.03852
12463.58469
14729.92236
10906.64115
14101.99012
13534.66657
13909.13735
14531.0888
11599.79991
14656.99236
16149.95905
12398.11022
11668.40309
12805.84249
13308.16257
12198.34502
12029.98743
12123.47658
14304.5272
13375.35301
13673.68557
12737.0127
12308.01499
10559.99283
11700.19459
11383.82818
13781.52896
13834.5193
13607.05175
11756.49118
11635.40782
11517.75161
11181.08873
12700.14037
12113.22422
11344.11567
11592.53266
15896.26279
15313.42935
13949.91437
12365.4745
16218.05204
13969.17766
13707.98466
16942.35592
14251.22809
13325.49968
11657.15213
12589.96984
12889.2356
12610.76549
10993.68963
13581.86491
14804.15319
14955.66049
12604.01322
12814.25889
13331.94996
13866.9476
11451.26983
12956.70959
12314.39077
13914.62623
13909.32142
13151.33059
13019.81636
13751.78793
14225.05098
12003.61995
14451.48949
14215.00891
14713.77094
13894.35666
13050.80385
13561.32165
12928.38157
13671.11816
13189.24875
13324.2577
11777.16054
12806.70975
12039.83671
12134.89242
13320.83232
11697.27141
13892.09343
14471.26341
13307.37241
14211.52033
12359.60108
12881.71165
13546.67174
13180.10975
13421.1304
11861.6358
14003.239
14108.89829
13425.42256
13446.33904
12562.19283
13692.30802
13017.04011
12266.68923
12827.58782
13058.26607
15536.86396
13275.54834
13516.0751
13624.56426
13160.72683
13044.59574
12668.90317
12055.36932
14203.12418
13007.87676
12239.76497
12757.41901
11363.8187
13416.00052
11530.65216
11889.1866
11901.95703
13498.14871
12629.55593
13426.60172
13676.29644
12243.56578
12063.78896
16238.68073
13157.05307
13004.8371
13135.13992
13159.02276
12103.24912
12539.00973
12371.32029
16477.28591
13207.46036
14037.27762
14431.94794
12261.12064
13165.59784
12603.09394
11950.27458
13032.83597
12353.93953
14611.4533
13054.87944
12023.01099
13043.61631
13272.95136
15074.65432
12718.32412
12274.16005
13111.48035
11996.63173
13031.99897
16020.15168
11408.95732
12758.10914
12070.47247
14114.44747
11556.9478
13496.16279
12601.65655
13809.15039
11866.97854
13824.73491
13543.65571
14296.70867
12929.7282
13759.29771
16640.77978
12977.27495
11775.53823
12806.46285
12308.77058
13455.70068
16084.29774
14186.89457
12729.17251
13572.05841
13008.4942
12659.09757
12960.92342
14448.97292
12250.82807
15493.12434
12926.47594
13270.63593
12172.04088
13173.99859
11998.23835
12099.34474
13857.2222
13205.6606
15095.71097
15029.36025
13693.00964
13710.24651
12302.05871
14117.2732
13592.05864
14969.15582
12099.5333
12280.83406
14286.54638
15231.79846
13353.47786
14115.65382
14772.84575
12130.10479
13196.37956
11909.38213
13003.97264
12546.34292
15594.69864
14640.86165
14447.21494
13074.11439
13916.80117
14978.66393
14269.08619
13557.60671
13363.84575
11520.75438
12625.8078
11883.77547
12695.13444
13462.81781
11181.40419
12104.17963
14519.30507
13252.91776
13448.87763
16161.95531
12478.2282
12287.75012
13045.72791
12613.84321
13140.471
14157.24308
15449.43637
11687.22497
12411.08109
13494.71128
15028.88622
14182.59539
13631.81312
15213.85946
11757.82404
12357.84691
12629.55247
12048.23078
13140.64935
13289.44605
14408.11529
11810.01987
11920.00607
11832.64852
13767.42548
13148.68279
13407.038
14421.91266
12419.80038
13817.05573
14985.81153
16327.46923
12889.11882
14108.67864
13404.42951
14814.66621
14102.56544
11839.6182
11813.70283
13008.97399
13907.356
13246.61423
12546.39967
13419.13115
13693.79245
13669.08273
13068.23568
15233.10136
13834.96235
13844.94848
13146.21649
14625.52918
14522.32495
14365.66516
12798.14144
13922.93205
15272.36275
14353.73289
14410.08947
14157.8374
12687.43884
12057.12995
13309.16424
15511.79777
13893.93991
13715.88108
15053.14154
14294.30191
13582.15012
11609.49542
13199.28042
11560.82954
13564.09821
13944.66465
12922.79839
16132.37872
15594.26892
13142.80931
14611.75618
13530.05287
13162.14946
15216.45625
12824.73827
13738.25733
12632.45058
13448.59002
12209.39502
13207.11663
16585.89073
15950.48271
14852.76946
13391.94342
15162.64147
14487.17509
14182.05641
12735.92722
14034.04899
15382.52354
14496.20636
13928.20438
13402.23156
12620.36172
13580.18877
13457.31368
14404.52417
12508.5771
12558.26202
15325.94052
15095.44923
13585.46578
13484.2534
15172.8052
13939.30047
14081.77829
13179.93892
14169.26348
12601.67482
13686.06293
13517.1933
12621.11142
12902.84531
12496.03435
12814.97564
13487.60919
12992.19509
14857.92098
12437.94511
12696.46259
14459.93404
14065.62512
15367.8775
12519.39053
12760.98085
13232.63898
14542.25685
14827.79649
13165.43964
15796.3501
13227.86848
15018.82173
13566.31129
13071.96032
13093.81632
13142.65801
12373.94161
15699.42688
13800.22438
14819.79145
14784.36375
15231.51709
14275.44901
12781.92641
12715.72797
15597.76449
13781.72558
13261.99949
14047.42573
14048.32832
14649.85231
13827.63147
14965.61219
13990.00637
13627.33252
12685.82807
14218.87879
13689.263
13573.89919
12208.52937
13119.74387
13610.32831
14005.98151
11995.34621
12696.73372
12830.83
13023.71905
13628.72272
14853.98139
13088.4069
12738.10503
13826.77176
14556.90793
14069.48794
12627.61094
14875.72036
16581.5571
16104.56055
12998.23744
12953.33244
12522.92847
13308.42856
13640.9998
12687.91712
13157.26816
12449.90254
12593.6141
13006.28819
16436.05864
12777.07508
12781.32095
12675.94882
12558.13397
13936.01792
15004.72083
12213.4161
12672.71601
11779.56506
13581.44532
14936.476
14540.23445
14861.82017
13936.46308
11904.66369
12872.61549
12925.86751
15528.63673
13847.55177
13450.82456
13227.75287
13191.24689
12801.96617
13539.4
12881.27281
13113.09468
12084.50908
12570.87322
13035.39438
12648.18616
12824.98103
13829.4136
14629.6674
13074.34139
13042.6563
13251.67476
12092.45794
12629.19625
13544.34837
12350.07084
13756.42491
15024.84265
14764.78752
13710.57302
14827.45406
13438.26428
13031.04436
12205.93794
14538.76017
14445.7562
12815.63171
13337.39622
14236.00373
14928.85171
13883.43236
15806.8448
14525.59885
14924.04922
14691.08645
14372.70859
13163.83205
14422.47798
13421.68953
15584.52725
15854.6564
13852.8881
15539.69507
14820.31085
16044.87894
14490.95609
16563.93023
16190.44812
13185.32795
13618.72818
13586.61791
13799.96125
13405.11632
13401.79969
12215.25643
15018.16887
15015.85554
15000.55715
15082.19542
14223.17067
14450.96568
14319.9421
14353.25673
13300.85249
13654.58771
14467.35816
14380.36863
12764.25798
12551.57672
14213.60223
12812.31435
12431.35019
12676.38766
14549.19375
15528.17431
14399.97271
16724.74195
14829.24051
13317.15134
13263.10912
13320.93422
16020.70823
13223.68876
13350.45074
13580.85856
13732.46682
13563.89371
13024.98222
14275.51799
15643.75883
14358.82625
13576.82281
14826.7323
13896.2085
15347.51937
13316.45613
15152.87208
12799.57445
13107.58809
16171.4068
15168.04029
14032.61401
14131.5713
13448.89279
14818.02845
14002.03747
14060.89213
15673.79344
14329.33896
15885.05866
15732.49019
15637.98797
15461.74225
15471.64402
13786.01299
14092.46639
13286.70954
14597.38791
12682.18122
15966.97119
13079.19863
16274.2541
14801.77051
13594.56053
14281.94606
13725.01471
14138.62801
14829.12791
12747.66852
13907.34129
14153.17481
15797.01758
13927.80157
13441.60435
13197.7744
14032.80237
14007.00905
14217.24862
13133.37382
12554.75469
13020.84885
12401.46676
13738.64769
13886.59186
14541.36618
13381.30098
14140.77487
12688.31146
12444.72878
12743.00015
13346.36376
13000.96775
12687.32194
15609.41776
14923.58852
14815.75933
12947.79182
15229.80169
13409.14376
12507.57471
15047.50613
14557.34897
15583.67739
15774.36318
13405.92279
14398.94881
13439.87079
13451.63293
12118.00484
12353.17553
14135.27812
16096.04875
14177.66133
14658.12854
12936.60988
13759.05846
12589.42485
14423.71857
13235.009
13689.94382
13547.65645
16398.34049
12853.43367
13741.81266
13517.12862
12870.81532
13119.76724
16356.1663
12829.36612
14035.03123
17239.02153
13250.18173
12930.74285
12377.46748
13510.53983
12630.30026
13504.93344
14218.4664
12601.40144
13955.39778
12990.92292
13107.58796
15436.58815
12485.51755
13190.91728
15017.12614
14555.08208
13431.22003
15059.16601
14589.33366
14319.43541
14347.22623
14691.8132
13176.94053
14692.03187
12534.72559
14082.54826
13976.50925
14748.90824
12939.57889
15746.87925
13763.801
13624.03035
13688.0859
13558.14849
14882.66446
13001.59039
12981.15435
13693.64852
14505.52029
13522.53574
12488.00532
14425.10518
12934.99768
14255.06092
14447.6081
12684.71501
13706.57836
15764.6041
14838.88912
14487.25785
12931.44404
13194.55469
15738.62235
14354.18239
12812.54178
13767.24186
14479.58844
14309.63221
14771.018
14524.51864
13835.58975
17089.86001
14129.75748
12970.83333
12885.85021
13779.70521
13017.53871
13986.36116
14022.52082
15466.07519
14197.80729
14605.45591
13970.17395
14401.06628
15589.37696
16639.23834
14095.4295
15343.46133
13774.94595
13964.84147
14321.00997
15409.00438
14328.37061
14323.98855
14086.80118
15292.33847
13315.53574
13245.56994
14738.78408
13647.47929
16212.51184
13428.76893
13427.45128
13984.85595
13099.41394
13387.31443
14748.68116
17205.16204
16505.84771
13869.73088
15965.34573
13179.94483
15315.73326
15057.43787
14015.60008
13893.81973
14676.28934
13412.76798
13942.03473
15108.32847
14485.39104
14524.99894
13797.7514
14692.45036
13766.87719
14360.21855
16745.53693
13382.99193
16046.42052
13770.64656
14069.38731
13537.87684
16336.71356
14284.79752
13927.56634
13712.38991
14295.81738
14419.88538
15442.39106
14533.86657
14611.41565
14214.25801
14047.48873
14427.45564
14438.36971
14098.3249
13924.13438
13050.02581
13215.78535
16348.10532
17160.31809
14513.18544
14723.81268
13561.48457
14156.08069
14429.72003
14846.45405
12525.03819
13808.16578
13855.39383
13419.46786
14694.20347
14610.40896
16398.89909
13722.68839
15063.34392
14994.74441
14864.93428
14693.31612
13209.7368
14662.7716
14272.10214
17518.45718
13654.8427
13806.93752
13528.2869
16305.36911
15051.46399
13480.84691
13352.13755
14878.03257
15144.07596
14247.30653
17156.39851
14820.39846
14228.28195
16380.42306
15373.28739
15036.43308
12486.08206
14602.02347
14220.19686
13677.82307
14142.89331
13184.24286
14812.64937
12914.49869
15866.13794
14859.10398
14922.67634
14470.14489
13833.79641
15716.8867
13464.96184
13421.7151
16051.23407
14067.36215
14420.37276
14041.35669
12817.46149
14438.09057
14865.96348
13728.75886
16513.36472
14019.25288
14845.5913
13249.04613
14591.43484
13035.41986
15005.99258
17073.98885
14756.04499
15337.86376
16041.68741
13633.51338
13274.94659
13489.38944
15437.42021
14917.10509
14460.56863
13435.74755
14473.17781
15390.07693
15352.65085
13894.01149
13902.5467
15991.86711
14644.1618
15601.9866
14334.69988
13791.65402
12586.00131
12709.32329
13093.98794
13599.5362
14801.86562
13786.53018
14276.91869
16306.0715
14744.15401
15673.02856
16470.83636
13677.0762
13551.96141
13904.45228
14753.51547
14159.16488
14482.4345
14431.46402
14900.68799
13963.5373
13982.77077
16456.28526
16129.71809
14616.15059
12981.71079
15236.71133
13757.67838
14677.55987
13555.37485
14063.92168
13930.17617
15370.0229
15706.75493
15292.66257
14951.42815
14668.20192
13952.54702
17580.13189
13786.28509
14696.37363
15022.88371
14546.5286
14699.59066
13269.96798
14383.9775
14284.12792
13774.27185
15928.08371
13819.73015
14813.55321
13763.73954
14118.4354
13259.40741
14492.34684
14348.88479
14461.22884
15935.81666
14481.53106
14904.09327
15501.48935
13257.63732
12910.4549
15164.25658
14643.44828
14765.14346
14464.2978
13892.79227
13855.49789
13212.6421
14933.47454
16377.53441
14761.31357
13842.6014
14666.48555
13529.98138
13904.37913
14699.33833
14984.20024
14328.69349
14243.47602
15082.11967
14095.7104
15479.71134
13850.47505
15781.55091
15049.0318
13504.36697
15224.48956
13836.83611
14294.54891
15004.19836
15676.91175
14407.52407
14596.47921
13981.76576
13754.79467
14179.68422
13757.25353
15994.11491
14848.04391
15060.5224
15457.57935
14229.08667
14937.36169
13702.82628
15501.77137
14158.03174
14409.88354
16376.40887
15146.67054
13733.05942
15835.45309
14581.40465
13949.05661
16464.05539
14738.00066
14891.18558
14360.46501
15207.26097
15571.43204
14776.17707
14463.39443
15093.38817
15455.16026
13269.50661
14961.2675
15131.06302
14188.94502
13753.65886
14209.73379
15478.14004
14468.23235
16125.59398
14391.54241
14135.27365
16191.78549
16249.93792
13714.25559
14366.97839
14748.29232
13882.8153
14685.01444
15203.52023
14596.97239
14929.12573
12977.44701
13698.25496
14125.25932
15267.56599
16063.01254
16498.54927
14587.32822
15377.18136
14251.37361
14929.12364
15477.69799
14106.53452
15178.49123
13722.5612
16218.44162
15387.87433
15006.32019
15298.25497
14936.10117
15316.53866
17254.57573
15915.83822
14537.71482
14478.39905
13802.59912
15476.72474
15001.94512
15136.21775
14432.68843
15973.94396
16358.41393
16120.17013
14558.57179
15074.68597
15028.11026
14738.79972
14680.29845
14723.08686
14423.64015
15024.84436
15924.15052
16265.33379
17436.33883
14993.00546
15146.44277
15436.48289
14616.53274
15450.57878
13835.28457
16119.06308
15171.17542
14474.21431
13464.73111
13081.88523
14724.13699
14364.80608
14549.26921
15140.6447
14030.92995
13378.70439
14561.00817
15343.06508
14403.26575
16874.56246
15319.22559
15163.45289
15063.01303
15697.06104
14206.63455
15877.84839
15091.4027
14117.0847
15795.61975
14493.99401
14024.33949
15397.75255
14885.11265
14597.43827
15603.55213
14820.87474
14019.63403
15909.10373
14582.17597
15662.32945
17828.79725
15593.69921
13946.95238
15572.30155
14480.44843
14886.05514
14756.80707
14329.46057
15517.65623
13677.94038
15337.70066
15552.53612
16202.92588
15947.65016
14491.47103
14667.60961
15795.42225
14066.19225
15350.91767
15031.19314
13483.66623
14282.28443
13352.47347
15963.09483
16235.7361
17927.47919
15520.55702
14784.53214
15373.15878
16678.23432
17975.39205
15885.91401
15794.45108
17435.45891
15254.95065
15064.77212
15181.386
14250.89415
18622.51739
13920.74354
14523.45225
16182.9424
14163.73947
14708.81199
16099.36085
17197.54318
14969.79276
14686.82588
14512.00309
16185.89695
15091.73812
16753.55481
16363.26471
15305.51843
14467.47561
14831.5965
17460.31188
16028.83195
14064.34503
14989.69146
15750.37329
15440.46177
14009.11938
15904.47593
14385.50676
13907.41861
15828.04563
15637.81879
15345.28427
13907.16698
16196.33278
17263.03238
16071.76527
15285.46503
14378.01396
14695.57984
14921.39067
15042.02081
15052.766
15292.97373
15352.85776
14864.90321
14133.6458
14997.81121
14450.56974
15024.29871
14645.14846
15425.80114
14805.75093
15889.27456
13973.81059
14827.12766
16881.10855
14331.9605
14036.24184
15337.3121
15222.05908
15781.37333
15093.73557
17719.12376
16763.97436
15565.84484
16514.50264
16678.21688
16047.8085
15100.09583
16647.0362
16484.02011
15288.81316
14555.89564
16888.50716
15520.00673
15793.22447
17155.00751
16643.16068
16377.78571
18424.71844
15790.39279
15407.88742
14573.15514
15430.79114
15436.57682
15702.09107
14909.1393
14817.27276
15290.16379
14776.93971
16253.52145
14715.76815
15175.27929
15226.61138
15543.41554
14268.51713
15692.26552
14555.50771
14079.18902
15447.42116
16716.91325
15813.70768
15757.82656
15348.98242
17301.86062
15497.21972
15103.72479
15008.72536
18420.20782
16011.66787
16597.5603
14254.74102
16267.07585
16122.8368
15872.20216
14585.08158
15380.72336
15154.04367
18113.46271
15967.79167
14352.67068
14995.99454
14641.02704
15334.52671
15657.92787
15722.72986
13628.38746
15419.34293
15972.0712
16698.09865
15330.79373
14725.02205
15758.43633
18336.39807
15485.20922
15601.46436
15471.70489
15995.27727
15051.95072
21061.19165
15827.53225
14568.91548
16359.82462
15695.01701
16947.12378
16376.95778
16310.24792
15513.40605
14865.20964
15224.74044
14485.06812
14794.66633
15357.80056
13963.47983
15096.53376
15476.60008
16141.23936
18646.5924
14718.72026
15779.54048
14555.99384
14785.48549
15127.03009
17289.28758
16108.61494
17374.0773
15755.00402
15156.24972
15844.09379
14282.91799
15644.65881
15932.31036
15937.86545
14751.49567
15386.10038
15562.29873
15220.09403
15548.51677
15908.79758
14437.93118
14496.96533
15520.28102
14929.67232
15501.5545
15984.33726
16381.38074
16424.27196
14606.72791
18275.69718
15806.96669
16072.39303
16147.47895
16337.67874
15413.70571
17511.10736
15891.55165
17451.70918
17395.12708
14997.00877
16067.63312
17393.11497
16491.52921
15785.2633
15940.6802
16037.00797
17015.75461
15247.78281
16126.3625
16632.80591
15379.15789
14774.43323
15678.69559
15435.19791
15612.36764
15847.24214
16847.11048
16562.05519
16405.7566
14781.94025
15299.46586
14968.17197
16103.85058
15718.70103
15526.05381
13995.49598
15988.43969
15361.99431
16508.97023
15418.69137
15116.18654
15426.86969
18222.84427
15039.93197
18275.02945
16253.52962
17613.38016
15532.44614
17430.17725
18107.23742
16518.00822
17691.541
17164.7173
14620.50581
16324.17814
15771.93317
16531.58959
18213.38122
14652.01307
16393.60041
16630.66706
16816.34279
15121.44241
15118.31092
16628.44163
16283.28993
16816.32098
16173.37593
15725.53287
15254.266
15173.5044
15587.55349
15102.22186
16788.93481
16424.08188
16601.95614
15662.21055
15824.32051
16142.09109
16459.14384
15430.61155
17040.13801
15219.70594
15288.43732
16844.13425
14808.48585
15862.61524
15497.63012
17448.21943
14940.60896
15174.54793
16367.85167
17616.55436
16479.54419
17427.10052
16764.31141
17593.6065
15187.81101
16317.83116
15206.90629
15451.01237
15353.72741
17483.67489
15656.31548
16295.47139
16604.11532
17318.9002
18237.42826
16236.40796
17339.90661
15434.01637
16579.47671
15778.76465
15670.5239
15649.25259
18431.32806
15855.33137
15825.94079
15473.66238
16645.46597
16058.67245
15724.03886
18019.26857
15909.05957
16170.61583
17203.01834
16931.34516
17811.24765
17343.83263
16059.17065
16655.15798
16350.60695
16059.03935
14527.6314
16938.67507
16513.67472
15135.86457
15791.88817
15368.58106
16574.60319
17760.13527
16208.45066
17799.56042
15505.5172
15400.13985
15747.39109
16596.98136
15924.81779
15576.58064
15623.65487
16148.33128
15334.73437
17702.89302
16381.50483
16535.18625
15856.72284
14964.85232
17268.02436
15315.60648
15419.44959
18006.38925
18567.90646
14471.08971
15957.405
15516.39326
16611.04271
16618.4683
16818.02067
16585.73041
16017.33116
17756.12824
16431.01054
17176.51682
16335.55682
18105.04335
18482.57467
15528.44529
15217.41214
15983.9196
17317.55509
18332.18797
18038.50303
16461.01978
15656.99877
16636.06402
17004.53542
16273.08849
16425.04344
15863.75865
18295.81367
16882.44191
16335.15012
16324.48869
17223.57772
17253.15464
15203.14511
17009.11231
15395.94547
16227.84385
15915.90287
17348.30185
15799.31702
15563.50966
16209.6172
15762.8936
14853.92109
17256.12883
16454.13115
15161.80738
15442.91248
16783.84077
16974.24079
16506.66535
16957.85646
15267.28799
16161.76089
16647.96855
15697.43961
17187.99358
17613.82259
16844.52039
16829.53215
17366.61824
16510.48161
17676.16139
16189.44952
17642.24286
18149.89499
18784.83964
17023.06712
17297.21168
16711.45256
16967.42711
16096.62399
16224.16209
16655.24251
17995.67548
16944.46299
16225.33195
16465.01391
17969.35644
18269.30804
16993.98667
16205.79989
16946.45952
16182.03388
17101.97646
15807.1899
15442.88989
16076.6512
15332.49041
16822.65202
16476.66804
16417.47631
17030.32598
15981.22388
16450.01591
17160.99019
15556.1782
17131.02385
16442.31377
17114.2462
15939.01016
15755.83552
15361.27647
16732.08687
17597.41256
17253.93629
16574.61624
16361.45898
17016.75967
17685.15578
16008.68825
15928.17494
16736.66947
17206.48074
16704.49703
15734.74153
16779.38829
17013.03337
17206.9923
16978.35006
16642.52334
16654.07249
16698.09527
17387.03405
16436.58537
17319.33793
16207.33665
17003.19892
17319.67341
18671.43319
15629.21704
16510.33089
18023.53567
16898.29747
16287.11093
17009.66133
17294.1269
16065.93601
17567.55467
16309.35053
17784.38624
16530.57363
16503.79823
16407.70304
16652.37494
18195.63869
16330.62353
17951.70336
18509.03915
18709.8274
17417.28331
17562.97428
18695.17646
17692.35528
17194.00244
17027.9727
16123.47776
16383.28135
16605.34792
17921.06267
17246.33174
18572.45846
17801.77158
18130.30842
17725.86794
19078.92464
17494.21746
18325.94239
17543.12742
17673.0346
19034.5442
18261.5002
18321.19712
17494.14582
17435.4728
18304.50947
17959.54466
17068.20719
17450.42059
18410.63657
17781.25178
18668.98367
17621.68069
16769.97429
17426.71406
17701.55914
18094.47832
17679.88199
17476.24579
17101.86735
16796.4085
17482.6929
17951.57721
17663.82455
17868.35043
17402.37928
18138.40706
17497.40337
17371.32974
18199.2032
18981.58833
18738.42808
18461.4543
17801.24553
17686.56308
16980.94747
17100.51152
17733.56325
16440.41182
16598.22951
16523.89989
19139.37851
18812.15902
18943.4792
19757.44069
18332.8633
18132.30383
19935.09696
17356.29337
16765.90699
17588.93967
17838.53376
17911.82405
18204.38823
17575.7087
17576.31249
17947.50695
18106.05356
17679.54557
18291.14358
19030.25319
16739.5798
16909.78522
18064.25812
17550.88478
18009.94603
18547.23306
17634.00451
17192.13265
18213.35238
17516.15707
19144.43486
18556.67488
18260.92172
20252.19597
17854.11924
18124.35253
18647.42723
17814.10174
17405.81374
17647.74974
17640.95384
17164.17311
17447.95935
18008.96273
17930.43552
18332.5902
16941.56544
19909.97705
17333.82601
16427.39885
20416.62405
17024.9763
18928.85657
19296.7614
17057.10255
17979.53513
18853.63359
18759.28551
18264.87997
18499.36849
17958.35573
17932.9038
17980.89703
17656.07593
17995.15257
18421.11071
19798.91676
19421.19958
19513.04365
17647.66372
19627.48639
17967.45593
16953.56506
16971.61896
19611.27812
18574.10739
17787.84232
17838.66275
18177.88994
19742.46358
17145.2608
17766.46679
18174.79393
19373.5442
18282.84241
17770.52299
18604.34352
17195.4003
17721.1012
19378.58181
18137.83228
18082.11269
18635.4745
17947.99443
19215.02372
17834.66952
18475.21658
19654.26815
18772.79716
18057.29267
18436.87306
19203.44271
18363.24398
20220.68324
22310.79257
19043.98144
18976.31816
18457.20404
19515.67312
19158.04096
19004.10906
19708.5371
20706.09186
18928.26601
19494.23016
19823.78062
21478.18642
19434.14781
17462.42586
19585.96363
20692.69961
19193.8138
19836.60121
21265.84581
20050.80981
18685.05373
19698.77586
18680.09627
18091.1225
18855.34943
19424.2567
18685.78496
18757.74713
18705.13615
18895.66434
19252.24283
18115.156
18135.5205
18671.95523
19599.37573
18710.01136
18686.41616
18679.29438
18915.33669
19331.75879
20100.79626
19418.16595
19443.94261
19433.4433
19823.25966
19432.6301
19041.56247
18619.19441
19355.0021
19140.6832
19807.03886
18706.8162
19149.23762
18334.64193
18777.20561
22090.21835
18492.12758
20136.54208
20229.76284
18524.53706
19982.66578
18924.4657
19161.50556
18574.75394
19067.13911
19736.10324
20009.03602
19096.48663
19499.37119
20547.48768
19156.48955
19085.57081
19573.3476
21305.637
20196.48576
21827.93607
19903.86672
19939.38204
19048.96007
18556.9552
20040.4826
19928.2888
19934.58452
20596.99325
20439.81433
19367.78254
20511.83488
20763.85173
19916.98448
20880.92387
19064.82343
19251.85703
19271.13701
20999.11196
20563.71027
20980.63151
22445.58037
19580.47159
20584.19736
20847.81219
21125.69663
19376.20192
21641.37704
21014.78631
20939.26485
21447.10677
20546.84277
21105.38101
20682.80708
19180.54674
19412.56353
20282.63085
19737.00517
19783.72507
20262.39963
20460.17315
19401.23717
20193.34918
20580.2289
20768.8071
19876.39353
19008.98127
19738.86985
22729.5282
20556.74603
21622.85751
19970.8438
19551.89991
20886.83187
20111.24763
20381.79591
20989.31325
20105.27329
21794.62397
20014.73082
21479.97436
19368.44243
21289.42709
20514.64415
22184.45792
20695.79679
21081.86568
20133.01089
21792.81815
21089.93426
20623.60161
20426.47828
19950.73414
20760.77666
21571.79615
22641.45008
20603.32284
20955.71469
21114.4249
21286.07228
21770.77541
22090.59171
22230.31149
21004.79943
21462.33845
21476.33376
22795.97915
21401.98854
20694.10501
21606.30542
19785.97991
20485.41747
20668.66409
21277.02783
21772.42468
22694.90789
22176.31109
22703.06559
20989.52317
20767.76779
21239.37495
21603.63192
22051.94594
21740.79544
20525.26124
21668.24344
20347.86207
21110.6149
21135.98629
22691.37285
20126.83146
21246.67793
22007.2127
21454.60306
23667.33096
22038.31674
21163.0799
22509.1949
21295.23884
21014.84756
21489.40258
21638.88796
22114.94566
22336.78087
21053.04032
23268.59996
22330.52936
22558.35219
21155.52373
22789.3555
22034.88509
21328.30094
21651.17463
20957.176
21075.56184
22598.26885
22035.22038
21627.87462
22329.66555
22755.96295
21805.58447
21381.13339
21345.48857
22559.70096
21718.66121
24125.57185
22261.09739
21792.62439
22438.42173
22627.41363
21953.15131
23401.37831
25138.89862
22432.7892
23081.18178
24578.29639
21823.38298
21800.87804
22177.4511
22970.39395
23377.6553
22607.7547
23184.3905
22210.59996
22539.59069
24000.8242
22125.28711
23679.54441
22205.0008
23145.07936
22926.26321
22716.55432
22632.44272
22850.19463
23781.39209
22125.9336
22595.02431
23517.68349
23153.2038
26276.69879
23523.08864
22226.22052
25351.4758
24106.50431
23258.70105
22695.06142
23696.60335
23018.76053
23204.95286
22791.60364
22902.13212
24297.9413
23379.93358
23221.67983
25210.46609
24456.72122
24982.85869
25606.97739
23693.95908
22847.798
23307.18773
24980.60045
23927.94756
22894.30841
21763.80214
23356.8116
23756.84927
24016.39103
23339.57978
24120.19389
23722.60381
24375.14547
23935.63817
24198.20388
26004.27856
25705.59266
24555.01391
26396.91459
24601.4945
24035.89735
26882.47707
23410.59521
23654.77161
23964.73238
23811.59658
23145.74038
25460.75796
24522.84897
23938.14403
24957.72702
24174.66822
24511.21104
24196.70537
23728.2948
23335.4821
24949.51574
24762.1708
25748.12443
25518.34332
25942.35151
24361.7135
24011.2299
24073.94486
24805.13628
24097.58491
25721.78591
26188.23251
24663.76475
25828.0609
24534.05423
24886.09775
25479.25056
25040.28915
24584.78731
25245.29322
24415.13583
24535.98852
25618.74581
24830.97184
24490.11207
25512.25672
26002.07638
26756.46579
24172.56918
25760.17355
27705.74374
26378.17244
25384.70513
25251.15322
26537.01656
26437.04156
25611.23073
27037.37692
24772.6591
24936.27348
27503.07635
26679.09651
25875.80168
25626.55486
25193.64673
25949.45026
24970.6522
25675.95421
26576.84419
27494.93744
26035.0761
26318.58664
26937.43745
25679.24735
26456.84665
27653.84661
26340.65724
25582.65848
26112.46398
26760.34573
26534.14287
25830.21812
28606.27197
26820.51285
26264.25415
27828.89685
26340.07886
28513.49689
26942.22949
27378.8884
27280.53148
27019.87264
26575.45754
26478.11828
26534.54776
27672.56012
29115.38668
29914.68671
28657.45437
28756.39491
27248.4983
27597.70526
27752.73471
28769.86119
27185.2118
27911.47003
28080.54182
28306.41271
29834.86224
27834.83984
28033.87996
30144.47885
29779.5894
28832.26125
27959.67358
28611.65119
30451.29457
28001.59896
28865.01037
28792.71512
31957.39629
28240.27691
29872.40098
30641.97216
29566.03454
30828.69724
29243.26442
29898.47357
31633.84512
29791.33859
31763.20501
30579.91841
31403.33433
30853.96551
29077.68881
28756.77484
30489.65484
32123.99771
29488.03339
29583.0211
29280.78968
29254.56477
30746.2616
32207.67322
30096.07449
29916.19544
30533.35286
30457.64452
31232.08968
29337.82513
31463.69763
30967.60573
30760.4662
32707.08753
31052.00823
31062.77618
30633.76383
30408.24186
31788.09797
30956.31072
30784.76659
30875.26553
30936.26558
31369.49016
31016.08982
32123.55429
31322.43166
31733.25541
31700.79714
31965.96161
32968.60178
31285.54563
32221.28511
32748.00939
33500.36327
31681.42356
32751.71312
32250.0312
32799.78104
31977.81855
33267.72968
33649.46403
33390.60228
32544.01055
34421.76925
33824.19803
33137.04037
34109.8637
34982.1346
34712.66288
33310.36506
32190.39296
34172.91565
34032.35936
33487.05447
33598.9834
34906.12536
34421.31688
34869.79361
34354.2573
36863.84491
35123.56853
35292.94712
35565.74114
34067.43507
35433.194
35767.27694
35594.59906
36612.37061
36035.74523
36511.71126
35215.27353
35603.8704
35201.62219
36603.21481
37381.68733
36391.6867
36531.57344
36446.20814
38145.5624
37743.74292
37163.03568
36826.49816
35871.84771
39211.06286
36777.85362
38027.73674
38460.24901
38442.52158
39299.98577
38788.23758
38220.55375
38489.68305
39251.11747
38574.93916
38685.30706
38682.19813
39938.88497
41614.72066
39740.02469
38206.88016
37729.07825
40209.46638
40601.60483
40121.27289
40291.3428
40440.12455
40345.16804
40566.68616
41063.35242
40666.78629
41040.72055
42108.27812
40871.98282
42631.77374
41064.3818
42053.81013
42421.2077
41679.64964
41808.91821
42379.28704
41713.87406
42424.53948
41781.64313
43653.4567
43046.39699
42882.87318
43710.64221
44052.56327
43276.06835
45203.70319
43975.88933
45109.61442
44873.79474
44860.74091
45465.66883
46409.19268
45554.94371
46551.2879
46089.72388
47227.60676
46030.81546
46484.50637
45629.78759
45774.80342
47657.24943
47453.96325
47732.61947
48563.6132
46678.01186
47489.20723
49065.81052
49774.17181
49715.63809
50001.86492
51030.86266
49685.92054
49455.4429
50426.84184
50258.88767
51494.27917
51748.51753
50787.50074
50574.32271
51432.05578
53253.94731
51073.00164
52995.00245
53921.90371
53987.38677
53604.53537
54877.54926
53399.17217
55971.40788
56318.60512
55353.54608
54766.85843
55664.81253
56372.68782
54990.72046
56066.74745
57478.80171
56999.04454
58171.5971
57733.78619
58408.60768
57945.44518
59789.74894
60274.92517
59079.89038
60479.64359
60343.83481
60799.2867
61688.51692
60890.08478
62058.63613
63160.98875
62114.37903
61868.786
62860.77643
63654.22382
63012.55445
64590.80132
67652.81087
67129.0064
66292.28255
66066.7511
67296.87804
66632.67247
67879.2601
69457.95689
68579.12702
69468.89067
72578.07147
69504.24664
70530.04537
70901.3705
71775.68213
72687.44847
73207.60483
72711.18019
75413.09273
75227.65205
75925.53053
75796.89708
75395.08578
77503.5311
76260.31919
77551.38376
79049.04589
79217.75032
80646.34809
80718.49616
81473.22508
81683.51158
81919.28529
85193.26397
83113.19292
85030.39872
85035.82926
86765.1971
85921.7669
87786.51299
88807.74069
88757.83925
89199.50077
90200.71085
92434.13314
92002.60039
92201.09213
93730.1837
94450.23308
94280.86605
94846.90704
95502.94177
98459.49581
97088.57114
99288.60597
98585.13731
98335.88293
100959.6144
100751.1596
102594.1027
103520.8942
103862.8766
105355.4248
105610.3372
106391.0977
108149.2466
108938.9308
109162.5349
108959.3846
109859.3119
109850.3104
111876.6245
112467.7309
113275.2599
112770.5697
113953.867
115055.6129
113750.1032
116070.9446
118950.5292
117667.6351
116301.488
118572.8996
120011.233
121457.49
120871.7784
119111.0908
119800.59
121385.7311
121866.7915
123162.1142
123429.7279
121843.3329
123972.6164
123390.6143
123333.8879
123492.9947
123787.1295
124748.107
122730.1145
123866.0245
122744.1275
122381.4809
122937.9111
123593.4711
122932.8494
122349.0671
122935.1233
121114.613
120981.8852
120834.8859
121344.9746
120616.4046
118983.2443
118472.1169
117746.9671
116435.1553
116919.5251
116673.6366
114677.4083
112655.6872
113490.297
112176.285
111264.0348
109188.2623
109217.0195
107777.6321
105265.2091
103633.2637
103259.4878
102035.103
100317.6506
99956.70749
97866.62686
96059.11088
95203.36153
93783.40664
92756.22617
90260.08236
88533.25359
86545.60405
85146.02723
83176.40329
82935.92865
79870.98397
78750.3491
76824.51408
74731.02773
72904.51333
71449.83259
70138.9947
67339.85196
66780.72613
64500.58785
63268.83965
61995.79605
59217.86541
58826.08789
54771.26045
53448.71521
52984.75673
50730.09097
49310.14575
47148.10576
46536.10707
44603.28871
43129.33018
41535.0562
40629.71563
38824.11505
37215.72128
35974.56805
33917.1759
33076.33809
31521.54096
30007.30389
29118.88761
27715.98931
26791.16126
25073.92126
24022.50081
22764.42142
22001.30968
21544.36289
20077.81339
19021.38703
18333.98802
17317.12248
16218.27387
15414.83899
14286.64893
14111.53727
13589.27887
12589.04486
12097.22271
11396.9172
10713.56992
10399.42778
9494.627092
8709.40619
8626.568623
7761.152356
7015.110566
7034.480033
6636.588464
6122.722875
5691.636285
5219.671468
4921.771824
4550.364627
4915.782662
3791.856313
3629.611788
3314.33125
3273.070512
3075.790135
3005.255359
2352.978688
2780.221158
2123.098258
2151.814725
1737.793793
1878.520973
1563.947189
1619.722786
1449.012976
1347.148417
1237.785496
1132.095924
987.0734109
1066.617915
914.3668283
825.706167
854.5002771
799.4084526
735.415539
855.2761891
1008.827869
600.2283625
550.8374177
571.0649906
428.1751696
489.8222792
409.772465
345.1618697
344.731725
334.1820323
358.7981554
262.6775235
256.5435199
296.1306244
236.8215124
330.0374864
169.7323589
177.4731676
243.3228644
210.5064755
139.33179
116.287502
180.8810071
130.6132307
176.9304125
241.4598268
165.724666
88.4378719
87.75190436
367.6207064
188.7647752
142.7822649
140.0772002
135.3791423
165.5215706
62.12234092
108.0503562
184.4693313
115.226688
144.6987301
128.1862456
106.3359799
63.45477285
154.3202016
100.7497345
165.357958
95.99727001
98.34232549
156.6669911
176.0279365
228.5709972
165.7251884
152.5567067
188.779723
86.41600799
125.9408746
139.5898445
154.8781783
326.9830256
254.4867915
224.3354366
122.5697921
130.1344527
111.5592924
183.0515299
92.77829904
169.9598928
122.5532801
121.3824075
443.8658829
129.0363905
121.3843422
268.0630792
188.509078
149.7390059
92.34732874
359.4552071
174.2513593
556.9450418
233.189422
53.75096337
96.88970767
91.40651159
186.273068
52.53224925
138.7234395
178.8517688
876.0451823
446.9575768
52.23091792
139.4721234
116.3479852
116.4326833
127.0779008
136.7530732
129.7910662
137.8763813
107.1984277
92.8493457
92.01163796
218.2772626
87.56151427
288.2989689
200.9846421
87.53409134
78.18943049
79.24824004
89.75621584
965.9246795
129.2929855
99.989548
85.54606185
115.9616178
163.047032
124.5086843
99.06433373
80.40320762
132.0849391
88.59385062
111.4398609
347.3108969
108.3069888
131.5127931
84.7094898
138.3391712
95.35702698
86.19220327
48.62185786
212.9839247
214.0270656
69.35567248
205.9970739
126.3756827
155.7886644
113.3343408
204.0348143
96.24329727
146.5818817
108.0815373
66.56600127
194.0459473
76.77255942
407.1657175
150.3301948
147.0710992
111.5202696
321.1383413
178.8589881
251.7033656
110.2807352
600.2450149
97.23786916
87.22811711
82.81519211
168.6518278
76.48729816
150.8768854
146.1190292
197.5675013
86.84427331
67.62649822
87.41874741
307.3339061
307.5863516
129.2955376
237.8825865
315.9634944
143.9381015
114.9575199
119.1161861
86.38174533
115.4249486
74.36244495
132.0187883
309.9693254
115.7599465
136.251137
91.60531264
252.1320995
115.7397376
112.399384
74.39255824
109.1516119
139.7987517
129.0036335
136.4969193
164.6507919
135.3809586
120.8975956
151.8496247
371.4432525
147.2620149
93.84142726
137.9327313
169.3438233
60.22699089
41.59430912
95.38313397
71.65414395
95.07318077
77.78279539
64.64797727
89.10154231
60.60161694
66.13388913
239.1559848
54.96429326
78.48339295
51.20007329
103.0360231
323.9949855
140.0137182
100.786075
197.5218462
73.7630805
100.7408655
214.7786233
108.3136773
109.785403
136.7243411
74.71111162
87.59684215
120.1841859
90.27217743
62.87555194
73.91480948
74.51835144
103.356489
128.4781577
126.6722571
101.2545059
194.1295738
61.29153002
109.3660229
60.66001422
167.4205198
324.6199804
109.2480475
38.27906173
154.1498929
92.62433865
69.95628469
141.343734
54.98530206
34.6465744
81.7875608
171.6346883
66.19408684
83.09890048
138.0092702
152.7704089
144.8871006
258.9120581
116.4363643
84.06605375
173.4478119
73.85912496
54.93896819
50.64532916
102.912845
93.69596623
85.30781501
123.7783835
236.8937944
154.0747089
118.1300152
153.1518202
60.64626992
87.34388953
141.577503
88.2243008
160.9087947
63.46479181
238.4747193
102.2127257
122.1672848
91.87010211
46.23699398
221.9759011
84.90277423
73.2398897
154.7831664
49.49478329
113.8390224
61.98842044
82.14617597
116.4231622
73.17969464
126.6722638
78.63440386
106.2465223
64.82543673
98.43607663
97.9863525
121.318103
73.76726135
104.4669077
55.31176137
82.01481825
66.82365219
114.2817454
37.10092451
77.95545681
312.1532131
149.8753962
222.8344277
51.76752254
61.07113019
66.85066142
81.48262831
69.71147294
75.31809401
76.09041667
40.44146983
43.97274113
116.6833926
88.19949869
153.2724667
172.0029427
47.8784652
60.41085101
67.6958823
169.062105
158.4318515
384.0322419
130.4511724
159.7324068
114.3652058
213.5252132
465.0055072
80.94734124
249.7350161
137.7888931
106.1332287
384.4765615
50.71336472
30.56901242
51.54438124
98.04718576
77.25337896
66.89116364
34.66393601
112.2637057
155.9423076
104.3201104
93.76694264
48.42690247
138.4752595
44.26359168
71.69355761
68.79605979
106.9471158
60.93836149
67.71246655
64.69072035
58.74361267
81.60183792
91.93228693
138.1099305
68.42576073
212.0629679
45.89894006
70.32241595
90.77655788
148.225914
97.10488599
89.40907717
37.87374801
47.94382749
96.92226577
109.6821634
84.23905354
64.16079339
74.04802161
34.37644955
70.95821942
110.5566642
53.95117011
125.7956847
88.51260559
79.43734293
72.40377906
67.08874132
85.61362662
101.3962845
57.25331543
89.6718748
192.4335605
61.69105599
52.73322447
75.72042314
92.03548521
70.71843384
99.21182314
59.62730123
78.32683392
235.1968226
71.46650415
62.45774435
175.8582244
54.22559883
125.7547352
72.58627015
100.4603835
152.4389597
53.47274162
96.4144355
65.19379386
107.3110563
51.65893429
150.1099415
63.38418392
114.9377216
487.7611756
242.0574622
49.9859734
98.94337226
97.44032241
32.0256779
53.44998858
25.19923688
36.54339147
56.11131565
154.0530559
105.8822748
135.4137526
109.327434
154.577565
96.36064652
78.04565302
100.0213704
118.1791957
77.54061457
88.60261335
74.74726632
60.33928293
212.9954187
51.10894483
35.59966577
197.5302592
469.5819244
58.97339176
268.7698339
102.2259898
207.6697677
57.74229488
56.83857737
51.46412702
122.8110888
61.34563234
53.86789157
44.04277528
63.28898374
411.8181475
33.46602304
104.723517
110.8608671
68.4777286
55.95659283
75.86991943
146.1179829
175.4359861
68.5709459
82.51708204
73.86123373
69.38337168
190.5195412
68.07003283
63.23052598
42.80368536
27.02861339
65.77804647
57.22536007
73.90663937
83.04694311
40.26382733
41.94992935
44.95428809
70.27433284
32.46489904
53.12167585
57.65177172
33.47406477
31.11071411
53.53099663
63.21661168
100.3641136
65.43524757
56.486567
42.66422135
174.369183
61.83355683
54.23459095
125.3130578
79.94161438
55.49016689
54.56033759
44.08070269
94.40235835
64.4242034
74.44863986
99.34068077
43.77158848
206.8948068
59.36827424
111.4423801
81.37994991
122.1288046
45.378334
87.1459106
99.66359496
71.3504735
316.7788116
52.40554095
116.1029951
96.01091806
85.39584548
100.3333376
55.06845575
71.00805143
63.19798408
77.67170727
44.79739677
53.11660188
47.67390769
70.99031162
52.70929468
37.63202096
86.07033375
157.9680895
56.881741
57.28091904
59.19817642
153.7098438
121.6447624
68.49069866
72.24019475
11.70190842
103.8914508
62.10484496
37.33791096
87.18906156
53.40620174
1148.302595
57.79370925
79.59396409
27.90038164
53.72641805
72.94584611
40.9326928
66.64621469
253.1996943
120.1942666
107.2999502
150.9819364
38.0818881
70.77356682
165.4300824
56.03399956
67.89491303
211.5300124
110.4658889
185.3187197
42.941053
106.4125362
49.16362329
53.1346771
67.95278394
97.04603195
59.45019874
100.6602975
47.62048272
54.1898577
92.82657614
297.0192423
97.29266981
271.4232199
119.1228535
108.023995
30.48193119
46.85323156
20.29254631
50.83152877
38.47595681
38.16889879
37.258673
17.31462624
69.51999441
51.54884454
40.35463162
23.24521131
60.98490176
32.12564488
25.10303847
67.61424703
105.4783656
168.6974017
24.72428792
28.0428768
22.47864588
34.97585203
18.70239156
67.32376312
32.85250217
39.47594248
69.91528598
23.61569653
67.10557613
30.02736948
49.08727499
59.84754798
29.18154843
62.03039297
77.40997912
44.45137079
59.58734623
81.3122657
58.89639598
108.708938
30.42293443
36.73464595
66.58403268
46.67999493
64.28850623
137.7340287
147.414122
50.01702663
75.41631899
89.54841617
68.43361356
170.3357688
137.3117203
178.8953199
130.2776737
154.0522906
38.08890837
67.8639778
56.04238575
31.37094723
38.48966167
53.32829337
72.90075006
38.51990537
125.4867021
161.4184695
22.62423859
55.21023123
26.64426283
32.24624663
50.16848274
27.08012423
47.35796161
133.3127072
104.3130396
136.5332964
91.55698002
55.98772444
205.5139174
81.34839303
246.3472915
56.22034317
53.32551691
35.80244838
72.36777984
116.0298288
78.15656659
60.09448956
32.69287816
57.70792857
131.7139866
113.4405455
39.5292721
27.00885491
118.0689283
94.49830817
29.2750692
117.1778455
30.21047034
48.72337099
41.28848905
43.08954979
37.57700666
81.25827305
33.68064069
33.1640843
27.43779732
73.77974196
33.10982365
48.26998468
41.85764783
74.39089247
66.7203104
286.162322
93.77628609
28.40641168
133.0766167
31.14605919
26.83376324
50.53232129
36.68109178
206.2630881
71.4299185
48.60078229
19.94994543
48.48060915
52.10002939
35.15926402
39.32920118
85.62989202
44.90408017
113.6395274
40.05630016
46.13193527
47.88645623
39.87875782
92.23073084
40.19777083
53.28199747
59.19437443
29.71219101
46.07349473
46.10506164
50.20004032
155.4496184
112.0182912
12.25596329
40.34562936
141.6075664
31.08543969
29.95641405
22.88531411
24.68444645
45.91719827
46.50775894
46.95570767
119.643727
63.51631871
40.12191514
37.85310262
76.11599195
72.63556665
50.4223111
39.49226543
129.0767635
179.0984052
40.67526088
101.0236165
35.72482279
115.2312424
43.50538601
103.573756
50.76910092
50.13917886
33.95401532
66.11697469
47.95251718
93.84276718
94.58194469
91.62111907
32.85587079
51.00404602
60.88249716
84.82589909
19.16297366
64.0514006
34.63634858
92.92348898
1166.516894
43.95863507
36.70522706
27.76542095
16.02836294
44.6368873
62.61198266
30.69508071
68.06095599
134.1581099
47.14544763
54.51393386
49.15661982
46.81109023
31.75185217
17.48011655
25.14546045
352.0716172
26.88514934
80.18668189
50.3715353
39.03709162
49.38358098
60.54078306
55.97589392
78.1568658
38.02291104
91.74032867
78.84719531
60.89097037
67.01737556
34.79212226
91.15737554
66.73113305
46.425488
43.23529478
38.87699072
89.77621205
76.32587515
22.37952134
69.43792664
43.83028693
49.52860036
29.73756761
33.29687448
47.09138688
28.70735501
49.49808256
34.34418815
21.15646004
26.50985701
50.75531979
52.25153499
35.43867966
24.04451536
26.85258841
259.6457072
35.2174757
168.5299803
54.41956248
24.37910416
22.74465939
66.67133024
347.348711
27.87997388
28.24090262
29.45741203
39.62709101
130.0115158
36.11998498
45.12919128
43.3646526
36.53436427
45.21882439
51.64758813
41.2940519
57.65737107
142.3188204
10.19904361
23.64373304
60.80874934
19.32148041
53.64155533
67.03318449
41.81509445
44.58725617
34.79841171
84.15582454
67.58960937
48.00277784
30.37774718
40.46666668
58.92762671
13.27589478
30.08005238
21.79208443
18.23077566
24.52074755
31.3988181
27.38322666
47.62205303
29.52031364
29.87493818
11.50110133
63.89068469
65.35460724
30.70496959
20.57849651
78.3684419
32.35139163
43.900062
43.31838681
34.69755654
139.1579447
27.13088881
61.89832607
24.42366663
35.51286707
23.92091583
38.12361975
46.64254867
75.47099854
20.04859458
63.47433267
35.0406981
56.48990145
127.7305954
64.01922935
17.76243418
35.28308525
18.78904218
23.19168002
41.08506041
37.18699121
24.53808639
12.74261464
38.61182894
280.0813595
166.5919694
70.18635825
44.2839502
29.13741994
134.6449302
26.75341525
64.95764416
73.81048394
49.72914457
28.90454808
34.14003491
42.68023594
93.3765122
115.645514
32.09596849
35.17292876
53.49837997
46.43601818
143.3685947
70.39186844
52.81259397
35.61297544
18.32931705
68.85221961
33.98773488
36.71532406
23.82728853
19.7887796
143.6350005
34.81267705
71.03014236
31.834829
284.4992491
35.60934269
79.35379898
41.79743566
56.15714672
43.05886631
49.56087056
16.16592647
186.5252583
25.51062562
39.23378406
29.06053775
32.31612228
36.82270836
23.85388728
17.9372027
42.5586952
47.43121444
35.09353844
27.47534889
185.4360349
20.18140805
35.82727047
47.38963192
18.21461164
44.96640514
129.7892228
54.39067373
388.8057213
123.0035791
335.9220077
143.6497919
27.95954492
48.71308915
40.77150543
145.5718543
46.06312943
21.99307178
118.7764617
34.2593515
14.21007267
21.41651085
39.29892837
26.25530131
32.36828304
51.99502162
20.12738951
34.19204876
183.8684847
73.19696111
23.56907797
32.35617465
252.0778062
17.30385978
