#################################### 
# Matrix Size= (25,25,400)
# Resol      = (1,1,4000)
# VoxelSize  = (25,25,0.1)
# nbVal      = 4000
#################################### 
0.004944800711
0.005449243813
0.005917073883
0.005514041033
0.005429342203
0.005709162046
0.005298900916
0.005604459844
0.005453491516
0.005764118232
0.005206687219
0.005394592388
0.005865897415
0.005610063438
0.005737286323
0.00579014302
0.005516511634
0.005736164284
0.005618205367
0.005853403341
0.005036221521
0.005325915942
0.00569221992
0.005486688455
0.005427340535
0.005336574033
0.00564393068
0.005493856756
0.005270423876
0.005294886811
0.005572938256
0.005241221717
0.006109982808
0.005496330743
0.005534748477
0.005350752358
0.005298090002
0.005709568005
0.005487369268
0.005671495513
0.005698395342
0.00593403083
0.005830431093
0.005545209064
0.005652243199
0.005973523434
0.005463278587
0.005771624539
0.005779156984
0.005608169321
0.005488618675
0.005527043879
0.005689808405
0.005696112088
0.005797221978
0.005504843459
0.005623889668
0.005653557412
0.005617884932
0.005609909221
0.005245100087
0.005337153171
0.005859603951
0.005884734641
0.005418870045
0.005998868793
0.005353613235
0.005375509963
0.005918011147
0.00580288503
0.005824517001
0.005868551667
0.005596913761
0.005797454506
0.00571801932
0.005780084546
0.005749754629
0.005899803324
0.005492357842
0.005774874536
0.005636374531
0.005304645857
0.00555360721
0.005632991382
0.005150386644
0.005349128451
0.005416970854
0.005724157633
0.00617405115
0.006012098289
0.005612064971
0.005539404546
0.00596495819
0.005619026883
0.00562848755
0.005819430412
0.005544358688
0.005881719727
0.005781924931
0.005558215656
0.005261715615
0.005362342521
0.005521804802
0.005500126728
0.005459913131
0.005313663551
0.005409977994
0.005648741956
0.005410724332
0.005510666923
0.005293432129
0.005329899855
0.005472623752
0.005361189618
0.005475996419
0.005068385215
0.005318107886
0.00543764689
0.00547167079
0.005683643505
0.005874745275
0.00558012977
0.006153731357
0.005288231567
0.005619108728
0.005788349766
0.005918356624
0.006006159438
0.005974126906
0.006522977397
0.006095383773
0.005676814344
0.005745783094
0.005558633083
0.005532811335
0.005698080642
0.005910591838
0.005880807354
0.006356394486
0.005983608893
0.006198487369
0.005771846975
0.00563977409
0.005404180615
0.005490256853
0.006075381081
0.00571778735
0.005914482721
0.005755417886
0.005590123655
0.005410511973
0.005474977544
0.005477014719
0.005336610216
0.005848432627
0.00552860737
0.005486285349
0.006023878802
0.005593452882
0.006099873257
0.005888113554
0.005895513955
0.005677916319
0.005614357992
0.005893784473
0.005613654869
0.005709200653
0.005826119922
0.005610764298
0.005635453166
0.005816247271
0.005895279881
0.005836221792
0.005339627152
0.005795998853
0.005778508266
0.005422061081
0.005829065354
0.00585607
0.00562101205
0.005943906315
0.005964971439
0.005944321845
0.005909706749
0.005768661029
0.005597732386
0.005350670373
0.005402129219
0.005472705335
0.005580173723
0.0054561065
0.005699672852
0.005683520003
0.005682554347
0.005872403284
0.005944848319
0.005843212898
0.005725540664
0.005766030379
0.005799083544
0.00557402168
0.00533288076
0.005586717581
0.005522371834
0.005692631303
0.00567772879
0.006018503527
0.005633024005
0.005660485297
0.005807823671
0.006094914678
0.005392466382
0.00592669985
0.005765419699
0.005424294889
0.005701890895
0.005641647096
0.005806152756
0.005652298674
0.005620033887
0.006007470908
0.005422108583
0.005626455928
0.005457027784
0.00573666956
0.005415897909
0.005616160917
0.005866622548
0.005521204953
0.005946934595
0.005577113532
0.005653072014
0.00533218245
0.005576332421
0.005708298849
0.005635029163
0.005279960389
0.005473471918
0.005504157075
0.005802382149
0.005689626773
0.005865839355
0.005566347769
0.005459412497
0.005375067332
0.00548365084
0.005677694528
0.005818016231
0.005905471116
0.006186984334
0.005702536656
0.005794410536
0.005570256523
0.005746527134
0.005598315633
0.005843790325
0.005891249762
0.005527373683
0.006125569892
0.006292282844
0.005446592943
0.005272807982
0.005319214473
0.005513037727
0.005666357093
0.005794000898
0.005985187437
0.00562443659
0.005931528502
0.005954988056
0.005561497549
0.005519117493
0.006079724228
0.005945774497
0.005529732984
0.005664199425
0.005379421105
0.005544475117
0.005573204757
0.005963812121
0.005675966986
0.006027744481
0.005692662895
0.005620163897
0.005429894056
0.005393749505
0.005528476236
0.00566055203
0.005448852029
0.005990944788
0.005703145332
0.005775373157
0.005679340641
0.005920969671
0.00602848911
0.005896926004
0.005719547462
0.005401418715
0.005833360817
0.005914796348
0.005867137989
0.005501014235
0.005515741976
0.006158596561
0.005594088884
0.005741151513
0.005473491439
0.005617517116
0.005311269132
0.005747588183
0.005533081301
0.005926132178
0.005524871621
0.00580325304
0.005971130982
0.005571170904
0.00596103403
0.005777675467
0.005718391059
0.005559232315
0.005506849633
0.005606464725
0.00577135205
0.005648288729
0.005686300339
0.005447141979
0.005623203716
0.005522704454
0.005457712389
0.006064392846
0.005552729967
0.005855771895
0.005666712584
0.005833458262
0.005957724583
0.005492016374
0.006065281078
0.006182893024
0.005609470053
0.005620816265
0.005647042667
0.005702391517
0.005409544936
0.005470336634
0.005625220962
0.005742759855
0.005775486849
0.005889170557
0.005627351714
0.005485656946
0.005229163281
0.005598857917
0.005522352591
0.005778579601
0.005755152918
0.005935453538
0.005686388877
0.005366755459
0.005428690447
0.005324279673
0.00571875444
0.005523001115
0.005332695747
0.005417574346
0.006282951797
0.005848990684
0.00577542268
0.005512666805
0.006277457428
0.00592885615
0.005959733672
0.006378540368
0.006003429342
0.005732460756
0.005439097018
0.005735317264
0.005899943777
0.005657709871
0.005413659373
0.005771733766
0.006029552357
0.005867952916
0.005671953064
0.0055785849
0.005603824482
0.005764255051
0.005345981311
0.005617102296
0.005519386044
0.005854043488
0.005821610571
0.005598906872
0.005612461164
0.005782394112
0.005809271751
0.005452155603
0.005800921207
0.005869882366
0.005958467392
0.005770654688
0.005764369596
0.00569456188
0.005754598807
0.00585761747
0.0062539168
0.005717424621
0.005450792036
0.005787900901
0.005516328962
0.005410802515
0.005638021424
0.005470665124
0.00577427335
0.005838689329
0.005718875019
0.005722206197
0.005477105018
0.005703229705
0.005728313465
0.005788588272
0.005793900483
0.00561178249
0.005784121138
0.005658834303
0.005747765986
0.005567995411
0.005508210253
0.005787891331
0.005608402803
0.005517538742
0.005574967023
0.0056167715
0.006329247077
0.005606863154
0.005788115983
0.005722765373
0.005800647552
0.005676933995
0.005657406436
0.005514856701
0.005696383099
0.005542950492
0.005703359751
0.006020594122
0.005317819882
0.005657241406
0.005463692253
0.005699351509
0.005351240291
0.005825844324
0.005658483226
0.005649107507
0.005735468749
0.005468021023
0.005606176592
0.00605559082
0.005640694986
0.005632181709
0.005566425001
0.005619858335
0.005349630995
0.005711769421
0.005385658436
0.006271822385
0.005523283648
0.005825092091
0.00583994863
0.005812968302
0.005639547578
0.005450465038
0.005530617947
0.005610862513
0.005597401203
0.005801568381
0.005481888174
0.005371795737
0.005824153683
0.005753886257
0.005882966611
0.005552107873
0.005536628468
0.005566913386
0.005381341229
0.005593673094
0.00608939925
0.005291074008
0.005590059866
0.005448913378
0.005724860684
0.005458020968
0.005603133102
0.005747319173
0.005795938234
0.005420005581
0.00569888142
0.005660356419
0.005705793691
0.005532778997
0.005721171077
0.006178760789
0.00553435393
0.005523636929
0.005505271374
0.005538981439
0.005616861395
0.006018709412
0.005851682268
0.005463830885
0.005593898342
0.005541499979
0.005436511947
0.005802439432
0.005824433228
0.005517333149
0.005985978991
0.005554225637
0.005653631483
0.005518881624
0.005548256581
0.005546814762
0.00557150628
0.005845060255
0.00572185386
0.005979991097
0.006047890603
0.005962642714
0.005723766101
0.005647285201
0.005768664617
0.005663081374
0.005843938714
0.005329846291
0.005464862374
0.005834020125
0.005894831492
0.005633540714
0.005693342572
0.00591944628
0.005496922429
0.005517026066
0.005391043775
0.005767193717
0.005500687777
0.005954864861
0.005899350414
0.005875166406
0.005560913178
0.005811601311
0.00587202866
0.005885699834
0.005763546114
0.005682547993
0.005477133258
0.005485811127
0.005367792559
0.005508119514
0.005608109482
0.005388754725
0.005468707384
0.005780423122
0.005513015415
0.005631487923
0.006045294502
0.005449097144
0.005591506807
0.005665733563
0.005590450726
0.005753344437
0.00592224307
0.005884655419
0.005313040502
0.005385765756
0.005675886838
0.005960315865
0.005688662693
0.005614254304
0.005803001071
0.005297954823
0.005526518669
0.005607690224
0.005672722097
0.00567818209
0.005733478693
0.005620302436
0.005389788641
0.005437367563
0.005348724809
0.005664218769
0.005572367744
0.005811966935
0.005870208491
0.00544713258
0.005705931503
0.00589045937
0.006272487769
0.005656586783
0.005607442971
0.005653114015
0.00568942409
0.0057639907
0.005291010563
0.005508745175
0.005633680226
0.00576831416
0.005544912882
0.00563940488
0.005655696214
0.005987182321
0.005543502247
0.005565737096
0.006001650939
0.005593664165
0.005610524972
0.005562557657
0.005857473322
0.005795542877
0.005747296389
0.005480737886
0.005633700781
0.005930029311
0.005675232314
0.00578358065
0.005678096916
0.005502657258
0.005367375675
0.00563318327
0.006168848588
0.005703807668
0.005712341617
0.005933961441
0.005740341187
0.005604431364
0.005256385388
0.00570190109
0.00529484798
0.005656411123
0.005761660051
0.005541773017
0.006077748911
0.00592121712
0.00546228218
0.005827358767
0.005523819237
0.005556623488
0.005905212446
0.005565852
0.005651217173
0.005516668103
0.005664312156
0.005459899302
0.005519755083
0.006091050106
0.005958248615
0.005750362091
0.005510812664
0.005774375252
0.005633003866
0.005737756113
0.005484826716
0.005665887091
0.005787526013
0.005749812644
0.005760785705
0.005467964706
0.005391951491
0.005581054441
0.00569634286
0.005747622408
0.005439869299
0.005482526541
0.005910788471
0.005708307901
0.005675958567
0.005644688557
0.005867119693
0.005631144283
0.00579141877
0.005753003709
0.005917383926
0.005500111992
0.005638865342
0.005621731401
0.005603601054
0.005591661637
0.005409291161
0.005530594748
0.005708699574
0.005631010112
0.005769783265
0.00560202373
0.005551904589
0.005742279376
0.00575821233
0.005850451891
0.005480358587
0.005532401364
0.005563523037
0.005736369743
0.005828043386
0.005472912929
0.005852289948
0.005548823548
0.005890212463
0.005614688398
0.005549955184
0.005563494566
0.005477575897
0.00533857678
0.005977171946
0.005730657472
0.00575835762
0.005804510745
0.005991965579
0.005825086369
0.00543090688
0.005438554327
0.005924308659
0.005755536586
0.00553855388
0.005639400826
0.005620115071
0.005852409704
0.005643242075
0.005748502348
0.005694442152
0.005619613004
0.005481015278
0.005645083978
0.005551979947
0.005673739281
0.005427515853
0.005542910878
0.005722589733
0.005669776021
0.005317553374
0.00550322048
0.005524455099
0.005647689232
0.005813230418
0.005874363615
0.005550515904
0.005451943139
0.005647075876
0.005908845644
0.005667275457
0.005259688318
0.005887985934
0.006086680972
0.005995824326
0.005523494199
0.005600233781
0.005427678421
0.005635744268
0.005538454298
0.005483927768
0.005571649346
0.005469035173
0.005419630931
0.005585356232
0.005918629872
0.005545309725
0.005509061739
0.005479276956
0.005388258964
0.005608616621
0.005916204665
0.005433975989
0.005394839162
0.005180013339
0.005533386486
0.005814741412
0.005771691015
0.005717289828
0.005734312397
0.005400885233
0.005446444786
0.005462415692
0.006037180089
0.005649603839
0.005526451551
0.005561870929
0.005547829702
0.005407899764
0.005651332638
0.005468063017
0.005726747893
0.005351361443
0.005532914347
0.005705154206
0.005532347762
0.005488163879
0.005623171854
0.005952632219
0.005585960809
0.005417043908
0.005548583416
0.005346808433
0.005307470736
0.005491703927
0.005493177613
0.005662749372
0.005713280457
0.005941460342
0.005709712859
0.005817959838
0.005552639165
0.005448065622
0.005490050225
0.005686457173
0.005722287617
0.005410901726
0.005431672507
0.00556280581
0.005738785946
0.005700010063
0.005901036844
0.005735789242
0.005760877164
0.00583320186
0.005735252623
0.005486799367
0.005722023229
0.005533768585
0.005879427242
0.005893056418
0.005668735529
0.005910217039
0.005716987786
0.006187387341
0.005662213109
0.006041608338
0.005915510429
0.005449109514
0.005627927796
0.005567882572
0.005618647771
0.005595087951
0.005571125418
0.005417539423
0.005852824488
0.005817113943
0.005844339337
0.005809458266
0.00597066502
0.005776971258
0.005684441223
0.005629118695
0.005608893913
0.0056974344
0.005685101395
0.005689979275
0.005532284196
0.005607428879
0.00572823488
0.005456381525
0.005413647766
0.005425510959
0.005967105885
0.005901361425
0.005788993628
0.006008618863
0.005833412321
0.005509978055
0.00545914054
0.005409127629
0.005987767666
0.00556662626
0.005550128345
0.005669027397
0.005613531059
0.005529552117
0.005596305528
0.005571173622
0.005980896996
0.005647236647
0.005555532304
0.005661653072
0.005616079021
0.005812073807
0.005478993334
0.005714067208
0.005408328795
0.005534716015
0.00591328426
0.005726155481
0.005672362274
0.005706209752
0.005680837964
0.005820298255
0.005618696582
0.005619821898
0.005854353923
0.005606629514
0.00593065212
0.005760552936
0.005809244731
0.005914728197
0.005802332236
0.005552564522
0.005618539139
0.005522587382
0.005683520857
0.005322316219
0.005861419706
0.005547848807
0.006114423042
0.00572818097
0.005594313856
0.005593346759
0.005861425928
0.005795762047
0.005675448898
0.005422522589
0.005488034398
0.005579006976
0.005767771319
0.005677233152
0.005480682459
0.005519435294
0.0056894731
0.005655435292
0.005721558783
0.005391031721
0.005379860307
0.005398642245
0.005324703657
0.005509680026
0.005511798437
0.005729792407
0.005555539008
0.005571024641
0.005501116057
0.00534372324
0.005330827187
0.005444753404
0.005505164911
0.005377529907
0.005854100721
0.005727980392
0.005735934487
0.005424068603
0.005784217672
0.005506334554
0.005423501611
0.0057301993
0.005716837724
0.005818901372
0.00586868774
0.00550972017
0.005603213345
0.005597627131
0.005452905739
0.005392529895
0.00530488636
0.005582206077
0.005815815461
0.00562213389
0.005789494964
0.005396010762
0.005610365996
0.005396592552
0.005758734248
0.005435081325
0.005567266527
0.005458577671
0.006126201519
0.00553126843
0.005690014975
0.005579943283
0.005439155678
0.005460111585
0.006053257214
0.005453117011
0.005705489327
0.006112556344
0.005513066873
0.005658070087
0.005484305641
0.005591436677
0.005563804508
0.005559338459
0.005686034709
0.00539732776
0.005541884592
0.005592098081
0.005462221985
0.005830704419
0.005318093314
0.005593711104
0.005782694932
0.005807576352
0.005537402395
0.005776947901
0.005712576894
0.005665019632
0.005637603442
0.005605316587
0.005475768656
0.005976095359
0.005374623666
0.005798851669
0.005613827499
0.005647918984
0.0054059532
0.005831911049
0.005729547304
0.005561208585
0.00564352741
0.005720372486
0.005779571447
0.005453279118
0.005456803013
0.005707741171
0.005550904593
0.005606178036
0.005422250729
0.00579633686
0.005357958401
0.005638263213
0.005682946803
0.005486265175
0.005532854419
0.005801888545
0.005632156113
0.005648197038
0.005407772926
0.005486950224
0.005911560324
0.005593421573
0.005341962569
0.005469058178
0.005559017166
0.00581619277
0.005637467611
0.005604777933
0.005527463538
0.006085267159
0.005534372705
0.00554647053
0.005481457811
0.005514294264
0.005546866016
0.005555125371
0.005536267383
0.005739217702
0.005695100604
0.0056023595
0.00545196094
0.005791784387
0.00585987027
0.006099374092
0.005535605427
0.005709453888
0.005620618181
0.005479575146
0.005525532382
0.005770293992
0.005828673834
0.005534951638
0.005475879374
0.005710009301
0.005486341569
0.00551616912
0.005820789642
0.005672254302
0.006018689392
0.00557349765
0.005548545539
0.005583299386
0.005412693969
0.00552973605
0.005753573476
0.00604757213
0.005928941613
0.005498361863
0.005856178326
0.005388497462
0.005809836434
0.005679246964
0.005689995001
0.005600089602
0.005919487391
0.005428679294
0.005509024133
0.005584592876
0.005712123946
0.005748578568
0.0055133253
0.005679854336
0.005460923958
0.005634102312
0.005793356776
0.005469887613
0.005862085707
0.005605131543
0.005455103551
0.005534154741
0.005960266409
0.005685606682
0.005780225607
0.005445460335
0.005536410101
0.005641835626
0.005699133356
0.005616170016
0.005638744854
0.005702037985
0.005648967217
0.005706408924
0.005744381052
0.005591398724
0.005543777958
0.005378769679
0.005409484439
0.005898054908
0.006232752317
0.005685496365
0.00575665116
0.005428816339
0.0056568392
0.00561443852
0.005747083928
0.005545933358
0.005573380983
0.005490950454
0.005404658084
0.005591511217
0.005720433658
0.006023856533
0.005552433193
0.005845505305
0.005807831598
0.005641858738
0.005706110674
0.005436551526
0.005664195265
0.005535860521
0.006032423842
0.005598554417
0.005524830419
0.005619573744
0.005821556121
0.005739001834
0.005703733327
0.005456178246
0.005686344476
0.005635386251
0.00557693613
0.006079212808
0.006086010286
0.005569508622
0.00586727093
0.005761591204
0.005630410915
0.005348799489
0.005661245333
0.005441898026
0.005537283875
0.005770426261
0.005430001875
0.005761115685
0.005357002586
0.005831853205
0.00562519248
0.005652527948
0.005544497454
0.00551000692
0.005741205482
0.005556773804
0.005513942906
0.005882842748
0.005549105183
0.005707166133
0.005551009355
0.00536462078
0.005583858234
0.005614421227
0.005504495648
0.005892695301
0.00550474507
0.005596401724
0.0053711797
0.005730547994
0.005381431899
0.005674299654
0.005885935526
0.005616154525
0.005795543418
0.005824215977
0.005563254715
0.005413589506
0.005462637806
0.005754835416
0.005961387495
0.005594663745
0.005557257079
0.005650782597
0.005762472168
0.005725460924
0.005578080541
0.005580864271
0.005880443002
0.005552769858
0.005731291562
0.005497188944
0.005411699173
0.005383782081
0.005317943516
0.005441863338
0.00551187877
0.005666649448
0.005432671584
0.005508852982
0.005857264555
0.00571856528
0.005687711535
0.0059230389
0.00565927202
0.00538332284
0.005566034493
0.005587390233
0.005601775147
0.005593153266
0.00556682446
0.00557703837
0.005483706669
0.005460557001
0.005816175927
0.005768909323
0.005679204462
0.005468606285
0.005739832229
0.005462316835
0.005587483817
0.005526064865
0.005606926435
0.00554295521
0.005747372633
0.005744845148
0.005670246116
0.005716475377
0.005747091047
0.005486352897
0.006074331017
0.005496654082
0.005584572431
0.005623196187
0.005701489283
0.005687528757
0.005435052029
0.005575438487
0.005533250103
0.005522029922
0.005781579365
0.005607360304
0.005687000717
0.005460369641
0.005506437967
0.005408053873
0.005571335321
0.005598453936
0.005522075381
0.005842242208
0.005545662689
0.005594728838
0.005701353
0.005681350205
0.005462564125
0.005594582487
0.005698320964
0.005547879537
0.005624989735
0.005516149276
0.005405772062
0.005389229651
0.005583238984
0.005930973369
0.005519092965
0.005480383436
0.005493668347
0.005471562919
0.005536076792
0.005795253173
0.005622651196
0.005445921334
0.005500874067
0.005848797895
0.005509839551
0.005717061723
0.005492206871
0.005815604669
0.005646914903
0.005441599521
0.005813396459
0.005458915241
0.005586596653
0.005619915649
0.005794778969
0.005479876929
0.005576329694
0.005478749423
0.005474409984
0.0056734024
0.005574680821
0.005853218155
0.005496853715
0.005696428014
0.005670148642
0.005509180704
0.005731528506
0.005561189552
0.005629568503
0.005601285416
0.00556494704
0.005817997556
0.005723341806
0.005411662217
0.005742852175
0.00558438518
0.005519482037
0.005913315312
0.005567823093
0.005604343942
0.005525147082
0.005674391161
0.005646196496
0.005634621819
0.005593700973
0.005720549102
0.005762435337
0.005741765476
0.005631832978
0.005687313934
0.005532624224
0.005526947881
0.005505986275
0.005783811757
0.005561519239
0.005803322959
0.005529597348
0.005468752843
0.005712637528
0.005866680965
0.005405500162
0.005535215472
0.005594745139
0.005445785665
0.005592659022
0.00552601553
0.005500718664
0.005509307495
0.005466413033
0.005467869261
0.005451504177
0.005556623825
0.005774100038
0.005716329049
0.005476712223
0.005679424662
0.005479193346
0.005663679098
0.005649141707
0.005481497324
0.005555282923
0.005509813479
0.00569337653
0.005806510126
0.005568020171
0.005553198808
0.005501795605
0.005750767197
0.005891767047
0.005815331372
0.005506622939
0.005553640064
0.005687689888
0.005560587247
0.005561492282
0.005589413105
0.005478826137
0.005669176474
0.005926275742
0.00578285681
0.005573309226
0.005631648357
0.005673988784
0.005561121365
0.005596328424
0.005546727885
0.005607039152
0.005660797643
0.005766525803
0.005988625759
0.005948040772
0.005745506603
0.005690462763
0.00566664914
0.005709096754
0.005709455667
0.005395992681
0.005756567294
0.005613922962
0.005629764575
0.005472480816
0.005393205827
0.005606873697
0.005533527242
0.005652170136
0.005670665235
0.005616506049
0.005517279145
0.005563806247
0.005712374556
0.005532942054
0.00581823501
0.005645673665
0.00561666942
0.005842671167
0.005677143386
0.005448273635
0.005767245882
0.005691400081
0.005479900872
0.005679703297
0.005530321536
0.005485504871
0.005665095938
0.005552231154
0.005510849046
0.005675710823
0.005662870803
0.005530876834
0.005735547004
0.005499436264
0.005696677885
0.005987037244
0.005785232328
0.005587018206
0.005634593047
0.005601156032
0.005666466619
0.005639953877
0.005499513892
0.005706944765
0.005512034677
0.005594225041
0.005831027802
0.005787497714
0.005723376325
0.005518465655
0.005586347335
0.005630436279
0.005578836712
0.005684120689
0.005568229573
0.005557612478
0.005553790809
0.00538688505
0.005826325747
0.005714169493
0.005964523225
0.005618154402
0.005775015175
0.005626864412
0.005811146244
0.005937025083
0.005663169087
0.005648663369
0.005938260809
0.005609413294
0.00567184582
0.005603254595
0.005427028459
0.006110617589
0.005463676938
0.005569872741
0.005830449894
0.00541068907
0.00543575386
0.005711776674
0.005781199966
0.00569821642
0.005638031668
0.005486364286
0.005727143135
0.005554751562
0.006119161553
0.005737014754
0.005643427218
0.005560275574
0.005638726125
0.005865454239
0.005619810614
0.00547028747
0.005740289284
0.005771696095
0.005642112879
0.005525169607
0.005818766216
0.005606487168
0.005385379104
0.005704329589
0.005602264385
0.005752925719
0.005589461506
0.005756219054
0.005889832836
0.005640182175
0.005682509394
0.005446667079
0.005665636266
0.005477210422
0.00562126813
0.005643714158
0.005622929739
0.005663450717
0.005735876055
0.005445692432
0.005539755566
0.00546319209
0.00551242348
0.005483145867
0.005558746566
0.005508078143
0.005684230122
0.005435352504
0.005503074416
0.005844226841
0.00549997738
0.005415894188
0.005545475828
0.005577069339
0.005653050636
0.005623132549
0.005858572654
0.00579131615
0.005706590814
0.005715090565
0.005870327672
0.005607386209
0.005540224163
0.005713122237
0.005738208204
0.005509216477
0.005521199741
0.005914803561
0.005699397632
0.00573944422
0.005800840386
0.005720231768
0.0057040066
0.006015804294
0.005713026298
0.005623253931
0.005531883633
0.005688422052
0.00556799276
0.005587814744
0.005544621604
0.005556655519
0.005701681465
0.005499159284
0.005773347737
0.005495107524
0.005620968208
0.005543307616
0.005616955416
0.005417838846
0.005574104094
0.005513949304
0.005479535987
0.005774930564
0.005874718981
0.005577975371
0.005637754631
0.005578611811
0.005837907137
0.005595072735
0.005492369784
0.005513899418
0.006042993805
0.00572132729
0.005734566522
0.005596693754
0.005681282433
0.00563890126
0.005658618044
0.005396855031
0.005474300147
0.00562797603
0.005950253069
0.005691754862
0.005516395618
0.005535190219
0.005385789308
0.005578103524
0.005649386737
0.005650496579
0.005387046439
0.005563518782
0.005702108276
0.005890208138
0.005547777385
0.005509641196
0.005669354334
0.005935736907
0.005681913447
0.00562212148
0.005621238844
0.005717084204
0.005506552859
0.006389688842
0.005580922525
0.005363455862
0.005605729876
0.005616054668
0.005759189992
0.005617769694
0.005666586526
0.005589763745
0.005453366125
0.0055398711
0.005420957867
0.005560696951
0.005574908366
0.005561305481
0.005450017512
0.005565139766
0.005672995416
0.005938900026
0.005460430197
0.005595258864
0.005437464805
0.005577130132
0.005570081298
0.005730957762
0.005626491579
0.005768179688
0.005638422106
0.005590330689
0.005617370611
0.005382986676
0.005690329319
0.005613603098
0.005710239211
0.005447275966
0.005532829732
0.005601336902
0.005751956186
0.005597701446
0.005666184606
0.005475985301
0.005444404542
0.005546632955
0.005469836986
0.005619015079
0.005573152585
0.005633367281
0.005638910558
0.005526045728
0.005817840782
0.005602099949
0.005615774359
0.005634334197
0.005693167602
0.005563962204
0.00582721842
0.005682084779
0.005781978903
0.005898619948
0.00561523802
0.005587506708
0.005861136441
0.005692987566
0.005555476467
0.005638564711
0.005687564275
0.005762956363
0.005590709265
0.005605722676
0.005627930151
0.005497766268
0.005457561217
0.005636079515
0.005717216361
0.005540565883
0.005564529493
0.005770122329
0.005631937641
0.005633931329
0.005425199092
0.005540042178
0.005703012452
0.005566865324
0.005586312377
0.005485615778
0.005368584589
0.005615614723
0.005530248729
0.005692583712
0.005491980963
0.005424718613
0.005585694724
0.005852418049
0.005502401426
0.005839098368
0.005602288354
0.005778610599
0.005556057017
0.005820090303
0.005851428117
0.005627482152
0.00579734133
0.005745658004
0.005420866643
0.005632530677
0.005693236974
0.005678803119
0.005838928602
0.005474891481
0.005750647378
0.005705631984
0.005671443616
0.005428030736
0.005406368768
0.005720994944
0.005611330298
0.005675610896
0.005590564326
0.005610879611
0.005452790976
0.005486734371
0.005472363808
0.00542668474
0.005593359517
0.005700087466
0.005669440119
0.005493450943
0.005535995081
0.005539103851
0.005663486478
0.005534157565
0.005628725495
0.005448048778
0.005448629411
0.005726080882
0.005505058704
0.005585017874
0.005630740756
0.005820613832
0.005467943423
0.005617412824
0.005734726545
0.005715382366
0.005595372771
0.005724078117
0.005825001301
0.005783093889
0.005467902253
0.0055455026
0.005541362499
0.00548033279
0.005449101646
0.005654222483
0.005504989566
0.005631186381
0.005627918175
0.005707574577
0.005879245909
0.005570295619
0.005765855832
0.005404419106
0.005614634363
0.005484566505
0.005474407738
0.005504852568
0.005863680422
0.005604590827
0.005579039613
0.005413838161
0.005646574133
0.005530127131
0.005654931039
0.005741132265
0.005560884928
0.005553975322
0.005743065747
0.005675029183
0.005722708858
0.005767133002
0.005546555118
0.005570840076
0.005570136772
0.00562739348
0.005392326178
0.005631149347
0.005528090898
0.005588360174
0.005549640143
0.005460505229
0.005619368666
0.005725532006
0.005578242587
0.0057742102
0.005507551387
0.005494508176
0.005528048301
0.005639176805
0.005543702321
0.005496215842
0.005522172987
0.005612907851
0.005509240752
0.005899470576
0.005579736952
0.005617873529
0.005556163792
0.005472620831
0.005795563346
0.005495368837
0.005501570121
0.005709813221
0.005843990621
0.005314917142
0.005520625541
0.005456202699
0.005700778437
0.005630802101
0.005664016562
0.005610590851
0.005558252525
0.005772637233
0.005538209563
0.005714728945
0.005591467216
0.005752919598
0.00588843977
0.005594008923
0.005573360604
0.005519627781
0.005729144943
0.005914416723
0.005726863348
0.005651120546
0.005497351513
0.005589872743
0.005714762868
0.00550479816
0.005659544877
0.005541160733
0.00583598842
0.005601219805
0.005567051814
0.005519031138
0.005730878072
0.006042469509
0.005374980441
0.005700018269
0.005375365522
0.005543723241
0.005522310295
0.005577561538
0.005480237894
0.005523792345
0.005516642075
0.005447237718
0.00550000309
0.005810236218
0.00578984533
0.005423722791
0.005527498476
0.005808349543
0.00560280757
0.00553824479
0.005569897552
0.005408677624
0.005465890955
0.005594509497
0.005463693669
0.005649424296
0.005668952276
0.005659224492
0.005623230778
0.005634496611
0.00556715688
0.005570338009
0.005542515349
0.005628545713
0.005747070337
0.005775481412
0.00557106358
0.005612172948
0.00568290281
0.005575628792
0.005471841492
0.005535163716
0.005520485233
0.005795536166
0.005565988561
0.005416749294
0.005515082384
0.005690904346
0.005740731435
0.005595295644
0.005444523731
0.005541845793
0.005495326053
0.005535191418
0.005456422504
0.00546707507
0.00547903732
0.005396802739
0.005577249642
0.005600893267
0.005518906748
0.005589830387
0.005446303452
0.005623669495
0.0055539857
0.005415022973
0.005654953931
0.005453502953
0.005645174746
0.005415896584
0.005517407592
0.005354609936
0.005593909835
0.005656446053
0.005572125376
0.005537048408
0.005524209857
0.005491666361
0.005660632127
0.005518480028
0.005468367717
0.005654703649
0.005560939448
0.005472923718
0.005538102931
0.005549846549
0.005550443638
0.005721762077
0.005582941962
0.005579232307
0.005521234843
0.005690244532
0.005587230741
0.005453250897
0.005577744347
0.005505161649
0.005558096257
0.005522419837
0.005725586674
0.005418489243
0.005532190049
0.005602330157
0.005576705877
0.00548983688
0.005536296447
0.005556121216
0.005413222956
0.005586103916
0.005490653681
0.00571091358
0.005446996746
0.005497582626
0.005496405654
0.005548288649
0.005739617615
0.005747180287
0.005602832193
0.005726938159
0.00566371195
0.005549359593
0.005598405308
0.005681649185
0.005624948134
0.005518988109
0.005556689696
0.005438701325
0.005457770396
0.005481155987
0.005594041712
0.005502174735
0.005660046031
0.005643020054
0.005675973
0.005660637495
0.005773051748
0.005523925098
0.005683023779
0.005651861812
0.005632867112
0.005768907987
0.005661933599
0.005716233693
0.005638703216
0.005641009857
0.005676550191
0.005727613615
0.005593506622
0.005739219151
0.005611291788
0.005665321985
0.005866762057
0.005551059186
0.005554643791
0.005564523113
0.005468799062
0.00566941019
0.005584037647
0.005565636957
0.005566553825
0.005407894232
0.005508471753
0.005554375389
0.00557697748
0.005626067153
0.005502368029
0.005665685533
0.005555829325
0.005508713509
0.005775583158
0.00570918112
0.005696994348
0.005778290223
0.005576213689
0.005617339264
0.005515481319
0.005505344069
0.005799578332
0.005460722839
0.005434835725
0.005512723958
0.005732640076
0.005689884071
0.005741519005
0.00578966064
0.005596959852
0.005686659007
0.005836165333
0.005536165638
0.005474383263
0.005528643011
0.005548910881
0.005588158459
0.005531764033
0.005547317635
0.005497733828
0.005518406525
0.005620533906
0.005690395317
0.005543345011
0.005722430322
0.005539606112
0.005554928705
0.005615418848
0.005495206842
0.005514090474
0.005651093306
0.005631892209
0.005772363958
0.00556957404
0.005570865071
0.00574588087
0.005633162639
0.005620001067
0.005770068949
0.00558162565
0.005791994181
0.005655069459
0.005562430193
0.005642166078
0.005582810526
0.005516220871
0.005439971027
0.005557644342
0.005556461577
0.00563250939
0.005664457444
0.005487613283
0.005785421982
0.005479793846
0.005401890111
0.005812029968
0.005492454512
0.005690941593
0.005697743007
0.005452340368
0.005677153663
0.005644826574
0.005672913438
0.005575644896
0.005557896224
0.005532613503
0.005558365967
0.005527818769
0.005508048813
0.005509204082
0.005651246656
0.005814991394
0.005684998717
0.005722829415
0.005433424777
0.005886949232
0.005618021673
0.005420962028
0.005389201989
0.005778354678
0.005565265132
0.005614724345
0.005504459852
0.005441043813
0.005701403531
0.005410999121
0.005491352176
0.005493199627
0.005672888211
0.005521369276
0.005424194328
0.005576536786
0.005454577744
0.005481662732
0.005709990581
0.005557183185
0.005495175352
0.005679081645
0.005523652468
0.005654171187
0.005493797732
0.005521924826
0.005688836609
0.00554931693
0.00547430832
0.005603806622
0.005614461674
0.005497105971
0.005734495957
0.005928497399
0.005657988893
0.005670494262
0.005552235725
0.00569241789
0.005620455812
0.005575604514
0.005700490128
0.005864893102
0.005496985486
0.005683828047
0.005751933914
0.005928302304
0.005612641829
0.005387832562
0.005664207763
0.005742718171
0.005642664576
0.005674136825
0.005811938947
0.005668677841
0.005595620011
0.005592652821
0.005534527541
0.005501416612
0.005532166055
0.005613539615
0.005500133538
0.005535246921
0.005596424758
0.00560787305
0.005643089924
0.005509959307
0.005563523283
0.00555036437
0.005689540244
0.005539582674
0.005524709217
0.005509779585
0.005529688721
0.005576385105
0.005729440931
0.005712528828
0.005506387217
0.005561061948
0.005614927352
0.005531068769
0.005505137667
0.005487266929
0.005549605077
0.005563521941
0.00560456661
0.005488491296
0.005499618912
0.005482600042
0.005493606472
0.005994758358
0.005588406316
0.005619226025
0.00575354856
0.005534762697
0.00577141463
0.005564367847
0.005556067903
0.005432456995
0.005508074164
0.005624112646
0.005575194428
0.005549652384
0.005618438776
0.005707784246
0.005532805948
0.005512213656
0.005642630099
0.005713606156
0.005601705562
0.005743696743
0.005588388958
0.005619930347
0.005519779706
0.005450580228
0.005564524921
0.005558798363
0.005609579239
0.00570326767
0.005626370106
0.005526586183
0.005819916582
0.005708547371
0.005680210323
0.005589431765
0.005508718686
0.005537564787
0.005526653334
0.005691993658
0.005590476082
0.005687704321
0.005839809999
0.005598023601
0.00557214787
0.00568867151
0.005694734004
0.005558811333
0.005718939958
0.005670671055
0.005642441049
0.005707224898
0.005649969894
0.005670693555
0.005678188895
0.005468430099
0.005531483612
0.005586403602
0.005534866026
0.005581782063
0.005535652075
0.005567599667
0.005538475821
0.00566212904
0.005634153152
0.005600403607
0.005618269159
0.005448513917
0.00552826773
0.005769163216
0.005573752738
0.005652066135
0.005535175904
0.005542046602
0.005699488678
0.005573383513
0.00555017471
0.005611264749
0.005494926055
0.005634649986
0.005525214212
0.005627885604
0.005481203283
0.005689547251
0.005607046335
0.00567503121
0.005561075072
0.005678290726
0.005475952641
0.005730445069
0.005619046999
0.005513132236
0.005574951003
0.005527631832
0.00558720262
0.005629620075
0.005777831138
0.005549403685
0.005586276925
0.005527807371
0.005635882548
0.005676610386
0.005674496494
0.00592736869
0.005641209843
0.005571092534
0.005545138071
0.005751930218
0.005593812195
0.005563005032
0.005572452999
0.005564540774
0.005492849883
0.005595499274
0.005604435277
0.005694972351
0.005623099022
0.005596274376
0.005734765977
0.0054832796
0.00551616725
0.005574778419
0.005641145047
0.005626758334
0.00559275814
0.005513550256
0.005578986117
0.005494550996
0.005577084778
0.00555189584
0.005667821434
0.005470219717
0.005614774415
0.005667712123
0.005559729494
0.005719601617
0.005661768364
0.005550330305
0.005633480369
0.005532129451
0.005670379454
0.005528870779
0.005541308194
0.005605702171
0.005676905093
0.005484195237
0.005705559564
0.005618301718
0.005657987837
0.005548768201
0.005726270449
0.005514003986
0.005537068248
0.005540035966
0.005440725921
0.005480845007
0.005703891513
0.005595212482
0.005621526527
0.005584049311
0.0056292111
0.005664144962
0.005482894227
0.005550270383
0.005793043587
0.005527937113
0.005735655798
0.005624623581
0.00550031059
0.005575315058
0.005587476899
0.005527503198
0.005650371026
0.005858049271
0.005619234477
0.005717780944
0.005752337227
0.005565622956
0.005500728773
0.005531330401
0.005594127577
0.005699466369
0.005572524512
0.005541321358
0.005585145546
0.005536845432
0.005681840616
0.005578846806
0.005622961422
0.005518567623
0.005625170035
0.005572691961
0.005497265327
0.005525591295
0.005570717896
0.005753907142
0.005572034151
0.005531915314
0.005650102607
0.005641161281
0.005895705961
0.005677838194
0.00551389175
0.005944755846
0.005663197473
0.005543138692
0.005583659172
0.005611111529
0.005630773622
0.005538757813
0.005534953159
0.005654283689
0.005689143873
0.005570014977
0.005528192522
0.005657392867
0.005645690673
0.005705965711
0.005739472537
0.005605276845
0.00551076585
0.005587400418
0.005724576748
0.005556395063
0.005558765149
0.005411894246
0.005504885757
0.005614833387
0.005548184764
0.005592651578
0.005595893634
0.005681864496
0.00570938757
0.005633682092
0.005641695028
0.00572952909
0.005749470851
0.005634356443
0.005794495107
0.005707845876
0.00563292084
0.005801764098
0.005500250437
0.005521325327
0.005638902545
0.005608782697
0.0055508031
0.005635284026
0.005595407254
0.005530080321
0.005624324637
0.005517556137
0.005562665945
0.005589978261
0.005515847498
0.005549553817
0.005632899371
0.005561374874
0.00564742551
0.005659355141
0.00568574068
0.005540922296
0.00552398533
0.005491734928
0.005534320268
0.005491216435
0.005670493272
0.005664804245
0.005542509847
0.005668003681
0.005534801725
0.005612419593
0.005634201641
0.005603014499
0.005584710228
0.005501382765
0.005529256527
0.005520541481
0.005654138003
0.005509598729
0.005512086594
0.005576670512
0.005665224178
0.005669958733
0.005436090491
0.005616328153
0.005737076718
0.005608854657
0.005582060174
0.005606385922
0.0057995591
0.005575895124
0.005551931817
0.005712579183
0.005499821683
0.005529300257
0.005710379408
0.005657615617
0.005585149477
0.005553751703
0.005521947757
0.005567951442
0.005458509618
0.00552766034
0.005574992746
0.005716051754
0.00557910222
0.005598128167
0.005687523595
0.005564791538
0.005581753805
0.005671304759
0.005616199846
0.005524580876
0.005507200975
0.005618177996
0.005593848383
0.005543917955
0.005688677499
0.005568096779
0.005509090777
0.005636741671
0.005523820069
0.005685276128
0.005567622129
0.005638994975
0.005640720767
0.005614599133
0.005531270677
0.005548029381
0.00560630101
0.005643584996
0.005698081997
0.005815960227
0.005648631322
0.005700045991
0.005558455235
0.005602993475
0.005631926783
0.005619034357
0.00556319841
0.005570404229
0.005688679441
0.005559372677
0.005700916741
0.005578461598
0.005589192968
0.00574414121
0.005704049164
0.005602488067
0.005594772671
0.005642572281
0.005748733161
0.005568503327
0.005612607035
0.005626875947
0.005893608746
0.00555277827
0.005657304793
0.005697165774
0.005614737156
0.005724079376
0.005638813884
0.005665834483
0.005802001518
0.005614558187
0.005716502252
0.005758270667
0.005711718608
0.005646906025
0.005579169871
0.005620275451
0.005704905029
0.005803415194
0.005584013657
0.005636528322
0.005566587127
0.005538969454
0.00565642445
0.005725155321
0.005706661947
0.005590350661
0.005599810262
0.005635164765
0.005672044994
0.005538631421
0.00571431308
0.005653079842
0.005605938794
0.00571666841
0.005628825694
0.005634908081
0.005633307797
0.005588670211
0.005632516359
0.005574223181
0.005622614064
0.005633183663
0.005536488539
0.005588499951
0.005655445841
0.005709002564
0.005651132258
0.005597546518
0.005579046368
0.005620476033
0.005664671999
0.00556911036
0.005640145445
0.005615932801
0.005710486822
0.005580209645
0.005646640603
0.005606533089
0.005620486853
0.00556091468
0.005648181025
0.00565401316
0.005631395904
0.00559205575
0.005696976505
0.005655880261
0.00558804124
0.005658253119
0.005736175193
0.005751038731
0.005622511703
0.005569156631
0.005654950676
0.00565133534
0.005587494334
0.005654295056
0.005677535106
0.005662839577
0.005681354467
0.00561421883
0.005780060531
0.005642644574
0.005657504861
0.005732390133
0.005639736118
0.005649832224
0.00563595314
0.005678850485
0.005653035343
0.005661496235
0.005692284426
0.005642851642
0.005633497273
0.005609749125
0.005777788151
0.005770937916
0.005705062641
0.005651888101
0.005661848937
0.005783985836
0.005730987052
0.005688133206
0.005662239276
0.005649989885
0.005768083261
0.00568860985
0.005700936012
0.005742293524
0.005692584202
0.005746598047
0.005702017812
0.005689261935
0.005692870815
0.005754350625
0.005688491292
0.005716798235
0.005658276428
0.005733494949
0.00579436858
0.005721639047
0.005681991314
0.005612055026
0.005711585124
0.005766695115
0.005727895405
0.005723637015
0.005695548017
0.005716841297
0.005723241615
0.005739590793
0.005702269305
0.005738693196
0.005723012352
0.005704994369
0.00576027424
0.005689151147
0.005695669024
0.005779589796
0.005702442973
0.005731131142
0.005693180454
0.005678173991
0.005719749026
0.00570403848
0.005698510228
0.005701748573
0.005688352543
0.005729814153
0.0057786424
0.005727305178
0.005753132199
0.0056985917
0.005743032685
0.005803328377
0.005751206074
0.005767074469
0.0057907309
0.005777865842
0.005779681514
0.005790268624
0.005824842541
0.005806036604
0.005751945592
0.005712148162
0.005715812663
0.005753138919
0.00579885171
0.005747813066
0.005767270101
0.005725450361
0.005750039318
0.00582624409
0.00585023929
0.005808425805
0.005796602899
0.005830718524
0.005775013297
0.005785918681
0.005861693699
0.005779369941
0.005822839807
0.00584510982
0.005782544773
0.005750356193
0.005784583918
0.005830489669
0.005784272846
0.005843011935
0.005802516026
0.005819758231
0.005819022397
0.005842740463
0.005833310698
0.005865240322
0.005907537188
0.005846356098
0.005767604581
0.005819702838
0.005813993315
0.005839313932
0.005801122938
0.005882193542
0.005841156093
0.005817562372
0.005798047055
0.00586137298
0.005804263253
0.005880887112
0.005798698697
0.00579959733
0.005857307027
0.005884806954
0.005851221843
0.005883242724
0.00586003224
0.00582874218
0.00581886392
0.005824660391
0.005821948361
0.005846161187
0.005850119349
0.005810896534
0.00588641616
0.005923454563
0.005905555299
0.005893440775
0.005865365432
0.005843724533
0.005831539562
0.005874290127
0.005869869483
0.005858351353
0.00586603614
0.005930862079
0.005848640888
0.005883813788
0.005845521086
0.005866687398
0.005907032501
0.005824562193
0.005829391996
0.00587141472
0.005885284174
0.0058648877
0.00587767681
0.005840673246
0.00585997071
0.005841251102
0.005833479554
0.005837949332
0.00584420822
0.005831234821
0.00584768926
0.005840380649
0.005871980858
0.005842533986
0.005879100578
0.005820889029
0.005827569298
0.005801330689
0.005786955308
0.005783786585
0.005821630707
0.005803188268
0.005788729266
0.005821431493
0.005793907327
0.005804901673
0.005783412042
0.005753658093
0.005747517045
0.005752385532
0.005719821574
0.005727185402
0.00572656938
0.005726300346
0.005719535103
0.005722446219
0.005705874919
0.005644895199
0.005692485322
0.00567732657
0.00567514628
0.005630918253
0.005638784463
0.005626732949
0.005631226074
0.005598974166
0.005568564801
0.005592399829
0.005563185516
0.00558321809
0.005577293479
0.005530013344
0.005519494287
0.005496991656
0.005495007687
0.005488410083
0.005457971315
0.005474192291
0.005432507552
0.005413483567
0.005443733507
0.005423030465
0.005392787364
0.005413336582
0.005377225633
0.005353746258
0.00535842117
0.005339238409
0.005323821364
0.005313047982
0.005306725074
0.00530033048
0.005298067838
0.005296169901
0.005247144544
0.005257240612
0.005257156581
0.005256278928
0.005226731866
0.005234716135
0.00523321362
0.005207598375
0.005182945037
0.005197857795
0.005216959413
0.005194881945
0.0051870402
0.005200793722
0.005173276862
0.005192386167
0.005164521027
0.005218800621
0.005198108572
0.005180860849
0.005209721387
0.005202996803
0.005201734775
0.005220883744
0.005222099386
0.005247176875
0.005206908542
0.005227073655
0.005267759002
0.005244724048
0.005312780977
0.005298635131
0.005316594199
0.005334865571
0.00534766782
0.005372320913
0.005407716315
0.005439900128
0.005445425269
0.005488846454
0.005514164302
0.005564519708
0.005565934672
0.00558054709
0.005653690142
0.005684558868
0.005729807959
0.005786903451
0.00581200176
0.005853620527
0.005931259976
0.00596535024
0.006009961729
0.00604673346
0.006165171551
0.006201291235
0.006297999911
0.006339909197
0.006398714512
0.006467539108
0.006556036892
0.006640263206
0.006737121546
0.006790051334
0.006915402043
0.007013637391
0.007026378695
0.007180735775
0.007316358484
0.007385846201
0.007468577288
0.007581337905
0.007684008745
0.007837952698
0.007974445469
0.008182332179
0.008240691756
0.008379910992
0.008561217484
0.008758835119
0.008944397761
0.008983509025
0.009286190603
0.009455554791
0.009644704269
0.009842001936
0.0100131325
0.01029699888
0.01053833404
0.01067520218
0.01093664426
0.01126383146
0.01164658158
0.01177965136
0.0120755918
0.01247212913
0.01278020257
0.01303571504
0.0133807311
0.01378331741
0.01412752179
0.01450737943
0.01500547994
0.01531606964
0.0160945798
0.01631837707
0.01676895376
0.01725518274
0.01787132678
0.01859087893
0.01888898001
0.01982785628
0.02006353972
0.02088939574
0.02194189882
0.022547415
0.02373910596
0.02523357004
0.0248645851
0.0258793684
0.02704706485
0.02799692387
0.02895641933
0.0304382279
0.03056491648
0.03307840442
0.03349921012
0.03468812307
0.03596832061
0.03643488144
0.03784891472
0.04173727618
0.04060054347
0.04184020559
0.04622181726
0.04605948488
0.04848909797
0.0492635525
0.05226664238
0.05303301723
0.05698015781
0.05561317905
0.05890958418
0.06548545757
0.06873764365
0.06801320964
0.06515973723
0.07708393885
0.07198712326
0.08381247437
0.07893549776
0.08218703897
0.08063880368
0.08013634279
0.08689578973
0.08873662841
0.09520732498
0.09296886644
0.09978040411
0.1064276465
0.09645942875
0.1119819893
0.1074180435
0.1153456381
0.107512573
0.1222516939
0.1623949619
0.1219401095
0.1219600233
0.1304372164
0.1185880231
0.1279954792
0.1348056033
0.1775076175
0.1340289532
0.1663979543
0.1355938195
0.1334176508
0.1311504309
0.1364955165
0.1339314323
0.1719295718
0.1469211338
0.1500579236
0.1561662413
0.132439962
0.2171728386
0.1566158866
0.1465365816
0.1517572388
0.163334449
0.1546223314
0.1379305778
0.1558189276
0.1592100161
0.156321504
0.153825945
0.171608353
0.1366147755
0.1305547112
0.1751647788
0.1445721697
0.1807485568
0.1623073238
0.1688912898
0.1449697135
0.152145471
0.1393460649
0.142125541
0.132920343
0.149229259
0.1366316724
0.1458705194
0.1951830476
0.1403705414
0.1363379303
0.1689441828
0.1829936136
0.1320270558
0.1513885168
0.2072488395
0.1403432393
0.200140972
0.1677686498
0.158476338
0.1269277598
0.1583291733
0.1563928556
0.1480689857
0.1573066502
0.1904184996
0.2500274761
0.1910116938
0.1545317258
0.1390118578
0.1380551886
0.1508558799
0.1471544089
0.1711711206
0.1460209431
0.1580097594
0.1358312854
0.1430236382
0.1544386125
0.1937123867
0.1490068694
0.2104629774
0.1592075282
0.1701928859
0.2097181408
0.1432234756
0.137560227
0.3068587475
0.140771908
0.139342653
0.1435866537
0.1657512245
0.1720628854
0.1593467139
0.1324173071
0.1454000496
0.1571146168
0.1379570276
0.1415449317
0.1964503979
0.1502562613
0.1573677581
0.1475164724
0.1478740117
0.1978797583
0.1511247194
0.1505593331
0.1607327538
0.1612406322
0.1491333849
0.1947582969
0.1570407761
0.1485310991
0.1645052471
0.1953693951
0.138104364
0.1499415426
0.1404876573
0.1550983499
0.155951519
0.1516048595
0.2236600315
0.1701653768
0.1554565429
0.1613733724
0.1929722276
0.1832039506
0.1835111981
0.17833807
0.2867914129
0.1325666717
0.1396191686
0.1530432745
0.1637968569
0.1572752905
0.157362426
0.1582536533
0.1717135158
0.185617488
0.1509442827
0.2211659177
0.1964428899
0.1826515023
0.145833558
0.1843915968
0.1848876693
0.1555480322
0.1414325862
0.1579484491
0.1490380222
0.1530341006
0.1538317955
0.1824418985
0.229549895
0.153986641
0.1645448306
0.1326864961
0.2262212628
0.1517067764
0.1817588638
0.1492871575
0.1419758977
0.155759014
0.1482562281
0.149011889
0.1464196598
0.2145040475
0.1438448992
0.1608293066
0.2327281512
0.1763420386
0.1646478852
0.1839841721
0.1936854284
0.162366865
0.1960626345
0.1609167426
0.1699573455
0.1698515565
0.1548224911
0.173195853
0.2848962921
0.1730036072
0.1747964992
0.2265218364
0.1474835602
0.1638073185
0.1508646352
0.1433476473
0.2030605704
0.1740213961
0.1777074635
0.1994553369
0.1590049829
0.1497500818
0.185468232
0.1597040768
0.1594154715
0.1720886876
0.1585651309
0.1882843772
0.1714697846
0.1441381091
0.1558108478
0.1473120652
0.14459696
0.1584662111
0.1706195826
0.2935850491
0.1655711206
0.1971477972
0.1475856669
0.1821080718
0.1552929434
0.1719357904
0.2021732987
0.1549161728
0.1658472182
0.1812826946
0.1683798572
0.1603640709
0.1982266039
0.1759581239
0.191100925
0.1578254948
0.1802632844
0.1632416774
0.1665260857
0.1914492092
0.1831491025
0.1918001221
0.2451807864
0.1559153233
0.166262086
0.2012147258
0.1625662768
0.2029285352
0.1588523759
0.2050846314
0.1698595264
0.1674854628
0.1849199871
0.2146676226
0.1766463607
0.1651391708
0.1849402423
0.1663017599
0.1877431874
0.1919204766
0.1527704405
0.1920530859
0.1721823206
0.2299192738
0.1546103956
0.1764542344
0.1550936857
0.1603315981
0.2385724781
0.1572087946
0.15561801
0.1777620026
0.1771346444
0.1846928827
0.1653236944
0.1504796854
0.1899050838
0.1754409966
0.1787042928
0.1572995392
0.1762147003
0.1624516806
0.1593952571
0.164722292
0.1641647042
0.1747301195
0.171437753
0.1624869088
0.1822367851
0.1804047607
0.1672909787
0.1680176446
0.178395151
0.2515692725
0.2232363548
0.2282440323
0.1750948153
0.1650659541
0.1989322794
0.289276418
0.1952730531
0.1708804728
0.2002808155
0.16889096
0.1725033164
0.207144671
0.1930100499
0.1899608909
0.2364429727
0.2142547778
0.2257787334
0.2108043793
0.2143526618
0.2059958586
0.2569954988
0.1873398294
0.1766093844
0.1528832505
0.2215033484
0.2785544982
0.1622129352
0.2128845352
0.1703677678
0.1794950338
0.2425701298
0.1977140157
0.1719542417
0.1732529868
0.1812119215
0.1652731502
0.1670071681
0.1763251731
0.1802280913
0.2182243844
0.1669862506
0.2246710467
0.1634666274
0.212715748
0.2048448999
0.1822232453
0.18051815
0.1854405929
0.1601003305
0.1922414014
0.175195279
0.1750113152
0.1912853334
0.1768778219
0.2085379821
0.2028096307
0.2133563592
0.1743448315
0.2213294607
0.1735211755
0.2049534349
0.1796865343
0.2003608976
0.1831593781
0.1827361265
0.1820092382
0.1971536093
0.2023033017
0.2152582545
0.1829105322
0.1756877008
0.1751829888
0.1860978708
0.1786276524
0.2439165632
0.1988811714
0.190269892
0.1918971221
0.1907559544
0.1802608468
0.1950799303
0.1677269022
0.1716874353
0.2013155557
0.1706050065
0.1758979725
0.1918959461
0.1838670714
0.1738056989
0.2012789245
0.1680366136
0.1655781296
0.233021464
0.1623828669
0.186576279
0.2013423587
0.158415958
0.1686862239
0.1863999224
0.2083740389
0.2074658522
0.2070387408
0.174138727
0.1976033827
0.1980662592
0.1719486274
0.233891495
0.1681350454
0.1880765394
0.3538773482
0.2452370491
0.1895329826
0.1918565352
0.2626291496
0.1833358163
0.1775454611
0.2020543853
0.195136091
0.2014473103
0.2384660128
0.2003647159
0.1862805878
0.2666453967
0.3158650146
0.2015388814
0.1906598819
0.1883494205
0.2166858945
0.183591184
0.1864189301
0.1881550691
0.206730447
0.2096742735
0.184489623
0.2367922653
0.2389237274
0.3700712705
0.1699405173
0.2626525492
0.1846352129
0.2139958262
0.1726031021
0.2318589937
0.1721313507
0.2115626964
0.200023033
0.1974824344
0.2128147308
0.1938284453
0.336278816
0.245562608
0.2001091316
0.2228451727
0.2047886746
0.1877803281
0.1908134592
0.2575367827
0.2249305392
0.1796224963
0.1906187752
0.1927542776
0.201586317
0.2484469972
0.1946646863
0.1790333881
0.1767788359
0.1883971304
0.2033909049
0.1777583521
0.1930792387
0.1883582018
0.1772025238
0.1830733303
0.178965323
0.1927795142
0.1954316641
0.1897871348
0.2365136996
0.2297966287
0.2086013953
0.1888176819
0.1830367243
0.1905366197
0.202459422
0.209354878
0.1889356635
0.3183273597
0.1885343475
0.1840650576
0.2295231733
0.2129959036
0.1980844446
0.1819400518
0.2127083567
0.2045283403
0.199560024
0.1967461619
0.2256291797
0.1865907454
0.2374509846
0.1892510439
0.178879371
0.1970255904
0.1857576486
0.1679283755
0.1687249265
0.1807778114
0.1901989184
0.3865653615
0.2166893237
0.2040582939
0.1768110371
0.173749238
0.185284582
0.207309873
0.2127963901
0.1834325109
0.1839155017
0.1821156087
0.2085800927
0.2241768178
0.2104200467
0.187702693
0.1725036636
0.2002100685
0.2494285018
0.1927107213
0.1845233965
0.1992945832
0.295012381
0.2688359993
0.2565818607
0.2006249665
0.191204843
0.2572723165
0.2119012097
0.1647109508
0.1940007708
0.2600856547
0.3879493554
0.1865260856
0.213610552
0.1853910245
0.2125380589
0.1963438592
0.1982349664
0.1910506163
0.4593084567
0.1984602538
0.2147111951
0.2839792519
0.1973246293
0.2725391224
0.2261255929
0.2029482501
0.1849166734
0.2417110706
0.237469539
0.2309597006
0.1866164343
0.2428615207
0.2193582943
0.2033990076
0.2086356602
0.207227426
0.1789948037
0.1981681571
0.2140487018
0.2542626675
0.184339119
0.2688639843
0.2447878716
0.2894861505
0.2574445189
0.2152542284
0.1926452884
0.2054858916
0.1977206485
0.2610957423
0.2024422329
0.2081378948
0.2441094883
0.2339004812
0.2064476504
0.1886648699
0.2079467174
0.2405566201
0.2355204853
0.2259268234
0.1983070646
0.2286677111
0.2083050794
0.2469094564
0.1982400203
0.2643587537
0.1911778955
0.2199394743
0.2136466058
0.2275714322
0.2360879679
0.2223739815
0.2407034453
0.2249399491
0.2428829064
0.1826473079
0.2218675738
0.2171011916
0.2447716551
0.2373586039
0.1786313159
0.2058725042
0.1877027616
0.2108864401
0.2060208711
0.2281161766
0.2254264763
0.1958182033
0.1817172397
0.2025775568
0.2084150492
0.2561594837
0.2286827633
0.1950495798
0.18359824
0.1943075446
0.1845640526
0.2486090269
0.2307249301
0.1915826938
0.2215528755
0.2269049676
0.2210441078
0.2354334389
0.2215661431
0.2426202167
0.2036183851
0.2368523951
0.2187944581
0.2100518068
0.2775871169
0.2309275248
0.211841259
0.205279124
0.2410481318
0.279253464
0.2921484038
0.2006090686
0.2177399532
0.215069671
0.2403390125
0.195255842
0.2428326183
0.2013282545
0.2937642449
0.1897365351
0.2918421062
0.2297391144
0.2021926146
0.230211986
0.198636928
0.1961015286
0.2374279951
0.2045637955
0.211291103
0.2262524416
0.2516828395
0.2234278586
0.2047619174
0.2191318159
0.2910108709
0.2389055771
0.2416785394
0.2562002764
0.2341372322
0.1963854786
0.2430494969
0.2641653671
0.2006470389
0.236324191
0.2347434982
0.2179126031
0.2161190121
0.185220067
0.1949894203
0.2093520231
0.2290329553
0.1971534674
0.2574214335
0.2597867875
0.1979677549
0.2331068218
0.2438112634
0.1908464815
0.2105807255
0.1934016953
0.2029247647
0.2478659785
0.2402087047
0.2205942647
0.2529085697
0.2285841014
0.1947805953
0.2071457058
0.2093509735
0.231120741
0.2194795934
0.3164555224
0.2512104645
0.2063319215
0.2344563765
0.3254734842
0.2301090932
0.2173174537
0.205531861
0.192662026
0.208241365
0.2369276899
0.2464107783
0.2190589089
0.234273927
0.2687332678
0.2764974551
0.2093954972
0.2627558396
0.2150466752
0.2019655801
0.1953908003
0.2228029795
0.1998752092
0.2067789077
0.2238452093
0.2974421402
0.2311832625
0.2082183523
0.2063486586
0.2230339166
0.2003863658
0.2332017187
0.1952781823
0.226567088
0.3085261776
0.2125754529
0.2650548787
0.2456462119
0.2601773049
0.2370958361
0.3047758906
0.2259377291
0.1811995041
0.1898235659
0.1995620676
0.2746842893
0.2167332468
0.2083853603
0.2421210632
0.2362645528
0.2159090236
0.2134270636
0.2593296477
0.2134896125
0.2237387374
0.2231538425
0.2428948212
0.4177069862
0.2040894799
0.2761633077
0.2469803664
0.2663189184
0.2546541769
0.2588641511
0.2427015684
0.2901896522
0.3053629999
0.2487751242
0.2320660754
0.2794291977
0.1916756888
0.290472985
0.2183009328
0.2762308771
0.3180933661
0.2182753139
0.2082470663
0.2678197189
0.217818393
0.2351086555
0.2193020609
0.1959080037
0.3334521862
0.2126780386
0.2644234013
0.2136361412
0.1988637357
0.2339102344
0.2389201653
0.323422124
0.2502481109
0.223552138
0.2815222216
0.2463076406
0.287326343
0.238047671
0.1926300686
0.2244544431
0.2087135122
0.2368252253
0.202534157
0.2206129996
0.2426704901
0.2495690329
0.2415105118
0.2292766665
0.2536000742
0.2192629382
0.2471517292
0.24686557
0.2382777168
0.2444483036
0.2418928621
0.3342599307
0.2874611075
0.3184298591
0.3666820468
0.2247814807
0.3019676275
0.2308934519
0.3857587159
0.3205984001
0.2395504133
0.2179493298
0.2293906537
0.2625776355
0.2242839418
0.2468638956
0.1957100907
0.2613707574
0.2446704108
0.1971280876
0.2089572758
0.2796351738
0.2425142806
0.2192888023
0.2186590897
0.1998521312
0.2303580279
0.2268872697
0.2188154722
0.1949567873
0.1996509749
0.2386618694
0.2414327748
0.2817344235
0.2169622956
0.243995557
0.2525963211
0.2694903467
0.2570271186
0.2388451541
0.4259818043
0.256787208
0.2348344763
0.2054436533
0.2184434476
0.265230478
0.2105909015
0.2737998396
0.228882297
0.2911657099
0.2987024965
0.2785253794
0.2433574569
0.2583530548
0.2884244678
0.2440459608
0.2354614389
0.2526291651
0.329113919
0.2521926087
0.2760056738
0.2289938486
0.2312212073
0.2228653036
0.2245445533
0.2329856915
0.2285306341
0.2652894183
0.2860643932
0.2107439805
0.2350264374
0.2525615947
0.2810597663
0.2499634267
0.2767658009
0.3061296184
0.2807460401
0.2783976308
0.2783063536
0.2288143115
0.2293739808
0.2364054493
0.3545567097
0.2843585143
0.2451601767
0.2138509253
0.2175379366
0.3114555363
0.257969068
0.2834972505
0.2338489041
0.2729005513
0.2224065358
0.2334626205
0.2278426092
0.2600118058
0.2875918378
0.2235483085
0.2414524463
0.2391866818
0.251549653
0.3091746057
0.2472330731
0.2266904155
0.2602929215
0.2210510824
0.2574336443
0.2607534908
0.2387354589
0.3460730244
0.2360534859
0.3134295259
0.2577866335
0.3168043847
0.2586225524
0.3953454998
0.246837868
0.2780602714
0.250938776
0.2260331796
0.2655389896
0.2515371156
0.2489927049
0.3995736471
0.2319737276
0.2876798949
0.292337106
0.2254994173
0.2435637871
0.2287569148
0.2653076589
0.2167211719
0.2820051961
0.2192040258
0.2439722444
0.3943528959
0.2520945066
0.2557133683
0.2489432658
0.2762769408
0.2945954069
0.3526462905
0.308546481
0.3779222048
0.3147094236
0.3918406949
0.321592187
0.252395418
0.2170586163
0.2821786198
0.3376056022
0.2500382632
0.2297229084
0.2432447302
0.2660403603
0.3570921947
0.2480366088
0.2441493617
0.2510344791
0.2356273833
0.2579382847
0.2304711697
0.2332580772
0.2901666692
0.2694880638
0.2356110158
0.3123633381
0.4112458843
0.1962850907
