#################################### 
# Matrix Size= (25,25,400)
# Resol      = (1,1,4000)
# VoxelSize  = (25,25,0.1)
# nbVal      = 4000
#################################### 
3.833310488e-05
3.989295118e-05
4.002513106e-05
4.027890409e-05
4.063309467e-05
4.076264804e-05
4.131295969e-05
4.157030285e-05
4.102998063e-05
4.147902677e-05
4.101546937e-05
4.17419472e-05
4.174913531e-05
4.118079095e-05
4.178168007e-05
4.111717394e-05
4.166484742e-05
4.154850307e-05
4.1802388e-05
4.194245098e-05
4.155817263e-05
4.189950411e-05
4.168266643e-05
4.156623556e-05
4.17014104e-05
4.173125511e-05
4.187437431e-05
4.169953911e-05
4.220487349e-05
4.16387363e-05
4.210061581e-05
4.193390203e-05
4.239277199e-05
4.215258561e-05
4.224462851e-05
4.205502411e-05
4.205824925e-05
4.187877848e-05
4.211092247e-05
4.22204859e-05
4.260639502e-05
4.261480812e-05
4.240780096e-05
4.249257973e-05
4.237805111e-05
4.233350875e-05
4.21446312e-05
4.193692996e-05
4.200476214e-05
4.264916583e-05
4.248741251e-05
4.220875162e-05
4.237122088e-05
4.271723395e-05
4.285152813e-05
4.269926195e-05
4.197478363e-05
4.245007354e-05
4.193668119e-05
4.272656887e-05
4.233479248e-05
4.25477678e-05
4.288248245e-05
4.277870189e-05
4.253282644e-05
4.307470303e-05
4.297905851e-05
4.201559501e-05
4.267314949e-05
4.259216259e-05
4.266194803e-05
4.28075798e-05
4.255476222e-05
4.296359521e-05
4.265908988e-05
4.314792201e-05
4.279186925e-05
4.287735587e-05
4.265219546e-05
4.27938184e-05
4.33473762e-05
4.286736095e-05
4.313164679e-05
4.268352548e-05
4.285550562e-05
4.235290144e-05
4.281003818e-05
4.309113086e-05
4.336086298e-05
4.313380629e-05
4.278345374e-05
4.281123866e-05
4.311069093e-05
4.314130536e-05
4.269852595e-05
4.320124467e-05
4.305420292e-05
4.323137285e-05
4.346717901e-05
4.303325092e-05
4.287353523e-05
4.276820142e-05
4.284276757e-05
4.312591436e-05
4.315282618e-05
4.286453803e-05
4.280873553e-05
4.308780306e-05
4.285020037e-05
4.294313618e-05
4.328855786e-05
4.289699853e-05
4.286362946e-05
4.290553297e-05
4.28187286e-05
4.2871125e-05
4.253325144e-05
4.307685929e-05
4.296491652e-05
4.31149928e-05
4.325713651e-05
4.350845354e-05
4.342917424e-05
4.298171386e-05
4.346451033e-05
4.37882261e-05
4.355027586e-05
4.368283632e-05
4.370176501e-05
4.391962886e-05
4.360740503e-05
4.371243941e-05
4.362908211e-05
4.352917849e-05
4.297541798e-05
4.340682013e-05
4.378267103e-05
4.374801107e-05
4.414024188e-05
4.396423227e-05
4.441942022e-05
4.385466351e-05
4.389157801e-05
4.388835139e-05
4.359555951e-05
4.369107294e-05
4.391842381e-05
4.390905393e-05
4.362424895e-05
4.343298083e-05
4.383780508e-05
4.340865875e-05
4.350314875e-05
4.354372611e-05
4.408791317e-05
4.359053402e-05
4.369926659e-05
4.364602989e-05
4.355821594e-05
4.370904842e-05
4.413629308e-05
4.413627777e-05
4.368065797e-05
4.380992354e-05
4.355910062e-05
4.391656129e-05
4.416117301e-05
4.426511941e-05
4.41125726e-05
4.372169145e-05
4.456229802e-05
4.382348155e-05
4.422035162e-05
4.373219266e-05
4.43172246e-05
4.389564872e-05
4.429424649e-05
4.383337395e-05
4.440726467e-05
4.408093972e-05
4.434080317e-05
4.43872845e-05
4.41422951e-05
4.459384446e-05
4.419506455e-05
4.449976732e-05
4.357252879e-05
4.407540594e-05
4.416233165e-05
4.405493765e-05
4.388190987e-05
4.400451872e-05
4.436209378e-05
4.387173835e-05
4.428411309e-05
4.447294236e-05
4.407545166e-05
4.463141101e-05
4.434461654e-05
4.425361868e-05
4.428239869e-05
4.416953488e-05
4.421994439e-05
4.402880936e-05
4.423506848e-05
4.447829353e-05
4.414424173e-05
4.415685708e-05
4.384022243e-05
4.466109586e-05
4.461478657e-05
4.417339002e-05
4.453521068e-05
4.43404292e-05
4.43410911e-05
4.471279113e-05
4.467928839e-05
4.475343619e-05
4.396304475e-05
4.439823065e-05
4.45523788e-05
4.400672748e-05
4.471585812e-05
4.414174175e-05
4.46832365e-05
4.46119393e-05
4.432532305e-05
4.475359341e-05
4.438791935e-05
4.485941218e-05
4.417643599e-05
4.416051827e-05
4.430521696e-05
4.415100698e-05
4.462075818e-05
4.396315396e-05
4.382543091e-05
4.428779876e-05
4.4389142e-05
4.462765262e-05
4.478014186e-05
4.459518429e-05
4.455113202e-05
4.447870742e-05
4.397084092e-05
4.437517843e-05
4.47731123e-05
4.427293458e-05
4.48165353e-05
4.507245939e-05
4.429460221e-05
4.473720873e-05
4.46082945e-05
4.491616593e-05
4.460521087e-05
4.482984179e-05
4.511156172e-05
4.464888645e-05
4.535803672e-05
4.513297632e-05
4.43928402e-05
4.477995643e-05
4.472433476e-05
4.440645201e-05
4.410898044e-05
4.49014506e-05
4.481706794e-05
4.480432989e-05
4.506993518e-05
4.494014403e-05
4.485876646e-05
4.487265392e-05
4.52514297e-05
4.49036122e-05
4.431571096e-05
4.455664993e-05
4.415358865e-05
4.424347531e-05
4.454775212e-05
4.495765987e-05
4.512596768e-05
4.478346806e-05
4.525165373e-05
4.497578597e-05
4.501794981e-05
4.432263949e-05
4.493503329e-05
4.495239429e-05
4.474664338e-05
4.526761249e-05
4.469198202e-05
4.448425274e-05
4.473215116e-05
4.478780792e-05
4.475143576e-05
4.485000464e-05
4.486697302e-05
4.50006126e-05
4.507494948e-05
4.518044047e-05
4.505584761e-05
4.455780003e-05
4.434802328e-05
4.477666171e-05
4.463331287e-05
4.501703146e-05
4.490081602e-05
4.496210063e-05
4.450826366e-05
4.510501238e-05
4.488195092e-05
4.522635333e-05
4.526958676e-05
4.502688674e-05
4.52922783e-05
4.517838359e-05
4.561075638e-05
4.533974469e-05
4.552332379e-05
4.4864965e-05
4.495080466e-05
4.509144447e-05
4.504811224e-05
4.530583959e-05
4.506450706e-05
4.494706127e-05
4.526940311e-05
4.51400873e-05
4.528289457e-05
4.533768473e-05
4.477186467e-05
4.498118371e-05
4.529722318e-05
4.516516736e-05
4.515542881e-05
4.524881679e-05
4.557110613e-05
4.569128531e-05
4.552863127e-05
4.490864058e-05
4.507539966e-05
4.550494944e-05
4.520226159e-05
4.498410012e-05
4.505988162e-05
4.564996426e-05
4.537543568e-05
4.554068178e-05
4.501634775e-05
4.563408149e-05
4.485343455e-05
4.508899124e-05
4.496569993e-05
4.511427905e-05
4.549011696e-05
4.486161925e-05
4.558825712e-05
4.535447914e-05
4.480631609e-05
4.520989332e-05
4.571997107e-05
4.511951891e-05
4.505447539e-05
4.546946062e-05
4.552506581e-05
4.571993225e-05
4.532218118e-05
4.513382145e-05
4.584801297e-05
4.582276032e-05
4.54994715e-05
4.580060657e-05
4.527720257e-05
4.571356458e-05
4.517107598e-05
4.559235736e-05
4.515072338e-05
4.543254678e-05
4.523602436e-05
4.589137315e-05
4.538045771e-05
4.556508328e-05
4.537080772e-05
4.541111161e-05
4.599779976e-05
4.535166127e-05
4.533388952e-05
4.549706771e-05
4.517394745e-05
4.61686722e-05
4.551123719e-05
4.573079458e-05
4.547511751e-05
4.596252677e-05
4.596649993e-05
4.574162899e-05
4.574618219e-05
4.572695527e-05
4.581443824e-05
4.600352421e-05
4.594316643e-05
4.585725499e-05
4.560393069e-05
4.592005087e-05
4.58366567e-05
4.604952786e-05
4.547678469e-05
4.583780256e-05
4.576008494e-05
4.588160105e-05
4.547408175e-05
4.560660318e-05
4.55370187e-05
4.590877355e-05
4.592914414e-05
4.599038561e-05
4.54982526e-05
4.599550555e-05
4.601491713e-05
4.532913313e-05
4.577645602e-05
4.53114845e-05
4.60320062e-05
4.559041032e-05
4.590989682e-05
4.579689312e-05
4.620408342e-05
4.58267989e-05
4.575235546e-05
4.557405142e-05
4.583289765e-05
4.587950001e-05
4.594821868e-05
4.596056757e-05
4.619378618e-05
4.575229839e-05
4.576646364e-05
4.561473724e-05
4.611498192e-05
4.583688948e-05
4.616191343e-05
4.558424658e-05
4.573016721e-05
4.544436222e-05
4.585510423e-05
4.588972067e-05
4.579532973e-05
4.542194907e-05
4.576931965e-05
4.577339046e-05
4.582347899e-05
4.598100288e-05
4.59601636e-05
4.570427449e-05
4.536773804e-05
4.652099307e-05
4.624907862e-05
4.642141624e-05
4.562733119e-05
4.590809754e-05
4.578996973e-05
4.621503492e-05
4.598147644e-05
4.614558406e-05
4.59450579e-05
4.636968716e-05
4.604544572e-05
4.567597945e-05
4.574652093e-05
4.563879932e-05
4.578813744e-05
4.625431108e-05
4.573305691e-05
4.585489957e-05
4.632004515e-05
4.594107017e-05
4.584479759e-05
4.607658603e-05
4.63098889e-05
4.605168501e-05
4.585757169e-05
4.632085158e-05
4.597316698e-05
4.609365897e-05
4.629125327e-05
4.584299879e-05
4.584590082e-05
4.585064431e-05
4.650669428e-05
4.606104881e-05
4.589283263e-05
4.569365386e-05
4.617604015e-05
4.595075379e-05
4.612406088e-05
4.63152629e-05
4.643924737e-05
4.605753047e-05
4.635748806e-05
4.698009801e-05
4.597717416e-05
4.580004691e-05
4.630119644e-05
4.629214499e-05
4.624779089e-05
4.610525261e-05
4.628860056e-05
4.626721066e-05
4.59028025e-05
4.591690691e-05
4.639202938e-05
4.5980265e-05
4.653344235e-05
4.638558418e-05
4.630127576e-05
4.615457692e-05
4.568509313e-05
4.605555518e-05
4.622870309e-05
4.589719848e-05
4.621939513e-05
4.62256343e-05
4.59032083e-05
4.650636411e-05
4.630885864e-05
4.624746566e-05
4.570172371e-05
4.605197489e-05
4.631451613e-05
4.611570903e-05
4.633499449e-05
4.625560501e-05
4.596226807e-05
4.639825909e-05
4.61738246e-05
4.608946439e-05
4.603912354e-05
4.676478856e-05
4.643914324e-05
4.634048794e-05
4.614188831e-05
4.62649759e-05
4.619806684e-05
4.65949303e-05
4.677126818e-05
4.658331476e-05
4.647511766e-05
4.671653938e-05
4.690209608e-05
4.654382012e-05
4.662289394e-05
4.627677082e-05
4.594018048e-05
4.645544274e-05
4.621911406e-05
4.61696069e-05
4.678237408e-05
4.620221906e-05
4.59059721e-05
4.63815714e-05
4.675539519e-05
4.657722413e-05
4.673509217e-05
4.641034412e-05
4.610543941e-05
4.587646011e-05
4.637634954e-05
4.67196769e-05
4.619278246e-05
4.62102103e-05
4.619785627e-05
4.656478129e-05
4.656145119e-05
4.656688195e-05
4.664538788e-05
4.662935107e-05
4.660070099e-05
4.644205621e-05
4.623560423e-05
4.612885494e-05
4.633327668e-05
4.606209756e-05
4.601460406e-05
4.662716431e-05
4.647647057e-05
4.62466018e-05
4.627237627e-05
4.669590464e-05
4.665363177e-05
4.640430427e-05
4.645280769e-05
4.621072159e-05
4.66502991e-05
4.688902558e-05
4.710564167e-05
4.624198935e-05
4.682455143e-05
4.644701337e-05
4.681258809e-05
4.654701195e-05
4.644334825e-05
4.621137734e-05
4.630113218e-05
4.666733108e-05
4.629368391e-05
4.665779601e-05
4.628200111e-05
4.686125151e-05
4.676991334e-05
4.676309901e-05
4.671058435e-05
4.663536083e-05
4.710799793e-05
4.624728593e-05
4.673423811e-05
4.700569698e-05
4.674183925e-05
4.652063991e-05
4.649354012e-05
4.636752374e-05
4.715619185e-05
4.662791946e-05
4.671550889e-05
4.663905938e-05
4.616993905e-05
4.657710038e-05
4.699146439e-05
4.685720483e-05
4.660909337e-05
4.68063736e-05
4.70048661e-05
4.700894907e-05
4.622870134e-05
4.64459716e-05
4.638884346e-05
4.649469108e-05
4.665574188e-05
4.684186324e-05
4.671380726e-05
4.74753363e-05
4.69913213e-05
4.732359035e-05
4.669826088e-05
4.661888939e-05
4.70502665e-05
4.680411602e-05
4.697763881e-05
4.646458177e-05
4.693614389e-05
4.643140594e-05
4.678247661e-05
4.737214745e-05
4.706859852e-05
4.741459809e-05
4.680681169e-05
4.689304022e-05
4.700918302e-05
4.668863045e-05
4.651150011e-05
4.675105359e-05
4.728320516e-05
4.720817052e-05
4.697622931e-05
4.699547621e-05
4.653868415e-05
4.694447913e-05
4.713881592e-05
4.710499289e-05
4.636211007e-05
4.675523112e-05
4.687569785e-05
4.729220447e-05
4.683718462e-05
4.675025603e-05
4.684961603e-05
4.708722664e-05
4.671058611e-05
4.666153097e-05
4.666058379e-05
4.665255529e-05
4.678580587e-05
4.695385716e-05
4.631391126e-05
4.707516299e-05
4.663578233e-05
4.720893714e-05
4.681933193e-05
4.630716197e-05
4.700940153e-05
4.640223487e-05
4.677579347e-05
4.713356687e-05
4.66847847e-05
4.7347363e-05
4.665704308e-05
4.685386621e-05
4.698716739e-05
4.722558064e-05
4.675216418e-05
4.704443259e-05
4.694226671e-05
4.723088719e-05
4.720391959e-05
4.719634307e-05
4.671311303e-05
4.679242428e-05
4.738307749e-05
4.711502738e-05
4.686623497e-05
4.694808381e-05
4.733919273e-05
4.705347558e-05
4.746605112e-05
4.663870929e-05
4.718406165e-05
4.654655978e-05
4.740934254e-05
4.677652735e-05
4.709890931e-05
4.705073668e-05
4.732273054e-05
4.736500063e-05
4.690065439e-05
4.731151162e-05
4.684468124e-05
4.712677275e-05
4.709706126e-05
4.724640781e-05
4.747970482e-05
4.710044836e-05
4.680217077e-05
4.693404905e-05
4.718377282e-05
4.713408238e-05
4.65832376e-05
4.685754707e-05
4.685731676e-05
4.70360541e-05
4.698287514e-05
4.692119436e-05
4.686813033e-05
4.699284348e-05
4.703346422e-05
4.755247162e-05
4.694960288e-05
4.707513971e-05
4.675418028e-05
4.757908841e-05
4.749145957e-05
4.714685235e-05
4.718079645e-05
4.681170588e-05
4.711756015e-05
4.705928182e-05
4.701639802e-05
4.687188576e-05
4.679574825e-05
4.68680777e-05
4.714105516e-05
4.674688639e-05
4.749319046e-05
4.65322421e-05
4.678328557e-05
4.670615008e-05
4.729972728e-05
4.700532621e-05
4.672151427e-05
4.70348538e-05
4.702737742e-05
4.716717131e-05
4.735792158e-05
4.755365761e-05
4.724814843e-05
4.743534444e-05
4.662775066e-05
4.677376878e-05
4.677006032e-05
4.700365094e-05
4.703947797e-05
4.755719347e-05
4.725793086e-05
4.723637791e-05
4.685040934e-05
4.669872642e-05
4.700725223e-05
4.690291878e-05
4.71218824e-05
4.693117708e-05
4.699851013e-05
4.652317913e-05
4.716351224e-05
4.724800417e-05
4.692942721e-05
4.717488953e-05
4.714228584e-05
4.702795219e-05
4.710091677e-05
4.712210553e-05
4.75371659e-05
4.708846105e-05
4.736275624e-05
4.732734613e-05
4.714595565e-05
4.745954746e-05
4.762174414e-05
4.70479168e-05
4.731294929e-05
4.673293889e-05
4.717217532e-05
4.746737497e-05
4.720859135e-05
4.709833812e-05
4.777759523e-05
4.753036619e-05
4.753664975e-05
4.754102789e-05
4.737054915e-05
4.72273156e-05
4.754954688e-05
4.764847379e-05
4.720002516e-05
4.746022412e-05
4.706490665e-05
4.758239521e-05
4.76198057e-05
4.751963636e-05
4.756104409e-05
4.748431905e-05
4.783110613e-05
4.748414164e-05
4.781860837e-05
4.756273252e-05
4.710863259e-05
4.679091953e-05
4.789081974e-05
4.703056145e-05
4.719418937e-05
4.721332165e-05
4.724932158e-05
4.732072494e-05
4.761582481e-05
4.830910387e-05
4.731286719e-05
4.750771147e-05
4.75018912e-05
4.732860496e-05
4.69685435e-05
4.720820794e-05
4.746196078e-05
4.791470799e-05
4.775004799e-05
4.692576186e-05
4.731235694e-05
4.692659655e-05
4.74340853e-05
4.738019712e-05
4.7053003e-05
4.703694994e-05
4.767922247e-05
4.772631935e-05
4.802466045e-05
4.786436696e-05
4.746169805e-05
4.78127219e-05
4.726781388e-05
4.753851908e-05
4.730801858e-05
4.716123302e-05
4.734849488e-05
4.762229316e-05
4.741815184e-05
4.735725551e-05
4.78708856e-05
4.792294776e-05
4.744883916e-05
4.755505776e-05
4.781180149e-05
4.797666592e-05
4.797464453e-05
4.712609229e-05
4.781373065e-05
4.752431519e-05
4.703175756e-05
4.798469862e-05
4.77151593e-05
4.756217148e-05
4.75690495e-05
4.760859518e-05
4.790790144e-05
4.764475527e-05
4.739252144e-05
4.778491702e-05
4.781885962e-05
4.796908377e-05
4.797724334e-05
4.800914406e-05
4.747567053e-05
4.809849725e-05
4.721754165e-05
4.745827315e-05
4.711566299e-05
4.736963251e-05
4.778342323e-05
4.780291104e-05
4.746885783e-05
4.774834237e-05
4.770989119e-05
4.745561941e-05
4.76598186e-05
4.738641693e-05
4.78356003e-05
4.775264161e-05
4.756978599e-05
4.75749097e-05
4.756189235e-05
4.831856356e-05
4.748495089e-05
4.779466911e-05
4.710495991e-05
4.766449146e-05
4.751771995e-05
4.743856744e-05
4.72851459e-05
4.752785013e-05
4.720705553e-05
4.757678568e-05
4.784350744e-05
4.74055905e-05
4.78810814e-05
4.75070892e-05
4.759375091e-05
4.666924853e-05
4.747645284e-05
4.79815868e-05
4.753980116e-05
4.692724816e-05
4.708166021e-05
4.772547654e-05
4.782711662e-05
4.771945759e-05
4.766004888e-05
4.783445097e-05
4.753806783e-05
4.709961246e-05
4.730069239e-05
4.778218885e-05
4.800310226e-05
4.776931016e-05
4.775240494e-05
4.784196933e-05
4.792546678e-05
4.750307857e-05
4.713933972e-05
4.74826639e-05
4.770515039e-05
4.793658739e-05
4.770655861e-05
4.743687862e-05
4.765818381e-05
4.741577014e-05
4.765760941e-05
4.78782392e-05
4.786250782e-05
4.74961029e-05
4.740072937e-05
4.775085358e-05
4.744129993e-05
4.729815072e-05
4.777328258e-05
4.734577675e-05
4.733779745e-05
4.784277005e-05
4.76078256e-05
4.78614915e-05
4.78310393e-05
4.801709969e-05
4.739841217e-05
4.704676222e-05
4.735212883e-05
4.769227675e-05
4.775393965e-05
4.800116943e-05
4.746430841e-05
4.765176797e-05
4.719327529e-05
4.784125272e-05
4.795348707e-05
4.759553372e-05
4.758299337e-05
4.80526183e-05
4.788505703e-05
4.740689925e-05
4.810907831e-05
4.773177387e-05
4.732163598e-05
4.774353566e-05
4.804063494e-05
4.792475314e-05
4.786753452e-05
4.793272711e-05
4.771318249e-05
4.76331394e-05
4.785709725e-05
4.759007957e-05
4.807705813e-05
4.74111754e-05
4.776351451e-05
4.755382868e-05
4.778028851e-05
4.800052944e-05
4.728214239e-05
4.748138311e-05
4.752297811e-05
4.78477193e-05
4.771238072e-05
4.763210737e-05
4.79533759e-05
4.769786471e-05
4.762535779e-05
4.751682543e-05
4.741557183e-05
4.786313524e-05
4.803914597e-05
4.826979054e-05
4.830010378e-05
4.7411264e-05
4.774371805e-05
4.82354553e-05
4.814105314e-05
4.741544123e-05
4.749524112e-05
4.828110966e-05
4.749647257e-05
4.789516893e-05
4.837161669e-05
4.795967334e-05
4.819336077e-05
4.832544485e-05
4.794981861e-05
4.754590729e-05
4.776306592e-05
4.736592169e-05
4.816614347e-05
4.834383715e-05
4.824732382e-05
4.818312996e-05
4.796242529e-05
4.764391241e-05
4.823332742e-05
4.832816408e-05
4.83892196e-05
4.779205703e-05
4.791690572e-05
4.771077493e-05
4.811655188e-05
4.80196084e-05
4.846737552e-05
4.812497331e-05
4.813210759e-05
4.828866809e-05
4.798867727e-05
4.807162656e-05
4.790327256e-05
4.819521994e-05
4.811066365e-05
4.829754096e-05
4.788360135e-05
4.806864182e-05
4.810593551e-05
4.797978966e-05
4.792724919e-05
4.801389093e-05
4.830261147e-05
4.851970217e-05
4.786215543e-05
4.82086948e-05
4.807497967e-05
4.811701453e-05
4.871622063e-05
4.811326222e-05
4.817552667e-05
4.811115151e-05
4.838023645e-05
4.790116492e-05
4.847247583e-05
4.836793982e-05
4.848556589e-05
4.769912154e-05
4.807120803e-05
4.829434753e-05
4.784785784e-05
4.833458991e-05
4.83845584e-05
4.878630598e-05
4.823325986e-05
4.811972507e-05
4.790591756e-05
4.803293097e-05
4.82430423e-05
4.803654717e-05
4.830441959e-05
4.833670731e-05
4.820965344e-05
4.825837997e-05
4.850965842e-05
4.810110123e-05
4.816495088e-05
4.797422576e-05
4.836821935e-05
4.837407075e-05
4.86269057e-05
4.835400724e-05
4.796994048e-05
4.846412706e-05
4.842625864e-05
4.874482937e-05
4.797040447e-05
4.798854124e-05
4.848283276e-05
4.844904367e-05
4.832131153e-05
4.791011098e-05
4.792813927e-05
4.821243756e-05
4.831422729e-05
4.858841543e-05
4.854428864e-05
4.784427165e-05
4.852478654e-05
4.844791436e-05
4.840268861e-05
4.822375611e-05
4.844490763e-05
4.780802237e-05
4.822343773e-05
4.877188504e-05
4.793164244e-05
4.83411199e-05
4.832671034e-05
4.820128592e-05
4.871311538e-05
4.840780769e-05
4.865831695e-05
4.801416475e-05
4.817982344e-05
4.898839487e-05
4.845055674e-05
4.815061738e-05
4.844505337e-05
4.812806478e-05
4.841356308e-05
4.858353348e-05
4.877214406e-05
4.8301189e-05
4.768442545e-05
4.84743811e-05
4.871218289e-05
4.809042484e-05
4.798389126e-05
4.803093416e-05
4.810347716e-05
4.843384228e-05
4.806360687e-05
4.863397684e-05
4.843544161e-05
4.862062367e-05
4.844091841e-05
4.849864616e-05
4.826199932e-05
4.80568465e-05
4.818894679e-05
4.867590085e-05
4.791522044e-05
4.839908457e-05
4.812064543e-05
4.825780432e-05
4.819029937e-05
4.811960677e-05
4.887793304e-05
4.834140759e-05
4.841515036e-05
4.809687888e-05
4.801017504e-05
4.834509147e-05
4.915646581e-05
4.873520998e-05
4.866208892e-05
4.839753585e-05
4.875019164e-05
4.829680084e-05
4.852703645e-05
4.845140055e-05
4.867773895e-05
4.855442459e-05
4.829986312e-05
4.807970207e-05
4.810515777e-05
4.89112654e-05
4.898704732e-05
4.857671487e-05
4.822305458e-05
4.858268261e-05
4.882080379e-05
4.841065856e-05
4.811376045e-05
4.840921907e-05
4.819574555e-05
4.840175546e-05
4.875565994e-05
4.825372669e-05
4.855610767e-05
4.865331368e-05
4.851334683e-05
4.923677068e-05
4.85896909e-05
4.929370677e-05
4.861277818e-05
4.823529765e-05
4.886813963e-05
4.868304836e-05
4.879524965e-05
4.847758381e-05
4.85511937e-05
4.876081119e-05
4.870865741e-05
4.86107311e-05
4.853854844e-05
4.880490765e-05
4.907858352e-05
4.846945825e-05
4.838287951e-05
4.838685317e-05
4.860091685e-05
4.936111713e-05
4.860203197e-05
4.82061023e-05
4.851024928e-05
4.943284966e-05
4.90143684e-05
4.848526164e-05
4.850290681e-05
4.877217392e-05
4.854377472e-05
4.861589281e-05
4.835739197e-05
4.881007255e-05
4.886265254e-05
4.870764121e-05
4.899784113e-05
4.853235652e-05
4.880584934e-05
4.841678417e-05
4.863491581e-05
4.869107975e-05
4.816512372e-05
4.89314352e-05
4.866367052e-05
4.921046694e-05
4.875938979e-05
4.848919822e-05
4.867055204e-05
4.881232097e-05
4.859253663e-05
4.899587822e-05
4.877270173e-05
4.889756862e-05
4.836706657e-05
4.874711845e-05
4.897599926e-05
4.885109723e-05
4.837618245e-05
4.869910888e-05
4.880156466e-05
4.902991876e-05
4.872848648e-05
4.900561445e-05
4.893836814e-05
4.886896967e-05
4.877422697e-05
4.891295839e-05
4.890728984e-05
4.861064379e-05
4.91748099e-05
4.91249779e-05
4.900525071e-05
4.877231257e-05
4.874416997e-05
4.880111155e-05
4.873021262e-05
4.832433672e-05
4.889700907e-05
4.891401966e-05
4.861476897e-05
4.853062432e-05
4.942385871e-05
4.880551677e-05
4.905564024e-05
4.919572282e-05
4.900849061e-05
4.882488718e-05
4.903414984e-05
4.8637469e-05
4.867403757e-05
4.917781399e-05
4.89203839e-05
4.907468609e-05
4.896202345e-05
4.950053229e-05
4.90492419e-05
4.879945661e-05
4.868787767e-05
4.979143187e-05
4.834024766e-05
4.936165026e-05
4.900532596e-05
4.904277247e-05
4.901906644e-05
4.857864937e-05
4.913399437e-05
4.907142765e-05
4.896960454e-05
4.884943228e-05
4.87191481e-05
4.894964578e-05
4.866299974e-05
4.931038876e-05
4.926029269e-05
4.91431285e-05
4.934644421e-05
4.913182174e-05
4.844473173e-05
4.883759461e-05
4.899746074e-05
4.913714382e-05
4.87625903e-05
4.920257012e-05
4.928825159e-05
4.909980417e-05
4.907892639e-05
4.921195072e-05
4.893843376e-05
4.94107989e-05
4.899128891e-05
4.879622315e-05
4.936261451e-05
4.936828012e-05
4.886494761e-05
4.857411199e-05
4.949581821e-05
4.882953728e-05
4.899577391e-05
4.895694592e-05
4.896271785e-05
4.934305158e-05
4.941742572e-05
4.973264108e-05
4.928162035e-05
4.874424018e-05
4.918628114e-05
4.923450681e-05
4.95488801e-05
4.926740102e-05
4.884201781e-05
4.912866956e-05
4.912064992e-05
4.914469149e-05
4.960442464e-05
4.915030314e-05
4.938928247e-05
4.924356965e-05
4.937787251e-05
4.99609912e-05
4.899956291e-05
4.937396966e-05
4.965470811e-05
4.911403238e-05
4.949671055e-05
4.968633977e-05
4.94961916e-05
4.928996633e-05
4.989080868e-05
4.940065402e-05
4.925826404e-05
4.916710826e-05
4.953375099e-05
4.937852082e-05
4.940667311e-05
4.949442149e-05
4.934462666e-05
4.867667824e-05
4.93711852e-05
4.946864711e-05
4.987456934e-05
5.006353534e-05
4.935763719e-05
4.957433015e-05
4.925849802e-05
4.913833143e-05
4.936364397e-05
4.943057604e-05
4.937250356e-05
4.957484307e-05
4.925164123e-05
4.876752614e-05
4.904385112e-05
4.94756959e-05
4.947392794e-05
4.92765754e-05
4.944844073e-05
4.916862887e-05
4.901222913e-05
4.91570299e-05
4.971311769e-05
4.90429924e-05
4.998121755e-05
4.944351692e-05
4.98783661e-05
4.946608978e-05
4.9091547e-05
4.998310043e-05
4.945077344e-05
4.943049547e-05
4.896351456e-05
5.006926166e-05
4.949365968e-05
4.89713883e-05
4.926769779e-05
4.959450957e-05
4.955632578e-05
4.966139167e-05
4.946594074e-05
4.983414443e-05
5.006400719e-05
4.937309095e-05
4.952746639e-05
4.948986293e-05
4.937688428e-05
4.938377936e-05
4.963766149e-05
4.941112698e-05
4.926487849e-05
4.906081936e-05
4.93034963e-05
4.960752505e-05
4.91425753e-05
4.977051179e-05
4.950113617e-05
4.980499242e-05
4.959429677e-05
4.941281806e-05
4.994089777e-05
4.939899081e-05
4.940707565e-05
4.955621908e-05
4.906849322e-05
4.870442675e-05
4.982844119e-05
4.914242254e-05
4.945773573e-05
4.995207787e-05
5.001339098e-05
4.959242372e-05
4.927919777e-05
4.929325014e-05
4.995102599e-05
5.029145657e-05
4.987133838e-05
4.972617112e-05
4.978046223e-05
4.951403038e-05
4.954002242e-05
4.938524989e-05
4.975677198e-05
4.975667213e-05
4.897955577e-05
5.008098413e-05
4.966469934e-05
4.94661831e-05
5.015247271e-05
4.96521956e-05
5.006720566e-05
4.987843608e-05
4.977123948e-05
4.920339822e-05
4.994453989e-05
4.979686644e-05
4.935597093e-05
4.980657063e-05
5.003702953e-05
4.949855047e-05
4.899077908e-05
5.043838805e-05
5.003443271e-05
4.990074558e-05
4.9622715e-05
5.001901097e-05
4.965985574e-05
4.898164538e-05
4.990180155e-05
4.955330992e-05
4.962783971e-05
4.964737839e-05
5.021554102e-05
4.983030313e-05
4.985701942e-05
4.96892658e-05
4.997440567e-05
5.010364626e-05
4.991508485e-05
5.007861835e-05
4.945874741e-05
4.965449057e-05
4.955920906e-05
5.004787844e-05
4.952832761e-05
5.018458624e-05
4.937556666e-05
4.961447348e-05
4.996533742e-05
4.991919512e-05
4.977052313e-05
4.966557221e-05
4.977470585e-05
4.982404322e-05
4.940913258e-05
4.940865745e-05
4.999464913e-05
5.043209487e-05
4.994274824e-05
4.966138989e-05
4.96229073e-05
4.976343586e-05
4.979318664e-05
4.932703366e-05
5.024865983e-05
5.025752972e-05
5.00317475e-05
5.001231613e-05
4.978031016e-05
5.033720868e-05
5.018511368e-05
5.034854694e-05
5.035876194e-05
5.027583771e-05
4.964796848e-05
5.017714952e-05
4.973503363e-05
5.004594815e-05
4.992375946e-05
5.047118907e-05
5.002998898e-05
5.056948247e-05
4.985597166e-05
5.049308742e-05
5.01735548e-05
4.966856095e-05
5.014801014e-05
5.041777827e-05
5.016666359e-05
5.008938792e-05
5.001037156e-05
4.980207609e-05
5.023433528e-05
5.019807481e-05
5.031502845e-05
5.030410152e-05
4.956440575e-05
4.992783052e-05
5.015828053e-05
4.945744496e-05
4.972068788e-05
5.01506338e-05
5.029996808e-05
5.029990313e-05
5.021134505e-05
5.055088134e-05
5.009139357e-05
5.048432291e-05
4.980188126e-05
5.027670737e-05
5.032679167e-05
5.037200409e-05
5.009394459e-05
4.977919522e-05
5.07466136e-05
5.031154679e-05
5.068245758e-05
5.030290211e-05
5.036929936e-05
5.027564538e-05
5.036158531e-05
5.022963148e-05
5.004056971e-05
4.98702849e-05
5.038133699e-05
5.043485663e-05
5.077297784e-05
5.008679195e-05
4.985728748e-05
5.069294027e-05
5.061514906e-05
5.053049426e-05
5.018747524e-05
5.040933131e-05
5.004712623e-05
5.066583008e-05
5.018937818e-05
5.004494853e-05
5.029814923e-05
5.055855376e-05
5.044371217e-05
5.102419475e-05
5.063788666e-05
5.029408789e-05
5.070957113e-05
5.067820484e-05
5.095522227e-05
5.056460736e-05
5.100567543e-05
5.058427799e-05
5.034207481e-05
5.011354577e-05
4.996239254e-05
5.026097398e-05
5.001702216e-05
5.009543747e-05
5.031963446e-05
5.053740342e-05
5.096535399e-05
5.075651958e-05
5.040803541e-05
5.05058757e-05
5.036088792e-05
4.987834116e-05
5.025649563e-05
5.076645894e-05
5.11598341e-05
5.117055075e-05
5.034908083e-05
5.028572376e-05
5.11518338e-05
5.00661144e-05
5.037022467e-05
5.085002217e-05
5.049056245e-05
5.041713714e-05
5.065445755e-05
5.030096e-05
5.012135255e-05
5.031657622e-05
5.098446719e-05
5.047106017e-05
5.059879934e-05
5.102371493e-05
5.053367729e-05
5.032593305e-05
5.086762372e-05
5.109749962e-05
5.032871027e-05
5.118091776e-05
5.102947821e-05
5.070337133e-05
5.106854427e-05
5.105831545e-05
5.098123917e-05
5.044253734e-05
5.127475423e-05
5.049467472e-05
5.112566409e-05
5.129956623e-05
5.053693567e-05
5.086937187e-05
5.122538161e-05
5.059494971e-05
5.06322101e-05
5.116023624e-05
5.087229546e-05
5.096769899e-05
5.07886955e-05
5.081876699e-05
5.132878245e-05
5.051304339e-05
5.077382811e-05
5.067477947e-05
5.063716438e-05
5.088771222e-05
5.070458943e-05
5.112535637e-05
5.076270772e-05
5.052195472e-05
5.09305574e-05
5.112157954e-05
5.095807473e-05
5.089803718e-05
5.073726298e-05
5.129855308e-05
5.016619764e-05
5.115108466e-05
5.068789803e-05
5.099966587e-05
5.08390784e-05
5.110278156e-05
5.117401656e-05
5.163176341e-05
5.131035011e-05
5.109078468e-05
5.127349e-05
5.153663701e-05
5.081396059e-05
5.162202432e-05
5.129731187e-05
5.125191186e-05
5.164350834e-05
5.142789004e-05
5.070227761e-05
5.122569695e-05
5.077710322e-05
5.087993122e-05
5.13875123e-05
5.084357599e-05
5.132183034e-05
5.108448756e-05
5.182317957e-05
5.089221203e-05
5.106636365e-05
5.120027456e-05
5.105608485e-05
5.134578446e-05
5.086031728e-05
5.097224141e-05
5.095664475e-05
5.092460416e-05
5.139539967e-05
5.131431444e-05
5.126885651e-05
5.14550585e-05
5.143773294e-05
5.149339301e-05
5.14176177e-05
5.132473918e-05
5.15122021e-05
5.120478809e-05
5.135138585e-05
5.146424302e-05
5.146395809e-05
5.13284543e-05
5.037875235e-05
5.157557325e-05
5.071567255e-05
5.141059552e-05
5.12683183e-05
5.101518463e-05
5.150709334e-05
5.207200039e-05
5.166641581e-05
5.153832316e-05
5.12628219e-05
5.1529611e-05
5.103165145e-05
5.150201978e-05
5.148946672e-05
5.111434352e-05
5.146384042e-05
5.164206011e-05
5.116838897e-05
5.12614788e-05
5.167544016e-05
5.161801842e-05
5.149618285e-05
5.212998612e-05
5.170843664e-05
5.17030266e-05
5.145805562e-05
5.162494935e-05
5.117583398e-05
5.130684435e-05
5.121843174e-05
5.123510151e-05
5.153967051e-05
5.142986295e-05
5.163260037e-05
5.175856859e-05
5.14864175e-05
5.235651119e-05
5.143272502e-05
5.151031109e-05
5.182486576e-05
5.182557471e-05
5.212773621e-05
5.098460894e-05
5.17217245e-05
5.199807059e-05
5.169553028e-05
5.16566641e-05
5.137682065e-05
5.222345979e-05
5.146875035e-05
5.147043092e-05
5.148063936e-05
5.130844472e-05
5.197203747e-05
5.289720811e-05
5.169585376e-05
5.17046224e-05
5.137593626e-05
5.156442106e-05
5.173616379e-05
5.190920666e-05
5.159162057e-05
5.156889716e-05
5.173179467e-05
5.193198112e-05
5.206395609e-05
5.226447016e-05
5.153535651e-05
5.130613749e-05
5.147482949e-05
5.146922893e-05
5.153957659e-05
5.160825005e-05
5.143485027e-05
5.245270054e-05
5.200229878e-05
5.171913213e-05
5.170546068e-05
5.139389737e-05
5.155260666e-05
5.216429833e-05
5.253281786e-05
5.197247791e-05
5.228410209e-05
5.20096918e-05
5.1443192e-05
5.215077031e-05
5.167514376e-05
5.238291925e-05
5.201813505e-05
5.170035004e-05
5.160155727e-05
5.199134659e-05
5.195454924e-05
5.188817053e-05
5.256063927e-05
5.203479363e-05
5.221572455e-05
5.266733544e-05
5.19578663e-05
5.194962512e-05
5.177210613e-05
5.174246619e-05
5.216630773e-05
5.215375575e-05
5.219915764e-05
5.213871755e-05
5.205341788e-05
5.17557334e-05
5.226720944e-05
5.216519523e-05
5.212452231e-05
5.247219284e-05
5.207830156e-05
5.269137135e-05
5.140190953e-05
5.197549901e-05
5.210933891e-05
5.226812524e-05
5.165369742e-05
5.272226731e-05
5.235518111e-05
5.181739085e-05
5.245629129e-05
5.195245247e-05
5.315427065e-05
5.273587551e-05
5.286482305e-05
5.237711914e-05
5.275581519e-05
5.206323388e-05
5.199578055e-05
5.22098276e-05
5.228127227e-05
5.219286126e-05
5.267857421e-05
5.202545905e-05
5.253838676e-05
5.272662072e-05
5.27718339e-05
5.276542409e-05
5.290809621e-05
5.343625214e-05
5.258317277e-05
5.283387144e-05
5.254378483e-05
5.25420565e-05
5.253128175e-05
5.254797693e-05
5.240334031e-05
5.245872306e-05
5.306598881e-05
5.252210937e-05
5.265334967e-05
5.304278319e-05
5.261337314e-05
5.270517771e-05
5.274554957e-05
5.286565305e-05
5.26636048e-05
5.334682815e-05
5.262067807e-05
5.217614582e-05
5.259740734e-05
5.281508077e-05
5.258189405e-05
5.278783834e-05
5.263023029e-05
5.27032889e-05
5.297921022e-05
5.288075748e-05
5.279104361e-05
5.272314931e-05
5.263595009e-05
5.29899223e-05
5.309242643e-05
5.325909786e-05
5.239769456e-05
5.221595341e-05
5.256927834e-05
5.30800855e-05
5.293702333e-05
5.269626445e-05
5.255795998e-05
5.336821572e-05
5.345087841e-05
5.281460135e-05
5.275417945e-05
5.269498275e-05
5.348412211e-05
5.301315152e-05
5.274437696e-05
5.250726232e-05
5.289351126e-05
5.324981232e-05
5.33790252e-05
5.280138454e-05
5.308318921e-05
5.328286044e-05
5.281571955e-05
5.280436074e-05
5.331370911e-05
5.283295737e-05
5.357383782e-05
5.311410993e-05
5.305371917e-05
5.259543248e-05
5.323437678e-05
5.347516574e-05
5.301188965e-05
5.304964072e-05
5.354064319e-05
5.322164366e-05
5.276390197e-05
5.344094101e-05
5.278863583e-05
5.337387583e-05
5.341145552e-05
5.300517765e-05
5.301853552e-05
5.305382769e-05
5.411670135e-05
5.355245961e-05
5.324729837e-05
5.410015282e-05
5.345566514e-05
5.333051145e-05
5.340720931e-05
5.387490223e-05
5.391553324e-05
5.320561578e-05
5.332351916e-05
5.329830933e-05
5.321442064e-05
5.36129375e-05
5.387609911e-05
5.375758925e-05
5.360213255e-05
5.339270166e-05
5.391237659e-05
5.351842488e-05
5.379828343e-05
5.348621154e-05
5.387933381e-05
5.347840604e-05
5.385179826e-05
5.386366149e-05
5.391491165e-05
5.317324818e-05
5.370761247e-05
5.391789227e-05
5.349796543e-05
5.380297067e-05
5.367291787e-05
5.377151745e-05
5.432954721e-05
5.362395513e-05
5.383042435e-05
5.448942828e-05
5.331237086e-05
5.379675232e-05
5.398942597e-05
5.379928521e-05
5.396729574e-05
5.386280562e-05
5.366881123e-05
5.397686603e-05
5.449169125e-05
5.407089845e-05
5.380111408e-05
5.348208987e-05
5.432827114e-05
5.417099072e-05
5.404436617e-05
5.391522733e-05
5.38339128e-05
5.39928854e-05
5.449503722e-05
5.356034804e-05
5.427574934e-05
5.396585731e-05
5.395580466e-05
5.397498837e-05
5.407623089e-05
5.384191982e-05
5.393685157e-05
5.404986991e-05
5.409794636e-05
5.442125852e-05
5.466935111e-05
5.43884394e-05
5.418765325e-05
5.447167485e-05
5.449467687e-05
5.415152001e-05
5.390964504e-05
5.398345695e-05
5.425021436e-05
5.453269704e-05
5.42977852e-05
5.406675685e-05
5.456882939e-05
5.469404274e-05
5.447212624e-05
5.445882245e-05
5.485427775e-05
5.431953045e-05
5.430974472e-05
5.403199946e-05
5.497447583e-05
5.434786631e-05
5.462863392e-05
5.482039871e-05
5.416280613e-05
5.43162409e-05
5.494690804e-05
5.413209171e-05
5.489370703e-05
5.483775135e-05
5.483179286e-05
5.512242134e-05
5.383771626e-05
5.42154856e-05
5.439561586e-05
5.431691808e-05
5.452946967e-05
5.438076462e-05
5.416004556e-05
5.478135177e-05
5.438040043e-05
5.499364023e-05
5.479862961e-05
5.441056461e-05
5.463001942e-05
5.492337897e-05
5.403334778e-05
5.367007113e-05
5.490797001e-05
5.448279084e-05
5.507396998e-05
5.521070116e-05
5.442141597e-05
5.4996691e-05
5.538975185e-05
5.46654094e-05
5.482493765e-05
5.515271365e-05
5.494589468e-05
5.450113201e-05
5.527579168e-05
5.506722813e-05
5.521792742e-05
5.465583263e-05
5.535726386e-05
5.537430174e-05
5.495541555e-05
5.540657773e-05
5.460053783e-05
5.501646789e-05
5.475557578e-05
5.482793951e-05
5.49167073e-05
5.499704994e-05
5.490319832e-05
5.555131711e-05
5.596685182e-05
5.504917227e-05
5.450769643e-05
5.422175721e-05
5.58269472e-05
5.548768427e-05
5.51846197e-05
5.532408364e-05
5.49716194e-05
5.502415361e-05
5.499094744e-05
5.538978746e-05
5.479452931e-05
5.538653199e-05
5.506237837e-05
5.624736835e-05
5.582198617e-05
5.51490745e-05
5.545425191e-05
5.536105769e-05
5.523671211e-05
5.511691162e-05
5.552726862e-05
5.58416181e-05
5.591482812e-05
5.597436054e-05
5.571739932e-05
5.573502659e-05
5.579822929e-05
5.560478872e-05
5.514473698e-05
5.614928923e-05
5.589791746e-05
5.605687461e-05
5.644916082e-05
5.567680045e-05
5.58201035e-05
5.605669321e-05
5.576527569e-05
5.584955815e-05
5.569176282e-05
5.52283513e-05
5.612771556e-05
5.619007442e-05
5.616554578e-05
5.65715567e-05
5.598254054e-05
5.587205116e-05
5.625155371e-05
5.599291315e-05
5.655775266e-05
5.622575679e-05
5.651429527e-05
5.541360439e-05
5.616986917e-05
5.56880735e-05
5.591456266e-05
5.640152643e-05
5.597805244e-05
5.63030387e-05
5.626277931e-05
5.625959438e-05
5.638399475e-05
5.637433911e-05
5.612340463e-05
5.639722886e-05
5.608577644e-05
5.63770975e-05
5.617483777e-05
5.657202624e-05
5.688154135e-05
5.624853786e-05
5.667356617e-05
5.676443891e-05
5.599628367e-05
5.640603559e-05
5.627705054e-05
5.608695916e-05
5.694809026e-05
5.644997406e-05
5.634900184e-05
5.656786732e-05
5.678495895e-05
5.642053926e-05
5.668037753e-05
5.66596488e-05
5.62853656e-05
5.616886745e-05
5.670922974e-05
5.704196038e-05
5.691754673e-05
5.679565736e-05
5.687311776e-05
5.695484062e-05
5.666274998e-05
5.706063645e-05
5.663612532e-05
5.725720847e-05
5.632609852e-05
5.694394065e-05
5.702329587e-05
5.682176491e-05
5.778803999e-05
5.741674579e-05
5.734880487e-05
5.660513655e-05
5.65360319e-05
5.792597694e-05
5.727374031e-05
5.70960831e-05
5.78435225e-05
5.756828067e-05
5.72809085e-05
5.740262163e-05
5.759536547e-05
5.720070629e-05
5.740801552e-05
5.745145367e-05
5.688985623e-05
5.691984066e-05
5.765469214e-05
5.761295153e-05
5.722609304e-05
5.832597671e-05
5.684050336e-05
5.778932602e-05
5.765489319e-05
5.772628145e-05
5.741281665e-05
5.792010671e-05
5.749874045e-05
5.796019956e-05
5.767661129e-05
5.796722362e-05
5.814591151e-05
5.748520862e-05
5.796953646e-05
5.73231496e-05
5.765017044e-05
5.759817113e-05
5.740900868e-05
5.81603189e-05
5.766784449e-05
5.749927399e-05
5.803176407e-05
5.732018389e-05
5.78611588e-05
5.770591295e-05
5.735766497e-05
5.745462534e-05
5.884200661e-05
5.794317512e-05
5.825969394e-05
5.810773494e-05
5.756690429e-05
5.845734531e-05
5.762793408e-05
5.801714895e-05
5.851472537e-05
5.824509205e-05
5.826047499e-05
5.812024203e-05
5.825412597e-05
5.761717071e-05
5.865085976e-05
5.867683882e-05
5.889136403e-05
5.84935787e-05
5.790842488e-05
5.852950532e-05
5.835255125e-05
5.82112478e-05
5.842764247e-05
5.79901192e-05
5.791613327e-05
5.86278189e-05
5.921149491e-05
5.885597521e-05
5.882045955e-05
5.906434874e-05
5.868478652e-05
5.850873571e-05
5.883716813e-05
5.879334414e-05
5.883340027e-05
5.857473801e-05
5.931791546e-05
5.973366332e-05
5.905114668e-05
5.845356213e-05
5.83589282e-05
5.907510886e-05
5.886696825e-05
5.89809401e-05
5.910339062e-05
5.873056595e-05
5.900565291e-05
5.928156319e-05
5.987141368e-05
5.923429098e-05
5.964072768e-05
5.912707713e-05
5.926943321e-05
5.902988511e-05
5.953069077e-05
5.933338168e-05
5.905577488e-05
5.96086206e-05
5.863155569e-05
5.969640716e-05
5.945566445e-05
6.047438268e-05
5.926917601e-05
5.876060525e-05
5.936515741e-05
5.956632562e-05
6.052201954e-05
5.982481092e-05
5.946586238e-05
5.965220269e-05
5.934090151e-05
5.931774038e-05
5.979144873e-05
6.01848689e-05
6.008568995e-05
6.018123674e-05
5.958658683e-05
6.014379208e-05
5.987912469e-05
5.998437728e-05
5.984990717e-05
6.017618261e-05
6.05585823e-05
6.021565721e-05
5.968932282e-05
5.996481068e-05
6.004332822e-05
6.011853265e-05
6.073295614e-05
6.014446735e-05
6.065047077e-05
6.051785546e-05
6.030167278e-05
6.074572259e-05
5.975805824e-05
5.926033752e-05
6.067579125e-05
6.099018266e-05
6.030042463e-05
6.0759957e-05
6.067446971e-05
5.986313743e-05
6.066041465e-05
6.129374943e-05
6.089644454e-05
6.048723774e-05
6.086533527e-05
6.120648445e-05
6.071741636e-05
6.092761608e-05
6.111260343e-05
6.080486e-05
6.092816536e-05
6.115591223e-05
6.17190565e-05
6.109588174e-05
6.135727849e-05
6.085157856e-05
6.07227412e-05
6.165141676e-05
6.140208185e-05
6.166276254e-05
6.108648732e-05
6.140505019e-05
6.088957265e-05
6.113271947e-05
6.182123648e-05
6.095622656e-05
6.225058619e-05
6.210377244e-05
6.118264504e-05
6.168655479e-05
6.138232108e-05
6.139320775e-05
6.139557238e-05
6.178774469e-05
6.219114139e-05
6.192104387e-05
6.188451457e-05
6.20284042e-05
6.172331062e-05
6.227981312e-05
6.221183773e-05
6.246779711e-05
6.177288464e-05
6.213320373e-05
6.289298382e-05
6.211120882e-05
6.324757599e-05
6.28597756e-05
6.161859449e-05
6.221155363e-05
6.199010104e-05
6.179410381e-05
6.286485897e-05
6.25916727e-05
6.196840218e-05
6.20314952e-05
6.234319761e-05
6.304435161e-05
6.275786858e-05
6.336002988e-05
6.245170554e-05
6.276970063e-05
6.233487607e-05
6.252582703e-05
6.308316499e-05
6.381733136e-05
6.326322634e-05
6.319172801e-05
6.309351124e-05
6.279856497e-05
6.282615454e-05
6.314131365e-05
6.313734001e-05
6.287224682e-05
6.338570701e-05
6.251745965e-05
6.336846123e-05
6.37795089e-05
6.315678292e-05
6.370723787e-05
6.341281115e-05
6.394864652e-05
6.378978609e-05
6.304340036e-05
6.310240022e-05
6.375499388e-05
6.407530268e-05
6.393730337e-05
6.401786552e-05
6.407074144e-05
6.392541538e-05
6.350337732e-05
6.334126024e-05
6.420677796e-05
6.412316138e-05
6.427085579e-05
6.388580554e-05
6.385815001e-05
6.448737229e-05
6.337276867e-05
6.361685238e-05
6.401842145e-05
6.43763752e-05
6.440048182e-05
6.535063036e-05
6.40172811e-05
6.410724629e-05
6.476486375e-05
6.429035978e-05
6.421030474e-05
6.440021878e-05
6.495423585e-05
6.511618734e-05
6.490715182e-05
6.48076852e-05
6.49621051e-05
6.518837688e-05
6.580732282e-05
6.439706161e-05
6.469323256e-05
6.569931912e-05
6.483992391e-05
6.550807258e-05
6.567932492e-05
6.477571994e-05
6.565156476e-05
6.558875684e-05
6.597313663e-05
6.514617449e-05
6.539654976e-05
6.541734288e-05
6.532516326e-05
6.548494033e-05
6.610764573e-05
6.603557433e-05
6.628497842e-05
6.588601159e-05
6.578513477e-05
6.519094994e-05
6.636809342e-05
6.6682906e-05
6.592078225e-05
6.56716291e-05
6.664310988e-05
6.564328996e-05
6.569808589e-05
6.620776368e-05
6.697634132e-05
6.708475947e-05
6.660034908e-05
6.685014297e-05
6.647703453e-05
6.712556212e-05
6.679919678e-05
6.704541238e-05
6.689948439e-05
6.642321605e-05
6.688583494e-05
6.646243608e-05
6.701876594e-05
6.770852063e-05
6.766769689e-05
6.770193859e-05
6.767720186e-05
6.758333085e-05
6.774428122e-05
6.750653591e-05
6.738302296e-05
6.770949905e-05
6.718877116e-05
6.798724766e-05
6.705432434e-05
6.886344041e-05
6.794349052e-05
6.780224017e-05
6.742859654e-05
6.831081262e-05
6.837120717e-05
6.831373371e-05
6.772151171e-05
6.828283277e-05
6.866337118e-05
6.873939517e-05
6.833735081e-05
6.824660594e-05
6.846772589e-05
6.867099886e-05
6.838383354e-05
6.956789529e-05
6.94910125e-05
6.952562276e-05
6.927290712e-05
6.93819848e-05
6.940743905e-05
6.958863985e-05
7.010225182e-05
6.948483423e-05
7.026840454e-05
7.020778209e-05
6.930259897e-05
6.940875151e-05
6.914723492e-05
6.995903545e-05
6.986670128e-05
6.975168322e-05
6.92358268e-05
6.932785424e-05
7.036169576e-05
7.098538251e-05
6.988418709e-05
6.94401902e-05
7.083378205e-05
6.98028557e-05
7.028097542e-05
7.030979016e-05
7.138593013e-05
7.060420994e-05
7.070079088e-05
7.140617504e-05
7.091820712e-05
7.090392831e-05
7.108719575e-05
7.094868699e-05
7.187008261e-05
7.102937619e-05
7.085873301e-05
7.11648353e-05
7.208702152e-05
7.178703309e-05
7.094237206e-05
7.140602542e-05
7.139182958e-05
7.200721178e-05
7.18122199e-05
7.248660074e-05
7.252108417e-05
7.170332746e-05
7.226741917e-05
7.255884562e-05
7.22608266e-05
7.213494342e-05
7.241457326e-05
7.351016912e-05
7.298027916e-05
7.268594991e-05
7.337126053e-05
7.392949007e-05
7.332796086e-05
7.372250607e-05
7.359804028e-05
7.283444941e-05
7.416212505e-05
7.339930009e-05
7.48493711e-05
7.329944185e-05
7.418366983e-05
7.296750715e-05
7.381388521e-05
7.382030214e-05
7.39405589e-05
7.461458526e-05
7.44400377e-05
7.421996652e-05
7.485555664e-05
7.47932533e-05
7.488487617e-05
7.537043957e-05
7.468496225e-05
7.536401699e-05
7.426867115e-05
7.503354353e-05
7.526762708e-05
7.596766599e-05
7.657686843e-05
7.565060663e-05
7.600899462e-05
7.514696577e-05
7.609280676e-05
7.509562172e-05
7.583175948e-05
7.674701617e-05
7.585911951e-05
7.607770097e-05
7.691121253e-05
7.702394988e-05
7.715122169e-05
7.699574905e-05
7.650410972e-05
7.627754935e-05
7.75626704e-05
7.691405926e-05
7.715967211e-05
7.747049397e-05
7.779288318e-05
7.770490775e-05
7.780540291e-05
7.721405273e-05
7.826203469e-05
7.896304811e-05
7.79806782e-05
7.771624067e-05
7.907969573e-05
7.882538703e-05
7.991279906e-05
7.874496705e-05
7.84098098e-05
7.81228035e-05
7.993084014e-05
7.922962019e-05
8.017986705e-05
7.997647739e-05
7.995257411e-05
7.980581319e-05
7.898274533e-05
8.025312954e-05
7.961158635e-05
7.993962116e-05
8.139751083e-05
8.050601623e-05
8.092621816e-05
8.158042343e-05
8.160567267e-05
8.087966162e-05
8.132347497e-05
8.071077184e-05
8.195637968e-05
8.176993876e-05
8.12783255e-05
8.133768775e-05
8.277429944e-05
8.212608695e-05
8.261045136e-05
8.345077611e-05
8.246144232e-05
8.244759017e-05
8.359945174e-05
8.329567662e-05
8.377248595e-05
8.307983488e-05
8.317313522e-05
8.318100194e-05
8.427310247e-05
8.470134455e-05
8.421218539e-05
8.415912771e-05
8.499912715e-05
8.453296467e-05
8.510970349e-05
8.470815628e-05
8.448242525e-05
8.563264732e-05
8.459584255e-05
8.620340708e-05
8.663719527e-05
8.583886559e-05
8.613488878e-05
8.651906666e-05
8.646932691e-05
8.61648298e-05
8.769193697e-05
8.792580918e-05
8.7556497e-05
8.792166222e-05
8.717271242e-05
8.841662873e-05
8.826337821e-05
8.878467367e-05
8.872722812e-05
8.836170751e-05
8.900878142e-05
8.937941264e-05
8.826710808e-05
8.973253975e-05
9.034859125e-05
9.01722401e-05
9.013047204e-05
9.089500886e-05
9.011460774e-05
9.17210119e-05
9.12098466e-05
9.159461337e-05
9.168063372e-05
9.273093807e-05
9.219541834e-05
9.171177953e-05
9.279140956e-05
9.238442153e-05
9.280230828e-05
9.384236482e-05
9.355035716e-05
9.27985314e-05
9.411021615e-05
9.470793866e-05
9.56637613e-05
9.50968231e-05
9.534509732e-05
9.526365804e-05
9.577434194e-05
9.614987334e-05
9.583465688e-05
9.624792702e-05
9.796448189e-05
9.670394839e-05
9.655028568e-05
9.764736451e-05
9.787360913e-05
9.719948502e-05
9.830229262e-05
9.969016704e-05
9.998248907e-05
9.991595037e-05
9.910110558e-05
0.00010044792
0.0001006803234
0.0001008779322
0.0001020971551
0.0001013547231
0.0001015369393
0.0001039288738
0.000102179806
0.0001025683082
0.0001027812012
0.0001039820803
0.0001035525296
0.0001049466918
0.0001051078619
0.0001059203329
0.0001055116526
0.0001070904642
0.0001066200905
0.0001058856361
0.0001075786511
0.0001074588166
0.0001084666081
0.0001088372381
0.0001095379453
0.0001106816075
0.0001110224926
0.0001104856504
0.0001110989893
0.0001112572589
0.0001134530303
0.0001123838064
0.0001133402824
0.0001147243776
0.0001152662082
0.0001136728356
0.0001160315503
0.0001169337424
0.0001165269676
0.0001169906317
0.0001173900962
0.0001191070469
0.0001187935668
0.0001196319113
0.0001210107263
0.0001211510039
0.0001211837789
0.0001218294859
0.0001221852297
0.0001253069485
0.0001232459527
0.0001246642641
0.0001253591635
0.0001243986748
0.0001268925898
0.0001268781821
0.0001292093012
0.0001289911988
0.000130079352
0.0001307791259
0.0001314041492
0.000132184371
0.0001331717994
0.000134218902
0.0001349138504
0.0001352296084
0.0001355169702
0.0001355811282
0.0001367587305
0.0001384918559
0.0001393524594
0.0001383816509
0.0001395203802
0.0001408753038
0.0001399052572
0.0001424237885
0.000144135313
0.0001437276603
0.0001432988368
0.0001450647659
0.0001466685537
0.0001481871211
0.0001471002927
0.0001458407231
0.0001468278674
0.0001488059866
0.0001498429201
0.0001504605687
0.0001513209192
0.000149163758
0.0001522007227
0.0001524005368
0.0001517995782
0.0001521134269
0.0001528125242
0.0001532308985
0.0001514443809
0.0001529475013
0.0001523953585
0.0001519275884
0.0001530151086
0.000153594371
0.0001532594816
0.0001528751742
0.000153847786
0.0001519588015
0.0001520440201
0.0001510536855
0.0001522495928
0.0001519989943
0.0001507106472
0.0001499785459
0.0001492741589
0.0001480137566
0.000148740358
0.0001483356088
0.0001463807087
0.0001446541532
0.0001447862072
0.0001440701724
0.0001427135553
0.0001411049422
0.0001416127496
0.0001400526035
0.0001369868921
0.0001359142715
0.0001346874656
0.0001331296711
0.0001315623084
0.0001305321479
0.0001287574058
0.0001267825942
0.0001257300195
0.000123834505
0.0001220471297
0.0001199286638
0.0001178645353
0.0001158215417
0.0001141474494
0.0001112485748
0.0001104573583
0.0001073393384
0.000105979035
0.0001035487443
0.0001009440297
9.881137242e-05
9.667512125e-05
9.467642688e-05
9.15568197e-05
9.074629987e-05
8.738896317e-05
8.607713283e-05
8.470996582e-05
8.12866931e-05
7.993965037e-05
7.532939428e-05
7.414301365e-05
7.266329354e-05
7.013409821e-05
6.873310248e-05
6.552234342e-05
6.454077528e-05
6.216771091e-05
6.004039478e-05
5.796159713e-05
5.603876032e-05
5.427982768e-05
5.205780083e-05
5.028718775e-05
4.780184497e-05
4.63337265e-05
4.414500138e-05
4.24752505e-05
4.098346298e-05
3.910348134e-05
3.782492634e-05
3.56278023e-05
3.410006997e-05
3.242462962e-05
3.112222995e-05
3.037464402e-05
2.829498302e-05
2.712045578e-05
2.604154234e-05
2.446842966e-05
2.307213962e-05
2.216352004e-05
2.073087476e-05
2.027498215e-05
1.912802928e-05
1.798339046e-05
1.70983329e-05
1.615570671e-05
1.539865844e-05
1.444957072e-05
1.359948531e-05
1.255291169e-05
1.236177324e-05
1.109183646e-05
1.026809507e-05
1.02346426e-05
9.071459804e-06
8.831596405e-06
8.183271555e-06
7.414813511e-06
7.132906136e-06
6.496070708e-06
6.322562795e-06
5.508070998e-06
5.1697355e-06
4.836125992e-06
4.662955409e-06
4.356573561e-06
4.092891941e-06
3.494392678e-06
3.58035842e-06
3.102610551e-06
3.084692971e-06
2.554981956e-06
2.717365397e-06
2.328043339e-06
2.225378482e-06
2.113834135e-06
1.945776138e-06
1.836324515e-06
1.689923261e-06
1.465710305e-06
1.501133206e-06
1.35238187e-06
1.240465241e-06
1.171241315e-06
1.162982889e-06
1.017423625e-06
1.047129321e-06
1.031497326e-06
8.571766599e-07
7.616996153e-07
7.39459841e-07
6.623433175e-07
6.812629336e-07
5.724980115e-07
5.364357442e-07
5.267476349e-07
5.205100181e-07
5.188791511e-07
4.010860954e-07
3.96205412e-07
4.376508048e-07
3.633692481e-07
3.805260138e-07
2.918986769e-07
2.871840697e-07
2.898298917e-07
2.844372201e-07
2.250637128e-07
2.194674617e-07
2.484373522e-07
2.262381288e-07
2.461556821e-07
2.681059346e-07
2.605657964e-07
1.661456615e-07
1.627422725e-07
2.626425803e-07
2.239586402e-07
2.064858645e-07
1.89185512e-07
1.967716901e-07
1.87423577e-07
1.291182634e-07
1.575028468e-07
1.698905766e-07
1.377189418e-07
1.863245521e-07
1.638690282e-07
1.740767297e-07
1.237410267e-07
1.831251605e-07
1.47823463e-07
1.782758176e-07
1.53645711e-07
1.644604771e-07
1.654583908e-07
1.983908702e-07
2.220977591e-07
1.748311729e-07
1.88009962e-07
1.932438221e-07
1.554576169e-07
1.803371738e-07
1.685690571e-07
1.618093159e-07
2.097567739e-07
2.047946223e-07
1.97814964e-07
1.764804472e-07
1.686003563e-07
1.604905599e-07
1.966778806e-07
1.684708474e-07
1.92993457e-07
1.945830295e-07
1.800404844e-07
2.30796954e-07
1.71665045e-07
1.89397366e-07
1.954688408e-07
1.741481083e-07
1.955306727e-07
1.615277242e-07
2.255410484e-07
1.816880946e-07
2.645973857e-07
1.840414395e-07
1.093236797e-07
1.619968671e-07
1.393166886e-07
2.098294509e-07
1.171161067e-07
1.655082482e-07
1.541796066e-07
2.577696673e-07
2.282549746e-07
1.016419574e-07
1.999698466e-07
1.680438304e-07
1.881073757e-07
1.826774564e-07
1.435780293e-07
1.762829471e-07
1.775919919e-07
1.765877605e-07
1.490010317e-07
1.515550685e-07
1.620102062e-07
1.368550077e-07
1.900136791e-07
1.994082589e-07
1.483907549e-07
1.436289937e-07
1.439819969e-07
1.43564081e-07
2.508927727e-07
1.813516398e-07
1.567408429e-07
1.516804456e-07
1.62596456e-07
1.768419307e-07
1.562192624e-07
1.517181056e-07
1.460603394e-07
1.667822018e-07
1.496336207e-07
1.894939061e-07
1.788362213e-07
1.50866474e-07
1.658112317e-07
1.332692863e-07
1.643076625e-07
1.316451576e-07
1.43607846e-07
1.051280057e-07
1.891423861e-07
2.144079892e-07
1.203810095e-07
1.444184612e-07
1.375996613e-07
1.687179301e-07
1.415469576e-07
1.786828834e-07
1.548027298e-07
1.894350922e-07
1.633974487e-07
1.014463382e-07
1.889602368e-07
1.303086462e-07
1.959385797e-07
1.858272206e-07
1.71951798e-07
1.632967219e-07
1.998427611e-07
1.608126272e-07
2.158893648e-07
1.636394663e-07
1.971082325e-07
1.625829492e-07
1.424322841e-07
1.2741e-07
1.798135549e-07
1.260702326e-07
1.779750441e-07
1.721720931e-07
1.792530009e-07
1.219964562e-07
1.34177216e-07
1.245382897e-07
2.038457614e-07
2.079568115e-07
1.629767621e-07
1.821576996e-07
2.180766606e-07
2.050410811e-07
1.532303335e-07
1.456721887e-07
1.424363159e-07
1.66272393e-07
1.296894388e-07
1.547271987e-07
1.910756258e-07
1.605677178e-07
1.691735243e-07
1.455684838e-07
1.464051417e-07
1.775731908e-07
1.459067034e-07
1.447588766e-07
1.571665172e-07
1.67888131e-07
1.759728876e-07
1.932709023e-07
2.130887169e-07
1.691274372e-07
1.568307811e-07
1.60107762e-07
1.820741678e-07
1.291342877e-07
1.427766722e-07
1.587167021e-07
1.669356494e-07
9.579126736e-08
7.894579032e-08
1.4595571e-07
1.092043409e-07
1.230325073e-07
1.183138002e-07
1.130151981e-07
1.310388119e-07
9.521187034e-08
1.021818647e-07
1.634373135e-07
1.060332791e-07
1.269967015e-07
1.014196509e-07
1.490580777e-07
2.031931831e-07
1.661654954e-07
1.386889398e-07
1.566417459e-07
1.095301612e-07
1.443293349e-07
1.454213407e-07
1.514649693e-07
1.53138347e-07
1.37129306e-07
1.300662507e-07
1.279870119e-07
1.424193588e-07
1.487541449e-07
1.04710913e-07
1.243674349e-07
1.375001061e-07
1.336809135e-07
1.530552105e-07
1.3989361e-07
1.237505873e-07
1.524810846e-07
1.05746301e-07
1.519643225e-07
1.146068238e-07
1.668336629e-07
1.566579475e-07
1.493129372e-07
8.566097253e-08
1.575326883e-07
1.41986734e-07
1.050350441e-07
1.312206432e-07
9.245629531e-08
8.647679949e-08
1.359450847e-07
1.413763254e-07
1.236543361e-07
1.313937714e-07
1.426826755e-07
1.438556984e-07
1.310418054e-07
1.480781352e-07
1.436289757e-07
1.313571328e-07
1.478985796e-07
1.132149222e-07
1.04496681e-07
9.392763622e-08
1.172247138e-07
1.274787245e-07
1.207909224e-07
1.357398071e-07
2.055291651e-07
1.415852923e-07
1.481055708e-07
1.528202909e-07
1.071783724e-07
1.303674873e-07
1.141377791e-07
1.173368767e-07
1.379583079e-07
1.094614137e-07
1.53009886e-07
1.535290504e-07
1.465601078e-07
1.414334561e-07
9.070268645e-08
1.588083483e-07
1.326720861e-07
1.111648131e-07
1.709373991e-07
9.122240369e-08
1.424790182e-07
9.82117432e-08
1.306443139e-07
1.408885308e-07
1.18948221e-07
1.370230538e-07
1.280074149e-07
1.498285685e-07
1.213664115e-07
1.527481831e-07
1.413746174e-07
1.477134661e-07
1.076775052e-07
1.32847592e-07
8.680335338e-08
1.235759074e-07
1.048451242e-07
1.420202132e-07
8.27257424e-08
1.011133466e-07
1.271693009e-07
1.476484566e-07
1.429392876e-07
8.943910014e-08
9.415845292e-08
9.812914828e-08
1.096132925e-07
1.020254315e-07
1.170493329e-07
1.073655157e-07
7.551234642e-08
7.839910205e-08
1.284358973e-07
1.207057208e-07
1.246517294e-07
1.307383843e-07
9.272489772e-08
1.026144821e-07
1.123350568e-07
1.693742026e-07
1.402588318e-07
1.89287816e-07
1.240390791e-07
1.489480063e-07
1.531791602e-07
1.548351532e-07
1.960065387e-07
1.231129403e-07
1.708109952e-07
1.771256932e-07
1.350303774e-07
1.737620446e-07
9.546513419e-08
7.691203802e-08
8.639095833e-08
1.296833367e-07
1.149168636e-07
9.643510628e-08
7.191693856e-08
1.32250513e-07
1.35088101e-07
1.207630224e-07
1.077347783e-07
8.548481773e-08
1.271905621e-07
6.791286991e-08
1.002482383e-07
1.120679583e-07
1.332735638e-07
9.118199994e-08
1.078246424e-07
1.05957446e-07
9.85281913e-08
1.059281764e-07
1.353453794e-07
1.151663375e-07
1.008395478e-07
1.543971226e-07
8.991462023e-08
1.035619732e-07
1.204747094e-07
1.209641097e-07
1.372912603e-07
1.392637405e-07
7.564997022e-08
9.331371795e-08
1.153715897e-07
1.004250954e-07
1.090486824e-07
1.026910463e-07
1.104271981e-07
6.700471317e-08
1.03804298e-07
1.375429805e-07
8.727032035e-08
1.061043915e-07
1.1696246e-07
1.23974354e-07
9.132703359e-08
9.303469123e-08
1.242822928e-07
1.21903286e-07
1.067294118e-07
1.224806336e-07
1.291186347e-07
1.096041118e-07
9.612534062e-08
1.13882775e-07
1.201772009e-07
9.96875263e-08
1.390561878e-07
1.057445195e-07
1.138001112e-07
1.535698632e-07
1.149965382e-07
1.053440364e-07
1.435665308e-07
9.54039105e-08
1.438734309e-07
1.111895162e-07
1.143251335e-07
1.250568595e-07
8.700394364e-08
1.500570183e-07
9.911271452e-08
1.238806711e-07
9.273803968e-08
1.140962954e-07
8.499475892e-08
1.054523325e-07
1.776336926e-07
1.486623903e-07
8.146878023e-08
1.222012453e-07
9.09815808e-08
6.636600155e-08
8.071539309e-08
6.56477446e-08
7.04281986e-08
9.225964737e-08
1.144425365e-07
1.227791169e-07
1.306912055e-07
1.001034668e-07
1.277173295e-07
8.933760844e-08
1.006899509e-07
1.379233919e-07
9.710808167e-08
9.669615362e-08
1.150354618e-07
1.054562673e-07
9.679713592e-08
1.308382278e-07
7.971208323e-08
6.926422527e-08
1.281371593e-07
1.241159148e-07
9.649323613e-08
1.697713359e-07
1.393214838e-07
1.343330681e-07
8.75881752e-08
7.043290868e-08
9.191185002e-08
1.21664015e-07
1.008613588e-07
8.298724034e-08
8.205382432e-08
9.289805614e-08
1.225893388e-07
6.603048606e-08
1.221404402e-07
9.958846934e-08
1.029775376e-07
8.989106885e-08
6.933451901e-08
1.256343748e-07
1.469452835e-07
1.140114961e-07
1.157067401e-07
9.697611352e-08
9.366589757e-08
1.247971129e-07
1.107037319e-07
1.067892733e-07
6.737723962e-08
6.553715962e-08
9.424462251e-08
1.035852572e-07
8.864576267e-08
1.093516527e-07
8.678514751e-08
7.854361447e-08
8.455505493e-08
1.077224781e-07
7.209398315e-08
8.748416014e-08
8.973879979e-08
6.67913636e-08
5.191810453e-08
8.685871681e-08
9.830421266e-08
1.210997215e-07
8.875369961e-08
6.537851632e-08
7.561813541e-08
1.015238833e-07
9.333300391e-08
7.698103931e-08
1.128161043e-07
1.165253887e-07
8.8242414e-08
9.126965822e-08
7.850562797e-08
1.146544754e-07
1.01056421e-07
1.016935135e-07
1.149095036e-07
8.187080207e-08
1.235276574e-07
9.68364253e-08
1.381151006e-07
1.147268519e-07
1.143128352e-07
9.029686156e-08
1.150564224e-07
1.312191371e-07
1.076966442e-07
1.105854766e-07
8.838068888e-08
9.913998368e-08
1.473653205e-07
1.099518328e-07
1.222374279e-07
9.370300599e-08
1.143502609e-07
1.033645202e-07
1.148737594e-07
7.719425285e-08
7.727761825e-08
7.307879948e-08
1.01633599e-07
9.193124604e-08
7.739203803e-08
1.111863278e-07
9.414376279e-08
8.612876393e-08
9.384531767e-08
9.250132081e-08
1.041915411e-07
1.008545861e-07
9.878374832e-08
1.047257997e-07
3.786358095e-08
9.092184853e-08
8.701240815e-08
6.41032046e-08
1.172699337e-07
9.046589548e-08
1.878727393e-07
1.009086632e-07
1.032081634e-07
5.197985509e-08
8.080812219e-08
1.149332679e-07
7.181360684e-08
9.997549668e-08
8.902475997e-08
1.077068291e-07
1.124641084e-07
1.3441295e-07
5.866163641e-08
1.053690964e-07
1.439869353e-07
9.375658105e-08
1.003704178e-07
1.545778731e-07
1.214287857e-07
1.493137423e-07
6.209027246e-08
9.651784353e-08
7.866792287e-08
8.941109467e-08
1.038690812e-07
1.007207191e-07
8.079325609e-08
1.101093155e-07
7.085550312e-08
8.541547495e-08
1.242002298e-07
1.407830709e-07
8.726906587e-08
1.239820673e-07
1.086861537e-07
1.017107611e-07
6.493647359e-08
7.576022397e-08
4.324352574e-08
7.624316425e-08
7.028497036e-08
6.159706818e-08
8.032877029e-08
4.136309377e-08
9.947206394e-08
7.722517774e-08
7.021622278e-08
4.536465471e-08
7.056824655e-08
6.75787149e-08
5.011312196e-08
8.615760654e-08
1.004598648e-07
1.205966605e-07
5.917324845e-08
5.788800371e-08
5.542118891e-08
5.856903532e-08
3.953711627e-08
9.609688705e-08
6.839465747e-08
7.107488527e-08
8.129801761e-08
5.543013657e-08
8.701476557e-08
6.27165124e-08
8.024684928e-08
9.03122107e-08
6.010538361e-08
7.655524902e-08
1.008551533e-07
7.354065801e-08
1.014714359e-07
8.234258574e-08
9.465756971e-08
9.057608262e-08
5.507934161e-08
6.04565376e-08
1.041912809e-07
8.159888654e-08
7.57293809e-08
1.148040395e-07
1.294945125e-07
8.798520396e-08
1.012402963e-07
1.119619955e-07
1.166477117e-07
1.447157118e-07
1.204053528e-07
1.306814218e-07
1.352339048e-07
1.108881267e-07
6.759656017e-08
8.336678716e-08
7.537802265e-08
4.921800148e-08
6.35055487e-08
7.728395176e-08
9.226096433e-08
6.492557221e-08
8.704012779e-08
1.015931165e-07
4.993831435e-08
8.351726103e-08
5.029856228e-08
5.988740168e-08
6.77265921e-08
5.359217924e-08
7.662797236e-08
1.281083588e-07
1.000421183e-07
1.269273775e-07
9.856337959e-08
8.475758065e-08
1.020993921e-07
1.087321491e-07
1.170055911e-07
8.323248657e-08
8.519051781e-08
6.83466031e-08
9.400155145e-08
1.043485362e-07
9.490954494e-08
9.312885033e-08
6.701954286e-08
8.011259653e-08
1.069080718e-07
1.033877865e-07
6.837275099e-08
4.353141663e-08
8.88871262e-08
8.438072981e-08
5.989692377e-08
8.882935199e-08
5.80810146e-08
7.117762506e-08
6.789927669e-08
6.499648265e-08
5.626032587e-08
1.004988822e-07
7.071745938e-08
5.797357013e-08
6.063434194e-08
8.584000272e-08
6.346399623e-08
7.891853154e-08
8.143563499e-08
1.10873789e-07
9.017452488e-08
1.488148543e-07
1.045798921e-07
6.117962368e-08
1.131746101e-07
5.932141863e-08
5.091645003e-08
8.812950414e-08
6.828167925e-08
1.288337406e-07
7.206790294e-08
7.436175526e-08
4.631886233e-08
7.396727083e-08
8.021993982e-08
6.562157674e-08
7.761789266e-08
8.383090149e-08
6.47971256e-08
8.015061782e-08
7.405652327e-08
7.483891563e-08
6.172019971e-08
6.625618422e-08
8.586744944e-08
6.776854748e-08
7.891006835e-08
8.99409456e-08
5.069526827e-08
7.964899788e-08
6.327901532e-08
7.813435345e-08
1.206175681e-07
9.668181313e-08
3.33684158e-08
6.602261453e-08
8.778361674e-08
5.519415945e-08
5.726672516e-08
4.944292918e-08
5.329183739e-08
7.238108076e-08
6.95356261e-08
7.468537868e-08
8.998339387e-08
7.703429401e-08
7.118704791e-08
6.595363591e-08
9.143354776e-08
9.405565645e-08
7.250809402e-08
6.826112919e-08
1.288359126e-07
9.059177538e-08
6.694794055e-08
6.773845727e-08
6.984542514e-08
7.153515394e-08
7.026081808e-08
9.044179359e-08
9.039871885e-08
8.21546194e-08
6.252226571e-08
7.823506022e-08
6.435092586e-08
9.256952938e-08
1.101242446e-07
9.618255059e-08
5.922451659e-08
7.984016333e-08
7.956258165e-08
7.427049888e-08
3.735705912e-08
8.892329738e-08
6.279214729e-08
9.285117493e-08
1.677006127e-07
7.120914648e-08
6.192397025e-08
4.45135114e-08
3.621210514e-08
7.127058217e-08
6.426048042e-08
5.786902274e-08
8.321851861e-08
8.501022671e-08
6.847553155e-08
7.005844937e-08
7.467927793e-08
7.594516762e-08
5.491167794e-08
3.223745994e-08
3.78593402e-08
1.201215062e-07
5.168416817e-08
9.820805464e-08
6.324175926e-08
6.803137806e-08
6.340047622e-08
8.123050054e-08
8.435840211e-08
7.841962455e-08
6.404741229e-08
1.042818237e-07
1.090835676e-07
7.468239906e-08
8.941776006e-08
5.591798469e-08
7.335485194e-08
7.280929222e-08
7.204205561e-08
7.263966734e-08
5.955510192e-08
8.690198364e-08
7.530488018e-08
3.796037767e-08
9.824402879e-08
8.165020081e-08
6.826280205e-08
5.997802655e-08
5.520477238e-08
6.394956437e-08
5.270258305e-08
7.107990647e-08
5.791369603e-08
4.450719453e-08
5.148615212e-08
6.272477401e-08
7.980450619e-08
5.413878625e-08
4.620892079e-08
4.359224634e-08
8.184274326e-08
4.918450639e-08
8.14577496e-08
5.307889418e-08
4.540621873e-08
4.997344288e-08
6.934387606e-08
1.067397851e-07
5.868536422e-08
5.17692039e-08
5.141107461e-08
5.855047895e-08
1.022263963e-07
6.552158799e-08
6.922572e-08
6.722284676e-08
4.935004725e-08
7.183829193e-08
7.152447685e-08
7.480581612e-08
6.805663842e-08
9.068437679e-08
2.982616504e-08
4.700038989e-08
8.848489631e-08
3.537327113e-08
7.968894002e-08
9.554557634e-08
7.648294364e-08
6.211587828e-08
6.630906876e-08
9.519441888e-08
8.256902696e-08
8.157269197e-08
5.50780149e-08
5.540126099e-08
7.476272059e-08
3.67774404e-08
4.586886174e-08
4.584986449e-08
4.198759437e-08
5.362949825e-08
5.265019843e-08
4.550199043e-08
5.636544144e-08
6.428997917e-08
5.769358909e-08
2.957076321e-08
6.913442193e-08
6.069406524e-08
4.904787219e-08
4.454282567e-08
7.154081481e-08
5.717338148e-08
6.191128486e-08
6.826643148e-08
5.320226251e-08
8.874485331e-08
5.200682061e-08
7.786106526e-08
4.898063615e-08
6.339033881e-08
3.969296055e-08
5.437823151e-08
8.590971846e-08
9.658148974e-08
3.215415863e-08
8.990975836e-08
6.299044741e-08
6.603955342e-08
1.108758294e-07
6.46681902e-08
2.497347094e-08
5.258193583e-08
3.120916784e-08
4.631472308e-08
5.998805376e-08
4.856503641e-08
4.492153807e-08
3.618890546e-08
6.865970555e-08
1.064025548e-07
9.105541697e-08
6.088443112e-08
5.929897901e-08
5.857986319e-08
8.765373761e-08
5.40290165e-08
5.944817148e-08
9.066130227e-08
6.465353324e-08
5.330463426e-08
5.396174444e-08
5.995353429e-08
8.623124468e-08
8.772248425e-08
4.494598379e-08
6.030037264e-08
7.203786832e-08
6.209977425e-08
9.603892643e-08
7.044629078e-08
8.164877301e-08
5.913785747e-08
4.351502636e-08
5.090381556e-08
4.509963906e-08
5.901827833e-08
4.583140991e-08
3.777194957e-08
8.318936953e-08
5.83318653e-08
7.30863193e-08
5.499562103e-08
8.599188172e-08
5.135945646e-08
8.366681631e-08
5.231069313e-08
6.675728447e-08
5.584366121e-08
6.739042243e-08
3.238303703e-08
7.967602807e-08
5.581510501e-08
5.675851443e-08
3.650921524e-08
4.911771234e-08
5.914223863e-08
4.76361126e-08
3.252590766e-08
7.100099204e-08
4.724858411e-08
5.515222357e-08
4.562642292e-08
8.279899334e-08
4.550155311e-08
5.058561243e-08
6.467031253e-08
3.682396663e-08
4.404134376e-08
6.498673328e-08
5.108050578e-08
1.073422165e-07
6.357672656e-08
9.093750845e-08
8.093198565e-08
4.946707306e-08
6.951865921e-08
6.277086793e-08
9.235110621e-08
6.160205171e-08
3.913901097e-08
8.776902738e-08
5.367785319e-08
3.112039918e-08
4.121836791e-08
5.968760619e-08
5.507870045e-08
5.366045697e-08
7.6439485e-08
3.862347792e-08
5.476252083e-08
7.920220105e-08
7.516716147e-08
4.655596127e-08
4.588775648e-08
1.040690666e-07
4.02813076e-08
