#################################### 
# Matrix Size= (25,25,400)
# Resol      = (1,1,4000)
# VoxelSize  = (25,25,0.1)
# nbVal      = 4000
#################################### 
19217.51934
19703.85098
20076.08509
19984.15018
20274.13149
20222.42428
20352.05435
20549.0192
20429.53827
20524.22404
20500.57087
20609.08686
20720.04656
20463.33732
20721.15411
20692.60949
20628.68018
20741.71061
20782.12277
20786.21033
20782.2644
20687.803
20776.17351
20823.24133
20525.26976
20712.5341
20773.09214
20752.23158
20853.252
20676.92972
20915.47152
20600.20658
20913.9849
20995.5201
20946.08797
20923.97054
21096.20934
20874.41101
20841.50819
21030.29177
21027.67512
21124.05674
21049.12373
20991.16446
20957.69289
21150.55822
20904.36935
20942.56594
20964.13932
21069.74795
21081.62418
21025.19796
21099.2227
21210.59483
21117.17351
21099.5722
20967.13613
20943.98415
21018.60684
21108.65947
21152.32007
21158.93263
21155.01418
21068.09218
21141.33026
21190.91324
21164.09382
21034.16988
21383.13399
21322.35397
21274.47492
21178.39261
21249.75696
21135.1654
21210.8661
21203.28685
21261.63299
21094.76122
21307.51351
21275.86057
21237.80096
21237.57727
21590.85636
21341.05706
21155.50905
21393.28693
21377.87064
21327.4813
21323.35136
21302.01295
21345.66784
21336.06057
21472.45075
21420.25213
21215.01136
21372.87565
21485.22521
21534.64202
21436.41711
21476.91488
21207.27302
21158.60708
21369.69948
21530.30113
21257.93759
21289.58205
21384.46107
21217.48243
21289.81866
21434.40935
21319.51817
21353.88952
21449.30844
21432.04358
21351.45831
21293.1278
21383.27699
21355.41466
21422.6158
21521.59715
21537.56621
21451.93661
21646.66416
21480.31391
21471.24172
21586.27543
21687.2249
21725.52893
21865.54428
21765.87838
21579.68686
21653.83761
21710.28397
21575.87651
21605.16086
21794.65436
21553.56751
21708.67982
21835.20272
21748.52777
21854.20774
21886.91166
21865.84525
21576.94883
21687.51624
21565.52025
21777.42912
21878.13903
21677.11976
21821.58347
21732.7128
21560.1665
21531.17113
21593.27505
21958.42403
21625.81207
21737.51786
21868.18739
21560.35664
21903.99982
21875.88127
21895.47574
21863.28766
21708.46043
21746.46495
21723.22117
21747.20319
21772.2795
21712.49289
21826.92249
21968.24227
21946.40834
21886.19919
21835.29294
21911.51119
22001.51298
22006.36134
22088.16307
21825.12168
21913.24597
21852.35372
21802.04466
22192.81881
21920.12042
22046.89221
21991.15662
21743.10273
21805.42883
21745.58822
21833.77492
21860.05961
21900.44147
21816.78339
21753.17505
21960.17015
22059.02432
21906.60039
22096.31921
21995.28207
22067.19677
21790.53652
21853.19679
21980.8613
21964.23933
21914.92292
22055.88687
22147.84164
21846.40461
22010.17411
21891.64347
21938.2878
21967.55685
22055.05922
22053.70355
21920.07195
22169.45825
21973.80272
21996.50826
22069.7128
22161.41736
22233.29448
21965.00595
22267.07589
21906.18037
22043.41507
22081.81577
22134.94158
22037.96025
22047.07754
22104.97345
21953.39465
21902.98703
21997.57781
22071.96623
22091.71527
22105.6489
21865.93443
21916.86332
21951.28351
22162.05999
22251.32301
22124.69186
22101.02871
22193.91979
22111.74227
22222.82792
22214.20004
21940.23776
22625.91857
22113.72867
22200.91197
22128.00497
22026.26134
22173.90521
22262.59134
22155.22244
22264.43178
22364.6889
22494.30021
22356.64821
22191.93311
22111.0744
22216.70574
21908.5726
22089.73946
22279.81462
22319.55781
22257.07845
22206.2462
22395.32782
22444.35608
22317.00531
22390.11004
22164.16448
22224.68821
22264.714
22032.47774
22169.44001
22110.82662
22449.94001
22292.75612
22320.09604
22210.07121
22275.62644
22241.96735
22106.49833
22337.81549
22240.97347
22159.52672
22311.37429
22236.46058
22268.85466
22282.02996
22387.12935
22107.73517
22222.15019
22364.42282
22245.3622
22270.7311
22416.59045
22344.44822
22273.78051
22152.90543
22191.23707
22463.60626
22433.04015
22393.79158
22288.15591
22314.94151
22292.29911
22261.35946
22380.32707
22466.9646
22345.26186
22507.65471
22545.85756
22529.54121
22572.64171
22483.04534
22200.8564
22243.16659
22527.73556
22412.95687
22452.84514
22659.1119
22230.39233
22236.06518
22358.44888
22466.08712
22614.06176
22339.01565
22362.25619
22573.00378
22382.56845
22510.45857
22245.24689
22652.96208
22755.13045
22359.26204
22413.22781
22490.62916
22418.56832
22347.29298
22393.55013
22399.04544
22613.2173
22409.14915
22383.69854
22581.29463
22330.75604
22326.68018
22441.5382
22500.55876
22622.23725
22408.73742
22442.20628
22254.97194
22552.50944
22377.99874
22504.04761
22521.32793
22372.43116
22356.54032
22521.75268
22699.81305
22757.10367
22572.77084
22577.56866
22780.99758
22651.21414
22446.34773
22774.32455
22787.76797
22611.9545
22513.57084
22566.69657
22589.34825
22609.23849
22562.8966
22641.01958
22734.12976
22701.15984
22684.60662
22518.68928
22493.59628
22587.2731
22525.05916
22449.02878
22704.2105
22910.29102
22703.57421
22764.39473
22794.08625
22602.08195
22584.49466
22614.95057
22708.14474
22791.08793
22881.02176
22862.99709
22709.16693
22641.01285
22841.92872
22668.33906
22684.49238
22554.46598
22609.12863
22777.59395
22588.25533
22826.99638
22482.40995
22437.81236
22881.07775
22665.1772
22801.54963
22856.51309
22638.52237
22621.14364
22743.93284
22612.18196
22653.21696
22600.66517
22958.34998
22816.54362
22698.27833
22525.53085
22854.76463
22590.57438
22739.63917
22660.9473
22825.50089
22603.6022
22921.52089
22782.73468
22651.73829
23001.74542
22823.29182
22814.14836
22629.50767
22661.09788
22749.0266
22698.9102
22655.97898
22864.68432
22663.36833
22673.97518
22789.32752
22532.29652
22665.45582
22870.78376
22798.22491
22486.32008
22938.87108
22764.5875
22851.26969
22976.55991
22872.86253
22970.33937
22845.94687
22663.25417
22579.69957
22808.97602
22939.94677
22951.76589
22798.40446
23047.26753
22950.97676
22848.97344
22743.08169
22636.41235
22869.26789
22585.63274
22762.78878
22906.23487
22910.14978
22835.02782
22894.61294
22804.98585
22809.26092
22720.10083
22712.55114
22782.06553
22812.92347
22747.70314
23024.98652
22803.87671
23023.12449
22684.31956
22754.1152
22634.30984
22811.81626
22827.53538
22950.39158
22971.08979
22996.28032
22817.35606
22941.26197
23105.40213
23079.08498
23178.03252
22769.45017
22856.10279
22960.70247
22862.57933
22810.75277
22962.46402
22896.11795
22959.4238
22949.05087
22939.09585
22931.68748
23017.03026
22917.65988
22816.12136
22909.04885
23046.61084
22668.86085
22948.64363
23106.1649
22969.93322
23002.44626
22729.69709
22891.46075
22775.63115
22994.30188
23198.90653
22867.24277
22701.43113
22924.38138
22975.11072
22941.14799
22678.20768
22959.33731
23082.04434
23132.4135
22766.98888
23132.60808
23096.41314
22871.15959
23073.94334
22757.29934
23061.85672
22963.28215
23089.72535
23004.6753
23159.05606
23143.15545
23320.79999
23182.70597
23061.53615
22949.07563
23080.29338
22943.46681
22926.54196
23040.4567
23098.03634
23269.97771
22940.41641
22978.09771
22941.54095
23036.44177
23141.61142
23177.70459
22906.95935
22883.71731
23082.91587
23057.25857
23302.27851
23153.68422
22981.92273
23012.72758
22834.0922
22865.81964
23172.5056
23294.28249
23093.42947
23197.4663
22921.01067
22908.45159
22925.14007
22980.52541
23014.64162
23004.84818
23145.53329
23024.29081
22909.66518
23056.5255
22928.1171
23197.46123
23043.81318
23086.65717
22925.34602
23194.3607
23359.55943
23110.2192
23280.45492
23147.422
23133.46778
23078.96598
23084.89524
22993.28324
23085.04856
23056.26141
23120.2697
23202.08631
23251.27121
23022.53482
23268.69852
23183.44932
23127.2777
23066.60361
23338.53256
23241.05091
23065.16387
23273.89599
23072.77105
23299.3887
23084.42684
23214.11879
23307.82667
23176.81228
23204.44565
23052.29942
23225.28752
23166.18535
23051.16812
23391.60236
23193.04456
23175.86659
23098.65134
23291.16259
23307.70984
23116.8226
23089.23746
23040.93118
23087.3318
23063.20989
23275.03318
23332.63178
23178.78086
23241.81541
23436.47588
23182.37663
23335.30467
23259.44042
23175.10278
23164.56904
23275.53928
23401.72043
23091.92072
23295.30962
23287.19068
23369.36462
23546.93392
23073.04501
23276.85733
23230.76933
23064.20854
23092.73785
23233.82341
23471.37152
23151.5356
23411.25932
23187.45129
23206.86368
23198.03205
23278.41852
23422.83964
23214.25601
23407.81176
23184.98008
23310.47687
23278.90206
22988.94618
23345.61255
23131.38138
23181.48944
23164.42621
23374.02965
23293.85937
23250.94519
23297.01497
23293.35552
23071.13005
23262.1876
23255.02526
23279.52425
23168.33222
23183.08777
23199.5722
23195.78095
23332.77567
23368.46106
23180.01094
23133.40675
23448.21267
23185.94685
23585.5936
23352.93205
23161.31071
23367.24802
23321.65958
23417.14539
23378.84421
23436.99062
23304.31084
23303.61435
23286.20916
23239.70818
23269.47651
23386.26273
23365.88786
23381.18659
23424.43477
23294.69991
23318.1991
23442.97199
23447.21935
23344.41073
23454.04432
23485.37619
23305.74202
23533.1463
23364.36586
23346.07269
23399.89115
23528.7782
23355.31077
23459.75807
23373.8892
23265.01872
23098.62833
23524.15111
23414.66383
23352.08152
23278.30663
23279.02603
23371.8749
23366.87988
23392.8979
23265.54435
23392.60431
23338.25682
23454.9145
23461.08951
23325.98524
23276.15478
23614.78937
23538.43201
23479.74213
23224.11151
23283.21096
23309.37697
23322.9949
23340.57625
23301.11246
23372.82349
23344.55176
23405.7748
23327.92704
23370.91815
23200.47628
23333.8772
23417.54825
23376.40437
23517.58858
23344.80726
23308.52331
23341.4429
23460.55506
23372.52208
23385.42276
23507.53824
23470.32816
23266.40805
23482.40874
23217.22595
23304.43387
23363.79202
23335.86708
23340.35755
23276.06163
23400.23656
23293.21779
23354.30973
23388.96693
23248.35802
23613.62129
23441.5867
23293.66656
23313.57873
23420.53843
23306.57697
23615.76664
23520.69108
23302.57746
23279.68334
23223.60952
23435.13479
23357.95588
23345.79489
23596.30883
23608.5291
23453.91682
23212.79101
23474.24373
23528.62998
23451.28877
23630.36203
23562.59358
23517.00435
23481.09461
23562.38701
23488.89065
23605.77668
23617.4609
23604.68339
23435.30337
23539.9834
23639.79647
23361.10721
23510.17386
23405.48339
23649.54182
23769.76722
23720.50267
23576.46073
23656.26392
23734.2264
23562.78104
23620.06762
23447.6814
23421.76092
23537.51431
23347.14999
23406.88016
23559.73885
23736.12265
23387.42686
23469.19976
23581.77932
23747.59241
23735.93837
23585.87922
23642.01463
23579.38969
23604.88138
23427.2341
23485.38163
23517.30028
23626.99566
23604.37288
23426.6159
23917.13376
23415.196
23511.79906
23471.25812
23723.62345
23955.1378
23429.41553
23699.7231
23666.48977
23692.52527
23529.5446
23632.51534
23586.97913
23491.54143
23544.09398
23788.60965
23511.26906
23720.97847
23703.47417
23693.3507
23819.25172
23707.50448
23560.74176
23526.74642
23646.86978
23583.10925
23618.9834
23484.30177
23694.59954
23851.42426
23726.6095
23524.43404
23633.76396
23740.09022
23750.19552
23644.84185
23654.36473
23801.16723
23764.03331
23504.67686
23746.15188
23588.60271
23854.75549
23714.51333
23536.90127
23657.05799
23495.62675
23696.22547
23687.1525
23621.29363
23767.62681
23580.65907
23833.57044
23629.72701
23620.77756
23702.66648
23680.13142
23633.92536
23710.70052
23579.0264
23573.54721
23858.29192
23707.27859
23549.73521
23863.57062
23649.61992
23437.67573
23647.35304
23644.3518
23687.67998
23486.49859
23632.3951
23493.81429
23631.52279
23644.70544
23508.35522
23659.36814
23661.19905
23484.35417
23544.57182
23698.6038
23430.33052
23331.04896
23670.3319
23589.46631
23662.02191
23746.61763
23496.08595
23853.20795
23579.05807
23502.44113
23510.25409
23800.97074
23760.79416
23743.96891
23852.60131
23823.78417
23578.99161
23659.58736
23397.33996
23528.42666
23630.22809
23906.35936
23650.39632
23671.107
23641.18931
23684.24598
23617.43668
23779.48214
23790.04559
23812.16129
23388.40326
23852.45619
23547.95345
23776.22413
23644.09715
23649.91824
23705.49136
23855.8583
23712.13931
23707.29379
24157.72035
23662.01466
23533.83805
23614.00352
23738.30537
23737.66673
23657.64829
23768.20003
23506.77844
23610.00242
23614.17086
23584.44262
23948.50372
23651.96276
23770.43652
23785.45933
23737.17378
23616.37187
23717.27482
23913.55863
23682.33807
24097.09673
23693.88562
23765.1909
23700.23846
23759.27486
23700.49264
23725.74454
23899.05446
23596.14619
23950.41266
23629.13125
23625.56041
23902.5464
23707.67054
23784.04101
23635.77107
23605.97708
23890.74023
23608.56486
23964.95732
23619.94178
23712.70511
23516.93264
23750.43477
23734.5121
23656.00738
23582.90804
23790.48946
23698.22526
23776.47482
23899.42231
23689.66558
23886.68895
23651.0715
23455.07379
23869.73149
23800.82975
23690.69583
23779.00104
23544.57387
23843.95192
23752.79704
23938.30827
23825.81375
23786.30645
23877.09371
23736.04501
23714.43435
23695.76764
23985.63184
23804.2863
23978.25678
23786.6511
23710.94421
23825.68882
23887.29631
23798.91285
23852.16845
23786.1785
23906.10236
23734.31529
23831.82691
24106.87017
23985.83488
23759.14131
24014.65796
23727.49148
23998.36252
23777.7372
23866.35803
24077.28215
23911.65355
24020.37394
23834.43958
23737.98792
23812.94109
23842.5929
23979.35109
23980.96332
23977.40373
24210.75113
23816.45486
23908.77761
23855.08308
23725.99891
23744.27115
23986.39284
23807.38419
23821.92129
24148.88023
23838.60833
23855.51409
24277.66693
23884.11807
23999.25596
23923.55623
24229.7967
23874.4201
24154.00665
23952.81526
23933.31789
23874.9663
24125.95146
23832.993
24003.18682
23906.39473
24018.62741
23997.96652
23988.92859
24115.49181
24013.63699
23914.60351
24078.77924
24043.09645
24193.78737
23887.82303
24018.45282
23918.28629
23954.21877
24008.18705
23878.11388
23995.6598
23863.49021
23841.9713
23957.64762
23919.33667
24223.89345
23850.53039
24125.88799
23839.48743
23820.15142
24138.93851
23915.3307
24249.13177
23871.92691
24105.38365
24069.8797
23897.47637
24228.36838
23973.06887
24075.3239
23913.24161
23986.91106
24084.08489
23887.76017
23941.4669
24184.01582
24028.22569
23834.7094
23900.30139
24320.27742
24108.05297
23926.33058
24038.92592
23961.22246
24174.40812
24063.70524
24238.77775
24033.95457
24110.54406
24071.75292
23764.90867
23897.09584
23885.42194
23913.49119
23936.82333
23813.30592
24140.27716
23938.06178
24094.26761
23904.78022
23880.42411
24147.98365
23768.60978
23864.65749
24298.91982
24069.2123
23799.23661
23947.79847
23826.21815
24039.00964
23803.06101
24149.56536
24063.82555
23985.27945
23860.22546
23933.04524
24107.43018
23921.20581
24176.73063
24014.28494
24051.09132
24139.20285
24019.55245
24073.16722
24067.39591
23794.58934
24209.93215
24138.55599
24238.06584
24051.02888
24295.87638
24135.69451
23964.41015
24205.05886
23895.59522
24033.99396
24090.89541
24063.86883
24316.80834
24093.22479
23995.38623
23919.10294
23828.42145
24345.60507
23986.25467
24288.4144
23931.12591
24294.99845
24191.83959
24418.75884
24109.72026
24173.0271
24025.83495
24240.58946
23979.11966
24075.1266
24187.15279
24335.0344
24124.20959
23958.6167
24200.07965
24166.59844
24303.4139
24345.97844
24174.65241
24077.62626
24017.45722
24094.89348
23961.63545
24237.10879
24036.28811
24206.49088
24110.22083
24437.53264
24146.22252
24070.25985
24193.24743
24322.597
23980.0426
23910.97005
24176.25998
24345.94867
23804.1607
23941.83057
24141.12117
24208.445
24179.20243
24099.4961
24340.05096
24292.94805
24254.86528
24137.20438
24216.46534
24316.82751
24167.53086
24006.46673
24350.57661
24067.10485
24405.29539
24173.60015
24334.64238
24364.41197
24177.77045
24086.1329
24016.69908
23918.80269
24253.20688
24215.31709
24174.69676
24284.19816
24148.33457
24416.33458
24291.39326
24487.95734
24085.81252
24242.68385
24227.72319
24257.34747
24225.65891
24301.10226
24122.85158
24318.0167
24229.82348
24112.51182
24233.05889
24313.68904
24265.65649
24215.61221
24472.7665
24200.42451
24174.58208
24253.29731
24220.71445
24187.66044
24403.94641
24331.89309
24468.48268
24235.03057
24152.50194
24327.08699
24277.69023
24453.1306
24090.85652
24247.41868
24257.57597
24228.30188
24226.45166
24280.46164
24629.11706
24222.34724
24369.07602
24152.39921
24426.57422
24204.69593
24353.06469
24285.5487
24233.32095
24102.95257
24337.49546
24343.73169
24371.30315
24364.40827
24402.8566
24448.68423
24385.85546
24209.93601
24300.80826
24245.28835
24470.262
24480.00191
24391.72921
24278.43052
24403.67987
24203.68258
24370.14882
24446.42345
24335.12431
24111.59823
24380.28543
24350.135
24503.76359
24313.21476
24535.39494
24474.7251
24466.85753
24082.52515
24350.69903
24347.35508
24477.04975
24436.38558
24292.93768
24421.68614
24572.63416
24276.68739
24409.54176
24428.23694
24418.334
24504.97764
24073.67548
24552.60808
24692.37467
24328.55998
24330.95981
24523.71209
24600.7518
24647.57118
24371.66608
24300.06525
24458.606
24436.44817
24607.71932
24429.55749
24605.39533
24357.16888
24446.23507
24502.90709
24412.88781
24552.89298
24530.88357
24518.29654
24467.3656
24746.62678
24473.13505
24457.68355
24486.08187
24427.93145
24547.87668
24695.12073
24440.40138
24413.25646
24713.3534
24481.8529
24456.00345
24462.77123
24514.08757
24368.6306
24554.82956
24293.40181
24520.02847
24636.63721
24492.03663
24552.17443
24735.17376
24253.43686
24341.34676
24680.3558
24299.20735
24589.9455
24768.49252
24736.11353
24661.32701
24776.54824
24524.96386
24560.08637
24769.24553
24618.28881
24802.447
24591.17231
24493.36125
24491.25814
24612.53026
24303.67497
24546.13788
24490.09376
24754.06181
24498.41692
24674.93693
24694.88492
24427.76932
24640.91772
24967.08582
24523.97786
24646.42694
24500.26171
24678.29473
24360.51297
24429.56388
24315.23822
24595.48831
24736.38335
24660.49596
24680.20477
24629.79767
24647.35925
24729.05122
24782.5012
24441.77829
24673.98313
24587.02623
24446.29286
24576.6686
24543.43783
24556.20038
24738.93931
24596.41877
24736.30308
24446.99575
24632.08736
24683.04466
24879.63115
24752.59605
24687.41729
24641.83629
24836.49138
24609.0737
24609.52493
24502.15159
24690.94376
24683.22415
24460.44736
24738.73893
24586.66652
24639.24957
24711.14161
24830.74295
24764.02756
24556.87864
24477.36232
24692.70563
24873.8935
24881.90034
24575.20664
24729.27837
24666.34908
24850.42407
24687.57613
24711.06896
24650.9891
24686.89295
24736.04955
24862.06142
24759.30006
24786.9151
24550.45789
24476.98171
24801.23937
24818.77665
24935.49824
24521.09303
24611.35423
24791.15617
24577.90402
24883.42776
24645.72576
24603.40308
24899.1444
24750.74711
24848.24784
24660.19209
24883.2736
24846.74069
24693.35522
24647.54225
24788.98381
24600.42464
24585.41656
24636.68805
24732.78672
24628.48613
24727.27552
24590.58664
24752.48491
24811.63469
24777.34885
24532.90476
24808.37158
24767.41333
24495.29281
24749.25624
24908.43651
24610.76229
24645.82373
24844.22623
24864.37813
24841.12054
24952.36524
24766.41229
24890.69364
24872.37781
24882.67704
24707.45692
24693.64571
25004.01245
24863.86741
24969.54057
25108.2487
24925.45469
24925.46349
24789.44595
24554.9738
24893.49505
24953.63048
24649.09307
24640.86045
24811.19004
24913.46877
25004.65558
24860.69468
24994.24739
24777.2385
24731.5535
24855.92623
24667.63518
24836.41068
24932.69001
25103.65212
24813.63952
25083.42561
25122.76615
24740.22185
24975.45421
25068.10323
24902.51783
24797.88691
25102.46648
24883.61744
25154.98821
24823.42348
24943.31279
25194.9584
24982.07869
25062.37948
24792.0239
24893.26517
24939.17294
24895.51208
24683.26714
24923.57457
25050.19641
25214.43388
25163.1139
24898.36319
24834.48665
25025.31616
24898.99781
24928.51887
25041.84858
25141.25384
24947.04254
24974.00804
25054.24601
25002.73226
24907.56259
25138.9831
25331.48081
25151.15966
25000.79866
25006.81947
25184.87564
24854.38446
25128.96497
25070.08092
25102.86614
24964.9361
24978.14337
24798.23134
25042.59868
24943.32935
25051.13444
24833.0627
24936.70086
25032.57915
25051.78034
25210.69799
24994.84973
25241.31393
25072.72501
24888.59223
24938.02967
25420.5427
25168.80411
25064.5622
25220.68777
25008.98534
24992.28267
25147.13057
25127.56335
25422.12376
25004.0799
25006.22868
25065.02391
25232.41479
25007.44506
25170.65555
25325.04755
25178.91325
25110.91008
25001.50769
25117.83121
25144.67839
25336.6501
25017.6
25208.19712
25183.82474
25356.80167
25156.1362
25269.58656
25303.26296
25276.7071
25345.37268
25171.57893
25151.74013
25317.89523
25446.56067
25252.14962
25074.81831
25096.84319
25240.07143
25216.46044
25087.62189
25262.76122
25173.78979
25428.67319
25178.02831
25450.39688
25175.67895
24959.16346
25188.85289
25277.67185
25179.35284
25492.88278
25331.90052
25279.15618
25321.0448
25061.73162
25402.31994
25301.63961
25336.32155
25255.93169
25409.0763
25083.17657
25210.05061
25421.7556
25157.77517
25455.55086
25418.85066
25117.69181
25368.33888
25504.67596
25484.68918
25581.18862
25387.07682
25405.80358
25298.94354
25503.30385
25343.04362
25327.24978
25576.80056
25368.69774
25230.21073
25231.0325
25509.93492
25489.37103
25358.05404
25468.20859
25483.91643
25404.62055
25137.365
25359.01985
25361.36759
25555.55573
25402.87715
25310.13042
25347.34665
25369.76466
25310.74649
25419.469
25426.34786
25366.74356
25288.44804
25519.68401
25321.92085
25601.2931
25534.69053
25385.83191
25329.93178
25656.04276
25326.75578
25471.13795
25610.83509
25277.13016
25492.56452
25384.0658
25583.76286
25678.8208
25432.05309
25680.27658
25213.46663
25629.02801
25531.28539
25539.73583
25768.67065
25665.28103
25660.6209
25341.6623
25629.84231
25538.01738
25588.42514
25333.94156
25533.02833
25747.59362
25654.54307
25438.9948
25405.9576
25721.50602
25635.77344
25622.42757
25695.56553
25557.11876
25400.46995
25617.48899
25405.81776
25531.41318
25619.68209
25848.98712
25781.7964
25561.2578
25747.4674
25562.98256
25728.13088
25555.91685
25833.14699
25683.18934
25670.91281
25564.41202
25857.25253
25671.07027
25593.68021
25385.74582
25733.72392
25712.25717
25576.40415
25611.16527
25550.21744
25904.92943
25597.01684
25918.46105
25827.81417
25470.59924
25519.00278
25696.20335
25832.4705
25793.8092
25716.27399
25656.60425
25798.77421
25455.01481
25765.35535
25720.79352
25711.55159
25776.72062
25705.277
26018.50871
25709.12142
25749.16956
25891.50993
25886.82257
25465.1923
25722.73644
25836.08689
25636.30492
25845.06426
25801.21913
25935.06233
25859.15629
25915.05753
26153.07545
25532.81075
25765.36941
26002.60373
25769.17431
25771.36934
26037.89934
25955.90341
25801.62142
25770.64792
26000.87535
25811.95512
25814.82421
26015.64241
26046.14208
25903.26061
25787.78797
25889.63329
26049.75419
25884.44861
26097.35757
25778.98708
26207.25796
25934.22222
25856.77462
26012.35869
25993.84318
25803.59646
25941.75399
26305.13802
25822.00387
25921.28545
25823.79196
25880.75611
25727.81448
25835.24974
26028.43176
26041.06856
25871.89207
26021.35181
26161.91311
26386.29098
25786.64107
26260.45275
26053.84713
26267.67839
25647.49348
26152.42651
26035.42878
25864.76167
25952.72089
26062.93952
26123.9266
26296.02454
26095.1674
26207.07807
26140.46132
25881.0624
26315.84153
26411.05149
26014.04849
26152.17632
26044.6964
26146.76576
26141.41945
26056.73242
26160.57951
25997.63431
25973.94575
26268.02935
26427.82114
26055.57206
26042.58751
26213.46138
26477.88
26137.07758
26269.90991
25960.65003
26113.21137
26097.143
26423.49061
26120.23451
26083.08479
25969.83387
26083.97954
26347.64677
26302.02617
26194.2524
26317.47724
26221.42557
26215.37623
26163.15536
26193.32918
26253.90187
26140.74024
26381.74434
26323.98564
26226.42312
26338.65617
26239.99782
26599.6407
26320.42976
26242.01803
26341.78207
26585.07184
26548.04744
26229.00386
26278.16693
26192.79414
26425.14209
26477.22111
26065.3842
26334.11458
26608.85194
26426.79196
26339.04225
26314.97009
26349.19487
26463.68067
26423.3943
26364.84204
26485.2489
26524.2191
26562.84205
26275.24987
26309.52546
26423.32322
26293.53565
26401.34627
26524.61264
26260.64497
26342.07171
26491.30599
26437.88118
26574.28173
26687.84517
26491.2572
26881.66503
26579.99081
26676.16909
26651.97635
26764.75434
26836.09523
26898.66196
26543.66258
26355.0055
26446.54182
26310.72392
26692.0321
26434.88338
26717.59515
26826.2213
26452.94067
26691.64379
26637.98674
26542.00252
26509.01865
26790.58946
26774.20751
26482.51847
26610.37966
26635.30094
26699.24785
26609.1788
26867.67512
26757.72651
26685.11289
26711.0335
26965.64127
26588.5957
26826.41721
26622.62344
26700.25908
26799.95878
26843.94452
26607.29471
27041.76862
26997.17782
26840.35315
26705.41269
26733.15985
26616.39305
26712.13626
26861.12342
26837.66803
26789.53419
27102.1943
26836.80771
26698.58708
26691.70175
26927.23071
26910.19942
26744.96205
26863.58197
26973.92787
26693.78691
26874.80564
26889.47292
26929.24958
26917.18533
26820.57034
26835.08735
27032.53058
26816.84105
27011.92689
27146.75956
27067.3921
26984.49928
26876.15948
27027.31773
27047.09026
26927.08891
26989.07842
26788.04571
27062.0707
26882.59724
26845.25891
26931.03035
27201.68888
27230.3342
27232.84315
27044.08661
26892.37283
26998.27674
26923.49726
27086.22852
27262.13447
27071.758
27106.2134
26946.34934
27122.41839
27042.41125
27519.25642
27130.49989
27351.64703
27188.70047
27230.21524
26862.79584
27192.29047
26952.36427
27304.81045
27074.46332
27019.0832
27038.11094
26948.85831
26905.65288
26979.12389
27207.28607
27316.81858
27155.3991
27210.01909
27143.15485
27071.907
27239.41835
27189.30656
27450.01594
27058.59845
27520.18256
27263.12668
27188.54945
27377.04649
27246.21128
27267.17581
27088.0436
27139.05348
27312.59278
27309.04356
27428.67633
27505.77566
27496.22032
27454.64884
27570.03378
27072.86083
27227.09467
27080.02504
27173.06604
27487.05293
27486.39236
27146.13322
27511.88229
27376.38605
27615.52196
27448.77113
27299.20454
27262.38965
27694.05522
27417.50161
27396.4959
27428.47214
27491.56314
27359.54835
27302.37462
27299.40815
27342.68464
27768.92452
27456.82327
27490.90798
27696.67135
27316.44371
27558.88329
27538.02161
27398.2018
27683.1861
27730.62243
27667.09884
27548.11711
27607.1873
27912.57957
27745.22724
27599.60086
27502.09788
27692.55562
27653.72019
27891.919
27756.72458
27706.21261
27817.97166
27985.26179
27599.60275
27857.21615
27870.36952
27955.42947
27769.96791
27617.03476
28129.34495
27973.44181
27718.72101
27782.68359
27905.02252
27849.41367
27755.41936
27630.77085
27985.90644
27725.25071
27891.29853
27664.17358
27805.66532
28252.75326
27784.17401
27764.24082
27964.01232
27892.12991
27958.65609
28028.43101
27827.22612
27742.01466
27668.34497
28094.45028
28066.05553
28083.19969
28057.5345
28102.00314
27903.71177
27573.76492
28257.99065
28393.91034
28056.08217
28228.73094
27929.69186
28086.35417
27884.43671
27864.60951
28036.26105
28162.01133
28179.67191
28265.12835
28171.79279
28319.23851
28082.64984
28005.78634
28250.2221
28026.39961
28051.57074
28311.20261
28302.35794
28289.11384
28362.65304
28278.87367
28181.71342
28127.14266
28318.58108
28523.60479
28614.3185
28241.70862
28402.26791
28439.06534
28540.01907
28511.24669
28240.32807
28608.23907
28350.014
28362.14206
28428.36594
28534.8034
28637.46334
28358.45085
28689.83376
28380.95881
28251.20776
28493.85927
28488.51158
28452.51451
28479.80475
28762.39558
28617.4867
28752.47137
28594.52371
28542.83952
28455.37251
28501.42609
28677.31714
28835.13068
28522.15421
28516.16168
28552.33007
28489.82767
28869.133
28642.33477
28583.02182
28662.84718
28750.61095
28607.19773
28735.0154
28835.58283
28861.47188
28938.03485
28627.11762
28738.12445
28333.33986
28741.16243
28825.88012
28957.59371
28606.8979
28884.95679
28759.39684
28769.71719
28766.11023
28924.94336
28842.35246
29135.36087
29138.02829
28670.68806
28799.31315
28968.70758
28997.149
29073.1095
28927.61424
28923.55234
28900.14907
28805.96203
29035.15851
29207.38456
29229.90714
28970.26519
28981.63668
29136.26657
29041.1319
29028.68396
28909.45859
29366.44749
29241.33567
29131.50012
29344.24583
29280.8744
29246.93219
29134.61456
29145.99832
29342.55575
29415.43541
29189.78352
29244.72992
29398.83959
28823.54522
29143.20905
29102.14967
29286.79724
29410.34064
29778.21685
29637.16468
29181.04663
29408.76201
29318.781
29568.13424
29233.05198
29464.10882
29582.00454
29484.26849
29510.50646
29328.03705
29327.3133
29453.49855
29551.09365
29637.446
29522.82789
29807.65107
29529.75937
29588.12235
29683.46686
29409.86754
29947.21261
29871.26051
29672.84524
29567.43465
29752.0962
29647.05805
29558.76585
29913.66372
29670.06411
29736.34455
30011.61202
29757.16451
29871.85326
29736.32057
29565.67198
29898.9163
29792.8488
29851.44124
29875.83501
30244.03841
29748.74993
30138.76563
29899.27905
30035.16132
29945.84302
29741.15421
30007.64097
29974.2662
30046.18678
29958.37643
30100.11592
29857.90344
30220.67431
30141.80822
30165.33459
30144.14123
30072.16622
30530.72638
30448.7285
30381.03369
29996.77835
30155.14289
30306.24814
30231.40148
30422.29605
30364.41721
30205.17173
29950.2021
30446.47832
30520.22851
30493.67443
30437.69865
30282.02532
30609.15057
30570.32921
30697.73523
30428.50595
30174.81541
30311.28106
30455.24615
30673.23066
30597.53906
30855.37207
30661.86858
30532.22632
30883.06185
30685.57393
30626.37723
30891.8914
30649.1667
30604.32636
30871.17284
30730.51421
30575.52944
31023.01172
30700.65811
31110.21427
30886.29589
31005.59862
31032.38151
31025.98108
30873.83235
30990.21715
30752.70181
31008.94943
30803.87568
30807.44111
31002.10924
31230.94671
31116.22487
31299.25195
30854.73884
31243.20309
31254.81289
31119.16991
31279.67222
31175.84934
31354.97721
31459.29245
31222.35176
31285.76092
31466.94996
31365.92705
31367.15797
31343.84216
31380.96671
31186.22958
31362.75778
31349.76242
31478.24952
31637.14744
31540.27428
31359.98868
31673.92301
31477.77606
31427.74719
31489.8433
31710.57549
31572.833
31690.52771
31773.22134
31476.95234
32018.18641
31647.10678
31728.62352
31858.67845
31660.59773
31687.00487
31983.27077
31679.42327
31794.59426
31930.87922
31826.83639
31741.66116
32194.26267
32004.56956
31791.07401
32195.70113
31923.2686
32007.27518
31930.74288
32210.86853
32138.58592
31850.87537
31923.48107
32261.37716
32127.72213
32370.96222
32219.97896
32280.07329
32522.16744
32108.84699
32557.42713
32764.78797
32291.88841
32440.3804
32277.68097
32320.52484
32606.49227
32646.472
32407.9648
32605.1398
32597.77818
32506.69365
32638.45518
32753.60915
32861.89159
32630.19124
32709.59338
33097.24676
33022.22051
32606.92038
32475.62909
32591.29649
32728.04115
33020.46848
32838.32839
32976.48659
32982.77382
32914.00812
33222.14492
32805.757
33458.55889
33233.62045
32909.33543
33361.44504
33301.31274
33070.76169
33096.93106
33352.91842
33146.80798
33430.15118
33436.65529
33456.82733
33597.2697
33705.54726
33811.80633
33430.67862
33496.46426
33582.09329
33229.87645
33825.49492
33662.76892
33711.42252
33625.42032
33727.86957
33674.32748
33844.64042
34018.65461
33867.15468
33836.54198
34024.30082
33682.16753
33736.41358
33924.19866
33968.01974
33994.61486
33633.31143
34487.26473
34320.92222
34227.62533
34520.3975
34265.25374
34041.0647
34486.6539
34446.42979
34524.15051
34469.55873
34614.2542
34576.55922
34590.93967
34735.94724
34487.67857
34744.71971
34647.24708
34558.73932
34710.16118
34576.19041
34666.01655
34797.06498
34926.08412
34991.80163
34921.03361
34872.68308
35035.31417
35246.86942
34727.45606
34671.03188
34933.29572
34962.21932
35283.7762
35598.45706
35169.94935
35100.39585
35238.52142
35224.59486
35418.51424
35704.88422
35451.91763
35001.67612
35848.58119
35839.01921
34857.31478
35812.44337
35459.51428
35799.00536
36132.85192
35623.64301
35931.14676
35936.58572
35664.69455
36041.29955
36057.24614
35865.1307
36371.34128
36030.72222
36119.10302
36276.07095
36296.5085
36394.95616
36344.46876
36237.70334
36502.51479
36686.87855
36499.49876
36638.78284
36751.32106
36626.43801
36483.15169
36778.96055
36550.58726
36574.64845
36875.69041
36420.05459
36829.93696
37202.09073
37311.08341
37216.98466
37208.6518
37206.40459
37379.64075
36770.57726
36978.92706
37516.62033
37385.37872
37457.40475
37755.10248
37654.11226
37386.80907
37480.63007
37708.38428
38040.77224
37504.6713
37577.46514
37784.11755
37962.63779
38072.83323
38015.1255
37956.5192
38137.17773
38290.62347
38132.3199
38239.44528
38071.4351
38456.09175
38091.70783
38557.38254
38544.10852
38927.31528
38762.78023
38259.93231
38885.3549
38794.31889
38735.08821
38747.55877
39034.42358
39288.14748
39049.60597
38798.57494
39536.44441
39275.3381
39354.52266
39336.78277
39248.23072
39650.99974
39534.45801
39702.88232
39442.76774
39999.22743
39838.9977
39929.84654
39865.70339
40071.39733
40083.21422
40561.35319
40391.56194
40358.1333
40210.39107
40608.71545
40388.2197
40523.1238
40325.41044
40883.12956
40907.88799
40911.58286
41006.8065
41099.88944
41167.29341
41237.78531
41322.86371
41251.07665
40995.81954
41658.7639
41848.26286
41427.14095
41655.06928
42028.57488
41699.40993
41749.03786
42112.10356
42147.07107
41984.78619
42170.91907
42654.69703
42622.26709
42580.81656
42858.77002
42635.3704
42711.70922
42940.97902
42516.89252
43288.68442
43393.82621
43460.98764
43446.82393
43398.49063
43158.67173
43561.06129
43969.02144
43392.01875
44053.53512
43881.12946
43974.8637
44172.29558
44271.03707
44184.63284
45005.66772
44694.99409
44688.93469
44834.09814
44763.92662
45267.31681
45414.12497
45378.50974
45601.26795
45291.77762
46146.01173
45242.83535
46076.6489
45825.44265
46491.70702
46534.83446
46772.20752
46406.24959
46647.81063
46769.15044
47387.52324
47191.61091
47090.83547
46913.06463
47259.41268
47381.20532
47263.47915
48431.53581
48620.01786
48285.36364
48319.40633
48506.25203
48432.10707
48928.56336
48567.42829
48887.38653
49124.92078
48983.75133
49577.35787
50045.41804
49956.62907
49766.65693
50147.0515
50418.02453
50668.21676
50663.02575
50737.18087
50974.76052
51475.04587
51231.81111
51592.19743
52281.0965
52159.1252
52714.24387
52481.83135
52431.50899
52405.59045
53232.20881
53376.12273
53620.47993
53695.25568
54192.01917
54107.85462
54977.34303
54757.82002
55082.93715
54860.35157
55141.05244
55141.20811
56054.37586
56438.01801
56336.83143
57161.7054
57466.41777
57335.96011
57675.24756
57806.35183
57591.85822
58304.69952
58730.74214
59011.19891
59410.26625
59813.70333
59948.01574
60710.40671
60700.7057
61006.39876
61169.5137
61658.64479
62486.62874
61954.86502
63410.3445
62630.28307
63007.64249
63373.07862
64545.91978
64236.77171
64979.94633
64831.2787
65550.7661
66635.25845
66402.11799
66760.10952
66238.46016
66357.90056
68164.77662
68339.23784
68546.45919
68622.99822
69334.66496
69866.09229
69579.53235
70306.00457
70873.13891
70885.4371
70924.24851
71724.97723
71202.02539
72186.573
72981.17081
73047.91626
73139.78604
73479.13735
73849.09572
73951.74815
74423.47399
74202.00055
74428.83046
75486.84262
75079.33464
75097.99537
75082.26158
75809.60925
75896.78233
75454.43966
76378.4389
76536.97168
76128.05885
75285.39375
76123.146
76094.61683
75612.97293
76451.34609
75571.67343
76393.96859
74870.82187
75038.20579
75527.03093
74426.09928
74381.78218
74355.70177
73618.30297
73737.18887
72846.55013
73652.33883
72733.39481
71992.1883
72055.523
70523.10696
70312.88761
69638.14032
69113.68411
68451.46041
67626.7255
66895.14234
66422.85758
65673.64729
64767.00806
63839.50207
62606.02415
62463.33739
62192.24686
60561.58288
59458.77714
58446.54006
57299.85732
56776.61494
55936.11531
54430.37322
53347.42412
52593.53321
51992.71007
49717.20524
49095.5931
47836.63406
47032.60968
46041.50046
44790.78776
43835.81786
42490.33093
41494.14024
40472.61997
39273.10488
38122.50893
37441.73876
36115.25561
34462.02657
33989.80737
32947.28722
32004.92932
31159.43539
29887.97483
28969.66969
27587.57396
26917.0894
26098.20207
24900.98733
23827.66899
22751.37396
22364.01264
21226.91823
20365.64963
19562.93022
18676.98136
17964.57084
16977.67287
16207.93733
15801.28135
15071.4867
14246.16318
13341.89779
12986.47626
12362.60197
11552.4984
11129.84282
10564.73293
9957.16909
9456.348438
8931.569205
8524.182308
8137.836513
7641.055269
7023.174557
6754.208529
6361.695545
5991.716214
5568.590302
5194.395276
5026.775579
4688.952091
4404.778325
4090.325898
3777.377467
3461.683154
3143.482343
3056.467914
2901.104381
2641.737101
2478.267348
2287.469174
2156.716234
1985.823461
1843.95986
1745.497956
1588.201783
1494.164452
1371.006763
1334.154
1229.493986
1080.159399
1027.868949
1019.662286
844.051634
812.5653825
720.3025591
716.7660298
697.1625439
620.5270198
563.7637562
548.2785566
518.9438205
479.0947545
493.5772649
378.4646693
452.6364202
345.3704911
331.9772638
339.7042999
281.7159474
250.887272
278.9844668
247.2932242
235.7285826
214.3679457
215.9988256
202.4408885
156.2635393
186.3166408
161.6973387
131.2652954
164.9138407
149.5453179
136.256791
100.3513623
115.5030584
108.5179061
125.790806
127.9393728
103.7782852
118.7739574
96.03212915
111.656529
105.6547855
92.57462003
108.6718271
83.74971935
113.6494329
71.28809206
87.47571893
87.43855365
83.00249194
91.05002204
82.69783016
76.97348463
70.58639269
109.6003542
85.12733684
88.14619505
66.09074731
75.60575695
108.4201911
96.5312073
99.80179318
101.5516676
77.29167722
92.58029635
78.55596956
96.33970518
103.2918272
104.1142105
93.31639362
101.9195966
103.3253767
87.46156803
93.41262943
76.79295761
110.888869
91.76620692
94.68777594
86.92972304
77.81681382
112.7921644
103.1432438
85.90261097
105.6313845
75.96857496
98.03857363
85.61593492
102.9466917
84.94583588
115.9524567
106.4412239
66.89175185
97.67001126
73.84626018
87.73333968
77.28611082
76.9402344
79.02689977
123.6847273
101.5480617
62.70173243
88.68322097
92.61043699
64.21832031
98.41644481
85.764246
77.85698999
91.62548273
85.97457541
83.09396329
67.88726156
86.35450954
67.42324346
93.06279929
91.31311596
88.89967102
98.14489445
70.14190379
103.5473452
101.5550301
83.61860561
79.30556995
81.62854367
82.6558679
79.70568648
75.62757544
106.5136268
88.63129343
71.8142993
69.17467095
75.46041566
101.0763295
79.05023882
77.94322645
81.70674207
89.74887848
70.07936432
54.75798761
57.90765201
102.3108163
97.95274121
71.27170804
75.51166213
84.21987937
91.03307014
74.43104404
72.27173811
85.74740087
81.48940635
87.62222279
71.39693019
84.87122075
74.07366618
89.72077944
77.8787056
89.66336933
97.24466692
101.6378298
78.18205095
104.7325783
77.69893197
86.93228367
86.38677573
71.84916378
60.38263588
87.31627758
68.09630011
84.83865644
76.53546655
90.2755895
65.38830984
85.06325272
76.67333613
92.51962026
106.4869689
88.55512154
95.01874524
92.96307254
83.76649949
75.45621401
77.95970742
69.85087313
83.89377527
61.16245748
57.21392877
67.5148325
84.13859474
72.1960286
85.08782699
68.57621481
68.16141918
69.32891687
71.22739894
79.94222536
76.319195
89.13817315
81.53958811
110.8741848
81.97645698
83.59565491
87.19602735
81.32886977
79.10158087
53.17463916
65.56071508
69.81292588
55.26946041
37.8641522
70.75081963
61.2939799
64.68798396
61.49896515
60.87271735
85.59210468
63.11496451
61.38336291
66.70417677
67.90733437
59.13009037
66.73261532
84.16954337
86.86985039
60.26623523
75.1797214
71.28308346
65.44666701
69.93810945
86.02201575
62.88225081
76.00897343
76.05604938
61.27431846
44.46170524
63.07532257
72.19115937
56.50374813
71.1530488
71.99696902
76.80062637
72.57137393
100.2298201
82.93507288
77.40749914
80.46228465
51.77132591
62.55601207
81.73374432
95.58217767
74.32416687
63.8067515
76.57509706
50.40826226
66.5605664
71.56939609
47.59561105
53.12850012
56.64995506
67.97539192
64.71633778
60.39759152
62.64607254
67.58289474
70.16589914
73.02755016
75.57031528
61.60893478
67.37031212
63.99634818
49.02422531
69.7312654
58.88389782
74.71034036
66.67181161
66.67713056
60.16889458
75.41757505
75.8586581
78.36960115
51.22607611
47.56432775
73.64621244
66.89217498
72.21025828
44.52373838
71.05339236
69.35614647
66.12542793
65.38367897
68.66926398
73.25281315
78.08653646
65.03481936
63.70993934
53.45783669
53.53565919
51.73604699
71.03013819
61.80255891
55.00778786
74.06802333
54.03170051
73.73940448
64.10392079
58.53425048
68.53198835
76.93389219
62.61997497
69.49801204
56.40617168
51.99757387
47.94886309
60.26595859
51.41862157
57.33351619
66.94096571
51.79077905
68.58682675
43.10808096
55.03110222
46.83073057
83.77150249
43.60779737
74.89867213
43.54533829
56.19205213
50.9600346
53.50321187
51.36850921
82.0782284
73.30231645
62.14309918
69.82587236
78.43615635
69.287344
70.91089977
80.37435951
75.69397548
78.57436415
72.8084603
80.89183677
76.68270629
60.32362194
76.48635476
87.90745337
71.28923993
85.12765104
55.28516744
43.86292174
41.36124279
53.90208841
59.37828566
65.77343474
47.32244213
63.70390085
62.97991969
71.59722121
39.55168348
64.63036144
61.14289995
40.72189506
49.14278103
41.14163723
63.59107841
67.63596788
57.6305468
50.73027407
69.63033077
58.76081613
54.11480937
55.51122123
44.07100674
76.2828981
49.3945243
46.34702126
54.98826965
72.63708758
60.02076194
35.98335201
45.15858755
46.71046033
63.19126411
56.35349855
44.45842224
44.25763072
44.131421
39.71241804
51.15149191
53.49969395
40.38230316
48.56594545
47.87497122
60.50794694
58.59226197
47.47036646
50.41722886
51.81797832
48.41915348
61.86562265
78.43259129
51.5863506
47.09500725
53.9005575
67.39753081
56.58219626
49.13768331
56.0609026
56.37701345
68.07741786
58.56538849
60.22024466
72.47078797
52.77747777
66.24973824
41.89657453
57.98042057
66.19910263
42.56572348
58.73020043
44.05694812
57.55371625
47.68179159
75.0818977
60.00203469
72.59408201
58.66717995
72.38707122
64.7394188
42.72233594
42.890681
37.34849402
36.66886346
37.0866776
37.74483688
33.66615541
67.51242277
55.35176459
61.09684367
49.897374
64.38802231
58.88077885
55.79114647
48.73601901
70.30321738
43.95464734
56.43870625
43.48753531
39.98151263
57.97494751
43.75171611
61.84955217
67.8557732
59.99442556
61.32166299
61.82382015
52.719172
72.9973524
56.46705097
30.15551187
52.45663136
54.99683715
30.05804491
47.79945013
43.56757286
37.96563345
63.9005677
35.83958973
61.48139853
44.38154868
50.62753058
43.81114939
64.54831072
45.50045544
58.85512304
49.15169266
50.38885068
56.47316555
43.30611229
57.86127153
43.08217271
54.30771677
50.79139456
41.54065057
48.09995172
48.73531962
53.66939516
48.60440691
48.07176214
41.7276938
37.07079043
31.95948125
41.26029635
38.79479672
35.93115367
29.50994471
32.20224538
44.23019399
44.49560581
59.25302883
40.59494929
46.39055855
54.12556109
41.79595082
47.13535786
54.10022564
48.22457702
36.4813245
38.57621475
46.32134241
34.18037217
48.87392911
46.40919522
41.86694914
48.24468365
40.29710528
63.17412052
42.69551138
47.74444336
43.84287782
70.33946839
44.87609671
64.44778823
48.40361875
47.04729624
45.79344693
42.90746227
59.70768734
52.41744939
61.7959687
44.89765013
44.82164907
38.50395566
46.83759739
48.18757663
58.68951954
39.01182533
38.21720181
32.79938825
40.34325384
38.99205392
49.08070187
55.44632237
40.1929339
41.38461373
41.58979032
41.09601536
41.04752214
37.78837082
44.06047358
42.61303569
48.02412408
42.27556551
53.86678516
41.82788561
45.74434909
87.47490276
47.62593907
48.78246025
43.65376215
32.25152085
42.62686469
32.33294777
50.11852992
38.14150229
56.88008981
53.99729097
44.27351154
45.4028889
30.21215548
61.90164439
38.27291999
52.96475854
53.71622905
51.16109583
57.5270279
46.57508937
57.37833705
27.66774648
49.0962398
35.30212002
51.78699073
54.87488389
49.85242407
36.31205958
43.45038725
52.5444828
71.55671258
46.37920432
53.72665297
45.64999728
51.37343394
36.70208661
33.72906996
46.07161352
53.42481101
44.72837845
42.32362426
31.45467031
23.2884241
49.13233126
47.72494653
30.24916506
24.86295294
32.9973441
24.5455978
32.57445707
39.67646379
54.45888261
55.27386999
35.4476503
40.78460622
39.14278758
31.52760441
31.30867434
24.87780259
45.70395443
32.51883262
38.54613719
34.32544596
25.71203546
40.40904016
30.92527327
34.20164893
38.92031299
43.39379138
56.40573186
39.59759191
40.89451358
47.51328583
41.60639351
49.71955302
36.778288
38.36103447
52.59070794
43.11812872
41.16509797
52.75100642
53.41876364
41.08513276
46.79562376
50.33052683
49.5066371
60.19490534
51.48580816
58.71679805
69.0389645
62.02156412
45.38067859
32.83633676
30.68228614
29.23593027
37.95223068
36.23668105
42.96823407
46.46100003
39.65613245
49.16380345
30.37764859
37.32340301
52.61375818
51.93440757
55.18331903
45.75142979
31.57365378
59.90848342
48.08609082
55.57842979
42.92194613
36.50731279
50.90754505
48.34078521
54.07608572
35.72831282
36.02544538
38.64497936
40.79777209
53.27986608
40.8093236
39.6828333
30.84379592
42.84805922
44.49249714
47.90222412
35.29924126
29.9163714
41.60970829
28.46822331
31.4174937
34.04452001
30.79280848
44.4464208
31.64689367
30.44697338
35.27066981
38.45739503
38.78170317
35.27970671
29.49302132
42.38898701
40.62245825
30.04488185
32.48048699
44.75580036
50.91526694
67.01645457
56.2662868
27.06031597
51.75540806
42.91598624
28.39585357
40.00651446
40.77208022
59.60605108
41.28438457
29.43700174
30.22725521
41.57522133
36.16349643
34.19339023
32.7023475
45.5962072
30.6692946
57.07374726
31.33949569
33.61790769
34.97369609
32.64247394
47.57275457
32.82070341
43.16234627
43.89401235
40.22146125
21.75365986
37.4926158
47.1402255
54.09030641
40.74886525
25.02792805
39.68872619
40.72493517
31.1167607
43.76550683
27.88246532
26.95461761
37.4507094
42.23808787
41.33765126
38.18767208
28.43720241
29.9234252
43.21742259
39.35104436
43.96636775
30.6034687
37.83059003
48.1699409
43.70076133
28.70416014
43.4725385
20.6074826
46.70891606
29.96445115
31.81470279
26.18248506
45.36063843
36.55749964
46.85942926
27.07750054
31.53499594
53.15272865
37.47925344
26.10308336
27.07302162
38.47307184
36.74639035
28.86843525
44.77011557
25.28051869
55.96975399
85.73657243
42.77275165
37.14143279
25.76119137
28.21107742
24.36290301
23.49566413
30.0998917
30.53622207
44.66634377
29.10224016
37.03841141
31.49844203
43.27502238
26.23852528
35.99401415
29.7956245
60.4916357
35.64691116
50.58523398
23.60590355
30.96803576
27.4812093
48.8966786
37.02790955
38.24375724
45.17015764
35.89917479
47.80444163
39.78350693
30.61299488
34.43826516
38.03934871
49.14963999
40.78926845
23.96037628
24.50134762
33.5902598
43.86046133
41.41366814
39.95550163
31.86566458
35.99249175
31.7851316
28.96706386
20.9032893
21.7795933
41.28211995
32.81950616
22.35681515
31.36333646
30.47876234
30.55557306
23.70940264
18.64207352
26.3304251
52.74836688
18.35832465
42.90653398
19.902311
32.96026115
33.58119709
30.72278099
50.10856001
21.30437673
22.93371828
37.2943332
32.07820446
35.65265171
30.45986204
23.15035136
35.41260547
30.80399745
24.23465933
42.44772931
31.96300621
38.2404461
41.36791253
30.03994076
34.6908173
33.0897912
27.91783493
39.23216933
29.78677803
39.73891035
39.42350411
28.32670318
34.44344312
49.96648027
49.81262099
22.80343236
24.14981887
37.5841123
24.39859534
36.96723164
39.48465114
27.3516245
23.68161579
41.78422184
35.32768394
33.23884499
46.64043282
15.13826655
20.61010724
28.31388602
30.28502775
21.38239201
27.17031925
36.27032116
17.30349409
30.3387681
30.27079964
27.45434674
34.9051155
18.65367207
27.6660778
30.34641983
30.05020565
28.96281941
35.39045406
30.78853032
35.07037095
23.22532717
25.88552885
33.77987439
36.9332232
41.55434471
31.45585003
27.26849045
22.24557359
11.52443126
31.98862626
27.26879619
41.56329927
28.87843781
29.4406852
26.53963872
45.37676975
43.03683928
38.09389778
35.07316477
34.38957813
37.78283205
21.35428783
34.58430245
37.87385182
18.75645491
29.57970386
20.8657466
31.40157081
36.06453079
38.48742026
35.82618511
24.57795734
35.71073959
32.89268074
37.71154207
40.21546138
36.15137994
19.95666677
31.86383964
34.20822472
30.09960844
25.55215061
10.78776877
21.80678816
39.24690819
43.11603243
24.81437303
23.95093733
43.6070378
34.75135746
34.45183125
30.39020747
32.55853925
14.91662863
35.57755187
23.51672126
34.62936261
23.27969075
17.35356181
21.78453899
29.40010527
27.78090874
25.10180255
19.73588091
33.62190169
28.71175004
24.49779504
28.85025313
34.07760867
23.68449387
31.47904685
27.26117028
12.98816522
32.31806659
30.98007001
32.83255324
53.94796446
32.76404664
48.28847492
35.31147033
25.22511535
36.7770658
21.92515526
39.8953811
27.63406551
32.64602402
40.48234911
24.66453076
11.33229035
16.41500596
24.1550032
29.145259
23.31018994
22.60434885
26.59359864
30.39454335
44.12668429
33.86279471
24.95456919
16.04933409
40.24711422
23.89788833
