#################################### 
# Matrix Size= (25,25,400)
# Resol      = (1,1,4000)
# VoxelSize  = (25,25,0.1)
# nbVal      = 4000
#################################### 
5.958341982e-14
7.601432346e-14
9.299751109e-14
8.005676276e-14
7.989330376e-14
8.786222175e-14
7.669953137e-14
8.743610795e-14
8.184362235e-14
9.224971862e-14
7.514750502e-14
8.150517397e-14
9.735793261e-14
8.688140129e-14
9.31577399e-14
9.46157014e-14
8.538023686e-14
9.330627073e-14
8.986889347e-14
9.756496147e-14
7.227114303e-14
8.005830094e-14
9.219203318e-14
8.60633336e-14
8.182469719e-14
8.057020556e-14
9.061237709e-14
8.570011837e-14
7.966360914e-14
7.904827698e-14
8.956957542e-14
7.688593994e-14
1.075910052e-13
8.78000674e-14
8.860896415e-14
8.265950145e-14
8.238584366e-14
9.363231847e-14
8.623572153e-14
9.377660137e-14
9.464195424e-14
1.035491348e-13
9.926718241e-14
8.932635636e-14
9.250101884e-14
1.051915442e-13
8.599913456e-14
9.629823649e-14
9.674801874e-14
9.204499755e-14
8.827427077e-14
8.903197117e-14
9.500101692e-14
9.621878053e-14
9.877849194e-14
8.894646161e-14
9.166074952e-14
9.242287567e-14
9.191535118e-14
9.244243922e-14
8.118204048e-14
8.409872992e-14
1.012714049e-13
1.013017868e-13
8.654046128e-14
1.064887815e-13
8.465772732e-14
8.430456332e-14
1.055341865e-13
1.009036023e-13
1.011990514e-13
1.01804665e-13
9.325024505e-14
9.895479694e-14
9.696051977e-14
9.899958304e-14
9.850633765e-14
1.020776902e-13
9.029862269e-14
9.949936829e-14
9.445921101e-14
8.369971975e-14
9.478868759e-14
9.526583937e-14
7.831075095e-14
8.635686789e-14
8.84260109e-14
9.82395499e-14
1.141957196e-13
1.080821379e-13
9.460241857e-14
9.20933555e-14
1.081079284e-13
9.55004323e-14
9.399382257e-14
1.019595749e-13
9.355211242e-14
1.057299838e-13
1.012528081e-13
9.394608905e-14
8.212036375e-14
8.488903585e-14
9.179977082e-14
9.245693259e-14
8.882367886e-14
8.439533273e-14
8.825302054e-14
9.469144561e-14
8.749763087e-14
9.19855855e-14
8.399187192e-14
8.542378501e-14
9.085023795e-14
8.705996778e-14
9.013384858e-14
7.683624211e-14
8.528178914e-14
8.891294014e-14
9.059280755e-14
9.862922375e-14
1.055087569e-13
9.446583129e-14
1.169135895e-13
8.509675655e-14
9.595842581e-14
1.029010645e-13
1.085697852e-13
1.122011467e-13
1.124463198e-13
1.327774313e-13
1.140040706e-13
9.960595873e-14
1.025660402e-13
9.482805172e-14
9.420712605e-14
1.016607551e-13
1.069552897e-13
1.074126227e-13
1.269025443e-13
1.115984225e-13
1.209013322e-13
1.051867157e-13
1.002489534e-13
8.965714599e-14
9.347683287e-14
1.131104134e-13
1.022012523e-13
1.103455085e-13
1.025950995e-13
9.809876251e-14
9.116880802e-14
9.187047486e-14
9.169150542e-14
8.756910293e-14
1.086950601e-13
9.424439303e-14
9.377299719e-14
1.143493858e-13
9.587786986e-14
1.176290891e-13
1.093439988e-13
1.098146961e-13
1.015814899e-13
9.792520598e-14
1.082617192e-13
9.803393852e-14
1.016128016e-13
1.060485773e-13
9.783661771e-14
9.97398432e-14
1.076016379e-13
1.103174504e-13
1.075320843e-13
8.964397282e-14
1.063047676e-13
1.065358769e-13
9.387731702e-14
1.092581809e-13
1.076591771e-13
1.000173751e-13
1.111804683e-13
1.114527242e-13
1.146878835e-13
1.105910815e-13
1.066126018e-13
9.989984629e-14
8.925537005e-14
9.149670677e-14
9.338017965e-14
9.786022687e-14
9.379623873e-14
1.027072328e-13
1.013489476e-13
1.007246992e-13
1.096027176e-13
1.133292229e-13
1.079901502e-13
1.055009314e-13
1.060175724e-13
1.079352232e-13
9.725889827e-14
8.956508176e-14
9.94151822e-14
9.699871945e-14
1.025899313e-13
1.033722792e-13
1.170840679e-13
9.983212251e-14
1.023218157e-13
1.06544205e-13
1.178063965e-13
9.253158312e-14
1.125997938e-13
1.06558998e-13
9.321905584e-14
1.053276421e-13
1.013083546e-13
1.075056778e-13
1.025797021e-13
1.022601449e-13
1.175583099e-13
9.352644431e-14
1.034728863e-13
9.422414808e-14
1.054036676e-13
9.430815172e-14
1.01875841e-13
1.1016401e-13
9.769059902e-14
1.138815096e-13
9.882731288e-14
1.010632413e-13
9.072879715e-14
9.986984908e-14
1.048247137e-13
1.022880869e-13
8.790490215e-14
9.488344344e-14
9.624834302e-14
1.089887253e-13
1.056524022e-13
1.110032715e-13
9.977590733e-14
9.679995259e-14
9.31483097e-14
9.791308329e-14
1.048603185e-13
1.073925804e-13
1.176591456e-13
1.23331977e-13
1.056505821e-13
1.083565702e-13
9.924075123e-14
1.070210194e-13
1.024024422e-13
1.104770278e-13
1.133830814e-13
1.007495659e-13
1.25099186e-13
1.303725043e-13
9.633015364e-14
8.964446942e-14
9.209736086e-14
9.618277016e-14
1.032761923e-13
1.098329504e-13
1.175974696e-13
1.033060336e-13
1.143343716e-13
1.172088011e-13
1.02721245e-13
1.000219145e-13
1.220995891e-13
1.144476739e-13
9.957682504e-14
1.048391497e-13
9.263104742e-14
9.960964788e-14
1.001097914e-13
1.181294688e-13
1.055392099e-13
1.192768243e-13
1.053730502e-13
1.033216232e-13
9.61745678e-14
9.375022787e-14
1.005475599e-13
1.044814219e-13
9.612844684e-14
1.177368057e-13
1.060117512e-13
1.09022612e-13
1.055626625e-13
1.15792425e-13
1.170467759e-13
1.131699871e-13
1.078511825e-13
9.520095497e-14
1.112350538e-13
1.158561109e-13
1.132693228e-13
9.898441651e-14
9.843624998e-14
1.230639072e-13
1.041031557e-13
1.093328143e-13
9.905855535e-14
1.033407908e-13
9.26372296e-14
1.082067398e-13
1.000263345e-13
1.159233796e-13
1.01581419e-13
1.108312395e-13
1.190284219e-13
1.040121559e-13
1.188581615e-13
1.121064889e-13
1.089543808e-13
1.004228902e-13
9.892135437e-14
1.051606785e-13
1.102848801e-13
1.060220824e-13
1.094326875e-13
9.668375223e-14
1.030660035e-13
1.005238589e-13
9.912709402e-14
1.239286501e-13
1.014397265e-13
1.130120771e-13
1.078579249e-13
1.123587838e-13
1.185255541e-13
9.840931673e-14
1.243917084e-13
1.304179379e-13
1.037044126e-13
1.046262542e-13
1.063324295e-13
1.077268534e-13
9.636370953e-14
9.894264392e-14
1.046572062e-13
1.111582066e-13
1.104049648e-13
1.145204367e-13
1.064475576e-13
9.893855935e-14
8.989979369e-14
1.04075377e-13
1.017928457e-13
1.126347986e-13
1.096272121e-13
1.169312405e-13
1.055671705e-13
9.660046949e-14
9.731155917e-14
9.467448328e-14
1.093395894e-13
1.006604053e-13
9.373201193e-14
9.816393238e-14
1.340082135e-13
1.167680649e-13
1.120206253e-13
1.02132793e-13
1.347331151e-13
1.188554699e-13
1.179306575e-13
1.3901459e-13
1.233293212e-13
1.107486945e-13
9.887091362e-14
1.104154356e-13
1.170602984e-13
1.078620054e-13
9.838106296e-14
1.125555462e-13
1.238170285e-13
1.169470887e-13
1.091280141e-13
1.040370966e-13
1.04743782e-13
1.117325517e-13
9.562343291e-14
1.048225403e-13
1.035328724e-13
1.185493465e-13
1.151370107e-13
1.070933579e-13
1.078917514e-13
1.12582228e-13
1.134513729e-13
1.002413576e-13
1.143685336e-13
1.179527751e-13
1.224904196e-13
1.147306203e-13
1.129462264e-13
1.095746673e-13
1.138847985e-13
1.161999486e-13
1.325964643e-13
1.09610753e-13
1.001398123e-13
1.145547164e-13
1.023649262e-13
1.005917625e-13
1.059165695e-13
9.934605339e-14
1.150558879e-13
1.154201651e-13
1.120821452e-13
1.127539892e-13
1.013687811e-13
1.097146476e-13
1.118836993e-13
1.12923691e-13
1.135414051e-13
1.060429022e-13
1.162285719e-13
1.098925886e-13
1.121907915e-13
1.037067479e-13
1.044874687e-13
1.12680923e-13
1.072221951e-13
1.030698793e-13
1.067532137e-13
1.062585503e-13
1.386546269e-13
1.075700906e-13
1.133006842e-13
1.142136902e-13
1.155204726e-13
1.105712812e-13
1.080439346e-13
1.029713969e-13
1.106932114e-13
1.043671606e-13
1.100578205e-13
1.248723355e-13
9.57877164e-14
1.08462661e-13
1.022229726e-13
1.087069682e-13
9.700908848e-14
1.170087047e-13
1.097026297e-13
1.063691902e-13
1.140934636e-13
1.021622981e-13
1.081918316e-13
1.275634921e-13
1.097310965e-13
1.103356105e-13
1.066181264e-13
1.069372053e-13
9.621869973e-14
1.118774873e-13
1.006509254e-13
1.365158294e-13
1.045407254e-13
1.187908891e-13
1.184002368e-13
1.162715011e-13
1.084454044e-13
1.003696438e-13
1.054702528e-13
1.058672743e-13
1.070208477e-13
1.163984708e-13
1.039967143e-13
9.92213494e-14
1.171848128e-13
1.134886929e-13
1.186666995e-13
1.04906769e-13
1.042551876e-13
1.060412587e-13
9.938038904e-14
1.067371706e-13
1.29532257e-13
9.600950038e-14
1.091967341e-13
1.007377448e-13
1.11849354e-13
1.006284897e-13
1.077018985e-13
1.134545994e-13
1.16621661e-13
1.022113587e-13
1.132114182e-13
1.099593607e-13
1.129429979e-13
1.077434182e-13
1.149191688e-13
1.351302626e-13
1.046924063e-13
1.05083937e-13
1.053462335e-13
1.057265707e-13
1.082185392e-13
1.258640182e-13
1.183074967e-13
1.037598703e-13
1.086437891e-13
1.065319453e-13
1.024802755e-13
1.175624011e-13
1.174320995e-13
1.044785226e-13
1.239240123e-13
1.080257563e-13
1.082758529e-13
1.057548693e-13
1.083522597e-13
1.070228923e-13
1.082806236e-13
1.163309386e-13
1.130851701e-13
1.222405545e-13
1.274367433e-13
1.260936035e-13
1.129212292e-13
1.0834433e-13
1.152682164e-13
1.115921231e-13
1.184600839e-13
9.63459771e-14
1.037981377e-13
1.195140986e-13
1.225443582e-13
1.084428619e-13
1.143357987e-13
1.231826496e-13
1.042104171e-13
1.068412211e-13
9.925205978e-14
1.165955632e-13
1.051950979e-13
1.245847804e-13
1.213800556e-13
1.220110167e-13
1.091943436e-13
1.210662531e-13
1.221301591e-13
1.21418592e-13
1.153123953e-13
1.133893723e-13
1.041191507e-13
1.042942029e-13
1.008646327e-13
1.06720183e-13
1.122701249e-13
1.00770418e-13
1.04113701e-13
1.15910528e-13
1.063399393e-13
1.119596178e-13
1.293668914e-13
1.027317759e-13
1.079340206e-13
1.127470218e-13
1.095360314e-13
1.184699509e-13
1.239109814e-13
1.205390451e-13
9.85868202e-14
9.972813778e-14
1.110318636e-13
1.257088769e-13
1.15749637e-13
1.108146856e-13
1.194358752e-13
9.724990462e-14
1.056756677e-13
1.08951079e-13
1.120239933e-13
1.125725758e-13
1.14671346e-13
1.115545e-13
1.015474576e-13
1.023156268e-13
1.002915301e-13
1.111805934e-13
1.101583629e-13
1.182222952e-13
1.210453957e-13
1.028228286e-13
1.154543846e-13
1.247780266e-13
1.384365735e-13
1.143161648e-13
1.110643352e-13
1.127390688e-13
1.136500278e-13
1.166992897e-13
9.760868036e-14
1.066243404e-13
1.112215637e-13
1.172323588e-13
1.091225206e-13
1.133402131e-13
1.117621282e-13
1.278967886e-13
1.088920404e-13
1.092332233e-13
1.262913018e-13
1.123534186e-13
1.120873607e-13
1.085235722e-13
1.224851395e-13
1.178526795e-13
1.181924344e-13
1.05540775e-13
1.127505804e-13
1.258957667e-13
1.140464129e-13
1.187115641e-13
1.12937894e-13
1.076861099e-13
1.019526622e-13
1.11152879e-13
1.37191921e-13
1.153556234e-13
1.155286863e-13
1.238097774e-13
1.178241623e-13
1.124872831e-13
9.737788033e-14
1.142491374e-13
9.815535781e-14
1.124204501e-13
1.163862491e-13
1.096858334e-13
1.325097121e-13
1.241368461e-13
1.062679089e-13
1.229322391e-13
1.081126376e-13
1.108444166e-13
1.243293998e-13
1.096899733e-13
1.129668005e-13
1.08702249e-13
1.158249323e-13
1.04810411e-13
1.09008487e-13
1.325708909e-13
1.277654123e-13
1.208456865e-13
1.065931897e-13
1.190748015e-13
1.12884535e-13
1.154354179e-13
1.057739073e-13
1.142322084e-13
1.216236752e-13
1.167990419e-13
1.198892644e-13
1.059908065e-13
1.032468288e-13
1.105064145e-13
1.159034004e-13
1.194617399e-13
1.051507136e-13
1.085890917e-13
1.237673828e-13
1.167101158e-13
1.150826917e-13
1.11004253e-13
1.236462306e-13
1.11847045e-13
1.18797185e-13
1.170585765e-13
1.260740875e-13
1.082230705e-13
1.133154171e-13
1.13076767e-13
1.123155912e-13
1.097152294e-13
1.044056886e-13
1.090574812e-13
1.164163017e-13
1.121993368e-13
1.179301352e-13
1.113504915e-13
1.093375405e-13
1.183251802e-13
1.193449498e-13
1.212086778e-13
1.059744963e-13
1.109491763e-13
1.097010813e-13
1.206552792e-13
1.220859668e-13
1.059428101e-13
1.232519013e-13
1.104052199e-13
1.253835085e-13
1.135882666e-13
1.115452153e-13
1.10822855e-13
1.074308626e-13
1.019131806e-13
1.271532242e-13
1.172096008e-13
1.195328624e-13
1.212393324e-13
1.293422092e-13
1.227104747e-13
1.055333049e-13
1.060433445e-13
1.271150461e-13
1.200394551e-13
1.102129672e-13
1.153255359e-13
1.148467971e-13
1.226089244e-13
1.162624763e-13
1.189023145e-13
1.165005348e-13
1.139919458e-13
1.09654044e-13
1.14586498e-13
1.11843336e-13
1.159333421e-13
1.051335754e-13
1.080737072e-13
1.194532368e-13
1.161762044e-13
1.016877701e-13
1.082004e-13
1.090409969e-13
1.148546988e-13
1.216131101e-13
1.244534781e-13
1.099413732e-13
1.072454975e-13
1.144997264e-13
1.265831014e-13
1.1653482e-13
9.927220831e-14
1.237848623e-13
1.361320986e-13
1.312562117e-13
1.10890987e-13
1.115151078e-13
1.053043462e-13
1.137600372e-13
1.100069013e-13
1.080211872e-13
1.111164204e-13
1.077342982e-13
1.055473182e-13
1.126674179e-13
1.256299815e-13
1.107321728e-13
1.077056094e-13
1.077767572e-13
1.049865525e-13
1.133198491e-13
1.275767709e-13
1.06107222e-13
1.042645795e-13
9.642581383e-14
1.111054356e-13
1.217349192e-13
1.200767641e-13
1.190644063e-13
1.193934221e-13
1.041203272e-13
1.078533706e-13
1.060483352e-13
1.304355384e-13
1.148528596e-13
1.096530963e-13
1.111012916e-13
1.09934655e-13
1.055943937e-13
1.142297023e-13
1.075255823e-13
1.182554237e-13
1.020675464e-13
1.125408143e-13
1.17896702e-13
1.094893591e-13
1.079374507e-13
1.14337424e-13
1.268409953e-13
1.147228977e-13
1.070441589e-13
1.102151144e-13
1.021693182e-13
1.001922871e-13
1.0920623e-13
1.085461573e-13
1.152085952e-13
1.197976561e-13
1.296622096e-13
1.182088647e-13
1.202092664e-13
1.120080061e-13
1.083426107e-13
1.092912018e-13
1.190216399e-13
1.198313546e-13
1.067688951e-13
1.072590641e-13
1.132630323e-13
1.197684394e-13
1.193391959e-13
1.280056327e-13
1.20826287e-13
1.201394537e-13
1.242686055e-13
1.211634184e-13
1.083242884e-13
1.192877797e-13
1.105996498e-13
1.274179694e-13
1.293124809e-13
1.191873562e-13
1.279576445e-13
1.205630464e-13
1.420883039e-13
1.17337989e-13
1.341887865e-13
1.267897652e-13
1.074016511e-13
1.156772233e-13
1.114056321e-13
1.140209943e-13
1.145514257e-13
1.152824151e-13
1.058539045e-13
1.243523953e-13
1.240253443e-13
1.269522157e-13
1.253226636e-13
1.306852984e-13
1.229502399e-13
1.184249648e-13
1.163894205e-13
1.138244095e-13
1.180185813e-13
1.178293905e-13
1.191347201e-13
1.124271472e-13
1.137591401e-13
1.23720616e-13
1.076271821e-13
1.06829617e-13
1.069270377e-13
1.320590485e-13
1.317066355e-13
1.212505376e-13
1.336280834e-13
1.256168974e-13
1.123598658e-13
1.087905167e-13
1.077498766e-13
1.314452142e-13
1.127371504e-13
1.125740346e-13
1.198850729e-13
1.148315032e-13
1.134289213e-13
1.160037315e-13
1.148692983e-13
1.337401796e-13
1.181582236e-13
1.129522155e-13
1.169563056e-13
1.162650385e-13
1.238251167e-13
1.104152057e-13
1.186956269e-13
1.082848709e-13
1.148934765e-13
1.297268135e-13
1.196045696e-13
1.184682583e-13
1.209630068e-13
1.199950874e-13
1.24825716e-13
1.16446881e-13
1.179438198e-13
1.27562841e-13
1.144859834e-13
1.307028361e-13
1.217026921e-13
1.265712041e-13
1.296576914e-13
1.229284605e-13
1.137563575e-13
1.148828203e-13
1.129082833e-13
1.194713156e-13
1.042316899e-13
1.279087237e-13
1.12831531e-13
1.399297008e-13
1.207627705e-13
1.151139978e-13
1.158735946e-13
1.269689891e-13
1.236643208e-13
1.193702322e-13
1.077927631e-13
1.103528916e-13
1.16800905e-13
1.232377096e-13
1.178288137e-13
1.127831407e-13
1.123366607e-13
1.172123557e-13
1.178999195e-13
1.206337445e-13
1.075328616e-13
1.052778764e-13
1.073328729e-13
1.032018903e-13
1.117699597e-13
1.119804729e-13
1.195924384e-13
1.139001154e-13
1.145516497e-13
1.100404158e-13
1.043874686e-13
1.052497149e-13
1.073090604e-13
1.087678287e-13
1.068400852e-13
1.256847688e-13
1.210846361e-13
1.222898795e-13
1.070965993e-13
1.254699136e-13
1.111395794e-13
1.071322165e-13
1.196286963e-13
1.220361536e-13
1.259926668e-13
1.279700678e-13
1.13872665e-13
1.174728541e-13
1.148425566e-13
1.097460965e-13
1.049710739e-13
1.027398846e-13
1.147095739e-13
1.274062849e-13
1.16549834e-13
1.23786389e-13
1.073084404e-13
1.163964436e-13
1.071159356e-13
1.236024541e-13
1.10237911e-13
1.158620564e-13
1.074671869e-13
1.406905878e-13
1.118493901e-13
1.206458954e-13
1.147514746e-13
1.091059423e-13
1.104627598e-13
1.374081854e-13
1.102426808e-13
1.205986576e-13
1.436742971e-13
1.121959371e-13
1.168792104e-13
1.105820649e-13
1.161431958e-13
1.149955656e-13
1.140388774e-13
1.203963811e-13
1.061433313e-13
1.128702315e-13
1.149587839e-13
1.094217695e-13
1.285094368e-13
1.04337345e-13
1.165522816e-13
1.24692716e-13
1.252547601e-13
1.127491318e-13
1.237332692e-13
1.230104348e-13
1.186489168e-13
1.21658772e-13
1.162822817e-13
1.116553239e-13
1.321951261e-13
1.075285933e-13
1.244941595e-13
1.169484119e-13
1.201042354e-13
1.072928754e-13
1.285829712e-13
1.208141207e-13
1.138060176e-13
1.199531614e-13
1.212305816e-13
1.245435957e-13
1.095402112e-13
1.094050088e-13
1.225686551e-13
1.132229645e-13
1.189946248e-13
1.081563724e-13
1.24514745e-13
1.046961811e-13
1.182111498e-13
1.199253755e-13
1.11054869e-13
1.122458268e-13
1.255724596e-13
1.174379849e-13
1.188870203e-13
1.101424847e-13
1.113988382e-13
1.314067742e-13
1.153727625e-13
1.035273615e-13
1.12364814e-13
1.154101349e-13
1.251341308e-13
1.184623479e-13
1.147993505e-13
1.145217589e-13
1.376640896e-13
1.157177399e-13
1.15132775e-13
1.120855984e-13
1.14295555e-13
1.142830789e-13
1.144139439e-13
1.134621316e-13
1.249064464e-13
1.211464531e-13
1.189650229e-13
1.108897362e-13
1.243013496e-13
1.284666756e-13
1.398720638e-13
1.144247802e-13
1.22246306e-13
1.178285952e-13
1.131399435e-13
1.133920022e-13
1.246446267e-13
1.301242538e-13
1.162019112e-13
1.11602984e-13
1.239415871e-13
1.117301591e-13
1.155377576e-13
1.262540729e-13
1.208069824e-13
1.383810614e-13
1.170931037e-13
1.171080779e-13
1.167463433e-13
1.088567173e-13
1.143176995e-13
1.24037462e-13
1.385745397e-13
1.332238366e-13
1.145950209e-13
1.324860816e-13
1.086033878e-13
1.27170952e-13
1.209897032e-13
1.201358848e-13
1.165603621e-13
1.328606466e-13
1.101396072e-13
1.135513188e-13
1.199024211e-13
1.222212355e-13
1.239570849e-13
1.181212872e-13
1.213102685e-13
1.132510693e-13
1.197643514e-13
1.298711734e-13
1.124429456e-13
1.321311728e-13
1.18829841e-13
1.123904507e-13
1.150971233e-13
1.362641676e-13
1.210355174e-13
1.268778856e-13
1.117429475e-13
1.165810766e-13
1.208405353e-13
1.232068988e-13
1.209227725e-13
1.208662806e-13
1.22569075e-13
1.219625521e-13
1.240791657e-13
1.273118906e-13
1.176092868e-13
1.168888663e-13
1.091403112e-13
1.107179426e-13
1.321428383e-13
1.45927427e-13
1.226886114e-13
1.243875548e-13
1.104654171e-13
1.210742268e-13
1.188904928e-13
1.277487051e-13
1.153495e-13
1.191957001e-13
1.129763511e-13
1.092874667e-13
1.20099784e-13
1.233662784e-13
1.406039261e-13
1.158267e-13
1.308585102e-13
1.288018562e-13
1.198316069e-13
1.259856684e-13
1.120009802e-13
1.225837463e-13
1.155374157e-13
1.379700362e-13
1.198549882e-13
1.148338372e-13
1.193278885e-13
1.306397136e-13
1.25341059e-13
1.218236709e-13
1.121245927e-13
1.260680592e-13
1.216739653e-13
1.17381127e-13
1.407210264e-13
1.401247571e-13
1.195099077e-13
1.313764907e-13
1.285503474e-13
1.207143989e-13
1.096737363e-13
1.224201681e-13
1.102802552e-13
1.154405982e-13
1.252116028e-13
1.111775254e-13
1.253468359e-13
1.073135218e-13
1.306271253e-13
1.195318659e-13
1.222730236e-13
1.158150387e-13
1.141503146e-13
1.266905281e-13
1.150052994e-13
1.141620239e-13
1.346672952e-13
1.176084161e-13
1.216071241e-13
1.16504547e-13
1.077346378e-13
1.187827012e-13
1.177366885e-13
1.165052008e-13
1.325155529e-13
1.149358385e-13
1.175471e-13
1.089679275e-13
1.257984392e-13
1.092746753e-13
1.24058651e-13
1.316687545e-13
1.202771242e-13
1.289988615e-13
1.289863651e-13
1.182458601e-13
1.119357561e-13
1.113973417e-13
1.279448954e-13
1.364577615e-13
1.212243403e-13
1.177749438e-13
1.242512965e-13
1.274981322e-13
1.240903047e-13
1.20181055e-13
1.172442097e-13
1.316396529e-13
1.179755767e-13
1.25376654e-13
1.178120959e-13
1.120980816e-13
1.100491829e-13
1.067015685e-13
1.10869092e-13
1.187211909e-13
1.217835376e-13
1.148034303e-13
1.145876937e-13
1.334590738e-13
1.26153294e-13
1.27152042e-13
1.343910381e-13
1.233666423e-13
1.103098951e-13
1.200157746e-13
1.183406663e-13
1.199032413e-13
1.206506351e-13
1.209870198e-13
1.193350819e-13
1.138084144e-13
1.151389258e-13
1.302113051e-13
1.295643808e-13
1.260185652e-13
1.152349489e-13
1.258932897e-13
1.134805896e-13
1.194901382e-13
1.155966767e-13
1.217450258e-13
1.170278951e-13
1.275779985e-13
1.26454295e-13
1.265691402e-13
1.255864198e-13
1.261337308e-13
1.161600757e-13
1.438311209e-13
1.145492903e-13
1.17550689e-13
1.218362812e-13
1.270061091e-13
1.208242443e-13
1.116478762e-13
1.194341196e-13
1.182963077e-13
1.175341322e-13
1.279578232e-13
1.228003387e-13
1.25813831e-13
1.156529227e-13
1.16467845e-13
1.130958163e-13
1.210012787e-13
1.206826501e-13
1.158627095e-13
1.333855516e-13
1.174424435e-13
1.229057264e-13
1.252083169e-13
1.259960991e-13
1.167934778e-13
1.206184746e-13
1.24172103e-13
1.170442361e-13
1.19331032e-13
1.180037864e-13
1.129900091e-13
1.119254429e-13
1.211913341e-13
1.35182294e-13
1.19723779e-13
1.168506004e-13
1.193238456e-13
1.145128588e-13
1.187520084e-13
1.299337173e-13
1.226312337e-13
1.147668414e-13
1.178172394e-13
1.311954731e-13
1.183649309e-13
1.264834198e-13
1.156316416e-13
1.309028346e-13
1.242638065e-13
1.149640535e-13
1.306154603e-13
1.176777622e-13
1.205009659e-13
1.216777223e-13
1.301869262e-13
1.161502058e-13
1.199332632e-13
1.178658708e-13
1.169859732e-13
1.27030807e-13
1.203325221e-13
1.317164732e-13
1.178973816e-13
1.260714969e-13
1.26726421e-13
1.161362232e-13
1.27307091e-13
1.19975571e-13
1.226379831e-13
1.213941296e-13
1.203640215e-13
1.35327645e-13
1.266823904e-13
1.146781107e-13
1.26809356e-13
1.226667562e-13
1.176737987e-13
1.366690509e-13
1.20538558e-13
1.215952427e-13
1.169254714e-13
1.257180517e-13
1.245394886e-13
1.243121078e-13
1.224493922e-13
1.2845248e-13
1.308246767e-13
1.292239024e-13
1.225503478e-13
1.25909086e-13
1.186299029e-13
1.205946394e-13
1.197799093e-13
1.311808425e-13
1.201961529e-13
1.321941893e-13
1.180942038e-13
1.171125129e-13
1.285563066e-13
1.343299049e-13
1.120129356e-13
1.200666603e-13
1.223514865e-13
1.174111264e-13
1.218900839e-13
1.21196705e-13
1.195000492e-13
1.197952303e-13
1.142669185e-13
1.168879985e-13
1.161597838e-13
1.219565316e-13
1.312211502e-13
1.271107229e-13
1.179498179e-13
1.283858224e-13
1.166586478e-13
1.259879342e-13
1.255360809e-13
1.181228985e-13
1.22176194e-13
1.159971853e-13
1.288052182e-13
1.354886539e-13
1.209744354e-13
1.203570644e-13
1.200257239e-13
1.31922899e-13
1.389790464e-13
1.323921744e-13
1.180527382e-13
1.21642489e-13
1.273353643e-13
1.234374609e-13
1.216960143e-13
1.246928756e-13
1.174177301e-13
1.266116675e-13
1.389614651e-13
1.313652667e-13
1.234491686e-13
1.258129261e-13
1.275748474e-13
1.220567585e-13
1.264397155e-13
1.214850598e-13
1.239760087e-13
1.266507176e-13
1.307876006e-13
1.424138145e-13
1.421859295e-13
1.299713341e-13
1.272173509e-13
1.292787121e-13
1.287699154e-13
1.285142401e-13
1.148956666e-13
1.312586264e-13
1.233762602e-13
1.259746183e-13
1.165342368e-13
1.153153455e-13
1.257894778e-13
1.210962134e-13
1.269487127e-13
1.296901677e-13
1.223247208e-13
1.189115715e-13
1.243105937e-13
1.270009816e-13
1.220405999e-13
1.368747484e-13
1.285628588e-13
1.264811259e-13
1.381132933e-13
1.277857745e-13
1.180589314e-13
1.345014216e-13
1.294056579e-13
1.217976553e-13
1.285921875e-13
1.209694867e-13
1.190027289e-13
1.281559618e-13
1.20045566e-13
1.206400993e-13
1.273585555e-13
1.29532593e-13
1.210436555e-13
1.320202652e-13
1.216030867e-13
1.276461677e-13
1.434195061e-13
1.375097896e-13
1.237632543e-13
1.271333351e-13
1.241479388e-13
1.28903901e-13
1.244364943e-13
1.190074731e-13
1.269277067e-13
1.211776386e-13
1.26240416e-13
1.362793006e-13
1.344728071e-13
1.30981726e-13
1.219724828e-13
1.258116411e-13
1.283520404e-13
1.225763509e-13
1.296605451e-13
1.235678145e-13
1.216933855e-13
1.22826315e-13
1.152659076e-13
1.349118124e-13
1.317216205e-13
1.418322229e-13
1.273184418e-13
1.313766357e-13
1.26638418e-13
1.356019254e-13
1.437860091e-13
1.295308557e-13
1.281924105e-13
1.411091407e-13
1.279540483e-13
1.284245074e-13
1.253513059e-13
1.165910805e-13
1.499918837e-13
1.199186783e-13
1.223707451e-13
1.371183444e-13
1.166933291e-13
1.182775961e-13
1.313160605e-13
1.358230621e-13
1.312552098e-13
1.263647906e-13
1.189048535e-13
1.31824493e-13
1.258585419e-13
1.527460053e-13
1.310220615e-13
1.283899036e-13
1.240125016e-13
1.294356796e-13
1.381915088e-13
1.271335003e-13
1.198942986e-13
1.323661888e-13
1.343476182e-13
1.29712125e-13
1.233811724e-13
1.371033944e-13
1.248938229e-13
1.145786736e-13
1.319317265e-13
1.274471479e-13
1.356389769e-13
1.238420389e-13
1.322863468e-13
1.405109772e-13
1.26677547e-13
1.317966071e-13
1.188138284e-13
1.280852839e-13
1.226291105e-13
1.276080569e-13
1.296413517e-13
1.267506754e-13
1.309151221e-13
1.338804096e-13
1.192309637e-13
1.229141623e-13
1.209271124e-13
1.212433308e-13
1.198167397e-13
1.236466222e-13
1.223590349e-13
1.291877759e-13
1.191066892e-13
1.207371439e-13
1.379183492e-13
1.227796868e-13
1.18737731e-13
1.220242513e-13
1.262011387e-13
1.292244106e-13
1.250702078e-13
1.385581434e-13
1.371516597e-13
1.300157004e-13
1.307739256e-13
1.401827905e-13
1.281491712e-13
1.24873499e-13
1.339552177e-13
1.331240103e-13
1.239774892e-13
1.243324547e-13
1.427496634e-13
1.307102272e-13
1.323997392e-13
1.386598073e-13
1.333369395e-13
1.337132822e-13
1.50341632e-13
1.336619628e-13
1.295071592e-13
1.239815926e-13
1.286066075e-13
1.266567343e-13
1.281742542e-13
1.231449825e-13
1.235957679e-13
1.319154263e-13
1.237528991e-13
1.373595373e-13
1.230482396e-13
1.301174069e-13
1.243699432e-13
1.272154095e-13
1.19577575e-13
1.246411173e-13
1.236488034e-13
1.230638495e-13
1.385250354e-13
1.400465183e-13
1.290568605e-13
1.322428252e-13
1.255779425e-13
1.401116392e-13
1.296881063e-13
1.23340011e-13
1.232632943e-13
1.516300796e-13
1.335998526e-13
1.371603827e-13
1.272422573e-13
1.323747337e-13
1.33057875e-13
1.317324426e-13
1.206355393e-13
1.214475023e-13
1.293891359e-13
1.451177372e-13
1.323529557e-13
1.22236681e-13
1.254762609e-13
1.200262577e-13
1.304144567e-13
1.332142371e-13
1.304768785e-13
1.180229299e-13
1.277967236e-13
1.328706157e-13
1.420904301e-13
1.272448537e-13
1.265055103e-13
1.318606044e-13
1.448162512e-13
1.335843799e-13
1.30259031e-13
1.292288322e-13
1.361544737e-13
1.282836546e-13
1.701368905e-13
1.283430927e-13
1.186244102e-13
1.313966908e-13
1.284411217e-13
1.380511539e-13
1.307596977e-13
1.333830703e-13
1.283796471e-13
1.223399063e-13
1.244268642e-13
1.215197392e-13
1.268323893e-13
1.285837272e-13
1.257409229e-13
1.217850838e-13
1.279451979e-13
1.331404594e-13
1.477311165e-13
1.228201263e-13
1.314952057e-13
1.225527445e-13
1.270213897e-13
1.272053877e-13
1.398958952e-13
1.321998106e-13
1.377722559e-13
1.333071873e-13
1.28859136e-13
1.299309978e-13
1.208315405e-13
1.347644576e-13
1.342590827e-13
1.343757384e-13
1.223423821e-13
1.26796677e-13
1.316872279e-13
1.363769891e-13
1.308738699e-13
1.35735426e-13
1.253444286e-13
1.232392367e-13
1.267830627e-13
1.244579988e-13
1.315971646e-13
1.314488772e-13
1.309345958e-13
1.331981805e-13
1.276888026e-13
1.434347726e-13
1.309277909e-13
1.327550717e-13
1.339876546e-13
1.365046387e-13
1.311073199e-13
1.418016338e-13
1.346341362e-13
1.412426831e-13
1.484793479e-13
1.325466817e-13
1.29408016e-13
1.426017531e-13
1.361006482e-13
1.293827524e-13
1.319108759e-13
1.360866058e-13
1.387248253e-13
1.332383062e-13
1.313249153e-13
1.352434192e-13
1.263077612e-13
1.223414347e-13
1.328607438e-13
1.376672585e-13
1.283129362e-13
1.326648116e-13
1.408214053e-13
1.336190878e-13
1.341569132e-13
1.218953633e-13
1.305708528e-13
1.372460462e-13
1.311500106e-13
1.312282357e-13
1.280943535e-13
1.195775152e-13
1.321227702e-13
1.303102994e-13
1.351954477e-13
1.288609039e-13
1.25371894e-13
1.297669872e-13
1.45271864e-13
1.298484769e-13
1.459428443e-13
1.353987091e-13
1.418507124e-13
1.313604042e-13
1.428910632e-13
1.467722097e-13
1.340835927e-13
1.420969352e-13
1.42346293e-13
1.247009672e-13
1.331301071e-13
1.360150655e-13
1.38336751e-13
1.459880078e-13
1.270837373e-13
1.413846239e-13
1.393581929e-13
1.368426245e-13
1.227598193e-13
1.239424839e-13
1.387630961e-13
1.355626501e-13
1.370243655e-13
1.319921253e-13
1.333413523e-13
1.261796759e-13
1.271565255e-13
1.275825587e-13
1.255365021e-13
1.327154489e-13
1.369628021e-13
1.379877757e-13
1.275795762e-13
1.324312849e-13
1.318906553e-13
1.362583272e-13
1.295529828e-13
1.374765801e-13
1.255343175e-13
1.269966578e-13
1.417573556e-13
1.276646785e-13
1.336370559e-13
1.346733603e-13
1.461527649e-13
1.299897029e-13
1.345458401e-13
1.429565339e-13
1.368812048e-13
1.355713435e-13
1.407798686e-13
1.458691829e-13
1.463732696e-13
1.298507098e-13
1.335016726e-13
1.300097683e-13
1.300798317e-13
1.276864983e-13
1.379907087e-13
1.282359763e-13
1.362801188e-13
1.384198813e-13
1.413264668e-13
1.474206759e-13
1.320339701e-13
1.44972409e-13
1.265714911e-13
1.364330582e-13
1.309492411e-13
1.290640889e-13
1.289039758e-13
1.487084393e-13
1.336580786e-13
1.337587755e-13
1.268521594e-13
1.404357713e-13
1.34021655e-13
1.377322592e-13
1.440258312e-13
1.332212936e-13
1.346141247e-13
1.419861151e-13
1.416765133e-13
1.423921128e-13
1.444664469e-13
1.325526175e-13
1.367930144e-13
1.347962484e-13
1.3674452e-13
1.235616853e-13
1.38429111e-13
1.332018319e-13
1.34678044e-13
1.331854506e-13
1.283422284e-13
1.396926873e-13
1.41577364e-13
1.378057375e-13
1.465958681e-13
1.297434572e-13
1.296229361e-13
1.330335073e-13
1.398902628e-13
1.348038338e-13
1.317163128e-13
1.323429597e-13
1.38232741e-13
1.296639838e-13
1.522667333e-13
1.357842867e-13
1.375418973e-13
1.352292288e-13
1.304798938e-13
1.498676191e-13
1.316026162e-13
1.32310067e-13
1.440619411e-13
1.508366678e-13
1.208042595e-13
1.329517904e-13
1.310241876e-13
1.407907417e-13
1.396123999e-13
1.407802551e-13
1.395821482e-13
1.361975698e-13
1.475077502e-13
1.383115896e-13
1.403385365e-13
1.368270058e-13
1.47496311e-13
1.517444534e-13
1.370148224e-13
1.38836193e-13
1.353242628e-13
1.440307996e-13
1.530999029e-13
1.461478348e-13
1.402585602e-13
1.327824521e-13
1.394187715e-13
1.460399387e-13
1.340550325e-13
1.404124429e-13
1.356831945e-13
1.523245826e-13
1.385752787e-13
1.391564309e-13
1.334570377e-13
1.486847619e-13
1.618168973e-13
1.273690056e-13
1.44912962e-13
1.2874135e-13
1.349071685e-13
1.353077561e-13
1.419137036e-13
1.320331521e-13
1.351666041e-13
1.338058092e-13
1.310473905e-13
1.320157059e-13
1.4851082e-13
1.496870291e-13
1.315367318e-13
1.348321279e-13
1.505605595e-13
1.416420886e-13
1.407911126e-13
1.360010372e-13
1.330237803e-13
1.337141933e-13
1.423683384e-13
1.294719135e-13
1.438969577e-13
1.435968742e-13
1.412359829e-13
1.404007793e-13
1.421619849e-13
1.394451645e-13
1.414494704e-13
1.379132714e-13
1.434362515e-13
1.487623597e-13
1.472655805e-13
1.416995354e-13
1.448340877e-13
1.440653894e-13
1.401711911e-13
1.339104059e-13
1.380933345e-13
1.373081077e-13
1.50306877e-13
1.397782361e-13
1.307625553e-13
1.352900936e-13
1.473048681e-13
1.517167788e-13
1.40117674e-13
1.32559638e-13
1.391329631e-13
1.395885293e-13
1.379923945e-13
1.354721562e-13
1.328166229e-13
1.349689912e-13
1.308001404e-13
1.431776153e-13
1.410949892e-13
1.366180798e-13
1.389261259e-13
1.330680134e-13
1.447287933e-13
1.406870709e-13
1.326636159e-13
1.460034936e-13
1.348286401e-13
1.443737568e-13
1.323913766e-13
1.377008018e-13
1.303215078e-13
1.409655495e-13
1.467946382e-13
1.418411325e-13
1.39030354e-13
1.395754363e-13
1.369096847e-13
1.49449781e-13
1.390942832e-13
1.357751932e-13
1.462603865e-13
1.44090306e-13
1.391913028e-13
1.391105167e-13
1.402233832e-13
1.393436259e-13
1.506882585e-13
1.440531546e-13
1.394218179e-13
1.393775551e-13
1.511172306e-13
1.437248014e-13
1.360283725e-13
1.420290896e-13
1.387286354e-13
1.426319467e-13
1.403842553e-13
1.502013131e-13
1.358006561e-13
1.419569753e-13
1.45991854e-13
1.415480985e-13
1.375447948e-13
1.410875827e-13
1.407040459e-13
1.346803281e-13
1.447325761e-13
1.370748257e-13
1.491767779e-13
1.372912626e-13
1.392810488e-13
1.406618884e-13
1.445487228e-13
1.523870295e-13
1.573241743e-13
1.462065343e-13
1.538419167e-13
1.502012555e-13
1.454389938e-13
1.488029027e-13
1.539621916e-13
1.469568439e-13
1.394855617e-13
1.42375404e-13
1.35015117e-13
1.399297232e-13
1.384212998e-13
1.472625669e-13
1.436417137e-13
1.477753513e-13
1.495533528e-13
1.506919398e-13
1.488030852e-13
1.543689563e-13
1.443915167e-13
1.526143771e-13
1.476793297e-13
1.481113649e-13
1.556202372e-13
1.506401901e-13
1.525002708e-13
1.513014388e-13
1.501880688e-13
1.512562624e-13
1.542805826e-13
1.499810258e-13
1.534876885e-13
1.493787421e-13
1.499555475e-13
1.617143246e-13
1.459108912e-13
1.465787529e-13
1.445167858e-13
1.441997271e-13
1.544266292e-13
1.480895196e-13
1.456427023e-13
1.459934422e-13
1.366148415e-13
1.427476753e-13
1.467522829e-13
1.476869255e-13
1.497513269e-13
1.466225924e-13
1.523975938e-13
1.450573301e-13
1.425418277e-13
1.594173893e-13
1.555867004e-13
1.530284694e-13
1.588129653e-13
1.491496698e-13
1.482232979e-13
1.448583134e-13
1.444856384e-13
1.607649049e-13
1.424538406e-13
1.400997389e-13
1.442865561e-13
1.582934351e-13
1.534695052e-13
1.585407177e-13
1.628157942e-13
1.513010722e-13
1.55218914e-13
1.621524106e-13
1.476044179e-13
1.445502571e-13
1.461150874e-13
1.478633157e-13
1.477299798e-13
1.477497997e-13
1.466149163e-13
1.436143178e-13
1.456188965e-13
1.540920056e-13
1.58267084e-13
1.502454896e-13
1.578666943e-13
1.463152441e-13
1.482841916e-13
1.506825562e-13
1.460701947e-13
1.489889738e-13
1.542823758e-13
1.536293092e-13
1.594664623e-13
1.504385723e-13
1.49621456e-13
1.648013278e-13
1.539739532e-13
1.557662082e-13
1.622191103e-13
1.522916029e-13
1.595555584e-13
1.558777063e-13
1.481783953e-13
1.564562081e-13
1.506181464e-13
1.464569732e-13
1.426499306e-13
1.478858627e-13
1.473495157e-13
1.522253349e-13
1.56566606e-13
1.481588668e-13
1.626816913e-13
1.465853782e-13
1.417615759e-13
1.631690507e-13
1.475796505e-13
1.578207287e-13
1.612453689e-13
1.435144349e-13
1.609051504e-13
1.561255517e-13
1.56816741e-13
1.536097492e-13
1.511810632e-13
1.500438181e-13
1.494560866e-13
1.483804096e-13
1.492145547e-13
1.492381546e-13
1.583859288e-13
1.686122168e-13
1.610679239e-13
1.627189211e-13
1.479623228e-13
1.674020838e-13
1.542424358e-13
1.420976281e-13
1.41409829e-13
1.662739181e-13
1.542651341e-13
1.531471411e-13
1.512034341e-13
1.462991498e-13
1.634047572e-13
1.454595174e-13
1.481688929e-13
1.478686461e-13
1.627007689e-13
1.510887871e-13
1.456111857e-13
1.542365531e-13
1.482651282e-13
1.483016579e-13
1.60199902e-13
1.517331721e-13
1.488476141e-13
1.639379343e-13
1.516474063e-13
1.592696562e-13
1.526503013e-13
1.500071301e-13
1.620207603e-13
1.539618621e-13
1.483235245e-13
1.58649915e-13
1.597981216e-13
1.525073993e-13
1.644953543e-13
1.765338996e-13
1.644141799e-13
1.63165218e-13
1.548133978e-13
1.615563481e-13
1.596990794e-13
1.567279492e-13
1.66638841e-13
1.746537951e-13
1.529322301e-13
1.647918218e-13
1.70788194e-13
1.764253351e-13
1.611562553e-13
1.486852126e-13
1.652809727e-13
1.676336839e-13
1.600829428e-13
1.679292315e-13
1.742121074e-13
1.627496161e-13
1.593273274e-13
1.605637115e-13
1.566279867e-13
1.53722651e-13
1.540471867e-13
1.627005355e-13
1.533173516e-13
1.5714018e-13
1.580162673e-13
1.602884945e-13
1.675628688e-13
1.545185205e-13
1.573015057e-13
1.588217777e-13
1.660037462e-13
1.581467421e-13
1.580875244e-13
1.549876723e-13
1.551515022e-13
1.569375583e-13
1.707840031e-13
1.69437295e-13
1.576584677e-13
1.605007884e-13
1.641340942e-13
1.570435074e-13
1.519216896e-13
1.585241098e-13
1.636978779e-13
1.606257304e-13
1.650090729e-13
1.549309564e-13
1.573077337e-13
1.540990371e-13
1.544963749e-13
1.861448347e-13
1.632872652e-13
1.652946248e-13
1.743187399e-13
1.602887377e-13
1.760719594e-13
1.609788664e-13
1.596231373e-13
1.552980762e-13
1.57117273e-13
1.640793293e-13
1.642450447e-13
1.626466995e-13
1.665345087e-13
1.727509515e-13
1.613957594e-13
1.591015775e-13
1.660492459e-13
1.725649219e-13
1.683029893e-13
1.780429973e-13
1.642117479e-13
1.679582826e-13
1.624642605e-13
1.595563168e-13
1.659394134e-13
1.62466996e-13
1.697779988e-13
1.723248135e-13
1.678668859e-13
1.627413446e-13
1.817708404e-13
1.761617445e-13
1.710402882e-13
1.695273995e-13
1.611553533e-13
1.613564298e-13
1.634960162e-13
1.733274568e-13
1.667964857e-13
1.729613572e-13
1.859429752e-13
1.691907824e-13
1.692204143e-13
1.744166892e-13
1.741562171e-13
1.649514913e-13
1.75126038e-13
1.743231432e-13
1.745020419e-13
1.746652572e-13
1.711170904e-13
1.728082835e-13
1.725062572e-13
1.643248817e-13
1.654923016e-13
1.680857598e-13
1.659315068e-13
1.697822275e-13
1.653346123e-13
1.687400901e-13
1.681559074e-13
1.760393031e-13
1.752354529e-13
1.69448213e-13
1.71852659e-13
1.571349487e-13
1.664432329e-13
1.822864225e-13
1.717420586e-13
1.723351946e-13
1.685318991e-13
1.674835698e-13
1.772305128e-13
1.69455882e-13
1.699129707e-13
1.726714899e-13
1.68990036e-13
1.776971966e-13
1.65445663e-13
1.731746945e-13
1.662316958e-13
1.794180768e-13
1.751826471e-13
1.776514572e-13
1.705624653e-13
1.775173895e-13
1.640554552e-13
1.824762162e-13
1.77559788e-13
1.712138241e-13
1.719660746e-13
1.692013054e-13
1.747053769e-13
1.76203308e-13
1.854146312e-13
1.69684094e-13
1.774180622e-13
1.722581581e-13
1.77695053e-13
1.829070151e-13
1.819826696e-13
1.980521281e-13
1.780681563e-13
1.738186098e-13
1.745385443e-13
1.886900955e-13
1.757615448e-13
1.744921328e-13
1.769335459e-13
1.695955275e-13
1.689537663e-13
1.748128459e-13
1.776023005e-13
1.849187641e-13
1.848335542e-13
1.813495313e-13
1.845917552e-13
1.714497892e-13
1.724456487e-13
1.791261023e-13
1.79269365e-13
1.811896311e-13
1.80448862e-13
1.742329585e-13
1.786971393e-13
1.712092384e-13
1.763655315e-13
1.762883917e-13
1.849225561e-13
1.733008374e-13
1.811409214e-13
1.881401903e-13
1.777012585e-13
1.887785009e-13
1.861858948e-13
1.756676965e-13
1.87626128e-13
1.80040056e-13
1.866172841e-13
1.761891707e-13
1.791977039e-13
1.820806247e-13
1.856102713e-13
1.774464169e-13
1.888974693e-13
1.840007494e-13
1.900718525e-13
1.797401748e-13
1.928639803e-13
1.772536955e-13
1.766892439e-13
1.808878519e-13
1.732459363e-13
1.764938655e-13
1.914150492e-13
1.887810456e-13
1.843650996e-13
1.867241984e-13
1.867435057e-13
1.907835213e-13
1.777443119e-13
1.796437285e-13
1.991728402e-13
1.810101076e-13
1.957598616e-13
1.871779588e-13
1.807193052e-13
1.826892496e-13
1.879703158e-13
1.830106448e-13
1.915089241e-13
2.055115375e-13
1.882424624e-13
2.008705661e-13
2.022079097e-13
1.884920578e-13
1.795077727e-13
1.834255224e-13
1.894851921e-13
1.956953385e-13
1.894719356e-13
1.866505432e-13
1.876213496e-13
1.813006155e-13
1.972677251e-13
1.911253159e-13
1.938124934e-13
1.860204525e-13
1.912811232e-13
1.918180567e-13
1.86203997e-13
1.896928282e-13
1.894268051e-13
1.986942811e-13
1.880586474e-13
1.87134024e-13
1.979933619e-13
1.963962767e-13
2.180928737e-13
1.997877986e-13
1.868616426e-13
2.221245399e-13
1.990694272e-13
1.900091455e-13
1.961454267e-13
1.949723278e-13
1.957627377e-13
1.927547102e-13
1.907407493e-13
1.970244278e-13
2.053345907e-13
1.927819164e-13
1.950076779e-13
2.012703301e-13
2.01992591e-13
2.066717042e-13
2.090123859e-13
1.974312584e-13
1.922921327e-13
1.946416032e-13
2.077039382e-13
1.931354531e-13
1.933444704e-13
1.856188177e-13
1.948759866e-13
2.012257523e-13
1.988103296e-13
1.963026674e-13
2.015094076e-13
2.078831793e-13
2.08077901e-13
2.047085092e-13
2.039288941e-13
2.127317999e-13
2.156383991e-13
2.040076113e-13
2.166091574e-13
2.126402099e-13
2.057835985e-13
2.182827481e-13
1.959580944e-13
1.979257161e-13
2.038633859e-13
2.039880332e-13
1.996402128e-13
2.074334679e-13
2.065872912e-13
2.005728895e-13
2.050802952e-13
2.013641202e-13
2.021323982e-13
2.034674715e-13
1.989075349e-13
2.041704505e-13
2.085058796e-13
2.04779189e-13
2.122480575e-13
2.091865404e-13
2.184587907e-13
2.027239369e-13
2.025298509e-13
2.018240438e-13
2.024151658e-13
1.996172335e-13
2.168186381e-13
2.122932745e-13
2.04734768e-13
2.159197495e-13
2.045818426e-13
2.092168976e-13
2.168943917e-13
2.119870264e-13
2.078081381e-13
2.068391416e-13
2.054125745e-13
2.058467807e-13
2.148660688e-13
2.076508794e-13
2.069060878e-13
2.079924569e-13
2.156087462e-13
2.205642076e-13
2.011226644e-13
2.178970983e-13
2.252215431e-13
2.161007805e-13
2.172702039e-13
2.136267096e-13
2.349849392e-13
2.200387515e-13
2.119056003e-13
2.263735903e-13
2.077762512e-13
2.105600513e-13
2.285222703e-13
2.248820057e-13
2.159850858e-13
2.161779692e-13
2.136206248e-13
2.159711328e-13
2.092777856e-13
2.161128961e-13
2.212735159e-13
2.293080747e-13
2.195495661e-13
2.263151501e-13
2.325198857e-13
2.170591926e-13
2.166251285e-13
2.252050078e-13
2.227206437e-13
2.194049256e-13
2.156324616e-13
2.262737267e-13
2.244099283e-13
2.195161599e-13
2.354390804e-13
2.199747515e-13
2.240080097e-13
2.313326488e-13
2.178707372e-13
2.371346531e-13
2.266321968e-13
2.292535544e-13
2.297566485e-13
2.311752391e-13
2.216210764e-13
2.267897712e-13
2.316533966e-13
2.350183126e-13
2.415803113e-13
2.532726461e-13
2.404599935e-13
2.393549217e-13
2.285441798e-13
2.333982419e-13
2.30886819e-13
2.381472944e-13
2.312120096e-13
2.324799926e-13
2.411898098e-13
2.317890631e-13
2.429305366e-13
2.349971951e-13
2.383313173e-13
2.494494291e-13
2.455454286e-13
2.395423841e-13
2.341050745e-13
2.388771604e-13
2.506895768e-13
2.358719947e-13
2.399863953e-13
2.36104398e-13
2.722633972e-13
2.394448135e-13
2.471656772e-13
2.549563859e-13
2.440073015e-13
2.502658867e-13
2.492883555e-13
2.510889479e-13
2.644542262e-13
2.469100492e-13
2.580823541e-13
2.612860005e-13
2.573049511e-13
2.536295603e-13
2.440735485e-13
2.513773703e-13
2.575296826e-13
2.651131525e-13
2.476608811e-13
2.50382014e-13
2.454967899e-13
2.449159393e-13
2.572762296e-13
2.64539634e-13
2.617764908e-13
2.505514326e-13
2.53747659e-13
2.600641302e-13
2.557606472e-13
2.431154274e-13
2.626611215e-13
2.575050292e-13
2.579212897e-13
2.729831701e-13
2.583498878e-13
2.578837303e-13
2.597702037e-13
2.554805694e-13
2.623572094e-13
2.611440019e-13
2.61931798e-13
2.56278742e-13
2.597095385e-13
2.644549596e-13
2.561756873e-13
2.755367051e-13
2.647006043e-13
2.647170096e-13
2.679033271e-13
2.6427502e-13
2.730886461e-13
2.640607938e-13
2.667358173e-13
2.700723735e-13
2.794613582e-13
2.640577811e-13
2.780478301e-13
2.690139447e-13
2.71678352e-13
2.682845827e-13
2.770554888e-13
2.791342159e-13
2.761447023e-13
2.707145103e-13
2.850566137e-13
2.838167921e-13
2.74247208e-13
2.833099539e-13
2.929336394e-13
2.924513866e-13
2.773816299e-13
2.765899487e-13
2.81619651e-13
2.816312256e-13
2.798749263e-13
2.795471239e-13
2.882222159e-13
2.925607346e-13
2.961989621e-13
2.878043477e-13
3.048675906e-13
2.90551623e-13
2.948054382e-13
2.928549959e-13
2.867147852e-13
2.961676151e-13
2.926604616e-13
2.982644273e-13
3.002840196e-13
2.995716683e-13
2.985443653e-13
2.948719334e-13
2.974808072e-13
3.002092216e-13
3.094949675e-13
3.099634479e-13
3.062896466e-13
3.034715163e-13
3.063093449e-13
3.186575092e-13
3.118979489e-13
3.101969068e-13
3.098663548e-13
3.059854456e-13
3.206640056e-13
3.091800153e-13
3.168235565e-13
3.153605659e-13
3.175651001e-13
3.233786972e-13
3.247583905e-13
3.205841233e-13
3.127156892e-13
3.300160028e-13
3.210192934e-13
3.232230224e-13
3.168633549e-13
3.301521757e-13
3.415761674e-13
3.290481424e-13
3.203586236e-13
3.245461267e-13
3.316981509e-13
3.394750896e-13
3.346340759e-13
3.326355254e-13
3.361837227e-13
3.367063367e-13
3.403397786e-13
3.37810841e-13
3.429200459e-13
3.445245627e-13
3.442145563e-13
3.409590712e-13
3.511743848e-13
3.427838795e-13
3.518128239e-13
3.591982023e-13
3.491227742e-13
3.500564845e-13
3.523277712e-13
3.466828476e-13
3.54116262e-13
3.487513351e-13
3.577724594e-13
3.586119051e-13
3.569984381e-13
3.63893599e-13
3.717852877e-13
3.664273504e-13
3.709967897e-13
3.655205864e-13
3.699376513e-13
3.730625732e-13
3.78357434e-13
3.839109054e-13
3.793067188e-13
3.817949953e-13
3.889161071e-13
3.842477158e-13
3.897625313e-13
3.940219861e-13
3.873786268e-13
3.791162813e-13
3.829746435e-13
3.969302702e-13
4.026311108e-13
3.948266343e-13
4.027025329e-13
3.927741036e-13
3.975646087e-13
4.125336556e-13
4.077537829e-13
4.166886359e-13
4.17017442e-13
4.232330064e-13
4.149377315e-13
4.155754612e-13
4.217986153e-13
4.17750348e-13
4.320190802e-13
4.23969867e-13
4.277175208e-13
4.19678895e-13
4.264909761e-13
4.371659146e-13
4.32208857e-13
4.392855195e-13
4.494855358e-13
4.459320124e-13
4.456987134e-13
4.522525499e-13
4.493881639e-13
4.645819929e-13
4.743491347e-13
4.638743689e-13
4.559413848e-13
4.579113114e-13
4.744177535e-13
4.599977671e-13
4.709069853e-13
4.788571275e-13
4.860492245e-13
4.830370062e-13
4.847187227e-13
4.876122018e-13
4.831751219e-13
4.985620328e-13
4.976676442e-13
4.937137097e-13
5.014105023e-13
5.02302035e-13
5.039611421e-13
5.121053275e-13
5.055625185e-13
5.252223897e-13
5.275310398e-13
5.213280286e-13
5.215787768e-13
5.299885439e-13
5.29083161e-13
5.327900573e-13
5.386471226e-13
5.526375462e-13
5.546631619e-13
5.492260863e-13
5.572859543e-13
5.636878114e-13
5.593563067e-13
5.632550434e-13
5.710405576e-13
5.749719874e-13
5.822126143e-13
5.949924275e-13
5.803513207e-13
5.928455124e-13
5.967187693e-13
5.953686146e-13
6.120829293e-13
6.111598795e-13
6.093178373e-13
6.313353038e-13
6.28731939e-13
6.23197225e-13
6.252915564e-13
6.370986002e-13
6.447753799e-13
6.465539213e-13
6.466394222e-13
6.596663774e-13
6.590256392e-13
6.773677627e-13
6.757556489e-13
6.821006589e-13
6.839191919e-13
6.840433794e-13
6.926114228e-13
7.016785187e-13
7.129449078e-13
7.040268275e-13
7.212173101e-13
7.281313301e-13
7.343171264e-13
7.383470808e-13
7.380271501e-13
7.408359104e-13
7.521468506e-13
7.660696575e-13
7.677048093e-13
7.701612035e-13
7.789960501e-13
7.838206724e-13
7.948355923e-13
7.966225999e-13
8.044939335e-13
8.087259294e-13
8.197767575e-13
8.427960145e-13
8.237356472e-13
8.44604546e-13
8.378598654e-13
8.434904253e-13
8.526498252e-13
8.708116057e-13
8.648937752e-13
8.812548323e-13
8.786241325e-13
8.880067577e-13
9.077236534e-13
9.090909623e-13
9.093745395e-13
9.016567661e-13
9.029980811e-13
9.368085498e-13
9.380428861e-13
9.36085936e-13
9.375027146e-13
9.547594061e-13
9.587634568e-13
9.56556393e-13
9.618674648e-13
9.706374159e-13
9.818190067e-13
9.754576657e-13
9.865493983e-13
9.796137773e-13
9.935492516e-13
1.006723969e-12
1.010322235e-12
1.005651263e-12
1.009172152e-12
1.015252922e-12
1.015664168e-12
1.026194185e-12
1.019228007e-12
1.024736965e-12
1.034722126e-12
1.027509077e-12
1.027987164e-12
1.027214638e-12
1.035515056e-12
1.041059691e-12
1.028371567e-12
1.043459604e-12
1.037934841e-12
1.032769502e-12
1.017442247e-12
1.031458508e-12
1.02758768e-12
1.019988283e-12
1.031768052e-12
1.015594941e-12
1.026748531e-12
1.006975465e-12
1.003507276e-12
1.00991381e-12
9.916018569e-13
9.878755137e-13
9.867058016e-13
9.743402841e-13
9.779433322e-13
9.636171618e-13
9.700464401e-13
9.533057417e-13
9.485176736e-13
9.419252627e-13
9.257703384e-13
9.153826092e-13
9.039735432e-13
8.965178546e-13
8.836309201e-13
8.704090107e-13
8.628993958e-13
8.608801657e-13
8.432738799e-13
8.332390241e-13
8.170055201e-13
8.00107926e-13
7.96868798e-13
7.941069255e-13
7.728151717e-13
7.530572794e-13
7.392293403e-13
7.246947379e-13
7.176866646e-13
7.065777873e-13
6.868626822e-13
6.673876259e-13
6.583691221e-13
6.512884369e-13
6.190211323e-13
6.107138504e-13
5.979717831e-13
5.857388107e-13
5.717477402e-13
5.527810914e-13
5.440150072e-13
5.243186177e-13
5.146816862e-13
4.97359406e-13
4.857280201e-13
4.70751999e-13
4.557372593e-13
4.428140107e-13
4.185455955e-13
4.149100524e-13
3.986149704e-13
3.875618558e-13
3.77355263e-13
3.612145564e-13
3.512619488e-13
3.353436285e-13
3.23804751e-13
3.147593439e-13
2.990590532e-13
2.866039541e-13
2.724712034e-13
2.655766619e-13
2.556307216e-13
2.439589033e-13
2.341924571e-13
2.222741775e-13
2.128468313e-13
2.010238993e-13
1.918893757e-13
1.87145068e-13
1.78691515e-13
1.693444295e-13
1.587862353e-13
1.53893765e-13
1.465530895e-13
1.36512608e-13
1.330393088e-13
1.247104625e-13
1.167171235e-13
1.116975423e-13
1.046804736e-13
1.005426506e-13
9.803274615e-14
9.004240217e-14
8.399519952e-14
7.985949291e-14
7.481225459e-14
7.026645851e-14
6.510295663e-14
6.129938295e-14
5.926227799e-14
5.681646354e-14
5.133714696e-14
4.798745546e-14
4.51523141e-14
4.004185547e-14
3.660062114e-14
3.909542248e-14
3.419952021e-14
3.071934891e-14
2.952953355e-14
2.695548597e-14
2.563233388e-14
2.401195418e-14
2.087644125e-14
2.190928039e-14
1.860286441e-14
1.765448786e-14
1.598135922e-14
1.552887487e-14
1.423149827e-14
1.335701654e-14
1.144527316e-14
1.196150345e-14
1.000260271e-14
9.205256325e-15
8.016729431e-15
8.193789565e-15
8.725570314e-15
7.116888099e-15
6.781341342e-15
6.109879374e-15
6.141659684e-15
6.468496112e-15
7.564311346e-15
4.354188686e-15
5.71647749e-15
4.657642934e-15
3.753144883e-15
5.327043278e-15
3.249639374e-15
2.79402949e-15
3.325948405e-15
2.58077928e-15
2.757327423e-15
2.377889582e-15
2.779130412e-15
2.327754608e-15
1.59761019e-15
2.583905768e-15
1.598675843e-15
1.419908274e-15
2.062210916e-15
1.955293184e-15
1.410260074e-15
9.890536539e-16
2.312034701e-15
1.150693135e-15
1.546665317e-15
1.830099327e-15
9.953099744e-16
1.51878044e-15
1.10131619e-15
2.581453129e-15
1.31776705e-15
1.559344383e-15
1.426844741e-15
8.204580279e-16
1.459947184e-15
6.222053139e-16
9.019928985e-16
1.485146145e-15
9.772674784e-16
1.226706127e-15
1.096036342e-15
6.829414871e-16
1.544239092e-15
1.936234446e-15
1.022569555e-15
1.175894849e-15
7.657714429e-16
8.980832835e-16
1.469617654e-15
1.486751263e-15
1.659127663e-15
1.656052023e-15
9.289388185e-16
1.658731469e-15
7.568619778e-16
1.039582357e-15
2.151233416e-15
1.488854047e-15
1.869508863e-15
1.79826588e-15
2.001200726e-15
1.056456879e-15
1.327369266e-15
7.524801933e-16
1.632235989e-15
9.777133742e-16
1.312074142e-15
9.270482032e-16
8.467293601e-16
3.184958808e-15
1.377515057e-15
9.013824289e-16
2.092833028e-15
1.269994245e-15
1.100988966e-15
1.103970834e-15
2.991373519e-15
9.339637403e-16
3.539106507e-15
2.095576458e-15
7.384759447e-16
1.009948041e-15
8.983410859e-16
1.237159081e-15
8.605848964e-16
9.626392401e-16
1.488092729e-15
6.284474235e-15
2.47243571e-15
6.1695976e-16
9.987332036e-16
1.074207653e-15
6.167439624e-16
1.378302479e-15
1.416236057e-15
8.493529195e-16
1.377408453e-15
8.961953449e-16
9.281482345e-16
7.223552168e-16
1.838851315e-15
6.632762525e-16
2.52095593e-15
1.388851678e-15
1.504337362e-15
2.783998774e-15
6.632026647e-16
1.333296165e-15
6.381767605e-15
9.105434144e-16
8.02487724e-16
9.02765558e-16
1.233454353e-15
1.235990443e-15
9.54352727e-16
1.307262959e-15
1.091354812e-15
8.365991615e-16
5.984732901e-16
7.497040033e-16
2.590994586e-15
9.271160141e-16
9.886684094e-16
9.546835745e-16
1.157455722e-15
1.263702337e-15
4.500165696e-16
4.995164812e-16
1.777109467e-15
1.639247285e-15
7.424148777e-16
1.421286958e-15
1.14951988e-15
1.201422518e-15
9.85212619e-16
1.310122273e-15
9.215515643e-16
9.810899307e-16
9.957898688e-16
8.058159653e-16
1.151231148e-15
8.287364562e-16
2.646210186e-15
1.154096113e-15
1.27676376e-15
1.618294781e-15
2.527913349e-15
1.348173266e-15
2.427452001e-15
1.26177006e-15
4.084657266e-15
8.618393829e-16
6.612967505e-16
5.611967107e-16
1.344199723e-15
7.537553533e-16
1.171256549e-15
9.640405913e-16
1.579107621e-15
9.680546961e-16
1.083377578e-15
1.889672929e-15
2.170711301e-15
2.486001346e-15
1.095985938e-15
2.017264007e-15
1.941327175e-15
1.115660872e-15
7.484310351e-16
9.963995063e-16
7.121974603e-16
1.083174411e-15
5.817341195e-16
7.160026706e-16
1.578388978e-15
1.103110608e-15
9.273791684e-16
8.376284367e-16
1.581522383e-15
7.026672709e-16
1.043474819e-15
7.430219555e-16
8.465341805e-16
9.286164224e-16
1.147667167e-15
9.701557288e-16
1.731898042e-15
2.031939835e-15
9.502088483e-16
1.292367671e-15
2.354229213e-15
1.278627576e-15
5.037135668e-16
9.561151549e-16
1.201509929e-15
5.292093844e-16
3.621661878e-16
8.517805582e-16
7.131446939e-16
7.933200487e-16
5.957528922e-16
7.304364443e-16
3.90752864e-15
7.834965389e-16
7.565347257e-16
1.500333067e-15
6.591484235e-16
6.165182483e-16
6.660605673e-16
9.566516487e-16
2.044800929e-15
7.227955757e-16
1.172937212e-15
1.328391229e-15
7.116375976e-16
7.20816102e-16
1.672708202e-15
6.627511566e-16
9.648349091e-16
1.125730069e-15
6.203470433e-16
4.605350171e-16
7.686989217e-16
7.115221001e-16
5.093453134e-16
7.21981874e-16
7.12212282e-16
9.733414802e-16
1.007512777e-15
5.690139401e-15
1.239104264e-15
1.530423685e-15
9.26692626e-16
5.84115737e-16
6.201603315e-16
1.297769213e-15
2.453935414e-15
8.711963699e-16
7.358882362e-16
1.266338349e-15
4.734192223e-16
7.487045652e-16
1.322635945e-15
4.609082601e-16
6.773958132e-16
5.253101975e-16
9.866882719e-16
7.334191125e-16
6.647616923e-16
9.452717219e-16
1.006804373e-15
1.190177562e-15
2.106724195e-15
9.12310101e-16
6.895028263e-16
1.207586762e-15
7.112685021e-16
6.503833346e-16
8.06315248e-16
9.583430458e-16
1.058286808e-15
8.194093682e-16
9.990412312e-16
1.096323518e-15
1.16631682e-15
1.031270829e-15
1.380447889e-15
4.769118034e-16
5.240261521e-16
1.312820254e-15
6.862648994e-16
1.263869354e-15
3.862090556e-16
1.753807184e-15
7.556309527e-16
8.946706385e-16
6.757551679e-16
7.965725692e-16
2.007015337e-15
9.903036568e-16
6.73091358e-16
8.42857694e-16
5.892394196e-16
6.424636068e-16
4.807495727e-16
7.507643046e-16
9.052070559e-16
6.120298052e-16
1.151313161e-15
4.746948911e-16
1.109546612e-15
7.126558897e-16
5.720490275e-16
8.374398981e-16
1.04823155e-15
7.86725776e-16
9.328671565e-16
5.520167775e-16
5.900654541e-16
4.917162716e-16
6.679613945e-16
4.904704109e-16
6.874565273e-16
1.863633249e-15
8.784079013e-16
1.610429607e-15
3.743915162e-16
5.422426315e-16
5.70340367e-16
3.859044802e-15
4.765129458e-16
1.076453384e-15
4.998316492e-16
5.918678454e-16
5.07827734e-16
8.071771892e-16
6.459747841e-16
1.597519532e-15
1.974011264e-15
1.164953052e-15
1.633278656e-15
1.796608588e-15
1.449529853e-15
1.402182763e-15
2.803802194e-15
1.321431752e-15
1.265468461e-15
8.142279334e-16
2.109752451e-15
2.998309113e-15
6.292280358e-16
1.742279161e-15
1.473969138e-15
1.076006316e-15
2.802059214e-15
7.851523105e-16
3.738376165e-16
3.374509821e-16
6.269698652e-16
6.328811187e-16
7.929274517e-16
4.575356741e-16
8.662415011e-16
1.241287268e-15
9.393251444e-16
5.1890237e-16
7.334890407e-16
1.111611272e-15
4.572649746e-16
5.269737122e-16
3.624656464e-16
9.138267926e-16
7.705524385e-16
8.066054136e-16
5.190883233e-16
9.758683234e-16
8.302345443e-16
6.020617638e-16
8.806301002e-16
5.2498244e-16
1.740712851e-15
4.873464727e-16
6.914863666e-16
5.982836599e-16
1.456427636e-15
7.643566493e-16
3.415787804e-16
4.495737489e-16
4.787833669e-16
8.692864116e-16
8.111720496e-16
5.315886804e-16
5.964273041e-16
4.28188676e-16
3.198876093e-16
5.276701392e-16
6.513993e-16
3.419334134e-16
9.221628859e-16
5.957528352e-16
8.710173532e-16
8.307670461e-16
5.388441824e-16
5.427786077e-16
6.715028868e-16
4.334130764e-16
7.413749465e-16
1.638360606e-15
5.089970628e-16
4.509552391e-16
7.030398197e-16
1.009154831e-15
6.355499568e-16
6.428174566e-16
5.831632947e-16
5.726276175e-16
1.653710303e-15
5.94326018e-16
8.295828461e-16
1.399129688e-15
4.593645528e-16
8.20709995e-16
4.007839923e-16
9.592053048e-16
1.23953585e-15
5.103697399e-16
6.873465522e-16
4.980573012e-16
8.539441702e-16
4.417378933e-16
2.026566059e-15
6.688220959e-16
1.224992821e-15
2.832415292e-15
2.070882823e-15
9.893934364e-16
4.414941823e-16
8.338213245e-16
3.081078364e-16
2.785326136e-16
3.690065819e-16
3.564938794e-16
3.022537474e-16
1.70326319e-15
8.082898817e-16
8.512059093e-16
1.163281448e-15
2.718155438e-15
9.253935719e-16
7.435514682e-16
5.537204113e-16
1.52501192e-15
4.279323942e-16
7.274380291e-16
4.399702299e-16
4.489406953e-16
9.710299815e-16
4.281500283e-16
1.4095145e-15
1.727243475e-15
3.239317281e-15
7.136476715e-16
1.732751062e-15
6.226272554e-16
1.603564381e-15
6.242369829e-16
3.212497071e-16
5.357754928e-16
8.896418716e-16
2.375435212e-16
5.855506791e-16
5.649261689e-16
3.558591286e-16
3.034376498e-15
5.08993086e-16
9.94679127e-16
6.427955644e-16
7.063940381e-16
4.447657568e-16
9.968954041e-16
9.023422734e-16
1.151666888e-15
5.122245483e-16
6.062644171e-16
7.786712013e-16
5.008206118e-16
1.358015679e-15
4.622014664e-16
6.212310216e-16
5.297888737e-16
4.024917731e-16
6.289469529e-16
4.93184788e-16
7.056451353e-16
5.507851485e-16
4.768501276e-16
3.834960146e-16
2.892433981e-16
2.494497106e-16
4.272836872e-16
3.562397155e-16
4.745875405e-16
3.021937998e-16
2.965298077e-16
4.58336938e-16
4.358857226e-16
8.376061323e-16
4.438964594e-16
6.198505522e-16
6.872180462e-16
1.163261652e-15
5.189630452e-16
6.516325452e-16
8.051028937e-16
3.96775899e-16
3.837087493e-16
4.667462564e-16
3.473635695e-16
6.566336962e-16
5.636595767e-16
4.458788978e-16
7.786655086e-16
3.715264828e-16
1.478726169e-15
4.290450038e-16
4.793228949e-16
4.903488148e-16
1.121898227e-15
3.731990192e-16
7.770280297e-16
5.031620411e-16
5.261956533e-16
2.059270803e-15
5.68070506e-16
9.755076398e-16
5.644591675e-16
7.575794307e-16
4.547656793e-16
5.673842464e-16
4.411647441e-16
4.850692681e-16
5.161414745e-16
7.507189646e-16
4.351108192e-16
4.823482035e-16
3.130165663e-16
3.768293447e-16
2.973109878e-16
6.345342527e-16
1.256894932e-15
3.942511516e-16
3.832150857e-16
4.5146717e-16
9.659197456e-16
8.002210466e-16
6.177738581e-16
5.134876287e-16
4.362591429e-16
1.003150987e-15
5.273601634e-16
5.173081168e-16
4.327135731e-16
9.301842333e-16
7.567944251e-15
5.185947724e-16
7.135663878e-16
4.304103021e-16
3.087702212e-16
4.603235383e-16
2.699683544e-16
6.024976437e-16
2.016811496e-15
8.373930727e-16
8.833135533e-16
1.038777008e-15
5.274621619e-16
4.455355294e-16
1.287553514e-15
3.964747198e-16
6.303591152e-16
1.107810535e-15
9.699668559e-16
1.160052739e-15
4.964426039e-16
1.276070593e-15
2.42056767e-16
6.553235899e-16
3.564841972e-16
7.568284636e-16
6.340011719e-16
6.413602473e-16
3.969982006e-16
8.020728251e-16
6.165256733e-16
2.432356631e-15
8.470084329e-16
1.589630923e-15
9.076326215e-16
8.036040963e-16
3.285186995e-16
3.156707987e-16
5.45296409e-16
1.278635727e-15
5.388032848e-16
5.099524091e-16
3.874368761e-16
1.949861916e-16
6.761083196e-16
5.32763952e-16
2.600114993e-16
2.350722815e-16
3.968960338e-16
2.020897561e-16
2.742158019e-16
5.409250152e-16
8.456658698e-16
1.223986236e-15
3.245034415e-16
7.639082311e-16
3.679939453e-16
3.159729015e-16
2.940241038e-16
2.106303688e-16
7.650973063e-16
3.43636546e-16
5.65702005e-16
3.917662772e-16
2.562879487e-16
3.579691096e-16
3.093686286e-16
3.623097781e-16
5.963981008e-16
6.971505137e-16
6.671502646e-16
4.367127784e-16
3.871981563e-16
6.597646596e-16
4.828411054e-16
8.453334674e-16
4.517044279e-16
3.708074964e-16
6.001671787e-16
5.013767089e-16
4.837022265e-16
1.199896177e-15
9.806544138e-16
4.220085e-16
4.850755966e-16
6.284982317e-16
5.486343468e-16
1.471684078e-15
9.27311317e-16
8.315705355e-16
1.537463571e-15
1.301472243e-15
6.612434384e-16
3.927417833e-16
3.036992655e-16
3.306352665e-16
3.924372906e-16
4.840762683e-16
5.808034431e-16
6.258807059e-16
7.963069727e-16
8.470397523e-16
2.721391368e-16
3.857568978e-16
1.056981937e-15
1.382192998e-15
1.707984046e-15
5.535695251e-16
3.105900088e-16
1.090929188e-15
8.777056038e-16
7.738956191e-16
7.13894805e-16
3.550020748e-16
1.469681785e-15
5.528294469e-16
1.636694176e-15
4.42747741e-16
3.486671132e-16
5.201199014e-16
4.315733366e-16
7.173811583e-16
6.169415834e-16
4.330365549e-16
2.790998897e-16
6.17604339e-16
8.240282252e-16
7.527443468e-16
3.433134214e-16
2.82416614e-16
9.635381397e-16
3.039727795e-16
3.788616285e-16
4.999365744e-16
3.415867244e-16
5.006729011e-16
3.887881265e-16
4.251099464e-16
3.291202714e-16
5.427970684e-16
5.44630951e-16
3.883972744e-16
2.669844923e-16
4.050830263e-16
4.123027868e-16
2.599901805e-16
3.636658124e-16
5.11645598e-16
1.12887731e-15
1.991857608e-15
8.153557995e-16
2.614791846e-16
1.046358157e-15
4.408271477e-16
2.349679892e-16
3.934085322e-16
4.498394365e-16
1.434418504e-15
6.462647892e-16
2.771003683e-16
3.840482808e-16
5.935026223e-16
3.260573377e-16
3.29683974e-16
3.080132849e-16
7.297880069e-16
2.977538595e-16
2.143676251e-15
4.073059724e-16
3.161810635e-16
4.418436125e-16
7.4175144e-16
7.874910188e-16
3.343078188e-16
5.171661083e-16
4.699640186e-16
4.610110383e-16
1.74565216e-16
5.608829378e-16
7.007557764e-16
1.055232647e-15
7.880161823e-16
3.146974835e-16
4.538691019e-16
7.524658862e-16
2.942495407e-16
5.134289362e-16
1.95043882e-16
2.370117316e-16
3.682134739e-16
5.012825857e-16
5.626634422e-16
8.478372325e-16
2.840193685e-16
2.551069262e-16
5.226159684e-16
5.061926677e-16
5.100810923e-16
3.347081054e-16
3.586372916e-16
7.827216531e-16
1.194601703e-15
2.446681878e-16
8.724948138e-16
1.683958467e-16
9.705092309e-16
3.316820055e-16
6.178428943e-16
2.299644627e-16
4.439502232e-16
3.164572564e-16
5.74660967e-16
3.635348014e-16
3.069715924e-16
8.062081213e-16
5.411384311e-16
2.499436833e-16
2.245311541e-16
4.430719826e-16
5.967535123e-16
2.49609764e-16
6.593565031e-16
2.091424547e-16
1.214520004e-15
8.428234121e-15
5.007688322e-16
6.913698832e-16
2.660223286e-16
3.709408171e-16
2.529420184e-16
2.430975325e-16
3.50700511e-16
5.160070078e-16
1.222516504e-15
3.44451496e-16
4.85500246e-16
5.09076325e-16
4.521374487e-16
3.817257739e-16
4.057264211e-16
4.45154357e-16
2.43310549e-15
3.978456296e-16
7.292340538e-16
2.626561606e-16
2.990046649e-16
2.743281223e-16
7.556238865e-16
3.45799617e-16
1.068683893e-15
6.064710789e-16
5.921475768e-16
6.854054143e-16
4.113192566e-16
3.369546928e-16
4.448868148e-16
9.946416467e-16
9.941310093e-16
5.464003726e-16
2.990018035e-16
2.393299543e-16
6.121231042e-16
7.163671466e-16
4.182128344e-16
5.285317484e-16
2.906756954e-16
4.774645692e-16
2.723367621e-16
2.68369202e-16
1.690925851e-16
1.941521707e-16
6.532169319e-16
3.720876512e-16
2.11241834e-16
3.107681528e-16
3.728922029e-16
3.739067076e-16
2.097343085e-16
1.364658061e-16
2.665773336e-16
2.042902746e-15
1.83014473e-16
1.226691889e-15
3.499832527e-16
3.607146929e-16
6.757315968e-16
3.306783237e-16
2.455366132e-15
3.065641879e-16
1.983372019e-16
4.341685019e-16
3.558221629e-16
5.759176642e-16
3.066999586e-16
2.146306159e-16
3.156486686e-16
4.259802025e-16
2.310458092e-16
4.601163765e-16
2.931378228e-16
7.514337222e-16
6.613985156e-16
2.851626144e-16
3.781165382e-16
2.873871452e-16
2.717888411e-16
5.206745822e-16
2.791673663e-16
3.944304182e-16
4.071130619e-16
3.003443952e-16
4.544299475e-16
1.30226246e-15
7.675538848e-16
2.03434984e-16
2.445361711e-16
6.741495484e-16
2.584335126e-16
5.123044372e-16
1.859086413e-15
3.241711115e-16
2.032393475e-16
4.842523693e-16
3.913541259e-16
5.107400929e-16
6.339659902e-16
1.128963454e-16
1.462333296e-16
4.466224565e-16
5.377677739e-16
2.330790898e-16
2.873030008e-16
5.770205558e-16
1.636790024e-16
3.602470986e-16
3.338480067e-16
3.161189368e-16
8.672248014e-16
1.454302318e-16
3.831708014e-16
3.173394128e-16
3.172573322e-16
2.737966308e-16
4.149911262e-16
3.381410114e-16
4.221152377e-16
2.494737083e-16
3.603320169e-16
3.330335796e-16
4.95141436e-16
7.238170494e-16
5.13643022e-16
3.053067859e-16
2.490997332e-16
8.179199425e-17
5.300046002e-16
3.7872519e-16
8.792805395e-16
2.869295127e-16
2.996715996e-16
2.586821049e-16
1.700981322e-15
9.841796399e-16
5.731549239e-16
3.696866415e-16
3.677775822e-16
9.100016989e-16
1.994190925e-16
6.31708781e-16
5.154790899e-16
1.721755796e-16
2.844095939e-16
1.559423218e-16
3.363830499e-16
5.778405025e-16
8.051037902e-16
4.215075963e-16
2.31428141e-16
4.794386771e-16
4.498909951e-16
8.933410656e-16
6.496217928e-16
4.41344329e-16
1.773217456e-16
3.260190861e-16
5.096276324e-16
4.048025345e-16
2.445401456e-16
9.159246494e-17
1.741268145e-16
9.943786293e-16
8.118198253e-16
4.06115947e-16
2.521384593e-16
1.953114388e-15
4.835356099e-16
6.030644088e-16
3.821766945e-16
3.559063133e-16
1.031001263e-16
5.262808774e-16
2.2531397e-16
1.258182305e-15
1.916432172e-16
1.637787045e-16
2.665175254e-16
2.888351889e-16
3.008705595e-16
2.166804552e-16
1.801664218e-16
3.489062773e-16
4.308188782e-16
1.895014681e-16
3.255678099e-16
1.186777217e-15
2.342697932e-16
4.258055398e-16
3.026572534e-16
8.461475169e-17
5.956673774e-16
7.843400802e-16
6.743907353e-16
2.731592291e-15
6.986756931e-16
2.352702247e-15
8.474296023e-16
2.663732232e-16
4.187644108e-16
2.515328664e-16
1.192135267e-15
3.137356257e-16
3.695988884e-16
6.372057055e-16
2.82944993e-16
1.076111003e-16
1.089368957e-16
2.285529037e-16
3.517741379e-16
1.982460566e-16
2.233967751e-16
2.468589511e-16
3.303132967e-16
1.077354885e-15
5.472501527e-16
2.271709261e-16
1.651563289e-16
1.800252855e-15
1.445957198e-16
