#################################### 
# Matrix Size= (25,25,400)
# Resol      = (1,1,4000)
# VoxelSize  = (25,25,0.1)
# nbVal      = 4000
#################################### 
3755.6181
2355.727828
2403.543768
2622.456166
3249.27945
3324.834596
2339.229807
3061.095651
3563.265523
2559.896097
2518.296085
3054.455891
2847.866387
3281.626198
5117.635623
3924.344721
3613.202052
4665.881196
2549.832789
2613.940314
2299.895319
2765.374166
3524.36655
3477.355196
3396.209345
3268.37745
4413.108401
4648.644941
3493.303135
3476.805504
2327.465697
2774.252484
3897.696913
3580.249918
3922.845478
3607.315799
3104.460547
3250.319575
3031.492736
3514.299923
3292.857344
5289.66703
3216.722105
3765.945261
3083.676473
3745.141171
3286.567169
2608.183049
3948.009635
3587.340682
2740.564403
4215.618989
3359.77779
3764.612567
2871.343889
2629.202696
3472.314942
2564.275761
3909.054367
2821.572578
3140.707
3101.468637
3461.109528
4213.304573
3608.505087
3828.497334
4677.213518
3045.366854
3205.649846
4322.625222
3883.522056
2952.766528
3679.24965
3519.102692
3059.765655
2895.746066
3453.321231
3402.576104
3694.581955
2856.509193
4446.776415
3026.199313
3514.053544
2843.934026
3286.243757
3542.166578
2790.199865
3332.027487
2990.818312
3670.073395
3692.256599
3654.033349
3545.627174
3245.216815
2829.011841
3349.986686
3114.935539
4815.038743
3021.626593
3230.496146
3312.350612
2762.867331
4035.732369
3890.320141
3820.715401
4905.795992
3245.720311
5070.742085
4267.300115
4261.229211
3816.01683
3482.275648
5311.007481
3488.734493
3332.846989
4561.485719
3956.858439
3731.779835
3701.195951
3458.361366
2968.049913
3093.716344
3948.793772
3737.055634
4457.791241
5412.531512
4043.622325
3425.189828
2898.336348
4348.538863
3489.97297
4898.86877
3917.345979
3890.420814
3843.064924
3010.983851
3956.276623
5500.776861
4235.628232
4469.257151
4258.259906
4503.762046
3611.428321
3222.583639
3551.066333
3640.820694
3002.70615
3396.101144
3514.559582
3226.001932
3411.919189
2813.014131
3826.836165
3816.58736
4038.353584
3430.664983
3524.224784
4477.139831
3000.41877
3651.49545
3714.304742
3273.02931
3868.958691
3342.129203
3050.836653
2874.3809
4268.359294
4608.91107
5270.851129
5113.445429
4360.443609
4401.082889
3542.849774
3269.144214
4400.117136
4422.431614
3290.158299
4576.46348
3175.793473
3223.553996
5249.557065
4368.648057
4474.550456
3485.086609
4512.267254
3221.386889
3328.185053
2913.824724
3267.266423
4283.919903
3087.555215
3747.841587
3266.697421
3625.142877
3489.713589
3459.361133
3529.360328
3661.596329
3474.887193
3256.288664
4125.63418
3411.903743
4567.002004
3606.357592
3362.063393
3158.235999
3018.868505
6663.614502
4789.792551
3415.555274
3861.543278
5591.506757
4722.583903
5352.092297
4904.023667
4055.238054
3631.760179
3538.798059
2977.639317
3805.826068
3951.918472
3352.095746
4304.754238
3305.821324
4277.564238
3936.001919
4593.670363
3614.262838
4470.041371
4481.289805
4256.079715
3245.152465
3960.516521
3056.355016
3116.997778
3146.623749
4605.316221
3652.874787
3848.93808
5521.599954
5284.965687
3905.975555
4158.423528
3045.63233
3605.740487
3296.846594
3493.191426
4116.317674
4902.367106
3165.083646
4091.677075
3455.878404
3247.415293
3613.006194
5587.1199
3327.015382
3165.965858
4077.994151
4181.556606
3898.155912
3485.294839
3858.779071
4707.534365
3558.988156
4191.215975
3498.375272
3243.88886
3449.450125
3724.355538
4449.873814
3875.594718
3702.61835
3507.551935
3261.116937
4171.761512
3569.087265
3544.117364
4618.446361
3750.336519
3533.887412
4028.364161
3944.269022
3765.234276
3482.321393
4662.258576
3156.442514
3187.490701
3263.261566
3224.894141
4224.633868
2984.300086
3308.555107
3814.428391
3051.668071
3664.479107
4503.199692
4950.582109
3829.194676
4033.514705
3185.412427
4252.129646
3198.56602
5816.741727
4768.186654
3266.12999
3536.493808
3587.415397
3646.96845
4422.949341
3992.022207
3725.76463
4285.37383
3786.112148
3979.927597
4364.459479
3522.389171
3279.292506
3222.725265
4277.556587
3409.606698
3003.626348
3302.213307
4956.585068
4179.144021
3529.387875
4378.172776
4046.750104
3427.938267
3586.373782
4681.983412
4741.206661
3701.289544
3857.827814
3006.662574
4545.031646
5327.112725
5368.736163
3600.056745
3753.041632
3269.335953
3592.577396
3610.697869
3157.753697
3266.95875
3658.633255
3658.196423
3323.455456
3016.762955
5124.414899
4263.253714
3741.714207
3538.782327
3628.314164
4958.532024
4759.997106
4334.508592
3776.07043
3750.273424
3338.474144
3208.888965
3185.673178
4781.746297
4381.342609
4039.612604
4503.021812
3380.803577
3383.04947
4122.710074
3910.786005
3399.650484
3910.079494
3448.72984
3774.929654
3889.594868
3732.801395
3664.191406
4126.639613
3799.195821
3220.750702
4113.833199
4571.879547
3698.604182
4639.978152
4179.339031
3892.118656
3891.441251
3216.491489
3304.790888
3427.284744
4033.576607
4033.367972
3906.192602
4236.467164
4623.845335
4340.053826
4884.820907
3556.407925
4382.395091
4302.364825
4738.235991
4488.010321
3700.226001
3596.142477
3690.990979
3892.126907
3992.837853
3904.17294
4381.430069
3836.260978
3579.681678
3468.202654
4974.837652
3714.286279
3385.442625
3624.946257
5708.704103
5156.942798
4000.792453
3865.265311
3116.989081
5483.313339
3334.666708
4203.572144
4623.195774
4599.685288
4796.366393
5677.570619
3388.536205
4668.997759
4094.567876
3080.769218
3692.811677
3646.705667
3616.803463
4294.315849
4961.507034
4903.923537
4325.626789
4191.043002
3712.725184
3574.459157
5740.679807
4298.925529
4124.996543
4033.956745
3371.616472
4314.015216
4799.740026
3318.633474
4445.411907
3627.211976
3598.889187
4128.940719
3279.834896
3934.376989
4503.333804
3909.277705
3739.067288
3703.955407
4312.357349
5152.080308
3619.512502
4260.795536
4653.831979
3618.281664
5727.732851
3970.841406
3903.424476
4205.07315
3357.487283
3358.149699
3392.997144
4161.041974
4822.11005
3475.750751
4247.346451
3655.570517
4905.30252
3516.937325
4700.372918
4722.102459
4342.12287
3811.126791
4222.347744
5446.322344
3745.8927
4261.465865
3314.775472
3705.197628
3779.241051
4168.762102
3538.24507
3476.001609
3656.457833
3982.068465
3535.996733
4279.37478
3852.407438
5418.791225
3535.654487
3713.417861
4777.171907
4447.29018
3814.115108
4553.881766
4602.750678
4137.964165
4000.770668
4424.585125
4169.982828
3893.65618
5093.607661
4827.893725
4987.584578
4265.163176
3839.583241
3554.461587
4180.768274
3471.338845
3387.205963
3795.051853
3942.852988
4699.312479
4568.047328
3868.886993
4026.756729
3808.100835
3481.110503
3555.193276
3807.22257
3483.852296
3674.538405
5013.776887
3833.7545
4071.247304
4474.446646
3470.32688
4391.590222
3866.425917
3548.451164
4048.988119
3906.498094
4501.759332
4472.09152
3753.092955
3548.054894
3444.206984
3742.139298
4513.169277
4221.173577
4228.577035
5306.607931
5222.094019
4187.893807
4187.771089
4151.568084
4060.319353
3825.822865
3368.31812
5002.287203
3893.164305
3632.134958
3460.880138
3515.508444
3931.111792
3225.178971
3707.249977
3679.153945
3397.581417
4123.656976
3874.650134
3669.872045
3439.879993
3563.525552
3452.365876
3794.383627
4228.608988
4758.258094
3793.545101
3892.785288
3342.857327
3567.575304
3804.081139
3665.997903
4461.747949
3748.262768
3608.50503
3897.834083
4891.765809
3826.780632
4029.113334
4013.350565
5373.660321
3267.07354
4597.974857
3807.254423
4139.036268
3962.831281
4448.687446
4630.526536
3923.988191
4154.361478
5142.612683
3751.841934
3418.966125
4395.427153
4081.397991
4086.441922
3631.161708
4266.323015
4261.179485
4076.627274
3901.75244
3690.867057
4113.880085
3587.044429
3827.997456
3646.852337
5121.101587
4279.771881
3959.018001
3751.699422
3659.341283
3552.193343
3567.965625
4425.724929
4076.407967
4034.001677
4425.146446
3863.827915
4247.861366
3633.607231
5455.945937
3643.264321
4194.806186
3939.941964
4053.669898
3435.259094
3746.590841
4081.348331
3682.163109
4168.659876
5086.979129
4747.864061
3669.544054
3763.723102
4087.224063
3645.105415
3889.385681
4740.91659
4168.41464
4477.633759
4631.136136
3929.430497
3440.773296
3546.063724
3628.034457
4097.951836
3612.694159
4371.634317
4415.497621
3652.175707
4206.062718
4198.433568
4222.307565
5039.31234
5029.232123
5222.751886
3776.451667
3769.556919
6078.836404
4047.110995
4263.402004
5725.83281
4342.256713
3993.404443
4266.247366
4207.235494
3490.713937
5224.42481
3821.87036
3944.038176
4587.350793
3762.912336
3578.076315
3461.185131
3675.606196
4174.167677
4711.603721
3973.292034
4181.770968
4878.865049
4759.069834
4266.965604
4430.668516
4764.543659
8020.619824
3750.232878
4286.285603
4502.258352
4295.406317
4414.431251
5087.766139
3890.712031
4277.330753
4686.897851
4004.282904
4226.904384
4637.483345
4709.049491
4043.86614
4057.3032
3972.498938
5845.861703
4261.778304
5046.921534
4594.674261
4304.739189
3916.647084
6294.251704
4475.093459
4355.373635
4164.036572
4218.736989
3960.354683
5032.887803
3692.02943
4190.239191
3853.077098
3920.225115
4788.175086
4199.683298
4232.785712
4790.940287
5616.66745
5351.000106
5672.068436
4842.307037
6838.795239
5153.755426
3559.196885
5260.784798
4692.465743
4523.357962
4189.755471
5515.55863
4726.5217
4966.414043
3896.633221
4188.528901
3778.42061
5218.717334
4268.673293
3758.264113
4005.647001
4278.302499
4411.950452
3538.763415
3810.110698
4171.444985
4268.933595
3738.217253
3605.124373
3823.805836
4531.096618
4009.23708
3697.511559
4450.289707
3762.069892
3677.038814
5147.767981
3926.690251
4072.518524
5924.136102
4815.959428
4550.474541
3808.828559
4981.209281
4176.245523
3884.733146
4390.794402
5877.026526
4606.636698
4358.851555
3829.119328
4320.888066
4473.388689
3754.056911
3489.908819
3700.985308
4012.448761
4169.810092
4266.38634
4097.70471
5238.623739
4520.420358
4173.154444
4222.962314
4433.437666
4202.277183
4742.711988
3622.961906
4619.125347
5288.260229
3490.803201
3922.011859
4477.979996
4742.589667
4520.873691
5603.348137
3923.718132
3952.088824
3739.828454
4203.145797
4528.190694
3409.666331
3747.554751
3885.457175
3718.805573
4538.97048
3714.416741
4025.308243
3643.435116
4005.899787
4882.898219
3828.7244
4145.593793
5231.060625
4133.939854
3381.961876
4010.953088
4086.842278
5938.032656
4156.292335
4632.109338
3594.948748
5175.182551
4445.054047
3550.548731
4455.045874
4223.578495
3670.365565
5519.841139
3758.724224
4043.389786
4275.340862
4004.164604
4245.144034
3509.280471
4358.195379
4257.690224
3950.448816
4300.464676
4438.46165
3772.410668
4357.864451
5431.079679
4223.830916
4603.966611
5314.383303
4033.838268
5097.240209
4445.111459
4673.50554
4457.978929
3861.34074
3913.928834
4749.939588
4247.153484
4792.72433
3889.815097
3957.805441
3981.919145
3696.110962
4365.634305
4025.292285
4069.997782
3902.064272
3906.561309
3810.71717
4691.242727
3769.132866
4985.378382
4036.316965
4177.884678
4195.363743
4319.745667
3632.454292
4165.379716
4299.775821
4765.637267
4646.41809
4399.308344
4117.060231
3658.969252
4166.537002
4302.116988
4114.838057
4412.321902
4167.710921
4643.404872
5825.416905
4035.580077
4886.337836
4168.599877
3927.744598
3768.869825
3813.577339
3858.387442
4207.890981
5156.679861
5836.432383
4940.161347
5135.277263
4372.038618
4302.477185
3870.913692
3886.777987
4899.084779
3988.995798
5544.12944
5158.811577
4044.613313
5140.310955
3913.907378
3523.108157
3924.231497
3741.373633
4360.323027
3869.747405
4340.292264
4156.667076
4333.121808
4027.729847
4391.067504
3995.436693
4236.912666
3815.769309
4596.034335
4604.286354
4063.552438
4492.327251
4100.666341
4387.644636
4974.216949
3852.907025
4439.61835
3970.261789
3712.195055
3554.394453
4482.852422
4822.572354
4281.554656
5673.001238
4809.016631
4574.1536
5232.549018
4621.06628
3884.089788
3835.002333
4633.969411
6013.65456
5097.881237
4705.02235
3992.552507
4854.862474
4757.513229
4302.923123
4000.220391
4332.866573
4190.04868
3702.7124
3906.261978
4343.116974
3843.617125
4309.596335
3891.749702
4245.307316
5627.398715
3990.221064
4034.809084
4042.326032
4847.056145
4125.591584
5674.75617
4665.616514
4222.820811
4675.635946
4927.17451
4762.116534
4188.358016
4551.05081
6285.468053
3837.508696
5082.10076
4220.632796
4503.817215
4842.891694
4728.100862
4299.71097
4546.749904
4193.272991
4749.239699
4377.467758
4112.894685
4841.746856
4169.881792
3651.22052
4219.530852
4945.509593
6052.112961
4395.471763
4554.373085
3914.303362
5774.334706
4966.23736
3638.442749
4321.425959
3968.315246
5031.352838
3958.934263
4975.595147
4737.83711
4188.552923
4931.669111
5127.673144
4756.716491
4248.287664
4727.968227
4441.868577
4128.929146
3947.708267
4717.082945
4633.467675
4335.502553
4461.246368
3671.266733
3702.754073
5318.321749
5599.939787
3976.984537
4131.883611
4020.848854
4038.322694
5017.220404
4629.165596
4748.039899
4618.405036
4405.09361
4085.488698
4273.602691
4622.817583
4987.803166
5728.788597
4423.21099
4823.919084
4655.218765
4105.973955
4178.074524
3867.387072
4044.847644
5511.355075
5373.082015
4197.462959
4451.135748
4449.488391
4427.470299
5028.262424
4905.106883
4550.610781
4337.464868
5278.442627
5954.826936
4210.077209
4239.538076
3787.633016
4856.563812
4889.357952
4471.322946
4381.905061
3882.849863
4920.478755
5717.454566
4351.921142
4249.385389
3954.479271
3761.188905
4956.676859
4679.538225
4158.053003
3778.575141
4486.066775
4499.599027
4378.916416
3808.479114
4453.656749
5039.850942
4262.561887
4061.797757
4070.854119
5470.562042
4686.686353
4305.757346
4177.088936
4047.283597
4907.871534
3971.862391
5424.419026
4424.007654
4987.670912
4421.8705
4179.15367
4087.999458
4037.113733
3838.637234
4142.286178
3992.43828
4017.597752
4387.961156
4295.512948
4674.012664
4829.822653
4582.973034
4381.849495
5358.172295
5644.350088
4368.997103
5334.4839
4142.844152
4954.651485
4905.653988
5014.045954
4817.797109
4349.81701
4929.166227
5381.388447
4408.403037
4787.680526
4626.633011
6282.05016
4318.08588
4118.155232
4058.363957
4546.247272
5766.956743
3949.62869
4406.670334
3968.964408
3856.417816
4104.812669
4113.430764
4675.258872
3865.307315
4550.380395
4258.500591
4431.290671
4377.277974
4557.751604
4250.763737
4336.62168
4174.111478
4103.524168
4016.343268
3946.555067
4569.023667
4233.700527
4667.791274
3894.012385
4084.875068
4133.051383
4259.245604
5129.633307
4586.356982
4111.363647
4533.182856
4698.206117
4408.716798
4275.353993
4927.234323
4375.878294
4301.281002
3947.81235
4261.625279
4166.288715
4261.805553
4697.100436
4899.065104
4663.813968
5409.614597
5767.260354
4869.290688
4155.286928
4053.940389
4402.53107
4328.635269
3997.995764
4303.766377
4504.299005
4596.105665
5850.67842
4492.908432
4598.222034
4566.102443
4112.952605
4253.574859
5099.132526
5136.058061
4924.683406
5528.809651
3996.727215
4607.664959
5724.568665
4223.589332
4393.762471
4775.902186
5003.990709
4349.649074
4625.227662
4470.196017
4426.885825
4129.258033
4606.218634
4234.582811
5146.785747
5448.136181
3950.603809
4348.565029
4691.360639
4322.220035
5127.088067
4673.76942
5566.748434
5095.568707
4738.78809
4793.054705
5861.811581
7171.307107
5627.297305
4752.421542
4327.296738
4241.036618
4189.12348
4381.033368
4751.014291
3935.27401
5452.425923
4305.639547
4739.500737
4494.325311
4881.077029
4371.960628
5719.363767
4573.166411
4013.153979
4488.041277
4350.204501
4492.225157
4550.330345
4825.429084
3683.687571
4043.667317
4805.360448
4409.031133
4823.032435
5243.075351
4730.954468
4741.415274
4788.612005
5372.686916
5801.139421
5102.610892
4950.054509
4934.204167
4284.587686
4066.758583
4353.833957
5212.090004
4246.994748
4584.782547
4064.489902
4153.221898
3864.704369
3812.321333
4966.229747
4350.286277
5999.395836
4546.640989
4027.754458
4531.971029
4388.575526
6621.76371
5808.520885
4664.78758
5175.571082
4792.695629
5411.548524
6013.699467
4308.913257
4201.993566
4639.379361
4632.673279
4836.862655
4811.719679
5907.103778
5872.723728
5412.968108
5178.509309
4322.203218
3957.632391
4108.418151
4969.125719
4653.622913
5041.875215
4142.360127
4874.714448
4410.134693
4000.418275
4872.238632
5326.342889
4626.149822
5237.347177
5715.300475
4800.579111
4313.568526
4857.686766
4900.720229
5127.13806
4781.099034
4734.080878
4444.644258
4644.805557
4709.733939
4342.845462
4782.580601
4198.985188
4117.732547
4091.804021
4216.394779
4514.738686
4122.70786
4043.223461
4098.320912
5352.419812
3908.294549
4519.233146
5204.101947
4722.202674
4689.594546
4707.237218
5670.544942
6420.613052
5355.994972
5281.366916
5381.239887
4407.792566
3949.26915
4614.912254
5350.868779
4884.02143
6010.524209
4424.303558
4995.611831
4520.692191
5740.743367
5471.389369
3994.517359
4614.047454
4260.798652
4222.371526
4011.957921
4378.580403
4512.553429
4443.070687
4130.981366
4514.140556
4639.212976
4439.402854
3999.073251
4273.333014
4814.847798
5191.28094
5005.896769
5110.920978
4854.699377
4367.521734
4607.328325
4901.861818
4587.213125
4374.577086
5792.105742
5296.09765
4049.036873
4423.872442
4886.496244
4791.993522
5883.274557
4343.278038
4644.064767
4684.572562
5104.869776
4615.951726
4123.285704
4402.205177
4398.766287
4137.7612
4967.362829
5037.16971
4875.686959
4370.924724
4959.979579
4693.188811
4511.153268
5034.692188
4315.239022
4352.65377
4390.688625
4518.982416
4295.748739
5131.410924
4560.543349
4488.11198
4495.556654
5743.902682
5699.062204
4729.969771
5887.018468
5589.130949
5302.293371
5541.872431
6038.485917
5211.633883
5316.41807
5498.552277
5148.418568
5348.887771
5338.580477
4646.649913
4693.592434
4633.403747
6562.451081
5602.630171
4824.311127
5615.729689
4916.320119
6006.812014
5620.729902
5130.35167
5023.725398
4977.483906
4725.701249
4496.267151
6057.034322
6256.513795
5344.342297
5128.38484
5991.688719
5859.762035
5949.631662
6088.163122
4744.90525
4699.717172
5545.231225
4615.00743
4528.860417
4962.345539
5071.30744
5562.765383
5597.578968
4723.144698
4432.358307
5807.314479
4341.023577
4673.666349
5638.34143
4735.173368
4160.107962
4125.71919
4921.720054
4511.462284
5785.747563
4398.231175
4627.108928
5598.901954
4453.298744
4698.43936
4973.362212
4592.810489
5722.793387
5315.515195
4203.901068
5070.149402
5185.538186
4462.33753
4838.512987
5108.658431
4733.243284
5521.675221
5305.913165
5399.633241
5078.236739
4637.666221
4431.150305
4807.864458
4877.119737
4383.504366
4586.069791
5629.372157
4669.887776
4484.392049
4653.350676
4979.759775
4506.99973
5101.137916
4366.5793
4899.168709
5094.856023
4984.24732
4577.173853
4280.105428
4314.700797
4556.550915
4208.109401
4801.064586
4789.005581
5212.756845
4868.535211
4399.151534
5467.315052
4500.12432
5551.496183
5378.173912
4668.109172
5268.101765
4687.5425
5625.674751
4313.462903
4882.378493
4683.143915
5273.151449
5672.434596
4858.199562
6422.121323
5161.989378
4736.616536
5052.681679
5060.912929
4323.261375
4778.229308
4600.136514
4701.195981
4929.072294
4702.4182
4816.222205
4861.693722
4812.880844
4449.872816
5764.916968
4769.368114
4914.479972
5179.821175
5805.50159
4853.508554
4291.246252
4602.779886
4658.292512
5573.919717
4746.131191
4577.745891
4427.89457
4528.147792
5578.66865
4852.816876
6072.295595
5372.916308
4318.985559
4587.367179
4616.181999
4605.199166
5000.941591
5959.572184
6094.834761
4551.296718
4731.065733
5215.563848
4562.546483
5549.14529
8378.703211
5227.790408
4738.652647
4641.786753
5933.543957
5171.992623
4600.009514
4681.377006
5070.181104
5157.969292
5395.803067
5562.548921
5472.219645
4570.69969
4675.802937
4943.074369
6393.633996
5216.551798
5922.400367
4405.357263
5029.720067
6181.85036
6028.627608
5025.385956
5940.940785
6336.074334
4686.491363
4858.603667
4696.379083
5385.02797
5614.073897
5027.403494
5003.973487
5442.866186
4985.551289
5554.389499
4397.131691
4353.805631
5212.768999
5482.398733
5815.878046
5037.054486
5504.733713
6076.332695
4751.053616
5020.686393
4709.845851
4661.165007
5148.217268
4958.838333
4473.405838
4755.462936
4838.928896
5334.661827
5663.521879
6379.501667
4748.369335
5004.632474
5443.292449
4674.887341
5339.118872
5905.134796
5546.802828
4572.809676
5202.081522
4994.302093
5258.989576
5908.12376
5478.031616
4872.969353
5002.079925
5036.154897
6126.330123
4568.138303
6504.460481
4636.936139
5867.834123
5538.475082
5030.965038
5276.212713
4788.370062
4971.677591
5300.504848
5371.477185
5733.66526
5843.219012
5246.171729
5681.186586
4845.025336
4806.083227
4782.725086
5049.090974
5497.704495
5291.657498
5069.724618
5394.828787
5475.719143
5173.991984
4887.565426
5006.488286
4972.878355
4791.643867
4978.457125
5554.858068
4675.802882
4948.774651
5031.006712
5002.187508
4779.134411
4825.230027
6993.018268
4635.356429
5670.450585
5610.886721
5410.91477
5037.342084
5215.366424
5444.409616
5042.716962
5432.528224
5242.210911
4980.174789
4996.417966
4823.919725
4904.328701
4925.852331
5771.491791
5899.558297
6255.937202
7192.20406
5064.971745
4551.456467
6201.504363
4788.169855
5048.467997
5440.339208
4865.2934
5713.72575
6510.726321
5929.6932
5643.745226
6257.302473
4537.509608
4915.940446
5210.442174
5383.036937
5094.227464
4868.533778
5162.839748
4746.95971
5251.733661
4924.487422
5072.580642
6724.970001
5448.192457
5436.099768
4752.273005
4754.061113
5446.41568
5819.596315
5328.860021
4996.792951
5282.822322
5310.166649
5158.873685
5182.312286
4987.178542
5317.13481
5140.158687
6527.725868
5627.361563
5874.16058
5596.783103
5230.524014
5000.251392
5713.280446
5726.112729
5346.163276
5209.784497
6612.429666
5309.458111
4830.937115
5150.389375
5733.35099
4822.905424
5090.397307
5516.841817
4877.48317
6524.418263
5454.999626
5285.185726
7407.576961
5493.232197
5486.024431
4807.497136
5755.15946
5241.911404
6127.354947
5264.795988
5243.330947
6432.959311
5003.054677
5415.370665
6061.873053
5414.220211
5851.698946
5133.600713
5207.367568
5088.93121
4832.026969
5096.718546
5221.441306
5054.063938
5456.27908
5057.141281
5559.568034
5108.762145
5052.51374
5251.467594
7505.536294
5073.176492
5526.025386
5605.639809
6379.798321
5374.406865
5563.995137
5765.960966
5828.16278
5170.984416
5440.765682
5778.45652
5275.971143
5420.677996
4993.100286
4737.627774
5054.166606
4824.778407
5466.58091
5297.518897
5754.564997
4761.216163
5260.57845
5815.971671
4933.972668
5326.608635
5128.753667
5976.393589
4807.190569
5503.680391
5497.249098
5758.992715
5004.271797
6489.650065
5753.068728
5147.076604
5469.68324
5690.798043
5350.639327
4817.398448
5355.934569
5212.058127
5739.658494
5136.252502
5225.893889
5178.985218
5456.980043
5167.990825
5790.638439
5694.431357
6178.405055
5468.858877
5649.228899
5541.711862
6409.162701
5143.972208
5764.650648
6548.058592
5329.864804
6529.532661
5200.640212
5248.879774
4979.502616
5092.181214
5286.689709
4895.150423
5299.153957
5703.533156
5259.297688
5446.210991
5512.476313
5414.311349
5697.465626
6244.824398
5143.714289
5308.895039
5046.066817
5394.206235
5471.459151
5915.893841
6269.8626
6895.121612
5863.154808
5589.745964
6841.978009
4985.136171
5469.014054
5872.985758
5065.750317
5131.946162
5047.384454
5121.038776
5540.532555
5775.13246
6508.897333
5965.59029
8203.853006
5829.317163
5416.227607
5948.796565
7036.343519
5371.731717
5203.944172
5908.392461
5639.738289
5969.901441
5215.881757
5402.864359
5256.511095
5927.553742
5278.363739
5275.802241
5583.927005
5097.702443
5582.440295
6554.156095
5974.556514
5063.699032
5274.645164
5835.911921
5892.967516
5785.491468
5756.946545
5979.504987
5781.553113
5390.996015
5638.607917
5478.593713
6503.409321
5489.687556
5071.942196
5557.968437
6016.053796
5678.913503
5367.558529
5677.364475
7184.731369
6653.972885
5325.035551
5842.64436
5309.265681
5612.550201
5434.09684
6206.650958
5715.811274
5480.677222
5684.93977
5475.463986
6239.124042
5564.308719
5539.075364
5279.649764
5857.385273
5903.860541
6474.062621
5573.254197
5977.858282
6720.118328
6433.034276
6283.672354
6126.014948
6001.893397
5655.249154
5495.663839
5519.055114
5731.584168
5304.903927
5812.516466
6536.824872
6091.972297
6188.144479
6162.970764
5767.107799
6928.511297
5773.128931
5695.088318
5728.253345
5764.620024
5930.352687
5584.812167
6089.751448
5451.782434
6097.71581
5758.136557
6047.647267
6110.841099
5592.275862
5709.720486
6026.872999
6799.46553
5871.645478
5871.826706
6911.865791
6160.282036
7023.543515
6901.9092
5564.821499
6214.772785
5945.243186
6283.630163
6084.315074
5975.702498
6292.585002
5702.440505
6078.309691
5884.533546
5824.072454
6338.493639
6116.896565
5824.260634
5614.945733
5758.678191
6077.743488
5641.870459
6190.191946
5543.563066
5584.827495
6020.416785
5961.91555
5550.602979
5909.578465
5991.123096
6234.01439
6725.337491
6462.23387
6201.53145
6897.83751
6985.073205
6633.041486
5439.409122
6615.713641
6077.466928
6488.540485
5966.479199
6187.704804
5891.070356
5905.677785
5516.834049
5550.167515
6198.178381
6054.553879
6344.817768
6568.727972
6948.861257
6574.342858
6334.62641
6433.336822
6693.586293
5699.891876
6228.269889
6260.760344
5933.69112
5809.808063
6567.703231
5929.656629
5779.812534
5831.615117
6040.261315
5929.24032
6407.19163
6665.878905
6585.745695
6096.267686
6300.163626
6881.594366
5856.596326
5960.315303
5751.896619
5965.205639
6272.027512
7431.446862
6340.165997
7346.413205
7493.305594
6296.234788
5597.084595
5896.542224
6334.787449
5720.213532
6168.664262
6854.667512
6048.55259
5947.350931
6317.985925
6772.505467
6188.836822
7163.524822
7609.897361
7606.163744
6108.873012
6989.479627
6929.019745
6644.503213
6243.519165
6483.148784
6327.859486
6519.923169
7114.61049
6191.635625
6629.296535
6550.917705
7800.603398
6029.500854
6322.029248
6356.718792
6008.285633
6324.033253
6917.613609
6625.642407
6542.321409
7618.194876
6068.059866
6903.470514
6442.889946
6225.964843
6137.514034
6400.249434
7935.415593
6686.617822
6359.402524
7234.212505
6323.269886
7364.80791
6569.119046
6376.547804
6686.879675
6617.264677
6433.312094
8043.144067
7206.522275
6585.207777
6394.513963
7015.807744
6865.783982
6487.27552
6490.045077
6711.255669
6602.806316
6425.359465
6613.605111
6185.086596
6433.081027
6536.358605
6818.432324
6371.71324
6658.174371
6473.761254
6215.482917
6728.481123
6677.742665
6649.747416
6557.556349
6660.462356
6363.059271
6726.736064
6760.649981
7626.888274
6794.218992
6590.759002
6991.835086
6408.635539
6389.404966
6431.622733
7764.311553
7500.086528
6558.725403
6760.392749
7126.733511
7076.71869
6993.373924
7459.577609
6789.671066
6782.856939
7036.186316
6620.084789
6702.846083
6760.333144
6828.490074
7991.606472
7248.019862
6437.221198
6671.217493
8139.087011
7387.663712
7332.192176
6902.897959
7231.494785
6606.879692
6962.948977
8176.674302
6856.500647
6794.046331
6885.203491
7204.150152
7304.53087
7876.918459
7195.127468
7055.373618
7081.078902
6644.878084
6931.244577
6385.582306
7177.964172
7794.649685
6617.011205
6885.004739
6963.720091
7118.169432
7653.076008
6737.703556
7700.654624
8263.409132
7005.156637
6823.648929
7213.542031
6793.717747
7258.314008
6921.512298
7528.63068
7127.321708
7072.323328
8026.882295
6709.433031
7263.224012
6906.380766
6954.69203
7400.834297
7474.78994
7361.871518
8300.501294
7454.179483
7336.143757
7229.145728
7084.188917
7520.623287
7612.704482
7532.030714
7264.802455
7511.599758
7556.62672
7135.696198
7635.343895
7335.80463
8351.418789
7467.133392
7067.491941
7578.489556
7575.57447
7120.949119
7390.296187
8156.738205
7014.55331
7374.871886
7476.753955
7704.368317
8742.754424
7832.185107
7753.179834
7549.977255
7785.740773
7596.360904
7329.574421
7655.188241
7157.642231
8076.034261
7143.810493
7210.734119
7452.467872
8572.862058
7209.004958
8058.632451
9336.123725
8103.528308
8310.299503
7887.4351
8361.460786
7515.38342
7383.64775
7679.684083
7658.433517
7908.766426
7751.107284
7544.168927
7887.035727
9025.501068
8204.406891
7759.920683
7820.079523
7567.899614
8939.217473
9745.408729
7894.103133
7899.845366
8230.293141
8162.314268
7664.273171
8404.522544
8516.049747
8404.280892
7975.623084
8360.99223
7799.507876
8304.691254
8347.491728
8615.186806
8692.575852
10150.42862
8503.972652
8297.063064
8159.395254
8615.465324
8069.465152
8168.915263
8335.373891
7949.242456
8212.756861
8521.262585
8155.196598
8004.186337
8084.225041
8701.702281
8372.618466
8279.562461
8282.389025
8845.81934
8380.530041
8244.444274
8403.679638
8695.649242
7962.985323
8554.232793
8309.854061
8285.769255
8110.552632
8160.017948
8773.598152
8539.568513
8731.548334
8485.350704
8599.014128
8894.651007
8848.355695
8849.037249
8633.544653
8671.423693
8333.502197
8169.526439
8880.753202
9660.057479
8838.720101
8624.036867
9310.678478
9179.68148
8650.057527
8933.074777
8826.602319
9040.75352
8652.464826
8613.878813
9531.480974
9001.693193
9379.173315
8442.991712
9094.802784
8970.284797
9272.026321
9168.511138
8992.050414
8549.121
8919.278064
8751.163712
8761.856841
9444.231212
9109.204031
10195.0233
8877.775069
9036.922699
9742.681175
10310.83471
9807.705862
9196.412684
9148.718976
9582.097688
10808.41561
10938.21122
9195.756731
9672.522643
9757.529803
9374.039105
9642.236043
9403.188358
8874.006147
9320.219889
9106.722677
9788.892132
9830.023793
9814.243029
9971.463347
9744.14737
9337.749219
9084.006083
9327.4907
9357.325536
9584.347113
10017.99661
9547.082371
10152.37343
10120.04005
10453.68161
10434.38868
9909.40124
10116.45329
9629.452934
10081.24203
10730.89092
10358.8649
9559.950502
10801.33053
10218.80165
10225.85755
10693.47878
10158.48183
10017.6833
9784.804411
10855.59479
10131.94129
10586.8623
10405.06434
9975.752576
10422.1336
10488.75772
9981.748655
10172.28352
10565.40253
10371.86253
11424.01744
10093.8314
10018.41889
10865.41341
10399.85134
10908.96422
11855.65301
10808.68411
10929.64707
10494.08212
10422.96843
10607.16007
10675.48025
11238.80937
10518.72124
11690.93936
11324.73108
11263.43428
11043.24512
11189.74983
11149.19258
11024.52235
11693.77277
10953.35614
11032.18444
11184.55982
12351.28682
12355.78234
12242.417
11548.74957
12041.01995
11406.40047
11558.28843
11208.10238
11286.95293
12414.64213
11650.4806
11812.53011
13441.69356
11989.79359
12841.53033
12466.32784
11888.33281
11991.39024
11866.82383
12420.76042
11801.05794
11882.37214
11947.13444
13124.09563
12312.98283
12613.70431
12572.5575
12305.24897
12468.38803
12820.43568
12568.09122
12842.78052
12430.06016
14035.21754
13302.60257
13035.44429
13179.89056
12988.67422
12868.77107
12241.06671
13375.48818
13360.6646
12699.03463
13457.01868
13349.79498
13367.16293
12930.7238
12986.81884
13942.69955
14478.11487
14201.8103
13552.69514
13353.50358
14561.06814
13894.53698
14698.04834
14039.33601
13751.66087
13999.45235
14732.02034
14074.42724
14202.00094
14992.0519
14971.53024
14410.52302
15112.56895
14934.27609
14911.63027
14816.90493
14949.72134
14859.77689
14546.74361
15571.86975
16155.56019
15388.81813
14972.02817
15377.40527
15717.69698
15446.23364
15616.45619
16184.41373
16144.47293
15825.36885
16298.54711
16107.59607
16496.35281
16031.32339
16470.3642
16096.8874
16207.7443
15987.84009
16752.75652
16750.07659
17688.09132
16866.94671
16894.52888
16905.94227
17434.11008
17232.6175
17263.55108
18171.78499
17495.13063
17762.00742
17368.24652
18143.68967
17594.19513
18847.12875
18687.40674
18410.57193
18974.90778
18383.60031
18934.4504
19079.07388
19103.97974
19428.1984
19662.427
19236.95853
19539.77537
19947.32246
19444.55334
19769.6185
20578.22601
20010.46503
19873.49322
20154.26363
20200.10249
20226.4561
21452.94073
21981.04993
21202.49879
20776.62401
21247.16823
22790.08201
21783.812
21607.50844
21820.5037
21939.3606
22131.36708
22607.75179
22625.33434
21864.1044
23534.32733
23310.12893
23517.09672
23255.69186
23758.38309
23243.44825
23426.64579
23596.86678
23982.82344
23944.88542
25772.97362
25134.04246
25010.11157
24920.05907
25442.2301
26382.33841
25686.62551
26149.48078
26549.42571
26168.08023
25881.10068
27410.55525
27653.43571
28202.53219
28308.39531
28061.08436
27837.28191
28792.55635
29068.17131
28913.23746
29243.8414
28910.29264
29511.36682
29440.71283
29482.67512
30128.23865
30090.16388
30795.96609
31089.68215
31205.34016
31482.9888
31915.71457
32236.16522
32462.40656
31965.77474
32865.46289
33162.78831
33027.12004
33767.55392
33769.27207
34662.15988
34404.07838
34460.75809
35053.75325
34888.65515
35746.60241
35755.37236
35633.72818
36575.23638
36302.89271
36494.63214
36923.97791
37157.12806
37114.74895
37073.88476
37481.54517
37922.01121
37388.38949
37523.67051
38011.97407
38827.15306
38820.60467
38442.64744
39114.24732
38613.66728
39547.87165
39234.11938
40193.83892
38722.2426
40387.41239
40123.53192
39573.55096
39464.85158
39423.24497
39957.46347
39062.84314
39706.53142
39999.6913
39296.26307
39562.38701
39731.78217
39507.45828
38992.3326
38495.75539
39232.89351
38403.17138
38392.45031
38063.97028
38042.29522
38056.33361
37492.80852
36621.83475
37233.92093
37081.81548
36853.42549
36652.64928
36426.27283
35277.05311
34795.61817
34934.25854
35090.5045
33319.0598
33524.33171
33398.25999
33186.29996
32627.37392
31286.35936
31613.13204
31474.0911
30118.93887
30182.36989
29457.68014
28685.85065
28066.24488
27601.96713
27342.79277
26622.74519
26185.32843
25177.82951
25111.72278
24901.98114
23300.98389
23722.10742
22562.01686
22134.01277
21504.27235
21305.0745
20724.48105
19905.38551
19678.36382
18916.1346
18066.14228
17811.24242
17345.87678
16244.79817
15661.15333
15329.18573
14831.98774
14492.16112
13656.9165
13667.49571
12749.6015
12337.69785
11946.8401
11076.77233
10872.54076
10443.34673
10139.46556
9469.620779
9315.745867
8812.319353
8473.908883
8349.149583
7685.433367
7344.709678
6809.892426
6616.779234
6206.366944
5673.976187
5547.256422
5168.668274
4966.322764
4889.842884
4450.478013
4287.320027
3959.94377
3655.91688
3604.863632
3324.606078
3278.621852
2964.795531
2795.042728
2632.710732
2475.91059
2220.718814
2141.962995
2036.009488
1846.276267
1699.705475
1698.554381
1550.04194
1432.618373
1220.68753
1187.808604
1161.777485
1095.232438
950.0846842
927.2554829
1078.62204
793.9696464
772.2571485
540.2251705
568.8966844
543.1461189
616.0123814
587.4751345
378.7558693
378.6201627
402.0873991
320.9036084
362.4201899
331.428489
330.1001971
297.7134519
426.5288137
238.7897958
161.8824301
173.0854364
171.0889003
115.6858694
181.0297642
150.0949867
125.9438426
145.3381303
276.2562573
159.228221
94.31697239
84.86152107
91.04214025
102.8001915
46.7160535
110.401255
74.75439614
33.41634935
84.09017586
55.69445251
66.45426717
365.7430704
44.41389379
57.34247117
31.36736388
9.02807305
16.06269708
33.26217394
52.48970218
33.39400476
3.467376685
26.54482759
14.04670597
11.41679802
57.23795687
78.30422179
28.90231741
94.49075674
22.13068375
20.68810063
16.68585242
25.47010882
31.81211473
28.18786431
152.407509
20.49858035
90.25205297
33.36118096
52.54557556
29.59252495
30.7302304
24.14325761
89.2216738
29.73225065
92.35312724
26.70350317
96.87221027
55.42987103
18.62815716
34.59968113
40.09715415
25.4158878
16.93087039
16.90151038
26.44381978
36.02870447
38.87293476
40.45446463
146.8671142
29.24686321
115.0068764
563.0360935
30.1525086
30.15268161
25.37484273
6.507154118
34.01103004
42.87520509
27.26617559
25.50964168
45.83524918
60.95936877
20.93764451
15.37051777
43.61074273
24.1043996
40.4873368
199.4156739
22.13984965
19.81791715
42.09277323
13.23643737
36.93399443
113.7794764
20.44235114
18.1193024
25.52813071
11.4009781
13.07546884
75.34458478
86.32316321
17.25637572
24.37542779
54.32100786
26.54617557
22.58991271
41.81328524
19.99240454
163.5983241
59.24180528
25.20019766
12.83004163
19.19984191
11.96609269
7.44635559
21.52696725
34.18296015
39.66154235
37.54790705
37.75132809
22.77715366
67.08315622
12.64724162
20.30235349
22.20166767
44.47554138
39.04370322
76.09962307
37.03963404
15.40797986
14.61302475
26.4464785
40.83795328
34.54466027
22.22739902
36.6847538
17.76974072
11.88819635
26.42329507
28.2627499
25.5574208
23.36292043
34.52011265
18.00109912
60.70283547
29.80799441
34.47654343
18.94339001
22.85061426
26.25850144
18.36409561
22.33581586
22.54338416
19.73684013
14.0650631
58.50331165
13.44306132
19.68243894
23.11728643
31.37014244
24.75825575
56.20776758
18.21588071
22.55209725
24.90695112
16.18902915
40.07459689
30.17437361
19.60539538
40.21819303
44.69524208
235.7336246
20.78805574
33.52921283
58.97515434
20.14566669
45.28609285
32.6823803
43.7794323
28.47778013
34.52171285
27.716041
18.36238384
18.20647207
102.0327785
10.69819618
25.69244367
81.17246467
13.42146415
22.4681184
17.09236008
28.82982042
16.8204799
43.09588655
17.11466327
22.75268641
60.31778914
17.94778096
123.8079817
78.69162822
39.83851495
23.9996542
16.55258714
28.95821044
10.23473546
31.8577401
42.67350888
32.92225256
28.47873342
16.92924165
20.29813878
33.53084965
10.06571226
24.1399286
16.90201612
113.9779174
36.31755191
16.784018
48.92189489
45.50458013
19.96141707
14.45468371
12.26790707
24.11840554
30.98580672
28.32648553
46.66397501
17.90667819
90.23797245
60.67385463
74.06688314
52.45742008
107.8796023
13.98973171
23.72818674
27.91574982
76.53841244
55.10951279
21.39954227
38.14328636
64.08579784
15.20938068
12.00434881
15.58704467
20.67216632
12.11925173
19.31631833
20.53964036
18.65296944
25.42835241
11.61621632
23.17951612
28.17313445
10.71987116
23.28052543
35.75080934
16.85889925
51.61673418
11.45446442
13.17526189
5.365940901
7.525109426
22.32849461
39.31083042
7.11845253
8.36794833
15.69962594
79.79410185
40.01707585
9.354789698
26.96720584
34.25967841
27.36608455
8.597611133
16.01395849
38.84267625
22.82926149
20.56730037
25.884536
45.20502654
42.32265407
18.3316701
20.74550641
19.95090696
9.222001866
12.51641058
17.00527077
13.46915389
11.21775673
11.33475265
17.23096426
17.47987958
3.714600655
14.60914342
36.87619905
22.95024439
11.86282116
29.31437399
34.41282444
35.63400345
22.81115255
43.86372037
9.250757329
64.70265854
29.90050278
27.9762147
33.5069278
27.09025483
6.965448494
16.31594888
5.978378283
8.585327218
4.323952608
11.810588
2.846096514
6.462543639
16.88028657
43.52822423
47.49793607
52.85737821
8.005011456
1.963928968
9.721067778
18.41051033
18.66473751
24.86809417
3.19396692
12.55567694
7.406413546
15.45978469
8.173744604
16.07802797
55.02693311
12.15572061
12.54559824
5.49796022
18.67414937
33.84681956
25.56394261
17.76893983
23.47724278
6.660331828
6.46770541
6.318785206
43.56312334
16.59706999
11.46504709
33.29251197
10.81247912
3.908713817
7.742179427
22.12831283
23.6848798
34.89549324
38.27326
12.27826543
24.16625618
20.58537485
39.98772448
61.12729038
13.40354519
15.69592193
31.57001692
11.14139126
234.8718451
17.09289205
1.971978595
15.33803339
74.95987879
236.6348001
39.51915827
43.68556115
21.59290836
77.51045032
18.36477869
9.514041362
20.17202894
19.37013733
61.51949151
15.16111769
295.3226088
37.45741421
210.2997868
52.12022145
24.6029655
106.9185397
18.92335068
42.56228533
19.59482823
12.08665687
20.4405331
11.51339228
16.91813985
169.9573137
13.03994108
31.91635974
8.241104197
34.09359812
18.95625541
15.77344864
20.56712654
3.730655152
37.13419621
15.7188098
20.90421829
72.00930272
21.56445062
14.62362403
88.46616472
9.619321579
31.28096599
21.39206728
71.00714778
7.167291119
8.740906651
39.22032916
8.336483124
14.62067941
15.2235842
12.72530401
12.93172509
14.65003167
17.1363887
14.21348731
29.40841968
18.53908891
78.58657548
10.3389321
14.39939269
7.325515322
38.1710846
20.22286284
28.08263558
13.92798623
19.3794752
10.15775163
37.49304605
35.88968201
18.8868985
26.02793171
22.83850673
29.87978074
508.5105415
31.05936219
20.48804994
39.73809985
13.65947161
32.02187849
17.16908656
26.48732581
30.66935973
15.0414627
39.48729558
17.44343184
77.40301511
27.91738264
16.63167194
3.857643999
42.65362854
25.35919381
50.94954324
8.834308659
7.115737941
3.586014215
30.93794126
12.29606175
5.24818615
29.57593394
18.98893256
6.788706701
4.884655339
22.14836298
26.9012136
8.529616906
30.39647634
21.95418763
18.39656384
16.49230559
23.43779954
20.37547876
17.6188873
5.209117032
36.80415311
15.90425877
67.45085546
114.8220294
8.912626103
13.00820488
21.81726924
17.79296225
16.49705716
22.87698672
10.31234941
26.40940801
11.37600426
27.78921951
29.46468749
0.6716884819
6.983454453
26.21836693
5.692707479
15.04660365
22.70856892
21.55481146
18.29957704
101.2435759
12.302451
16.32836037
4.388898348
107.7089732
16.26267479
7.174021468
18.68191897
15.8793008
21.45079972
44.903286
6.709043534
0.3413444078
8.969626169
139.8414465
9.810932275
23.94091461
23.69823098
19.56746871
16.26972576
4.922925701
0.352519465
0.4075979564
22.23488594
6.135787537
5.333948996
2.946363905
3.469024543
14.26107855
9.63299078
0.8524800481
33.16663716
3.08611764
16.72220151
9.038855536
16.7682667
13.06665924
33.43300168
0.1824351469
7.482064857
19.44652567
22.69894654
28.90504348
12.8762163
23.27227897
13.662856
29.62950059
10.52376761
38.29239303
3.43491681
60.7807536
6.894429626
14.64231716
9.127190509
5.228976408
19.22590152
43.99909769
170.9238795
15.4100554
18.41113517
31.12584043
13.0734364
0.4177079395
25.23384039
1.467278199
10.60029937
6.520589661
1.226041843
17.05628448
16.50734231
15.93947903
5.198134223
33.4742504
11.09472089
18.47540837
5.054241104
4.971931978
9.297474279
31.86076427
55.10966675
14.86125013
16.39192815
26.96829753
11.60033401
8.544358978
28.4214885
17.19426839
22.41890819
4.520053116
7.119206142
9.903370776
29.91915043
7.98699348
70.47832655
15.35796843
43.13405977
14.25810435
8.678311934
12.85308389
1.843907376
6.394892714
10.67856907
14.69205664
3.617239798
9.701346015
11.98802993
7.084925321
6.57335649
4.516932445
12.52588397
7.678034256
7.999768105
9.740855682
22.34624473
18.33489144
79.94377791
22.61284522
17.58758063
21.59914978
52.0901525
10.37728144
23.35823269
29.23260674
25.49325807
13.61285069
17.20880988
36.3715078
124.8867128
8.371694871
15.11797131
22.86320206
58.59887948
12.76706571
45.62869863
16.27587306
15.03315039
11.52773823
6.764572336
14.38517025
31.17470657
4.845910136
11.35586352
6.514564828
28.9703887
15.5099583
28.06366662
405.8371922
10.09515507
20.37443637
8.996852329
2.073834148
14.01270925
8.654760342
15.9148561
5.433072541
9.707204238
8.849713295
17.7753542
43.38160493
4.210597509
10.67627935
6.449550149
2.177396964
3.527921972
11.62195803
15.47071354
7.139717137
39.36792834
6.83206471
13.73779834
18.9621778
46.72833565
28.90221257
38.57987647
2.718939822
2.894811352
17.01366669
4.729417839
8.068306891
30.75139251
9.125925603
10.02616803
15.47165518
14.93670975
8.695270835
19.79942412
7.575657373
7.898221705
8.193245129
19.72514487
18.80190306
5.20443985
33.11475447
15.14135004
4.021278546
8.43779735
11.50967962
33.37032591
11.62768878
37.00358504
9.674050324
56.82953934
18.31060058
11.19967772
7.305497432
11.68060469
33.95931271
10.95399011
17.13545861
23.12731374
26.1823595
23.47886116
7.492869991
29.70737811
3.528260208
4.012010328
7.516940559
13.95256872
114.4600612
58.83191763
22.97046929
13.48696725
18.97203641
16.14285684
8.466109631
11.61063637
26.4809979
8.272277241
23.53483011
4.02140718
86.92975802
11.26666902
34.69328846
15.94009729
16.03363971
19.18577905
10.8391477
34.32754239
39.10840063
11.23625649
23.34118759
8.474847381
8.360095225
8.102734979
7.393187326
24.91877133
10.31116086
18.40199657
14.51791188
15.68845943
23.56062205
5.691163785
11.75423387
106.1809393
110.2392817
62.98601643
8.026346159
27.6563573
6.632600134
38.5427019
25.56800439
11.95733217
19.763295
20.50174787
53.76956956
23.21186734
9.562224115
15.73714789
1.914663534
3.062841519
7.748839843
18.4337128
10.05193073
24.35536179
29.60405376
4.076599845
12.53429922
22.14680825
24.71782514
4.978420723
7.278669592
32.11437776
5.033642417
6.605746585
8.509134522
23.80309668
25.45351777
17.10913334
13.78489994
22.2199645
9.856411044
17.95154338
15.46386749
36.52715979
25.05556752
9.769441828
14.51924724
7.964618172
8.916240956
8.692504758
11.05366598
5.051657419
13.35722564
20.09355707
19.34391083
27.36245084
9.4981766
34.76188944
14.43984935
19.87113246
50.40498966
1.951140583
15.71117824
25.19128513
16.29562116
30.20298275
8.027587348
12.17574516
6.708575585
8.839322587
15.89835278
9.623518236
3.38884133
6.468390301
6.451457684
6.647531458
6.5275041
25.80563333
10.19715386
13.12435778
3.152807675
7.899783572
12.93363272
8.743555766
9.70956011
12.64783559
20.9618464
10.4103519
9.522640068
21.77510046
1.234493094
12.05304232
5.866999049
7.897329831
9.626880041
3.8277896
14.94571825
13.67811764
291.6614012
484.3068911
10.20623493
10.14734571
13.51007477
23.30112537
18.80349079
33.87358565
22.61125483
3.012810031
0.1585866277
18.03789822
0.277278655
26.06585964
3.461084261
2.836002794
5.271741734
3.954847519
8.278297311
29.94006639
8.70889195
38.66996392
19.86229867
6.863265042
14.15977934
8.964153609
93.97258254
7.983805618
13.64759315
7.872856622
3.691360063
13.61681549
13.26962585
10.31409015
7.727172356
2.932248661
2.208342132
15.09659767
6.870640286
8.944499944
4.127073487
2.831536634
0.109962139
10.42854483
8.591778458
6.449651852
9.436785758
6.61139887
10.06767806
7.870350345
23.56821783
24.09396903
23.25472582
22.2019329
43.37211245
21.5504155
132.1333206
22.37425187
21.07668148
18.22429737
2.355080126
14.11826915
2.722941955
8.939898487
15.30721367
12.68794465
0.9398530229
0.1589750708
1.696548022
37.63297929
24.17262444
0.4953554904
10.92523809
20.00495097
9.1695891
0.6713772794
0.4522647426
6.638578261
3.337707888
16.63295377
4.300010076
20.91516212
7.443743344
8.309272124
16.95626451
5.571338131
54.81027024
99.3809507
3.670957055
10.23870189
1.870172943
8.948651283
12.42471366
1.200423643
9.281831444
1.646777037
17.73803979
27.65058163
5.720193037
68.83916669
33.38273212
7.74854931
6.27986093
3.420781925
3.961202512
5.573572765
14.49668109
3.14923205
3.844419728
5.049273166
79.09361692
1.644669869
2.203558033
10.2809143
2.712553313
7.156932647
4.85101335
6.854780327
4.034759837
4.963167323
4.883604627
8.529765417
11.48278703
20.15955234
6.787037505
0.2063280403
6.593511013
2.806062344
6.64639602
2.143642907
10.71469471
3.222161179
3.865437377
1.821146796
6.780981744
10.05301032
12.22869269
11.86958426
0.3147651527
1.516817348
10.7681588
114.8363074
0.05085696442
8.181988729
0.03333301811
15.66278868
3.222673038
1.706984631
16.0704191
38.76515828
2.218079532
16.38456194
2.790360287
1.602414387
9.459540573
14.96239494
19.17205819
20.37134761
5.545689131
20.68503416
17.89956304
22.48906642
13.20655504
9.043192825
7.103270172
13.88253208
47.87746113
7.903008103
24.86214245
18.59460097
20.70567513
4.245397852
7.058266573
7.664274108
24.1642118
28.88523074
48.75882692
19.43205999
12.47365231
9.18297036
1.323328742
4.897709258
4.756869725
11.55354055
8.699187919
5.041305724
4.547045821
0.0572852352
0.4058951576
10.87294112
0.5472866184
4.905356003
7.942508564
14.87888394
4.520741615
3.700786248
12.3931754
0.4441602925
10.34413305
3.361585685
8.08577228
7.640158263
3.119348848
5.425359252
1.736181776
8.345135577
39.06423009
8.454309816
4.832400664
0.07292084244
2.351865064
2.490280715
15.75599353
8.544493994
3.584493772
10.54826664
6.081434023
6.827872788
0.1279433382
14.98533874
10.13868568
7.781917611
9.778884267
3.991402163
0.04863738645
7.221525525
0.2657407916
6.890259878
1.239306199
8.712158604
8.183696264
8.120834053
1.383525523
3.263949561
0.6134697942
0.3319707265
2.360932248
10.87326785
2.925792462
3.201654248
1.093832348
5.486703775
5.302447755
14.08974455
1.938841521
1.698301126
0.0804713638
8.426659452
5.193968291
280.2821254
6.545996859
4.803222297
0.419460668
7.941610578
4.606436451
1.158553391
4.083951735
11.15040033
7.031025294
65.67902214
8.112510669
2.295414661
15.82850593
11.88194206
9.22896522
8.515666532
6.622693655
4.435348755
11.56512083
6.622282011
4.163890329
10.25235671
29.53810232
22.70036781
17.861634
6.297072532
5.651585452
9.798073435
13.89785841
3.888020872
10.09562594
24.53225905
39.18574872
13.82915069
32.97685959
73.61994329
29.72321033
14.60719029
544.1582725
13.85773346
98.21415383
7.302939386
2.613717284
3.369816967
5.04752326
11.92933263
9.254143167
3.590259144
3.066288547
2.14027203
7.518352985
21.1063961
0.1468116256
0.06978187156
1.123371671
0.8402360283
7.278275944
5.016982073
2.489403384
7.803458355
1.394167006
20.60077234
3.322773276
30.27547326
2.74201495
0.6359386488
9.418830962
17.52762942
4.838508272
5.96113401
312.0721993
2.524196128
1.347864865
2.218565038
