#################################### 
# Matrix Size= (25,25,400)
# Resol      = (1,1,4000)
# VoxelSize  = (25,25,0.1)
# nbVal      = 4000
#################################### 
4301.305024
2953.851053
3166.682086
3333.509905
3789.652941
4137.816285
2862.209601
3655.810478
4089.203339
3231.342914
2964.265035
3560.73644
3541.44571
4090.19204
5880.857246
5086.246728
4272.703169
5360.033813
3433.451632
3180.33837
4087.846235
3373.210291
4373.652705
4406.103893
4007.22959
4074.511145
5303.361879
5282.501758
4265.702966
4244.983509
3023.550008
3671.246498
4545.384831
4897.632814
5820.499272
4322.123941
4384.050098
4309.762633
3817.686106
4176.399072
3774.130823
5807.904849
4015.835293
5323.194085
3964.787765
4497.272402
4023.045661
3728.512234
5044.257135
4658.974433
3340.001917
5132.622805
4232.342078
4689.96501
3782.857592
4057.39044
4267.411092
3661.386884
4742.351875
4543.438274
4049.934303
3923.675257
4532.851845
5042.542737
4426.021986
4662.132564
5798.610389
3926.294344
4110.795771
4946.932467
4701.762543
3605.829394
4773.509038
4123.480232
3662.138098
3919.848579
4183.721746
4375.518502
4452.990934
5292.18275
5201.966448
3694.963149
4329.079396
3822.271411
4048.922761
4411.149333
4011.54784
5651.571337
4201.875406
4999.110398
5569.091399
4311.654118
4718.370823
3877.034052
3855.560255
3863.526207
3808.785415
5854.045936
4131.494603
4251.865127
4063.021546
3709.955387
5087.07307
4894.91387
4944.057239
6019.274279
4076.585618
6019.61875
5160.123738
5371.762036
4518.072638
3999.468369
6731.140935
4744.89099
4887.820957
5929.048585
5393.793438
5140.33354
5862.501359
4484.121189
3788.495137
3932.817428
4988.596567
5078.718027
5322.286651
6610.106798
5102.060493
4360.179027
3708.284441
5563.08184
4421.851073
5962.739284
5295.437365
5639.673489
4695.867847
4020.676228
4813.1527
6347.130039
4842.867928
5834.127305
5165.454191
5392.618747
4279.823687
4040.299504
4385.233296
4214.765118
4228.607094
4324.442219
4367.78576
4092.950474
5277.410779
3493.742793
4845.072221
4677.764732
5460.205784
4996.773221
4140.017871
5399.735482
3632.110695
4468.576791
4549.45447
4553.701869
5065.299635
4241.161624
3670.100499
3574.85858
5156.808221
5302.550531
5907.15392
5322.581311
5577.401788
5355.897291
4111.06124
4057.26487
5220.779333
5951.65645
3970.178145
5450.759258
4617.373857
4536.266994
6156.701554
5517.491313
5810.252795
4783.881539
5644.473936
3991.810132
4473.37945
3870.2207
4214.82769
4830.404055
4029.066162
4623.914718
4307.814263
4773.378865
5026.142631
5215.549116
4876.535379
4775.653972
4248.054337
4272.667169
5437.363004
4271.051786
5619.298995
4423.75144
4916.688299
3945.32605
3736.527882
7419.496013
6619.085185
4328.533915
5090.623234
6135.625224
5293.002546
7148.693432
6234.380182
4971.632293
4507.60013
4558.442951
3901.325206
4628.410624
4967.464204
4275.974854
5298.184824
5862.414656
5602.201028
5033.602591
5417.213648
4553.026011
5307.652908
5242.240597
5200.120972
4144.555119
4761.864443
3881.034307
3825.321107
4015.329543
5527.563093
4688.830064
5019.969965
6432.411727
6683.818337
4952.164866
5273.527337
3776.40975
4173.866897
4297.719741
4464.995859
4926.156138
6516.51807
4373.538493
5676.816844
4606.441413
4223.623187
4686.021736
5996.393672
4502.383549
4093.160866
5113.352439
5293.830326
5120.041559
4391.78596
5070.407696
5468.72918
4433.782101
5129.30405
4689.009585
4249.541431
4397.886649
4512.442041
5043.224033
4745.660518
4474.999458
4190.978476
4250.603125
5658.926752
4480.96587
4458.847309
6931.983162
4954.038039
5052.270525
5443.077216
4460.54268
5235.502131
4817.233487
5627.361468
4688.152068
4228.646768
4244.557394
4172.70074
5193.893806
4663.107087
4031.150467
4826.788727
3871.901376
4881.617228
5111.807263
6979.948736
4770.689179
5176.545285
3900.401386
6382.506499
4853.532947
7598.712274
5641.975428
4424.369489
4549.805725
4495.893806
4599.231786
5226.792063
5142.377547
4535.148355
5710.781475
4843.284863
4717.425341
5463.523788
4680.694564
4301.25042
4342.597232
5011.021436
4338.016847
4282.929771
4061.021341
5986.234494
5006.0724
4844.361887
5401.306551
4826.689806
5348.357986
5156.093383
5841.814566
6542.075983
4717.658406
5015.24723
3772.232484
5641.448482
6451.303022
6256.931117
4824.557618
4830.069171
4311.888493
4774.090376
4403.756567
4240.464464
4044.59594
4620.039613
5297.602109
4660.757602
3839.06665
6397.761587
4948.89584
5334.021981
5148.757397
4623.291413
5675.309887
5910.497986
5832.440329
4903.45496
4668.184068
4345.835555
4044.780707
4599.566297
6513.802961
5707.693222
5003.079936
5446.979996
4323.399905
4237.478478
5001.660032
4988.115412
5236.719276
4935.731008
4746.305836
5381.234502
4654.109753
4794.47135
4788.198068
4583.578047
5096.35348
3988.800241
5037.297668
5115.017837
4429.656873
6595.270183
5226.135408
4788.356282
4646.793249
4232.381875
4673.318843
4213.947088
4933.716862
4879.088585
5184.963519
5540.103692
5399.01681
4992.264388
6145.653316
4614.013926
5064.400344
4999.139738
5585.605299
5410.034315
4271.978404
4587.478215
4576.382767
4573.55573
4762.905258
4866.64953
5551.760872
4730.184344
5340.825917
4597.08987
6133.896368
4690.773592
4638.878675
4684.82586
6631.838618
6280.916116
4912.200272
4664.963081
4298.281592
5963.24323
4277.223478
5203.48612
5493.964431
5351.818687
6020.954282
6802.152698
4670.633085
6060.456135
4917.905997
4235.177375
4711.199246
4759.212795
4739.668322
5228.361794
6064.866872
6141.607476
5900.785685
4801.523933
4622.73164
4325.260638
6553.07426
5155.730275
5180.4566
4941.733924
4217.888292
5156.999161
6000.975529
4993.916006
5542.51655
4624.592422
4677.857596
4895.519163
4291.7574
4958.065316
5666.856385
5717.664573
4688.76696
4958.008741
5123.452729
7714.791472
5092.299093
5816.166054
5802.989782
4741.583129
7042.901556
5504.587068
5028.507547
4829.371136
4369.223213
4901.676617
4281.790429
5193.015159
5738.89682
4291.531987
4984.115969
4773.173637
5755.697503
4604.132565
5651.404138
5618.084787
5183.381633
5183.922035
5273.389333
6225.386127
4965.026488
5725.491567
4421.951279
4649.133658
5100.301697
5413.189194
4308.592447
5163.277176
5392.187531
5170.41118
4388.046793
5335.590114
5885.495772
6080.442208
4722.738811
4818.213912
5814.194699
5973.485774
5043.566616
5794.033508
6849.391809
5347.215113
5130.299406
5279.951057
4971.165052
5120.983659
6268.87932
6206.834554
7613.752494
5876.65169
5235.54437
4707.702815
5091.684279
4466.207282
4584.4269
4646.204719
4722.217294
6654.844354
5493.711927
5585.348465
4871.314084
4806.981158
4592.809847
4804.565252
4590.371269
4628.006953
4919.620338
6049.608095
5308.6951
4867.530078
5574.62105
4504.399535
5409.340004
4569.592255
4937.150186
5074.984337
4490.758504
5620.576251
5200.307408
4676.403004
4695.185223
4574.468211
5268.916256
5915.104662
5118.402183
5727.447297
6451.880637
6427.440052
5644.051052
4642.569921
5089.098702
5041.797667
5273.177624
4686.945114
7057.64344
5136.878674
4531.317079
4541.404835
4399.146935
4814.283274
4388.567429
5114.648622
4781.782663
5185.692036
5315.957392
4809.35177
6097.223159
4592.719117
5407.415077
4341.913957
5187.905821
6028.050384
5893.842693
4833.856807
4785.783734
4250.975301
5473.106455
4763.598751
4688.784983
5415.585108
4815.262367
4390.667011
5119.130547
5551.334785
4872.861663
5626.083363
4761.176204
6187.365272
4092.331146
5610.555041
4867.780567
5056.02265
4846.126224
5346.226467
6135.986289
5248.9758
6002.869827
6380.685398
5916.457744
4434.394428
5390.916296
5189.321809
5489.259143
4666.40881
5924.723032
5815.520528
5191.48597
4964.166318
5391.200295
4846.863253
4772.924206
4992.100424
4562.961439
5886.59
5468.791974
5401.866134
5249.636325
4511.995781
4919.428616
4515.180551
5051.496705
5090.019194
5000.313555
5290.359121
5196.481321
5102.161802
5445.485326
6292.751506
4518.70452
6598.066581
5133.848386
5132.467282
4479.534793
4855.645724
5175.736004
5014.989274
5298.459981
6110.545315
5355.622246
5071.173069
5421.203223
5485.283308
4901.388009
4761.116619
6513.402152
5366.807862
5910.187177
5543.328509
4995.988425
4608.975584
4483.520644
5015.289174
5117.012221
5272.069571
5542.261959
6777.792752
5173.722582
5268.063817
5405.039811
5186.081182
6208.304883
6348.378967
6151.869405
4852.010834
4990.390521
7598.083597
4881.738207
5269.176481
6613.363475
5426.055161
6778.16725
5300.382647
5164.548559
4294.535976
6241.138953
5008.565121
5161.180589
5535.732422
4519.42391
5115.518791
4516.578886
4712.503053
5037.460312
5680.641519
5230.856951
5320.190685
6802.822982
6773.605845
5479.579387
5332.367272
5501.063806
8974.299804
4667.315603
5492.790465
5183.194646
5114.749008
5298.199394
6243.371743
4850.054426
6264.773731
5508.842037
5342.001374
5250.846598
5698.998709
5537.770754
5132.702628
5093.109952
5107.327239
7311.54069
5252.067737
5858.961194
6249.287431
5608.52902
6381.198443
7640.536658
5768.188243
5576.33101
5154.632932
5250.592061
5192.31215
5938.329948
4607.860844
4996.57006
4999.207691
5142.891915
6570.387415
5173.343393
5293.089099
5874.624394
6993.211258
6309.623534
6575.98851
5776.314713
7960.02089
6066.703095
4531.722
6163.519245
5556.128251
5400.826403
5437.132637
6886.092985
5688.519565
5974.238539
4898.752414
4704.906887
4600.99967
6212.932368
5024.868929
4923.975341
5276.602131
5208.793864
5446.063385
4847.102619
5103.848268
5221.669185
5356.805145
5538.894055
4677.964727
4697.568766
5406.303366
5215.688894
5100.223586
5583.916663
4590.416893
5224.835751
6081.808304
5330.04934
5063.242129
7159.762408
5971.954613
5313.481369
4843.069114
6542.64183
5298.81856
4701.792345
5340.159679
7225.436241
6210.543165
5342.978195
4916.016727
5543.471149
5329.928605
4667.709164
4432.095567
5331.615477
4782.763398
5089.407529
5488.088183
4990.465866
5868.459217
5924.616026
5168.79323
5330.330506
5874.782378
4887.454581
6823.610281
4904.631338
5714.882358
6175.919346
4817.185886
5132.878202
5728.168173
6156.360984
6137.982803
6963.843881
4997.1671
5575.246836
5256.765301
5240.223506
5679.853639
5325.857823
4698.038058
5214.281635
5417.466294
5824.724743
4892.800172
5577.613858
5124.097392
5016.146567
6329.831588
5227.896183
5199.79417
6240.461063
5211.574198
5295.411248
5570.636667
5290.583593
8726.659859
5266.253415
5753.646269
4767.298159
6945.349961
5530.776478
4649.002723
5702.286518
6466.570931
5130.685498
7902.492536
4973.970902
4986.365802
5346.654514
5209.700036
5797.437435
4600.72725
5826.81831
5160.740204
5145.613706
5324.733661
5750.379379
4566.865777
5686.961586
6024.485901
5681.188474
5791.637154
6165.198667
5126.734508
6813.23783
6061.012095
5486.404707
5524.656622
5552.559335
5173.92175
6155.630974
5128.874982
5908.411239
4965.335218
4951.850359
5000.306566
4984.603021
5315.370117
5151.49609
5175.654191
4546.520233
5254.071293
4934.423252
5971.450885
5081.599919
7091.834311
5114.724436
5093.86788
5843.85037
5327.184572
4559.986539
5232.575386
5353.331514
5652.20672
6547.537736
5341.972048
4923.845437
4751.125246
5104.09874
5258.983184
5039.21782
5595.567956
5300.829231
5483.455889
6237.945834
5144.8853
6215.608536
5360.242698
5128.007989
4980.363225
4894.822373
4917.478232
5372.792922
5759.312821
6988.053618
7124.217768
6282.559337
5801.513929
5067.047795
4999.795647
5236.600431
6332.70745
5061.660657
6641.493155
5985.5327
5305.729791
7122.569299
4813.852719
4494.587808
5470.607225
4621.485306
5369.825665
4824.154418
5201.837755
5414.286581
5600.843616
5876.931841
5275.128816
5036.163143
5744.453475
5688.733399
5814.880787
6046.988263
4819.346531
6304.929304
5234.836815
5288.389714
5867.039283
5261.452981
5223.870525
5276.936726
5062.396581
4567.198862
5372.330883
6873.858677
5296.174821
6773.248726
5804.852676
5614.316843
6566.550335
5688.429062
5113.363308
4992.949185
5800.559972
6852.407099
6235.298412
5696.592293
5464.743678
5662.40492
5757.145335
6234.541293
5229.782742
5624.572485
5264.81308
4786.395051
4858.3271
5482.532784
4882.841453
5597.689168
5380.426573
5241.29128
6406.075555
5487.358052
5064.16059
5071.771084
6168.565608
5317.66364
6800.881292
5599.2941
5280.927317
5688.899148
5893.58396
5860.857097
5225.988664
6175.412482
7307.689763
4915.778664
6537.736244
5250.202237
5959.900876
6231.738007
6149.386189
5684.549606
6133.147587
5038.174435
7143.611927
5705.880944
5178.694239
6213.284683
5443.76879
4818.867102
5593.940547
6381.129339
7260.852641
5582.291833
5627.379094
5241.562803
6685.745384
5933.96148
5178.622843
5519.558116
4906.347107
6350.469495
5028.388023
6606.134047
6182.135497
5447.62007
5744.184795
6137.905039
6296.064523
5310.348625
6964.603828
5713.845602
6168.793968
5350.882088
6038.447294
5603.798415
5457.383377
5415.164264
5142.054563
4728.139751
6267.233074
7214.059228
5038.778836
5407.812981
5276.993929
5069.447445
6200.490175
5731.654035
5975.666855
5345.949118
5837.28031
5230.782369
5417.596522
6246.901198
6320.025038
6531.477209
5820.01329
6580.454641
6687.470835
5492.799908
5300.53492
5283.646867
5095.304265
6829.927475
7160.263189
5310.313438
5683.500954
5708.767959
5559.175628
6550.677362
6133.849635
5699.837475
5433.697468
6438.92518
6739.012515
5247.662777
5321.825441
5065.354164
6075.281876
6087.453435
5595.468331
6216.964154
5508.151733
8062.035956
6753.033687
5186.469376
5441.900776
5035.144495
5045.674321
6562.958286
5814.031519
5358.860613
5046.095507
6115.319286
5965.000751
5510.121544
4928.758696
5503.304453
6038.672196
5459.927491
5200.882776
5293.613494
7212.661502
6718.838409
6232.285359
5647.176001
5371.229005
5994.921869
5413.338864
6450.472438
5377.238906
6249.71533
5605.171466
5258.98633
5058.899393
5062.663736
4868.775784
5521.729761
5055.306576
4914.978781
5393.513984
5752.276521
5480.231872
6519.946272
5616.049957
5410.864024
6628.998155
7778.945108
5643.665838
6265.171297
5315.260534
6300.712272
6466.049524
6154.314509
5954.219805
5365.663784
6593.734231
6437.136053
5297.409958
6024.51046
6270.938567
7268.262173
5351.495648
5646.827111
5390.599353
5673.036622
7059.886142
5342.747892
5294.981155
5433.942771
5183.396871
5239.262057
5332.525088
5851.635432
4813.91969
5831.138539
5330.728758
5832.683218
5209.950501
5716.182503
5652.544403
5335.660636
5319.490982
4993.43413
5058.889087
5947.878998
5976.660023
5513.600314
5523.571484
5246.44472
5164.613878
5330.276486
5372.660388
6577.04967
5637.166378
5375.230313
5738.164709
5749.278405
5501.727947
5354.443676
5884.549573
5822.714091
5663.599996
5433.505616
5276.811756
5340.508226
6061.560196
5983.36503
6522.157239
5775.06887
6528.595038
7005.162085
5920.072643
5438.234991
5067.353202
5513.77618
5855.045523
5491.052353
5211.367317
5978.529456
5365.831124
7066.221315
5626.578837
5590.630712
5946.345129
5277.088064
5341.409198
6341.335094
6281.641147
5835.887006
6732.285838
5180.142079
5876.149637
6842.653768
5358.652955
5613.301592
6266.930199
6028.978739
5194.076914
5676.177425
5643.811641
5730.176416
5374.178601
5593.40676
5583.832765
6355.948837
7315.268584
5002.798715
5473.469002
5720.226817
6469.011653
6957.981787
5934.03198
6538.550148
6186.410096
5933.359074
6859.177784
7561.058492
8786.687861
6436.437612
6017.238804
5435.792963
5318.087734
5183.35292
5514.28566
6272.064039
5332.945408
6675.925088
5973.551349
6106.292224
5666.112537
6998.704261
5346.137743
6982.28091
5572.620126
5159.222211
5489.166515
5532.853841
5718.294754
5871.342451
5613.599405
4676.343512
5102.364079
5986.417824
5928.125651
5867.1801
6091.228978
5975.148268
5798.949043
6056.770462
6690.820363
6827.391804
6341.174879
6048.782253
6214.841632
5526.882336
5869.485621
5748.19937
6282.836215
5325.810323
6182.665994
5815.005112
5353.09369
5568.032577
4809.942465
5748.553482
5816.204982
7855.912721
6347.584963
5291.808936
5761.727742
5973.319793
7605.858711
6925.440789
5747.141806
6296.084651
5694.634797
6856.190453
7713.540226
5585.465775
5342.530373
5883.700177
5548.779272
6317.523173
6108.89386
7236.408863
7311.344412
6551.200868
5678.887064
5406.758407
5035.136151
5105.24193
6359.362899
5994.96988
6768.699725
5330.652896
6425.900097
5733.401302
5465.222568
6238.448426
6703.750983
6128.494091
6975.809115
8373.671631
6058.79131
5466.256093
6195.580633
6301.580241
6607.107398
6614.224753
5875.3595
5629.894794
5523.984424
5763.13044
5286.776952
6047.719045
5172.980874
5271.034147
5364.149418
5187.001956
5500.940783
5296.779822
6103.152335
5440.701413
6376.285171
5338.266024
5865.935071
6395.143488
5676.730144
6072.412566
6047.058636
7284.759381
8432.960363
6896.846557
6660.614154
6888.790825
5595.074638
5617.935229
5691.803914
6399.296385
6598.865598
7229.476865
5585.189415
6689.32928
5803.117451
7908.822508
6609.096557
5671.671176
5887.534925
5368.292492
5325.686878
5141.134398
5598.052463
5709.013494
5371.842177
5456.731984
5507.134425
5698.906902
7506.684569
5089.927725
5595.056626
6163.679757
6073.45966
6349.404209
6317.471742
6769.436234
5957.594065
5988.905211
6535.679196
5798.182445
5531.29517
7775.243273
6289.440556
5281.898334
5558.881553
6287.326487
6118.249166
6840.688439
5641.84008
6414.05333
5927.476505
6400.084674
5950.251846
5661.893412
5471.144857
5762.076428
5325.52363
6198.291118
6770.815544
6082.368601
5464.945003
6252.362716
5630.558936
6171.254535
6466.324541
5887.300351
6307.085616
5750.835259
6458.196012
5741.436533
6629.435109
6000.900221
6259.808422
5562.193009
6971.171107
6888.407169
6189.441717
6839.641036
6784.077783
6336.513122
7199.529894
7531.021937
6197.526738
6576.100495
6368.745812
6698.386395
6867.148862
6535.287248
5631.677277
5925.298304
5989.784014
7606.440189
7469.975916
6074.390922
7008.778003
6379.58865
7542.808314
6743.704503
6265.513311
6308.181011
6617.93059
5910.648509
6131.320064
7509.467923
7533.202918
6802.219373
6639.771094
7188.575461
7075.252521
7004.296563
8474.441516
6131.826626
6497.929172
7071.098644
5924.824625
5763.669398
6176.830804
6289.238519
6891.319169
6697.793631
5647.243659
5898.826111
7295.745105
6260.958822
5699.775523
7268.490925
5869.915495
5435.427534
5634.601873
6422.24092
5779.570326
7086.128792
5826.466077
6033.497185
6929.876932
5656.491603
6349.524471
6371.792817
5936.991873
6524.895413
6670.453993
5346.971205
6232.082823
7399.505653
6046.139835
5740.195292
6567.672901
7983.834719
6754.48576
6770.936083
6170.809616
6242.326885
6313.417257
5914.019917
6016.218136
6126.957975
5764.618248
5963.918161
6573.274209
5960.408465
5656.391707
5855.822004
6005.815636
5899.619258
6475.70605
5562.487658
5726.38653
6382.108285
6252.686934
5578.55544
5294.305079
5681.940059
5809.063235
5292.518828
6207.549594
6053.271108
6395.879454
6672.296488
5979.457442
6722.611872
6260.359888
7108.296547
6684.312053
5769.158916
6523.129428
6204.177013
7428.767465
5882.705149
6918.826908
5811.178007
6698.70414
7116.163874
7002.652945
8064.284815
6714.048895
5858.137674
6342.53626
6527.661784
5593.330342
5887.417745
5972.908906
6125.279344
6837.716758
6092.51339
6054.195549
6531.290468
6417.881245
6199.791575
7230.458276
6016.101332
6331.951357
7193.559181
7683.178935
6171.683371
6319.465084
5769.700282
5914.63241
6534.047381
5921.374566
5878.711989
5670.587567
6233.626717
6956.512904
6177.206959
7570.626187
6421.629702
5635.722421
7354.019648
6428.667668
6061.631992
6581.109141
7149.44334
7045.668878
6423.011209
6498.156854
6342.284771
5664.56016
7668.105598
9706.601157
6377.685441
6022.111743
5801.674698
7543.371765
6496.47805
5834.780839
5859.818897
6362.814222
6448.172314
6876.571218
6942.524517
6931.374679
5777.686987
5860.09936
6381.189688
7309.475681
6651.870789
7114.938592
5727.268753
6331.109062
7458.359938
7410.162445
6385.400967
7488.194636
7412.714856
6036.909823
6115.773448
5814.430987
6748.51149
6795.675038
6237.152178
6108.7976
6806.949535
6378.575265
6796.112549
5596.958598
5981.408045
6574.103598
6629.965998
7469.407315
6256.307106
6519.760755
7539.159715
5923.588724
6601.109208
5762.654671
5939.263244
6502.85672
6277.996318
6949.500128
5829.651465
5982.192632
6533.182634
7081.778188
7344.340012
6723.070302
6419.827963
6900.264654
6003.397594
6947.611518
7637.138124
6546.951416
5713.308854
6403.650717
6133.987704
6777.514249
7104.320268
6454.016906
6085.579643
7091.163005
6368.846787
7287.205457
5736.322489
7810.776516
5822.200566
7493.944612
6910.176359
6128.710333
6537.445972
6301.464142
6387.536168
6334.836514
6532.260735
7411.999217
8257.088996
7113.868821
7062.556166
6408.794044
5987.446373
6067.258905
6320.003239
6809.658721
6457.264943
6618.953535
6303.405877
7152.396193
6480.923559
6724.346931
6950.433431
6212.930933
6193.905187
6553.198166
6781.840434
5995.552749
6701.709347
6913.187974
7133.604742
5778.080072
6804.216588
8377.167087
6342.236699
6748.55506
6979.352057
7080.7149
6503.527411
6729.969757
6759.194549
6480.528296
6798.145779
6794.249253
6455.581731
6435.426383
6308.028587
6259.937628
5998.346537
7023.327356
7392.302648
8237.360958
8232.405055
6355.804858
5947.134357
7340.064929
6553.878132
6257.743946
7362.039932
7616.959759
7006.354914
7729.452671
7148.577487
6592.506424
7915.977897
6603.811044
6348.95229
6468.739333
6653.148101
6848.685429
6132.255863
6765.064498
6106.369904
6390.595841
6300.79908
6283.20331
8804.677502
6785.211783
6845.728605
6101.760279
6353.41966
6710.038736
7204.253128
7121.475043
6627.700983
6651.278419
6867.298908
7483.07025
6313.607901
6408.710339
6396.982449
6434.82481
8815.978448
7425.134742
7070.193741
6828.33724
6368.440421
6231.557302
6871.022427
7196.069477
7023.621492
6380.661254
7586.305274
6561.427352
6351.421041
6643.148719
7127.301057
6757.709327
6671.646997
6513.674867
6367.732767
7704.847976
6830.49703
6729.446074
8968.627529
6742.236709
6632.231173
6223.260764
7119.910762
6550.859848
7364.670314
7278.866292
6440.94943
7544.060926
6451.640926
6775.236034
7169.363774
6615.334362
7157.239898
6409.453814
6691.654053
6545.036293
6434.068856
6550.331932
6253.011888
6316.776551
6619.297224
6429.041802
7252.270633
7364.371268
6908.131476
6458.295998
9013.389211
6496.107644
6740.363265
7054.217965
7683.134819
6612.899528
6951.016361
7012.7956
7813.996391
6698.418795
6611.618607
7177.05178
6698.307475
7640.399648
6290.498938
6054.818877
6908.755059
6178.40782
6819.946775
6679.593052
6815.73194
6518.587305
6354.442453
7365.307931
6995.790855
6413.925158
6472.534736
7776.006847
6514.33397
7043.268709
7785.232809
7153.947987
7254.3489
8041.728618
7126.773656
6904.19547
6816.61351
7058.678829
6881.078052
6070.584181
6713.699432
6551.651291
7877.599972
6605.220884
6314.236872
6643.928409
6649.923195
6708.598247
7036.328628
6974.246115
7659.79397
7206.742212
7095.652869
6901.717099
7771.692227
6799.093635
7207.492558
8725.770177
6814.675738
8112.911798
6888.807787
6989.047333
6141.797512
6337.194049
6662.671613
6491.750499
6545.472214
7100.163193
6680.905142
6799.415735
7086.697786
7658.622496
7166.183603
7593.121918
6722.717624
6587.69947
6498.058846
6805.290783
6951.763986
7263.778422
7955.130872
7913.635786
7394.184361
7136.614492
8307.07764
6552.444835
6818.699212
6856.199561
7030.367236
6317.261175
6285.926348
6668.410163
7472.914002
7282.165742
7841.164668
7132.027318
9707.196972
7669.468369
7691.628531
7475.514177
8648.078655
7010.434678
6418.621808
7523.979417
7083.360929
7242.312034
6541.290414
6782.683937
6649.46522
7451.68812
6897.667797
7297.356534
7383.010576
6870.329441
7193.326867
8118.176223
7743.882904
6603.199986
7216.523431
7548.522158
7483.247052
7277.215612
7219.160188
7142.266733
7457.964447
7268.694048
7343.227309
7757.06521
8012.612372
7514.31207
6755.592809
7473.630771
8368.238661
7348.388695
7188.981189
7257.174782
8442.708478
8681.586403
6993.357127
7148.092802
6711.124747
6985.547257
7507.519845
8484.627672
7543.581922
6943.059223
6967.229081
7353.882444
7476.410162
7132.43532
6891.51584
7721.616156
7862.037907
7644.161067
7900.840578
6928.815411
7727.601632
8469.785055
8107.974628
7960.554934
7842.308516
7314.750895
7016.805709
7016.325479
6887.146612
7726.994104
6975.908933
7559.617572
7965.275047
7769.251935
7866.253009
7550.720029
7300.171658
9373.226382
7132.127774
7451.335212
7254.090515
7094.214658
7099.804044
7520.465138
7679.595046
6854.669624
7362.170347
7337.790881
7246.10155
7850.699866
7261.817801
7221.110618
8071.626855
8259.337627
7196.649054
7588.725933
8601.848807
7771.050985
8584.310851
8898.430143
7128.233837
7803.70018
7264.896678
8091.491901
7588.177784
7519.957454
7755.952151
7510.545308
7870.42168
7848.612447
7346.876451
7612.151241
7504.117552
7323.035584
7324.199858
7522.816377
7750.365364
7181.06732
7606.725588
7431.123393
7576.995665
7602.029878
7433.934932
7286.130336
8093.820683
7533.859483
8203.325358
8291.03473
8141.86028
7930.610473
8322.631857
8505.76922
8115.378284
7276.04779
8241.214536
7515.891619
8082.952743
7612.603599
7983.30749
7318.558099
7365.126247
7228.327146
7348.597374
8051.570759
7816.944924
7887.79992
8440.177643
8891.590055
8246.160868
7833.058378
7662.928771
8260.831287
7305.297649
8041.708345
7971.90039
7731.158391
7389.421834
7795.265072
7680.378767
9492.307395
7388.263504
7864.404067
7597.946844
8246.241657
8709.342949
8168.571405
7918.751481
7780.265129
8702.883261
7447.318874
7619.261544
7602.153625
7494.239662
8410.124272
8874.022575
8175.034468
9209.012722
9036.000323
8175.935991
7215.789483
7626.7111
7718.506176
7320.452054
7633.325356
8542.457178
7445.148653
7669.556337
8078.64689
8153.878367
8140.901082
9109.317741
9682.55665
9596.645394
7877.752977
8590.119617
8518.114853
9959.826745
7802.366957
8016.318843
7836.432654
8218.717158
8573.130524
8203.188345
8498.611222
8165.309834
9906.945576
7901.66677
7982.023011
8046.248974
7685.567269
8091.183759
9488.661359
8464.269139
8185.450905
9061.159793
8398.937773
8881.187675
9724.704653
8110.586188
8008.59552
8007.015641
10032.09526
8528.416838
8859.341968
8829.886869
8000.634949
8907.701581
8124.317796
8106.969028
8475.638659
8268.581137
8243.075391
9949.984241
9264.501973
8664.137498
7920.27307
8971.970099
8441.991534
8488.191718
8264.121159
8681.58504
8794.715479
8429.258619
8973.065449
8632.171237
8742.664342
8121.220963
8204.264357
8135.319043
8422.30457
8048.174052
8140.791549
8190.515425
8864.161642
8924.315129
8414.523033
8422.146042
8407.251449
8625.808077
8479.443387
9461.003442
8366.943058
8259.309483
9049.602186
8326.397668
8010.569234
8451.766878
9529.862185
9056.572135
8712.359581
8713.111631
8984.622429
8419.328833
8823.094987
9079.208586
9285.140708
9136.21701
8873.053492
9018.520889
8868.011057
8301.153731
8695.760361
10207.2491
8991.518617
8241.655473
8647.263274
10060.26015
9110.697315
9475.083894
8683.232485
8790.378469
8699.786314
8826.215654
9894.33149
8496.60793
8564.533955
8869.911031
8873.198035
9432.499587
9692.891718
9468.73188
8841.460043
8991.224611
8375.106038
8839.640357
8177.105941
9372.105789
9308.758208
8419.888226
8871.737617
8771.982585
8877.829555
9561.271818
8564.075098
9423.441
9996.367357
8922.741399
8841.25383
9605.407354
8895.505329
9079.813954
8804.649464
9222.374379
9837.175415
8943.933627
9963.085006
9031.842486
9035.880107
8951.176363
9002.611816
9305.222602
9768.385978
9053.458598
10337.65071
9467.653884
9229.474808
9597.126618
9099.205552
9639.771399
9346.080045
9403.934911
9761.259291
9398.043625
9778.037225
8998.325316
9774.974241
9081.1486
10641.07748
9441.361567
9254.872397
9533.939371
9670.345753
9075.763028
9543.028396
10671.02884
9034.231634
9461.823601
9565.117126
9592.656537
10670.95647
10202.14678
10854.63767
9599.256726
9868.735196
9789.083448
9378.01166
9851.141889
9122.870917
10150.95259
8944.963856
9126.995129
9519.51494
10628.32998
9252.347361
9886.122472
11315.09739
10206.32604
10168.69864
9524.162595
10328.81518
9482.730427
9767.654335
9572.61765
9843.307605
10258.1818
10276.7753
9545.619234
10180.73015
11070.94992
10493.68379
9646.56411
9819.017027
9770.955863
10910.38774
11459.95509
10194.09105
10108.10228
10527.91818
10378.67439
9907.696634
10983.69609
10801.94944
10722.73787
10661.16397
10452.58115
9980.30265
10761.30664
10590.8999
10846.30269
10868.01772
12161.33003
10434.72205
10752.60488
10862.3274
10751.15237
10829.25953
10493.00498
10372.09583
10232.25375
10253.65789
10901.85821
10221.66711
10838.85807
9968.687239
10911.12972
11088.08289
11060.37233
10280.27336
11175.79872
10624.34001
10352.30734
10755.13343
11079.33689
10705.181
10566.20672
11031.88173
10801.90629
10383.97703
10600.66494
10626.33815
10721.90953
10978.14688
10794.52055
10850.32649
10952.96862
11104.81877
11523.14543
10885.04345
10868.61447
10583.71521
10666.81359
11063.96564
11996.64117
11154.50634
10819.29823
11586.45846
11688.36223
11176.27313
10934.20944
11326.79769
11253.47456
11093.44545
11281.435
12067.83106
11378.89365
11383.34092
11069.45537
11484.91611
11693.89295
11522.64934
12256.61106
11807.56665
10956.26627
11197.91555
11059.83836
11031.05374
11599.22062
11493.41903
12532.38698
11603.88859
11283.29917
12536.63657
12774.15762
12372.36973
11773.73097
11741.3608
12129.14348
12842.0608
13262.25126
12715.99785
11893.86655
12374.69211
12036.13525
12977.2265
12981.95227
11560.18958
11868.84947
11915.14454
13520.28801
12320.56218
12391.47299
12613.32237
12331.78304
11809.82462
11747.59066
11915.80747
11819.978
12177.98104
12624.99725
12037.87847
12739.15021
12933.34911
13005.08949
12970.38217
12487.37855
13086.3866
12252.24667
12757.45974
13185.36146
13027.45167
12558.91739
13656.00907
13020.06212
12879.14162
13036.96966
13099.6724
12456.50614
12535.4812
13831.92502
12936.47796
13196.43272
13627.91467
12886.9834
13200.34612
13352.81461
13029.15567
12786.93702
13295.79068
13213.89795
14841.67146
13321.39134
12774.33912
13468.973
13191.98808
13629.26897
14526.12015
13741.39894
14429.649
13628.80037
13470.24546
13723.56025
13316.02738
14355.96325
13332.02489
14454.15433
14681.94531
14158.48038
14060.7795
15139.40784
14133.275
14398.10247
14912.24263
14044.19425
14106.93309
14320.04881
15105.0562
14983.62536
15022.59398
14364.4268
15264.61682
14436.52752
14853.29814
14468.76523
14657.98465
15542.55994
15227.18999
15193.60722
16925.71571
15277.28183
16038.90331
15639.17033
15812.30697
14961.80366
15064.12908
15556.50815
15370.27299
14974.62507
15453.18358
16426.2255
16760.22896
16421.75571
15981.12842
15670.11016
15812.08178
16257.78472
16020.77858
16040.75387
15715.67132
17613.10339
17157.53895
16374.91201
16190.74609
16754.66042
16908.19956
16403.62554
16690.09095
16845.84174
16438.09578
17260.50617
16707.7175
16695.51506
16935.37715
16797.72902
18308.4464
18425.44631
17507.57387
16941.84535
17465.79282
18510.57562
18112.32057
18496.25916
17836.01514
17437.11689
17656.4304
18732.77101
17851.95174
17997.67171
19239.84557
19231.42879
17998.04469
18502.47836
18987.51004
18818.11741
20211.7361
18911.22924
18840.20132
18735.51937
19679.12811
20516.41854
20003.21563
19271.94296
19664.64282
20182.84432
19682.04585
19604.89481
20516.70113
20457.21087
20546.31068
20593.44395
20494.63056
20796.78164
20339.91084
20521.02775
20352.48165
20711.32386
21328.20491
21334.59676
21318.62472
21932.2724
21230.7447
21410.31707
22061.15076
22268.77369
21834.04318
21723.97297
22508.88958
22047.11473
22327.08805
22742.96088
22972.15064
22659.41287
24252.13561
24080.91604
23137.77301
23894.27106
22668.62539
24413.8273
24270.57684
24184.09618
24641.68212
25057.92437
24427.30982
24757.69084
24997.04025
24979.61025
25089.52347
25807.78892
25451.18463
25185.05703
25536.83519
25614.61717
25358.71829
26811.94715
27835.69548
27278.39633
27030.63991
26705.49033
28537.53156
27771.29641
27096.67963
27624.40257
27818.01771
28277.90576
28005.6046
28369.14885
28171.68673
29484.23746
29350.30512
29688.78803
29374.56926
30426.00249
30048.99512
30278.61864
29823.66955
31025.0043
31015.13215
32498.22791
31118.06034
32452.87113
31239.34405
33289.02723
32528.25953
32810.77106
32724.39026
33724.92221
33068.95093
33501.0848
34453.6581
34972.83341
35521.04067
35510.05675
35472.28661
36147.38261
36255.98818
36189.54151
36710.54313
37289.87966
37348.99652
37101.28724
37703.05784
38164.95012
37664.51821
38548.8356
39289.02615
39468.77398
40617.80063
40326.60463
41050.51624
40285.56345
40270.62839
41468.5507
42482.18808
42362.6323
41650.22231
42975.53826
43081.33793
42406.15494
43749.75358
43972.47106
44507.00918
44420.6696
44738.1485
45628.20934
45640.12486
45836.10841
45521.22581
46867.4056
47144.59861
47489.64441
47726.68293
48425.07369
48021.44044
46480.50021
48172.38539
48209.44094
48495.95761
48683.24136
48685.08677
49168.22715
49935.15135
48963.0784
49233.24673
49554.79597
51324.2426
49544.07285
49986.15819
51146.62957
50921.54683
49198.3444
50759.32073
50522.62593
49900.86241
50479.51197
50416.10109
49717.26261
50611.73364
50788.97642
49904.01441
49218.72269
49883.98752
48973.92437
48871.54584
49665.85854
48524.06433
48705.58058
47787.01929
47347.12171
47411.10565
47275.05301
48274.85378
46399.82255
46329.92387
46460.11228
44954.36574
45585.22611
43921.25488
43763.31413
43084.3455
42497.53077
42446.51045
41783.13462
41362.58659
41015.86173
39848.12171
39746.61189
38990.89747
38365.19104
37748.65354
36061.33562
35433.53068
35055.84398
34757.85934
34174.15003
32838.1687
32872.04352
32025.12826
31053.43549
30321.7231
29313.6114
29164.87615
27904.49622
27585.73923
26825.19191
26630.96189
25250.91757
24329.47197
24164.18041
23321.22292
22508.1274
21886.36881
20816.89799
20419.36812
19524.8452
19073.27597
18541.28039
17511.41205
17095.60232
16516.84862
15685.88932
15386.99825
14234.10414
13656.60154
12841.6917
12917.3535
12420.73755
11876.64488
11132.19905
10995.84826
10156.53978
9823.587911
9220.12234
8740.046719
8229.927716
7987.228921
7390.837377
6797.99456
6512.771338
6317.587934
5970.755802
5550.307166
5389.575567
5089.340855
4808.822891
4609.444849
4464.962748
3962.09626
3678.948122
3708.510068
3354.561839
3108.084747
2786.110801
2931.50119
2521.108543
2346.538162
2168.66584
2008.801697
1908.678395
1670.956159
1541.936758
1570.472539
1454.083648
1340.223524
1318.178765
1102.886203
1460.369745
937.6323643
893.978499
783.6643736
694.1649093
693.0394356
698.0315729
683.8655143
554.2517159
548.3513298
505.0731311
433.9616858
425.587893
375.6787193
416.0317096
349.156607
469.2586712
276.0695611
248.0456952
216.6012397
288.013321
225.0961007
187.0089237
159.8344039
174.8151201
160.2912054
257.9517893
225.6602765
150.3130299
100.6733437
97.51880622
109.1786489
70.89445547
120.2787595
76.51027615
74.98889468
64.44716782
68.18784856
91.07894293
388.5496682
52.43839267
58.45639871
40.48133388
28.69747563
27.54924167
40.71271915
77.37163757
72.88896728
38.64861555
32.76611271
39.42814722
28.51004484
45.15806513
78.18902456
42.03026827
75.99602084
51.98233763
28.19404277
46.84044322
41.86053057
57.02204651
26.99836554
170.8532986
35.87008209
121.3021284
64.13004248
24.28368985
37.81032648
52.96223816
31.30094895
114.1217881
27.32478726
94.63374932
75.63999018
99.33641975
38.10588523
15.43340175
52.58191787
31.82020407
38.26906106
42.99382727
17.48908338
39.10376729
29.56781691
38.45385704
40.94694791
122.6806021
35.90495934
123.7541846
558.6314117
57.83282276
23.23093613
23.4637139
41.70480633
33.07670515
50.3207461
28.47447832
24.50273675
53.05181172
64.81785438
33.65980011
42.56829029
43.1911035
17.84707117
78.34469551
193.8838734
25.09908603
17.6538019
36.18518287
34.52739094
43.0332229
106.6668019
25.11734718
26.61059381
31.94676088
31.40217435
29.47942996
75.65317203
152.0412237
19.49593179
48.36396034
45.6004638
34.54500451
25.91974523
64.44242713
58.80624903
163.6450474
73.09061605
15.53488934
18.06035955
20.21729042
14.20693136
9.417705571
19.69686717
49.83531352
50.60830406
61.69442068
35.91468557
20.95516375
91.83732451
27.9407656
28.25360537
30.52906589
53.00204653
34.68388526
77.86177115
61.63266703
19.69924146
38.66835122
8.419529989
56.3695445
24.11664929
31.86374187
67.0060907
24.81509176
17.62011077
35.67814304
11.43440924
25.27338135
52.2220916
41.97744906
35.544007
73.918786
36.21098051
29.22775609
17.04157698
16.63819502
18.67190952
33.17602875
36.3020649
18.10875894
13.99577021
36.89764181
43.61978943
36.07160391
30.77468581
20.97806539
33.79225425
21.54660082
33.30111751
27.723303
149.1838648
68.68656404
20.91369247
51.2831921
30.43141501
37.73903819
85.6614907
91.75010986
193.1996819
35.01684667
25.75833209
62.4562084
35.34378866
53.00750303
29.87696778
20.79767952
29.88410366
44.02532741
46.41340734
24.97909471
15.92742014
91.16321289
56.93477833
11.38858669
60.39090789
28.18909062
19.11063244
41.11030112
16.19397878
29.22014759
27.37694736
32.08188514
47.84574056
35.78793107
47.26939763
133.8383234
58.05683029
69.10548738
27.98606748
39.07215922
30.57506511
19.5888056
19.60267609
75.84119872
24.91818526
42.33138497
10.0169974
51.70296094
13.74727058
24.04990371
21.58968228
17.78880725
115.3461473
41.24592579
31.66023636
58.3735756
106.5519309
29.9162404
29.63239228
18.50582626
28.34010161
21.26275765
46.08192283
56.38095191
30.66632384
93.99556294
74.46606043
81.09390533
154.0599565
149.1043259
31.7546789
27.91392555
61.4090906
91.69723475
56.76099492
15.17764745
42.49043848
71.28705158
31.3167708
15.61290328
7.192447437
25.44116227
18.43105411
9.577371654
27.27430901
25.17578636
27.81684241
6.902494229
25.55289341
38.98069845
28.53409532
27.56851394
32.63540344
25.60328105
55.32086708
15.87935077
15.93448951
6.436322116
8.428631131
40.7985799
31.89304374
10.11789404
25.06679094
3.85643073
96.19410326
24.96288571
26.32198795
17.08713707
75.09665938
26.75461097
10.85372745
31.69912673
33.54195857
46.6561307
23.17596727
19.02452956
47.94614657
98.24361835
54.61673863
33.3142448
16.38248032
13.95333087
25.75900832
20.84851861
16.09141701
29.45089801
23.34976217
26.98467457
39.63709042
11.87738585
35.06973971
24.35216808
28.35789931
17.15075522
80.91755564
14.62475506
53.68767423
19.73315331
83.35893678
8.445998271
55.1264147
36.24286146
41.02000498
75.74647015
20.07822219
19.00335287
9.333015493
19.0546136
9.950427789
34.631029
12.41828276
8.4828677
8.523311933
21.3705272
35.29224634
69.44721519
39.49728367
15.57190035
12.84141864
21.66777922
18.85098631
19.08124966
36.89849582
304.5184864
11.77709135
20.56011885
17.29088192
9.487538386
21.48121812
55.78573194
9.709247421
19.29345981
0.3467284483
9.614401433
62.83619041
28.2942421
81.51257658
28.03716492
18.11188857
17.52432566
13.09715694
51.89835337
17.48571833
8.435278261
29.03361912
29.74661421
16.5218264
21.97702275
26.23504546
53.03407798
37.24701176
55.26195203
24.77338337
25.86241016
36.56605894
57.20736493
27.61824147
19.84877232
38.14232506
18.34651784
16.56586384
260.4158932
10.927702
7.630382479
24.90258535
70.25852697
230.3150712
95.15348146
22.8952942
13.78408488
87.48184434
26.89886765
7.916021447
22.39764943
29.19275124
56.8370293
44.92490119
292.8172214
29.26327994
223.6837079
37.05128528
39.24079509
114.7318401
17.07602708
47.70144737
19.81203748
19.90893103
50.2401619
18.17563156
25.03426306
172.8552373
32.6941631
24.80888887
23.94067129
47.85826407
43.69836512
27.51409432
14.72136887
19.69738048
103.1874052
20.20906563
26.9282468
80.42979361
24.49722095
17.16515707
142.5414646
11.29377241
25.19995052
23.16396774
67.17075991
7.989797677
33.32171916
13.30999219
4.160406993
23.61136471
21.62037239
22.61643697
13.62188216
26.25721795
113.5695671
30.86905024
33.22691777
35.64922411
76.15752747
21.884379
25.11257092
20.5885131
35.47856606
17.46485641
39.74651594
5.440222472
31.70242065
20.89566303
38.92836974
26.10386488
20.08205827
37.32585632
20.66587659
29.38676761
423.5185435
48.4702783
43.84905927
28.30558593
24.18303975
39.28574565
13.00977309
21.47437178
18.30908202
16.25424859
25.64983823
11.39195237
82.56435979
19.16616277
27.42192002
31.41939827
46.26152577
29.47262674
36.94774382
30.82608072
2.53915528
1.100134734
8.227841034
14.17875688
26.84277168
11.43404755
23.39380709
11.02148799
22.8454608
37.55418366
32.62639947
13.58691822
6.732766907
31.47927437
10.26552515
25.76639916
16.41516745
44.76970578
19.01988547
17.54034741
30.78835273
28.53830366
85.154956
112.518888
8.078259462
21.36320685
15.3655101
18.50476378
17.95941987
8.532922861
40.1926296
37.93223822
16.16598673
25.59030518
40.81673074
9.241590562
26.6027125
28.23304677
13.19481216
56.51376235
39.26690399
41.58910889
22.93371246
137.3063904
8.883715662
17.23478204
30.84447545
130.8624886
47.85783039
44.88518611
8.974172692
69.378153
10.88656024
64.68691854
20.90449943
6.856092379
8.026192792
152.5991273
15.5771357
6.025826288
23.10768683
46.67728669
15.09091972
15.1582104
11.47281844
1.736267354
16.53231872
2.845040238
8.381254166
11.18240574
6.38761812
8.532737388
28.05205823
3.351578052
29.65736639
11.72729211
18.97916856
13.67786245
12.81556716
18.13100803
26.69018391
8.379116094
20.71910569
20.24955135
34.20329322
30.06130793
14.52058705
17.19541787
22.95245439
31.14828826
18.56721203
9.155387119
24.95491974
71.59383771
20.85349109
2.630000019
24.31330768
12.64580147
35.18685503
38.86747238
171.8614915
7.342611799
23.71098584
26.63863664
5.003622908
9.547456754
23.92811363
15.61131348
16.60805187
16.49819366
3.364045078
7.952396902
20.67380844
12.88940845
3.65988364
52.508402
16.66726268
10.44330453
17.344003
17.57777815
18.85531845
131.3884832
59.72147747
21.77283005
8.880217305
38.59775723
22.64367787
25.97214345
20.64409678
34.68014414
13.31139965
13.35902604
13.80965743
22.11006847
21.18152266
7.702856776
51.15755349
41.80738259
32.7550047
29.35394638
12.22899441
22.68372435
2.782687685
9.269672959
2.166407403
16.78347805
13.07068258
21.73176124
18.93693047
14.34356029
2.673464744
1.138210876
26.31643324
12.93692261
13.21605943
3.534538931
14.33933081
6.441470716
103.7869089
24.36470223
20.62839318
15.27083743
69.94317044
17.24493146
25.45420908
34.96235848
126.9160371
22.62326494
27.32501276
41.13407999
129.3441496
8.767516839
48.37656927
146.2219848
60.41326663
3.047008502
24.65805796
32.82004394
5.495661002
13.46557006
26.75134248
20.45811053
20.90265611
24.79542978
10.52187627
33.37853031
28.34126793
10.91991703
19.47535688
448.3711035
35.35686544
16.63887435
64.68318364
57.9583361
24.72793598
24.65660328
30.46406128
12.66451778
19.73602148
19.05960378
21.80950088
35.97978676
17.62917338
8.561491135
17.78594563
5.85261117
18.91749496
12.25303566
64.5011668
17.12013338
47.55721195
12.52346221
21.56296297
11.82350622
60.41334243
25.56137493
57.35905452
13.7566797
17.59964777
5.388735868
4.851715585
11.02260502
4.637141945
11.46357832
22.42404873
30.21855471
15.48794158
19.2419301
6.157409973
10.1673665
18.23201182
5.336056771
22.9506012
5.487641076
16.11787479
9.094132135
17.17644856
27.22088041
11.25515441
12.20103202
16.05707392
18.79502103
74.58550771
17.96616952
69.0146226
5.685491179
12.24528419
18.7651173
7.865986587
34.73219943
19.85192336
11.39380601
38.8159848
23.64514157
31.80437115
2.835889434
23.17061428
19.54386132
8.372764163
13.94094859
20.27469149
117.6668084
59.70154503
35.56743499
7.819783196
27.60506196
22.61406756
4.235413617
1.124371297
28.97438313
19.5410761
17.60907904
16.3779643
81.8141094
8.986786848
35.67591911
11.60541367
23.15307001
8.938612798
13.57955603
36.73490231
34.69778381
56.23839261
36.53895255
5.865141697
8.307296398
4.772767786
27.96790183
16.20612593
24.39973199
8.588027529
14.94919238
12.23000299
11.90016896
9.64253296
29.42169887
149.3723567
81.49634248
61.94994196
26.31790602
4.914447623
12.83686994
16.1594269
27.39795607
28.31263632
25.17555825
14.90692463
64.39198278
0.5551354598
34.30616319
14.91884219
12.02898129
3.531612797
14.57601749
11.46432985
22.91636467
10.78706153
21.97640202
9.171894706
28.69344988
20.63129715
16.12494534
8.586758094
13.30680824
36.41372302
12.77129573
8.758460789
14.51808155
16.67986602
16.1728903
26.28090269
30.73560844
17.61508636
21.31132314
24.52031071
38.18633791
146.9691844
16.48439349
4.51666495
10.82478589
17.7289879
6.959468368
8.033041865
24.23808015
10.31214976
25.11667591
32.36854032
41.30183965
23.03828613
28.16634291
21.64616247
21.98818039
18.33452216
14.7074683
26.23875024
71.29992805
31.0003487
11.94272461
30.88385928
11.76796559
12.39798402
10.81442107
14.52673563
5.106227022
7.470056616
34.3919713
7.901551411
5.487885727
6.647092337
8.062659926
12.80379155
23.22285948
6.653835316
15.68576561
9.199176153
17.03477708
12.44239308
18.5079151
15.36787051
21.03387554
86.01174229
29.32212611
22.23724413
6.311025194
4.347572521
2.130953579
5.748242657
12.5674563
7.285903756
41.620261
43.57552078
413.5223921
344.3439661
22.42507901
14.74267901
14.3766307
17.36751678
17.44651485
37.76813659
44.70019292
9.135727574
3.530319405
9.021686369
9.805782776
25.66178018
5.674682228
9.130586248
2.916781703
10.36271813
20.74258861
21.47590331
18.37489503
73.98079685
37.83875783
5.5638674
11.5331085
16.31555203
106.2585018
1.736212301
13.67981972
3.516289111
18.30584466
9.873338616
7.122107971
12.62045741
7.889335373
1.123851381
14.56594943
4.016352723
0.2872175446
7.218463357
5.391941066
1.023433993
13.38835936
5.885484211
11.51093485
25.57256039
12.57294719
5.178943315
6.546616633
21.27776687
16.82412509
20.3131964
28.7812585
22.48503428
51.37888199
18.9913767
145.646467
23.24599616
19.94788473
18.39014448
28.86059023
17.60346353
14.16836737
7.32848643
3.70095724
14.14299465
15.4258457
6.169722947
12.96284832
58.94240596
40.50377819
14.45588003
14.71490179
9.748741768
10.26300625
6.379439153
10.3910855
4.627886078
7.898093295
18.90486473
4.908635865
6.21422063
17.10213518
18.22465312
7.779806271
13.62681891
65.40570345
95.68059455
6.860910803
14.59636335
5.099284412
2.149649654
15.95516863
126.1696038
22.0308452
8.678366054
5.973372024
22.02695686
16.79470388
67.77936443
24.87793749
10.66972756
9.551547752
12.79715584
7.706223217
45.97961013
7.402530455
17.14331047
3.194491589
7.844494854
78.36458371
9.45667431
4.719418617
7.623777645
2.409739189
5.570129059
4.677540892
13.49450863
14.0793292
11.80525727
5.237572576
8.954936466
11.71493577
21.84717462
3.028441041
1.074713426
10.164476
7.848649539
7.35530645
1.886008046
6.696014301
10.3462536
5.93572098
8.256137573
6.800698789
9.335236335
15.12613952
1.089800237
16.10476521
3.184687307
3.151827189
115.4278023
21.92372807
6.491548102
5.184909044
15.77965189
7.589743574
6.565508669
23.92819619
24.8966324
7.712005877
6.854226608
10.24633548
5.570892949
24.42770696
37.70343714
22.2439683
3.497105222
13.19893004
16.55720374
16.33140034
8.050809925
16.74930888
27.03066196
3.600931554
10.04645969
22.17067453
13.50939434
20.26105911
14.93992637
16.58989502
16.35133882
16.55688392
10.40310413
23.0146265
25.50948685
43.89558728
44.50277771
6.242295077
18.77309335
9.986427378
10.89777061
7.354143031
8.159558695
6.35982772
10.09782419
4.596847051
5.396725636
5.679960706
5.561050197
7.966333718
13.08723101
4.579858242
14.80189355
5.35529098
10.0535851
19.58123574
13.41589266
7.091271632
8.939557698
20.30529436
18.35744276
14.3405937
5.875272069
6.984598923
19.51081736
17.92617099
11.99172956
3.669647855
1.920434824
0.116588027
8.430137351
8.39213736
17.86410649
7.592773218
10.47380539
5.651112643
11.93341603
2.066041116
16.23901544
10.56941165
8.990640431
12.76902538
12.64485438
2.989152405
3.052949192
15.2340352
0.777857947
7.432989897
3.647493709
6.95192522
8.17477783
1.106459923
7.834428354
3.675555411
5.316346106
4.306584225
10.12430637
0.3111560133
2.148254429
14.27084954
5.075966889
12.11375496
21.23071069
3.202485014
0.5989584846
3.786863931
9.006651336
12.53227704
272.2365372
14.88307815
2.576619891
13.48612141
9.984481803
8.302516915
1.160037823
2.115447864
6.247081586
7.658413136
61.73641729
8.746675396
6.208435667
5.834582549
17.84342285
20.91281497
10.64160617
8.779163923
7.989901564
4.213040062
5.090351296
5.554629248
7.498792132
42.50291835
26.71350634
6.557583639
20.58954719
5.777916178
20.56630323
15.08045792
50.78980822
11.39961004
26.7986615
44.74889023
16.41333824
32.07586102
93.32839196
15.23346072
45.99569617
565.6434423
10.59362651
105.613818
11.57174737
9.075180296
15.93174226
13.14286618
5.575916549
18.98297036
8.376314371
25.0720751
14.00692026
7.573785679
3.426985951
0.9887336056
2.4774032
23.26583289
13.88131487
2.134080668
20.37045919
0.6083764963
10.65187781
17.49197923
34.94776745
14.61316806
16.7042187
10.6252771
8.788972094
2.167441894
15.51329125
9.232033562
3.93499097
308.3775905
32.42091074
10.38202843
9.390290893
