#################################### 
# Matrix Size= (25,25,400)
# Resol      = (1,1,4000)
# VoxelSize  = (25,25,0.1)
# nbVal      = 4000
#################################### 
2.826577609e-14
1.94110606e-14
2.080966737e-14
2.190596669e-14
2.490348416e-14
2.719141934e-14
1.880884412e-14
2.402394619e-14
2.687196219e-14
2.123458225e-14
1.947949548e-14
2.339917267e-14
2.327240476e-14
2.687845938e-14
3.864571177e-14
3.342397491e-14
2.807782067e-14
3.522315083e-14
2.256272794e-14
2.089940885e-14
2.686304407e-14
2.216685547e-14
2.874120468e-14
2.895445578e-14
2.633327646e-14
2.67754133e-14
3.485073451e-14
3.471365343e-14
2.803181924e-14
2.789566253e-14
1.986908323e-14
2.412538309e-14
2.986973237e-14
3.218450953e-14
3.824907284e-14
2.84025864e-14
2.880953055e-14
2.832135478e-14
2.508770247e-14
2.744496389e-14
2.480148146e-14
3.816630932e-14
2.638982834e-14
3.49810607e-14
2.605437248e-14
2.955356433e-14
2.643721086e-14
2.450170155e-14
3.314804273e-14
3.061617984e-14
2.194862857e-14
3.37287326e-14
2.78125901e-14
3.081983261e-14
2.485882891e-14
2.666290557e-14
2.804304409e-14
2.406059121e-14
3.116408986e-14
2.985694068e-14
2.6613908e-14
2.578420402e-14
2.978737258e-14
3.313677667e-14
2.908534637e-14
3.063693331e-14
3.810523132e-14
2.58014152e-14
2.70138556e-14
3.250847933e-14
3.089735942e-14
2.36954984e-14
3.136883734e-14
2.709721081e-14
2.406552777e-14
2.575905722e-14
2.749308441e-14
2.875346566e-14
2.926257124e-14
3.477727151e-14
3.418442032e-14
2.428123569e-14
2.844829377e-14
2.511783453e-14
2.660726071e-14
2.898761159e-14
2.636165359e-14
3.713897273e-14
2.761238013e-14
3.285136357e-14
3.659696061e-14
2.833378457e-14
3.100649977e-14
2.547770405e-14
2.533659024e-14
2.538893803e-14
2.50292121e-14
3.84695228e-14
2.714987678e-14
2.794088468e-14
2.669991006e-14
2.437975631e-14
3.342940516e-14
3.216664215e-14
3.248958494e-14
3.955531125e-14
2.678904557e-14
3.955757493e-14
3.390945338e-14
3.530022216e-14
2.969025188e-14
2.628227405e-14
4.423330163e-14
3.11807755e-14
3.212003148e-14
3.896239835e-14
3.544500024e-14
3.377940325e-14
3.852508712e-14
2.94671419e-14
2.489587571e-14
2.584428126e-14
3.278227254e-14
3.337450048e-14
3.497509755e-14
4.343793283e-14
3.352789414e-14
2.865266318e-14
2.436877578e-14
3.655746914e-14
2.905793745e-14
3.918379482e-14
3.479865903e-14
3.706078672e-14
3.085862276e-14
2.642164027e-14
3.162935337e-14
4.170979634e-14
3.182462526e-14
3.833862867e-14
3.394448214e-14
3.543728083e-14
2.812461273e-14
2.655059348e-14
2.881730586e-14
2.769708413e-14
2.778804587e-14
2.841782083e-14
2.870265039e-14
2.689658628e-14
3.468019836e-14
2.295892781e-14
3.183911064e-14
3.073965919e-14
3.588142512e-14
3.283600495e-14
2.720588694e-14
3.548404804e-14
2.386820444e-14
2.936499279e-14
2.989647576e-14
2.99243873e-14
3.32863223e-14
2.787054724e-14
2.411785223e-14
2.349197549e-14
3.388766566e-14
3.484540278e-14
3.881851883e-14
3.497703389e-14
3.665157185e-14
3.519596791e-14
2.701560012e-14
2.66620804e-14
3.43080481e-14
3.911096462e-14
2.608979504e-14
3.581934782e-14
3.034280407e-14
2.980981504e-14
4.045840661e-14
3.625787364e-14
3.818173871e-14
3.143699963e-14
3.709233257e-14
2.623194839e-14
2.939655319e-14
2.543293051e-14
2.769749532e-14
3.174271964e-14
2.647677423e-14
3.038578696e-14
2.830855119e-14
3.136798192e-14
3.302900432e-14
3.427367804e-14
3.204586896e-14
3.138293265e-14
2.79158423e-14
2.80775841e-14
3.573131511e-14
2.80669687e-14
3.692689691e-14
2.907042561e-14
3.230973154e-14
2.592648095e-14
2.455437592e-14
4.875678704e-14
4.349693378e-14
2.844470917e-14
3.345273486e-14
4.031990473e-14
3.478265875e-14
4.697722361e-14
4.09688672e-14
3.26707928e-14
2.96214324e-14
2.995554304e-14
2.563733196e-14
3.041533154e-14
3.264340245e-14
2.809932036e-14
3.481671379e-14
3.852451736e-14
3.681453861e-14
3.307802702e-14
3.55989048e-14
2.991994594e-14
3.487893275e-14
3.444907955e-14
3.417229289e-14
2.72357032e-14
3.129231556e-14
2.55039915e-14
2.513787544e-14
2.638650483e-14
3.632405976e-14
3.081237438e-14
3.298844101e-14
4.227022e-14
4.392232393e-14
3.254286374e-14
3.465467855e-14
2.481645729e-14
2.742832385e-14
2.824221562e-14
2.934146091e-14
3.23719489e-14
4.282291994e-14
2.874045414e-14
3.730487212e-14
3.027096215e-14
2.775529442e-14
3.079391962e-14
3.940495268e-14
2.958715194e-14
2.689796886e-14
3.360209851e-14
3.478809846e-14
3.364605567e-14
2.886036631e-14
3.331988963e-14
3.593743612e-14
2.913634151e-14
3.370692359e-14
3.08135541e-14
2.792561465e-14
2.890045664e-14
2.965325074e-14
3.314125377e-14
3.118583241e-14
2.940719898e-14
2.75407716e-14
2.793259151e-14
3.718730842e-14
2.944640691e-14
2.930105607e-14
4.555312466e-14
3.255517319e-14
3.320070226e-14
3.576886573e-14
2.93121971e-14
3.440479812e-14
3.165617002e-14
3.697987898e-14
3.080791897e-14
2.778830659e-14
2.789286234e-14
2.742066052e-14
3.413137143e-14
3.064333734e-14
2.649047112e-14
3.171896172e-14
2.544397497e-14
3.207926403e-14
3.359194448e-14
4.586832764e-14
3.13503068e-14
3.401736663e-14
2.563126113e-14
4.194227069e-14
3.189470981e-14
4.993449629e-14
3.707591377e-14
2.907448708e-14
2.989878401e-14
2.954450497e-14
3.022358451e-14
3.434756041e-14
3.379283532e-14
2.980246396e-14
3.752806871e-14
3.182736512e-14
3.100028658e-14
3.590322919e-14
3.075891242e-14
2.826541727e-14
2.853712544e-14
3.292963627e-14
2.850702571e-14
2.814502419e-14
2.668676583e-14
3.933819223e-14
3.289711396e-14
3.183444272e-14
3.549437223e-14
3.171831167e-14
3.514642381e-14
3.388296814e-14
3.838914506e-14
4.299087229e-14
3.100181816e-14
3.295740583e-14
2.478900664e-14
3.707245098e-14
4.239436304e-14
4.111705936e-14
3.170430012e-14
3.174051897e-14
2.833532475e-14
3.137265757e-14
2.893903046e-14
2.786596589e-14
2.657882726e-14
3.036032193e-14
3.481288451e-14
3.062789783e-14
2.522820347e-14
4.204251861e-14
3.252138153e-14
3.505221558e-14
3.383476014e-14
3.038169095e-14
3.729496924e-14
3.884049417e-14
3.83275428e-14
3.222276942e-14
3.067670042e-14
2.855840589e-14
2.658004145e-14
3.022578272e-14
4.280507776e-14
3.750777444e-14
3.287744916e-14
3.579451262e-14
2.841097132e-14
2.784634365e-14
3.286811835e-14
3.277911066e-14
3.441279652e-14
3.24348696e-14
3.119007308e-14
3.536246992e-14
3.058421187e-14
3.150658996e-14
3.146536545e-14
3.012071687e-14
3.349039084e-14
2.621216907e-14
3.3102309e-14
3.361304258e-14
2.910923282e-14
4.334043488e-14
3.434324524e-14
3.146640514e-14
3.05361319e-14
2.781285162e-14
3.07104433e-14
2.769170849e-14
3.242163375e-14
3.20626472e-14
3.407268656e-14
3.640646958e-14
3.547932533e-14
3.280637542e-14
4.038580376e-14
3.032072448e-14
3.328041266e-14
3.285155638e-14
3.670548074e-14
3.555172622e-14
2.807305792e-14
3.01463466e-14
3.00734335e-14
3.005485579e-14
3.129915522e-14
3.198090467e-14
3.648307406e-14
3.108413163e-14
3.509692725e-14
3.020950903e-14
4.030854365e-14
3.082514617e-14
3.048412173e-14
3.078606099e-14
4.358074222e-14
4.127467539e-14
3.228023873e-14
3.065553389e-14
2.824590779e-14
3.918710647e-14
2.810752561e-14
3.419440676e-14
3.610326811e-14
3.516916561e-14
3.95663513e-14
4.46999513e-14
3.069279399e-14
3.982593543e-14
3.231773357e-14
2.783122209e-14
3.095937216e-14
3.127489041e-14
3.114645505e-14
3.43578758e-14
3.985492033e-14
4.035921675e-14
3.877667034e-14
3.15529356e-14
3.037801243e-14
2.842319902e-14
4.306314682e-14
3.3880582e-14
3.40430696e-14
3.247431741e-14
2.771760789e-14
3.388892041e-14
3.943506208e-14
3.281722893e-14
3.642232553e-14
3.039024045e-14
3.074026945e-14
3.217061979e-14
2.820303444e-14
3.258163821e-14
3.723941754e-14
3.75733006e-14
3.08119597e-14
3.258126642e-14
3.366847198e-14
5.0697304e-14
3.346374767e-14
3.822059735e-14
3.813401025e-14
3.115903808e-14
4.628201844e-14
3.617307415e-14
3.304454523e-14
3.173593188e-14
2.871209653e-14
3.221108315e-14
2.813753707e-14
3.412559745e-14
3.771282707e-14
2.820155315e-14
3.275282856e-14
3.136663328e-14
3.782323178e-14
3.025578969e-14
3.713787399e-14
3.691891781e-14
3.406229129e-14
3.406584251e-14
3.465377166e-14
4.090976329e-14
3.262738314e-14
3.762473523e-14
2.905859595e-14
3.055151176e-14
3.351633632e-14
3.557245833e-14
2.831366497e-14
3.393017602e-14
3.543444712e-14
3.397705671e-14
2.883579459e-14
3.506252048e-14
3.867619357e-14
3.995727275e-14
3.103520375e-14
3.166261283e-14
3.820764271e-14
3.925441475e-14
3.314350503e-14
3.807515462e-14
4.501038038e-14
3.513891349e-14
3.371346452e-14
3.469689165e-14
3.266772235e-14
3.365224663e-14
4.119557629e-14
4.078785271e-14
5.003333222e-14
3.86180752e-14
3.440507569e-14
3.093639557e-14
3.345970745e-14
2.934942171e-14
3.012629505e-14
3.053226441e-14
3.103177663e-14
4.373192308e-14
3.610160879e-14
3.670379298e-14
3.201155752e-14
3.158879743e-14
3.018138311e-14
3.157292145e-14
3.016535814e-14
3.041267884e-14
3.232899926e-14
3.975464816e-14
3.488578146e-14
3.198669114e-14
3.663329839e-14
2.960039988e-14
3.55471636e-14
3.002881005e-14
3.244419564e-14
3.334996476e-14
2.951075863e-14
3.693529033e-14
3.417351804e-14
3.073071068e-14
3.085413694e-14
3.006085211e-14
3.46243771e-14
3.887076667e-14
3.363528261e-14
3.76375872e-14
4.239815881e-14
4.223754892e-14
3.708955362e-14
3.050837854e-14
3.344271649e-14
3.313188048e-14
3.465238043e-14
3.079998754e-14
4.637889388e-14
3.37566998e-14
2.977728696e-14
2.984357806e-14
2.890873853e-14
3.163678287e-14
2.883921592e-14
3.36106163e-14
3.142320699e-14
3.407747397e-14
3.493350519e-14
3.160437577e-14
4.006754779e-14
3.018078688e-14
3.553451405e-14
2.853263534e-14
3.409202173e-14
3.961298292e-14
3.873104487e-14
3.17654092e-14
3.144949979e-14
2.793503724e-14
3.596620113e-14
3.130371247e-14
3.081207813e-14
3.558820294e-14
3.164321692e-14
2.88530132e-14
3.364006901e-14
3.648027406e-14
3.202172734e-14
3.697147999e-14
3.128779284e-14
4.065991145e-14
2.689251639e-14
3.686943652e-14
3.198833722e-14
3.322535913e-14
3.184603696e-14
3.513241666e-14
4.032227745e-14
3.449333955e-14
3.944751035e-14
4.193030343e-14
3.887965837e-14
2.914036538e-14
3.542609327e-14
3.410132681e-14
3.607234758e-14
3.066503441e-14
3.893397323e-14
3.821635532e-14
3.411554847e-14
3.262173059e-14
3.542795955e-14
3.185088031e-14
3.136499415e-14
3.280529794e-14
2.998523603e-14
3.868338423e-14
3.593784877e-14
3.54980495e-14
3.449768015e-14
2.965031816e-14
3.232773938e-14
2.96712467e-14
3.319561715e-14
3.344876545e-14
3.285927005e-14
3.476528764e-14
3.414837513e-14
3.352855989e-14
3.578469048e-14
4.135245097e-14
2.969440426e-14
4.335881124e-14
3.373678644e-14
3.372771059e-14
2.943700267e-14
3.19085938e-14
3.401204849e-14
3.295571068e-14
3.481852197e-14
4.015509356e-14
3.519416047e-14
3.332491923e-14
3.562512205e-14
3.604622061e-14
3.220918657e-14
3.128740128e-14
4.280244387e-14
3.52676661e-14
3.88384517e-14
3.642766128e-14
3.283084771e-14
3.028761531e-14
2.946319546e-14
3.295768146e-14
3.362614855e-14
3.464509892e-14
3.642065251e-14
4.453987133e-14
3.39988174e-14
3.461877535e-14
3.551890513e-14
3.408003122e-14
4.079751489e-14
4.171800359e-14
4.042665242e-14
3.188470733e-14
3.279406141e-14
4.993036498e-14
3.208005904e-14
3.462608715e-14
4.34593339e-14
3.565700628e-14
4.454233233e-14
3.483115666e-14
3.393853084e-14
2.822129369e-14
4.101328207e-14
3.291349474e-14
3.391639842e-14
3.637774403e-14
2.969913169e-14
3.361633457e-14
2.968043577e-14
3.096794006e-14
3.310337781e-14
3.733000575e-14
3.437427259e-14
3.496132403e-14
4.470435604e-14
4.451235732e-14
3.600873762e-14
3.504134176e-14
3.614992123e-14
5.897408983e-14
3.067099336e-14
3.609555345e-14
3.406106252e-14
3.361127599e-14
3.481680953e-14
4.102795473e-14
3.187185091e-14
4.116859664e-14
3.620103543e-14
3.51046517e-14
3.450563339e-14
3.745063895e-14
3.639113881e-14
3.372925715e-14
3.346907618e-14
3.356250426e-14
4.804736491e-14
3.451365803e-14
3.850182313e-14
4.106682932e-14
3.685612265e-14
4.193367488e-14
5.02093428e-14
3.790531395e-14
3.664453529e-14
3.387337087e-14
3.450396071e-14
3.412097766e-14
3.902339028e-14
3.028028986e-14
3.283466989e-14
3.285200293e-14
3.379621546e-14
4.317691922e-14
3.399632558e-14
3.478322753e-14
3.860475294e-14
4.595548154e-14
4.146332452e-14
4.321372648e-14
3.795871658e-14
5.230881487e-14
3.986698696e-14
2.977994787e-14
4.050320867e-14
3.651177404e-14
3.549121697e-14
3.572980128e-14
4.525156003e-14
3.738177587e-14
3.925936151e-14
3.219186692e-14
3.091802229e-14
3.023520205e-14
4.082792414e-14
3.302063426e-14
3.235761791e-14
3.467488438e-14
3.422928629e-14
3.578848916e-14
3.185245329e-14
3.35396424e-14
3.431389571e-14
3.520193383e-14
3.639852052e-14
3.074097346e-14
3.086980026e-14
3.552720851e-14
3.427459658e-14
3.351582302e-14
3.669438398e-14
3.016565795e-14
3.433470462e-14
3.996624997e-14
3.50261096e-14
3.327280152e-14
4.704996274e-14
3.924435282e-14
3.491723415e-14
3.182594734e-14
4.299459071e-14
3.482087835e-14
3.089755526e-14
3.509254911e-14
4.748153452e-14
4.081222363e-14
3.511107083e-14
3.230531834e-14
3.642859863e-14
3.502531621e-14
3.067357962e-14
2.912525855e-14
3.503640138e-14
3.142965183e-14
3.344474592e-14
3.606465268e-14
3.279455654e-14
3.856423883e-14
3.893327005e-14
3.396642445e-14
3.502795727e-14
3.860579113e-14
3.211762386e-14
4.484095857e-14
3.223049992e-14
3.755501743e-14
4.058469521e-14
3.165585721e-14
3.373041093e-14
3.764232439e-14
4.045616858e-14
4.033539743e-14
4.576249553e-14
3.283859331e-14
3.663741071e-14
3.45445278e-14
3.443582436e-14
3.732482824e-14
3.49985653e-14
3.087288418e-14
3.426534886e-14
3.560056504e-14
3.827684028e-14
3.21527521e-14
3.665296546e-14
3.367270835e-14
3.296331577e-14
4.159612057e-14
3.435481607e-14
3.417014533e-14
4.100882735e-14
3.424755709e-14
3.47984874e-14
3.660711525e-14
3.476676274e-14
5.734673832e-14
3.460687839e-14
3.780975222e-14
3.132802292e-14
4.564096381e-14
3.634517633e-14
3.055065133e-14
3.74722446e-14
4.249469522e-14
3.37160017e-14
5.193077063e-14
3.268616084e-14
3.27676132e-14
3.513522954e-14
3.423524115e-14
3.809752332e-14
3.023341186e-14
3.829059804e-14
3.391350446e-14
3.381410155e-14
3.499117793e-14
3.778828404e-14
3.001089316e-14
3.73715377e-14
3.958955913e-14
3.733360003e-14
3.805940711e-14
4.051424489e-14
3.3690038e-14
4.477279661e-14
3.982958889e-14
3.605358982e-14
3.630496006e-14
3.648832111e-14
3.400012622e-14
4.045137135e-14
3.3704104e-14
3.882678123e-14
3.262941194e-14
3.254079697e-14
3.285922412e-14
3.275602919e-14
3.492964594e-14
3.38527573e-14
3.401151085e-14
2.98771936e-14
3.452682429e-14
3.242627575e-14
3.92410426e-14
3.339343867e-14
4.66035772e-14
3.361111451e-14
3.347405687e-14
3.840252323e-14
3.500728395e-14
2.996568664e-14
3.438556518e-14
3.517910706e-14
3.714314812e-14
4.302676388e-14
3.510445899e-14
3.235676426e-14
3.122174355e-14
3.354128837e-14
3.455910249e-14
3.311492717e-14
3.677094977e-14
3.483409136e-14
3.603421183e-14
4.099229868e-14
3.380931487e-14
4.084551042e-14
3.52245235e-14
3.369840661e-14
3.272816762e-14
3.216604087e-14
3.231492254e-14
3.530699657e-14
3.784698964e-14
4.592158841e-14
4.681638321e-14
4.128547372e-14
3.812431177e-14
3.329781023e-14
3.285586665e-14
3.441201553e-14
4.161501913e-14
3.326240897e-14
4.364418645e-14
3.933358043e-14
3.486629511e-14
4.680555039e-14
3.16339535e-14
2.953592268e-14
3.594977758e-14
3.036982222e-14
3.528749742e-14
3.170165052e-14
3.418357463e-14
3.557966975e-14
3.680561846e-14
3.86199162e-14
3.466520258e-14
3.309485354e-14
3.774934231e-14
3.738318106e-14
3.821215129e-14
3.973743209e-14
3.167005576e-14
4.143247666e-14
3.440042603e-14
3.47523458e-14
3.855490782e-14
3.457533262e-14
3.432836169e-14
3.467708315e-14
3.326724505e-14
3.0013082e-14
3.530396031e-14
4.517116299e-14
3.480350517e-14
4.451001054e-14
3.814625215e-14
3.689415699e-14
4.315170406e-14
3.738118113e-14
3.360216994e-14
3.281087552e-14
3.811804289e-14
4.503019518e-14
4.09749013e-14
3.743482533e-14
3.591124563e-14
3.721016499e-14
3.783274613e-14
4.096992593e-14
3.436721349e-14
3.696155135e-14
3.459741332e-14
3.145351703e-14
3.192621431e-14
3.60281457e-14
3.208730895e-14
3.678488919e-14
3.535716066e-14
3.444284117e-14
4.209715337e-14
3.605985467e-14
3.327883713e-14
3.332884905e-14
4.053637055e-14
3.49447177e-14
4.469159634e-14
3.679543591e-14
3.470330708e-14
3.738427027e-14
3.872934462e-14
3.851428195e-14
3.434228092e-14
4.058136438e-14
4.802205876e-14
3.230375392e-14
4.296235394e-14
3.450139901e-14
3.916514239e-14
4.09515043e-14
4.041033411e-14
3.735568751e-14
4.030362308e-14
3.310807062e-14
4.694383079e-14
3.749586516e-14
3.403148836e-14
4.083023936e-14
3.577341037e-14
3.166690523e-14
3.676025535e-14
4.193322076e-14
4.771427133e-14
3.66837065e-14
3.697999481e-14
3.444462547e-14
4.393498741e-14
3.899468316e-14
3.403101918e-14
3.627145552e-14
3.2241775e-14
4.173174138e-14
3.304375979e-14
4.341182613e-14
4.062554429e-14
3.579871883e-14
3.774757669e-14
4.03348864e-14
4.137422227e-14
3.48966475e-14
4.576748947e-14
3.754820444e-14
4.05378712e-14
3.51630108e-14
3.968130561e-14
3.682503575e-14
3.586287783e-14
3.558543738e-14
3.379071285e-14
3.107069571e-14
4.118475807e-14
4.740677114e-14
3.311204241e-14
3.553712886e-14
3.467745906e-14
3.331357939e-14
4.074616099e-14
3.766523153e-14
3.92687476e-14
3.513059407e-14
3.835934846e-14
3.437378247e-14
3.560142083e-14
4.105114833e-14
4.15316774e-14
4.292122306e-14
3.824587924e-14
4.32430754e-14
4.394632611e-14
3.609561551e-14
3.483215731e-14
3.472117845e-14
3.348349599e-14
4.488247164e-14
4.70532536e-14
3.489641628e-14
3.734879635e-14
3.751483701e-14
3.65317997e-14
4.304739575e-14
4.030823655e-14
3.745615086e-14
3.570722726e-14
4.231302277e-14
4.428502926e-14
3.44847111e-14
3.497206673e-14
3.328668063e-14
3.992336193e-14
4.000334662e-14
3.677029509e-14
4.085441878e-14
3.619649913e-14
5.297920095e-14
4.437716858e-14
3.408258221e-14
3.576113482e-14
3.308815955e-14
3.315735569e-14
4.312809913e-14
3.820657038e-14
3.521544121e-14
3.316012349e-14
4.018646544e-14
3.919865592e-14
3.620944364e-14
3.238905145e-14
3.616464551e-14
3.968278354e-14
3.587959633e-14
3.417729904e-14
3.478667356e-14
4.739758607e-14
4.41524563e-14
4.095510119e-14
3.711008904e-14
3.529671938e-14
3.939528081e-14
3.557344187e-14
4.238890491e-14
3.53362131e-14
4.106964124e-14
3.683405868e-14
3.455912316e-14
3.324426348e-14
3.326900064e-14
3.199487723e-14
3.628572636e-14
3.322065349e-14
3.229849754e-14
3.544316383e-14
3.7800751e-14
3.601302539e-14
4.284544817e-14
3.690554605e-14
3.555717861e-14
4.356207629e-14
5.111888589e-14
3.70870222e-14
4.117120922e-14
3.492892583e-14
4.140476468e-14
4.249126882e-14
4.044272028e-14
3.912780956e-14
3.526014786e-14
4.333034146e-14
4.230126563e-14
3.481162181e-14
3.958972052e-14
4.120910851e-14
4.776296264e-14
3.516704277e-14
3.710779632e-14
3.54240105e-14
3.728003061e-14
4.639363166e-14
3.51095574e-14
3.479566107e-14
3.570883925e-14
3.406239143e-14
3.442950625e-14
3.504237884e-14
3.845368231e-14
3.16343936e-14
3.831898817e-14
3.503057436e-14
3.832913894e-14
3.423688706e-14
3.756356126e-14
3.714536718e-14
3.506298391e-14
3.495672597e-14
3.281406231e-14
3.324419576e-14
3.908614131e-14
3.927527415e-14
3.623230417e-14
3.629782913e-14
3.44767067e-14
3.393896008e-14
3.502760229e-14
3.530612563e-14
4.322069984e-14
3.704431138e-14
3.532301375e-14
3.770801605e-14
3.778104905e-14
3.61542856e-14
3.518641557e-14
3.866997568e-14
3.82636274e-14
3.721801837e-14
3.570596652e-14
3.467626191e-14
3.509483957e-14
3.98331907e-14
3.931933571e-14
4.285997741e-14
3.79505296e-14
4.290228303e-14
4.60340157e-14
3.890341347e-14
3.573704533e-14
3.329981719e-14
3.623345986e-14
3.847609153e-14
3.608413155e-14
3.424619759e-14
3.928755902e-14
3.526124752e-14
4.643526288e-14
3.697473597e-14
3.673850495e-14
3.907606158e-14
3.467807766e-14
3.510076025e-14
4.167171519e-14
4.127943988e-14
3.835019244e-14
4.424082529e-14
3.404100275e-14
3.861477599e-14
4.496610173e-14
3.52140766e-14
3.688748532e-14
4.118276775e-14
3.961908355e-14
3.413257471e-14
3.730067021e-14
3.708798034e-14
3.765552144e-14
3.531610248e-14
3.67567476e-14
3.669383264e-14
4.176774856e-14
4.807186255e-14
3.287560113e-14
3.596858358e-14
3.759013823e-14
4.251073428e-14
4.572397311e-14
3.899514644e-14
4.296770246e-14
4.065363457e-14
3.899072447e-14
4.507468835e-14
4.968705665e-14
5.774120885e-14
4.229667586e-14
3.954193525e-14
3.572099768e-14
3.494750461e-14
3.406210261e-14
3.623680788e-14
4.121650448e-14
3.504514095e-14
4.38704539e-14
3.925484568e-14
4.012714462e-14
3.723452938e-14
4.599157849e-14
3.513183362e-14
4.588365339e-14
3.662014943e-14
3.390352905e-14
3.607173888e-14
3.63588276e-14
3.757744179e-14
3.858318584e-14
3.688944239e-14
3.073031973e-14
3.352988914e-14
3.933939697e-14
3.895633334e-14
3.85558332e-14
4.002815738e-14
3.926533974e-14
3.810745677e-14
3.980171524e-14
4.396833734e-14
4.486580862e-14
4.167066235e-14
3.974922119e-14
4.084047075e-14
3.631958621e-14
3.857098379e-14
3.777395824e-14
4.12872932e-14
3.499825315e-14
4.062903042e-14
3.821296829e-14
3.517754421e-14
3.659000263e-14
3.160825749e-14
3.777628527e-14
3.822085317e-14
5.162467408e-14
4.171278584e-14
3.477481501e-14
3.786285915e-14
3.925332402e-14
4.998145868e-14
4.551013184e-14
3.776700852e-14
4.137435454e-14
3.742196176e-14
4.505505728e-14
5.06890815e-14
3.670456387e-14
3.510812799e-14
3.866439392e-14
3.646348065e-14
4.151523654e-14
4.014424112e-14
4.755364047e-14
4.804607508e-14
4.305083593e-14
3.731847645e-14
3.553019878e-14
3.308810471e-14
3.354880077e-14
4.179018387e-14
3.939559631e-14
4.448011704e-14
3.503007584e-14
4.22274292e-14
3.767671359e-14
3.591439262e-14
4.099560143e-14
4.405331015e-14
4.027304291e-14
4.584112436e-14
5.502709669e-14
3.981499513e-14
3.592118437e-14
4.071389822e-14
4.141046848e-14
4.341822245e-14
4.346499373e-14
3.860958365e-14
3.699652659e-14
3.630054274e-14
3.78720769e-14
3.474174762e-14
3.974223438e-14
3.399394331e-14
3.463829469e-14
3.525019629e-14
3.408608203e-14
3.61491128e-14
3.48074809e-14
4.010651103e-14
3.575325328e-14
4.190138759e-14
3.508010507e-14
3.854765156e-14
4.202531393e-14
3.730430237e-14
3.990450642e-14
3.973789455e-14
4.787137309e-14
5.541670914e-14
4.53222265e-14
4.376983899e-14
4.526928872e-14
3.676770796e-14
3.691793501e-14
3.740335877e-14
4.205260445e-14
4.336406194e-14
4.750808724e-14
3.670274779e-14
4.395853877e-14
3.813484922e-14
5.197236767e-14
4.343129409e-14
3.727105766e-14
3.868959374e-14
3.527742226e-14
3.499744194e-14
3.378466604e-14
3.678727656e-14
3.751645053e-14
3.530074881e-14
3.585859724e-14
3.618981396e-14
3.745003565e-14
4.932974157e-14
3.344816436e-14
3.676758959e-14
4.050426347e-14
3.991138734e-14
4.172474092e-14
4.151489856e-14
4.448495696e-14
3.914998331e-14
3.935574269e-14
4.294883617e-14
3.810241911e-14
3.634858489e-14
5.109455949e-14
4.133069325e-14
3.470968807e-14
3.65298672e-14
4.131680077e-14
4.020571897e-14
4.495318669e-14
3.707502434e-14
4.214957885e-14
3.895206751e-14
4.205778464e-14
3.910173435e-14
3.720680365e-14
3.59533106e-14
3.786515052e-14
3.499636917e-14
4.073171001e-14
4.449402102e-14
3.996993192e-14
3.591256862e-14
4.108703838e-14
3.700089096e-14
4.055404068e-14
4.249307608e-14
3.868805226e-14
4.144664674e-14
3.779127983e-14
4.243965992e-14
3.772951665e-14
4.356494771e-14
3.94345672e-14
4.11359674e-14
3.655162824e-14
4.581064596e-14
4.526676755e-14
4.067355669e-14
4.494630375e-14
4.458117306e-14
4.164002788e-14
4.731129246e-14
4.948967317e-14
4.072668693e-14
4.321446239e-14
4.185184313e-14
4.401805707e-14
4.512706982e-14
4.29462605e-14
3.700824007e-14
3.893775359e-14
3.936151769e-14
4.998527983e-14
4.908851279e-14
3.991750707e-14
4.60577775e-14
4.192309621e-14
4.956712666e-14
4.431586239e-14
4.117345675e-14
4.145384506e-14
4.348934642e-14
3.884148332e-14
4.029161362e-14
4.934803222e-14
4.950400536e-14
4.470038946e-14
4.363287003e-14
4.723930605e-14
4.649461093e-14
4.602832798e-14
5.568930013e-14
4.029494247e-14
4.270076408e-14
4.646731397e-14
3.893464084e-14
3.787561863e-14
4.059068481e-14
4.132936558e-14
4.528590359e-14
4.401416176e-14
3.711053365e-14
3.876379312e-14
4.794356513e-14
4.114352719e-14
3.745574374e-14
4.776446588e-14
3.857380868e-14
3.571859628e-14
3.702745889e-14
4.220338313e-14
3.798011065e-14
4.656608371e-14
3.828828336e-14
3.964877626e-14
4.553928369e-14
3.717130597e-14
4.172553121e-14
4.187186635e-14
3.90145972e-14
4.287797117e-14
4.383450092e-14
3.513731066e-14
4.095377024e-14
4.862542155e-14
3.97318567e-14
3.77213599e-14
4.315908095e-14
5.246530606e-14
4.438671079e-14
4.449481314e-14
4.055111692e-14
4.10210885e-14
4.148825475e-14
3.886363833e-14
3.953522799e-14
4.026294841e-14
3.788185394e-14
3.919154174e-14
4.319588962e-14
3.916847798e-14
3.717064951e-14
3.848119413e-14
3.946686856e-14
3.876900524e-14
4.255472612e-14
3.655356451e-14
3.763061643e-14
4.193965385e-14
4.108916896e-14
3.6659153e-14
3.479121827e-14
3.733853902e-14
3.817392159e-14
3.477948003e-14
4.079255155e-14
3.977871944e-14
4.203015028e-14
4.384660877e-14
3.929365722e-14
4.417725339e-14
4.113959133e-14
4.671175782e-14
4.392556836e-14
3.791169268e-14
4.28663661e-14
4.077038883e-14
4.881771385e-14
3.865785515e-14
4.54666691e-14
3.818781869e-14
4.402014512e-14
4.676345751e-14
4.601752703e-14
5.29939792e-14
4.412098228e-14
3.849641142e-14
4.167960858e-14
4.289615021e-14
3.675624542e-14
3.86888237e-14
3.92506239e-14
4.025191738e-14
4.493365846e-14
4.003659782e-14
3.978479435e-14
4.29199959e-14
4.217473378e-14
4.074157018e-14
4.751453653e-14
3.953446042e-14
4.161005051e-14
4.727205628e-14
5.048956404e-14
4.055685875e-14
4.152799769e-14
3.791525023e-14
3.886766329e-14
4.293811279e-14
3.891196898e-14
3.863161433e-14
3.726393679e-14
4.096391585e-14
4.571432043e-14
4.059315669e-14
4.97499302e-14
4.219936654e-14
3.70348225e-14
4.832651291e-14
4.224561613e-14
3.98336625e-14
4.324737641e-14
4.698215159e-14
4.630020374e-14
4.220844504e-14
4.270226028e-14
4.167795594e-14
3.722432803e-14
5.039051049e-14
6.378636563e-14
4.191058938e-14
3.957395748e-14
3.812536825e-14
4.957082935e-14
4.269122812e-14
3.834292333e-14
3.850745948e-14
4.181286403e-14
4.237378978e-14
4.518898829e-14
4.562239656e-14
4.554912605e-14
3.79677344e-14
3.850930252e-14
4.193361734e-14
4.803379482e-14
4.371238247e-14
4.675540564e-14
3.76364139e-14
4.160451542e-14
4.901217906e-14
4.869545204e-14
4.196129152e-14
4.920823605e-14
4.871222506e-14
3.967120221e-14
4.018944994e-14
3.820919546e-14
4.434745122e-14
4.465738374e-14
4.098708321e-14
4.014360856e-14
4.473147344e-14
4.191643681e-14
4.466025882e-14
3.678008829e-14
3.93064755e-14
4.320133989e-14
4.356843641e-14
4.908477626e-14
4.111295871e-14
4.284422906e-14
4.95431501e-14
3.892651919e-14
4.337880569e-14
3.786895041e-14
3.902952338e-14
4.273314517e-14
4.12554881e-14
4.566823639e-14
3.830921595e-14
3.931163136e-14
4.293243016e-14
4.653749397e-14
4.826290374e-14
4.418026594e-14
4.218752652e-14
4.534468833e-14
3.945097854e-14
4.565582549e-14
5.018700953e-14
4.302291091e-14
3.754467724e-14
4.208121869e-14
4.030914387e-14
4.453804117e-14
4.668562794e-14
4.241219718e-14
3.99910331e-14
4.659916575e-14
4.185250668e-14
4.788744733e-14
3.769591e-14
5.132806413e-14
3.82602528e-14
4.924602168e-14
4.540982252e-14
4.027446393e-14
4.296044644e-14
4.140970555e-14
4.197532287e-14
4.162901015e-14
4.292637195e-14
4.870752228e-14
5.426098067e-14
4.67483757e-14
4.641117757e-14
4.211501777e-14
3.934615602e-14
3.987063944e-14
4.153153415e-14
4.47492767e-14
4.243354146e-14
4.349606865e-14
4.142246554e-14
4.700155609e-14
4.258901268e-14
4.418865523e-14
4.567436953e-14
4.082791471e-14
4.070288812e-14
4.306396106e-14
4.456647045e-14
3.93994266e-14
4.403989366e-14
4.542961318e-14
4.687806916e-14
3.797031753e-14
4.471351404e-14
5.505006687e-14
4.167764004e-14
4.434773754e-14
4.58644066e-14
4.653050664e-14
4.273755258e-14
4.42256053e-14
4.441765433e-14
4.258641524e-14
4.467362007e-14
4.464801428e-14
4.242248033e-14
4.229003063e-14
4.145284342e-14
4.113681648e-14
3.941778582e-14
4.615338772e-14
4.857808742e-14
5.413133902e-14
5.409877159e-14
4.176680241e-14
3.908124795e-14
4.823481029e-14
4.306842942e-14
4.112240082e-14
4.837921774e-14
5.005440857e-14
4.604185431e-14
5.079364921e-14
4.697646168e-14
4.3322273e-14
5.20193889e-14
4.339656065e-14
4.172177115e-14
4.250894475e-14
4.372077625e-14
4.500573844e-14
4.029776317e-14
4.445622836e-14
4.01276551e-14
4.199542933e-14
4.140533513e-14
4.128970555e-14
5.785942673e-14
4.458862507e-14
4.498630785e-14
4.009736321e-14
4.175112822e-14
4.409462976e-14
4.734233093e-14
4.679835955e-14
4.3553552e-14
4.370848975e-14
4.512805584e-14
4.917456144e-14
4.148950755e-14
4.21144677e-14
4.203739855e-14
4.228607743e-14
5.793369024e-14
4.879384162e-14
4.646136745e-14
4.48720215e-14
4.184983627e-14
4.095031681e-14
4.515252473e-14
4.728855253e-14
4.615532062e-14
4.193014477e-14
4.985296441e-14
4.311803868e-14
4.173799441e-14
4.36550659e-14
4.683664486e-14
4.440789428e-14
4.384234067e-14
4.2804236e-14
4.184518596e-14
5.063196089e-14
4.488621444e-14
4.422216395e-14
5.893681481e-14
4.430621687e-14
4.358332187e-14
4.089579659e-14
4.678807997e-14
4.304859494e-14
4.839650314e-14
4.783264699e-14
4.232632502e-14
4.957535813e-14
4.239658356e-14
4.452307002e-14
4.711305756e-14
4.347228547e-14
4.703338621e-14
4.21193534e-14
4.397381588e-14
4.301032579e-14
4.228110972e-14
4.304512577e-14
4.109130437e-14
4.151033015e-14
4.349832718e-14
4.224807473e-14
4.765787517e-14
4.839453798e-14
4.539638469e-14
4.244031698e-14
5.92309636e-14
4.268879401e-14
4.429390564e-14
4.635638356e-14
5.048927414e-14
4.345628509e-14
4.567820022e-14
4.60841789e-14
5.134922336e-14
4.401826999e-14
4.344786759e-14
4.716357885e-14
4.401753845e-14
5.020844244e-14
4.133764835e-14
3.978889052e-14
4.540048253e-14
4.060104807e-14
4.481688405e-14
4.389455771e-14
4.478918651e-14
4.28365178e-14
4.175784944e-14
4.840069321e-14
4.597243321e-14
4.214873658e-14
4.253388602e-14
5.109957728e-14
4.280856726e-14
4.628443117e-14
5.116020515e-14
4.701175361e-14
4.767153238e-14
5.284575246e-14
4.683317907e-14
4.537051946e-14
4.479497969e-14
4.638569788e-14
4.521860469e-14
3.989249129e-14
4.411868581e-14
4.305379586e-14
5.176719059e-14
4.340582533e-14
4.14936408e-14
4.366018958e-14
4.369958397e-14
4.408516367e-14
4.623882483e-14
4.58308532e-14
5.03358911e-14
4.735868779e-14
4.662867063e-14
4.535423298e-14
5.1071224e-14
4.467984885e-14
4.736361865e-14
5.734089183e-14
4.478224574e-14
5.331352859e-14
4.526940019e-14
4.592811854e-14
4.036046557e-14
4.164450256e-14
4.378335946e-14
4.266016129e-14
4.301319042e-14
4.665830996e-14
4.390318004e-14
4.468196552e-14
4.656982283e-14
5.032819283e-14
4.709215925e-14
4.989775959e-14
4.417794833e-14
4.329068438e-14
4.270161622e-14
4.472057305e-14
4.568311319e-14
4.773349793e-14
5.22766804e-14
5.200399785e-14
4.859045299e-14
4.689784756e-14
5.458947814e-14
4.305901059e-14
4.480868576e-14
4.505511713e-14
4.619964989e-14
4.151351483e-14
4.130759984e-14
4.382107001e-14
4.910782025e-14
4.785432914e-14
5.152775811e-14
4.686770321e-14
6.3790281e-14
5.039946586e-14
5.054509008e-14
4.912490715e-14
5.68303465e-14
4.606866424e-14
4.217960035e-14
4.944339366e-14
4.654789486e-14
4.759243281e-14
4.298570996e-14
4.457201348e-14
4.369657441e-14
4.89683356e-14
4.532762323e-14
4.795415455e-14
4.851702511e-14
4.514797081e-14
4.727052964e-14
5.334812345e-14
5.088847665e-14
4.339254511e-14
4.742296451e-14
4.960467485e-14
4.917572329e-14
4.782179965e-14
4.74402918e-14
4.693499093e-14
4.900958012e-14
4.776580069e-14
4.825559168e-14
5.097510341e-14
5.265441674e-14
4.937986525e-14
4.43939857e-14
4.911253046e-14
5.499139424e-14
4.828950943e-14
4.724197226e-14
4.76901025e-14
5.548076832e-14
5.705054072e-14
4.595644011e-14
4.697327661e-14
4.410176642e-14
4.5905118e-14
4.933523054e-14
5.575623786e-14
4.957221039e-14
4.562591035e-14
4.578474117e-14
4.832561128e-14
4.913079506e-14
4.687038437e-14
4.528719601e-14
5.074215201e-14
5.166492539e-14
5.023316039e-14
5.191991489e-14
4.553230797e-14
5.078148522e-14
5.565870047e-14
5.328108426e-14
5.231232431e-14
5.153527484e-14
4.806846058e-14
4.61105311e-14
4.61073753e-14
4.525848388e-14
5.077749288e-14
4.584178031e-14
4.967758773e-14
5.234334226e-14
5.105518776e-14
5.169262469e-14
4.961911804e-14
4.797265397e-14
6.159561266e-14
4.686836335e-14
4.896601648e-14
4.766983442e-14
4.661921951e-14
4.665594984e-14
4.942029978e-14
5.046601272e-14
4.504506324e-14
4.838007476e-14
4.821986651e-14
4.76173354e-14
5.159041811e-14
4.772061383e-14
4.745310894e-14
5.304222698e-14
5.427575742e-14
4.729236119e-14
4.986887163e-14
5.652654974e-14
5.106701012e-14
5.641130008e-14
5.847551676e-14
4.684277457e-14
5.12815624e-14
4.774084649e-14
5.317276898e-14
4.98652695e-14
4.941696357e-14
5.0967789e-14
4.935511219e-14
5.172001887e-14
5.157670076e-14
4.827957181e-14
5.002280968e-14
4.931287257e-14
4.812290293e-14
4.813055389e-14
4.943575081e-14
5.093107576e-14
4.718996673e-14
4.998715532e-14
4.883319569e-14
4.979178685e-14
4.995629773e-14
4.885167155e-14
4.788038224e-14
5.318807243e-14
4.950831994e-14
5.390767605e-14
5.448405309e-14
5.350376186e-14
5.211554602e-14
5.469169177e-14
5.589516832e-14
5.332973696e-14
4.781412538e-14
5.415666258e-14
4.939024516e-14
5.31166544e-14
5.002578232e-14
5.246184141e-14
4.80934794e-14
4.839949928e-14
4.750053193e-14
4.829088075e-14
5.291042952e-14
5.136859947e-14
5.183421896e-14
5.546413708e-14
5.843056752e-14
5.418916711e-14
5.14744881e-14
5.035649127e-14
5.428557292e-14
4.800633912e-14
5.284561924e-14
5.238688032e-14
5.080485825e-14
4.855915632e-14
5.122613158e-14
5.04711629e-14
6.237814662e-14
4.855154442e-14
5.168047447e-14
4.992946631e-14
5.418969801e-14
5.723294125e-14
5.367929246e-14
5.203761535e-14
5.112756033e-14
5.719049178e-14
4.893962336e-14
5.006953462e-14
4.995711093e-14
4.924796059e-14
5.52666431e-14
5.831512384e-14
5.372176411e-14
6.051649214e-14
5.937955121e-14
5.372768841e-14
4.741814141e-14
5.011848894e-14
5.072171496e-14
4.810592542e-14
5.016195415e-14
5.61362611e-14
4.892536187e-14
5.040004393e-14
5.308835874e-14
5.358273802e-14
5.349745855e-14
5.986135236e-14
6.362835855e-14
6.306379772e-14
5.176819606e-14
5.644947205e-14
5.597629692e-14
6.545042288e-14
5.12728012e-14
5.26787736e-14
5.149666196e-14
5.400882236e-14
5.633782921e-14
5.390677567e-14
5.584812995e-14
5.365785924e-14
6.510291735e-14
5.192534416e-14
5.245340053e-14
5.287545772e-14
5.050525884e-14
5.317074404e-14
6.235418691e-14
5.562245295e-14
5.379021512e-14
5.95448852e-14
5.519313167e-14
5.836220889e-14
6.390533171e-14
5.329824598e-14
5.262802023e-14
5.261763814e-14
6.592533119e-14
5.604399582e-14
5.821865109e-14
5.802508862e-14
5.25757078e-14
5.853644348e-14
5.338848244e-14
5.327447602e-14
5.569716709e-14
5.433650061e-14
5.416889108e-14
6.538574343e-14
6.088113652e-14
5.693587626e-14
5.204761438e-14
5.895878031e-14
5.547605695e-14
5.577965878e-14
5.430719212e-14
5.705053176e-14
5.779396187e-14
5.539238335e-14
5.896597834e-14
5.672581183e-14
5.745191085e-14
5.336813178e-14
5.391384662e-14
5.34607765e-14
5.534668522e-14
5.288810825e-14
5.349673876e-14
5.382349632e-14
5.82503233e-14
5.864561844e-14
5.52955493e-14
5.534564346e-14
5.524776451e-14
5.668399669e-14
5.572216963e-14
6.217243451e-14
5.498288026e-14
5.427557247e-14
5.946893506e-14
5.471643858e-14
5.264099038e-14
5.554029506e-14
6.262493574e-14
5.951473767e-14
5.725276487e-14
5.725770693e-14
5.904192436e-14
5.532713033e-14
5.798045616e-14
5.96634918e-14
6.101676278e-14
6.003811934e-14
5.830875557e-14
5.926468612e-14
5.82756195e-14
5.455054952e-14
5.714368406e-14
6.707634453e-14
5.908724226e-14
5.415956017e-14
5.682498827e-14
6.611041514e-14
5.987041815e-14
6.226496338e-14
5.706135786e-14
5.776546146e-14
5.717014038e-14
5.800096344e-14
6.502002461e-14
5.583496543e-14
5.628133736e-14
5.828810507e-14
5.830970543e-14
6.198512309e-14
6.369627485e-14
6.22232215e-14
5.810114106e-14
5.908531022e-14
5.50365228e-14
5.80891831e-14
5.373537667e-14
6.158824875e-14
6.11719638e-14
5.533080635e-14
5.830010837e-14
5.764457398e-14
5.834014119e-14
6.283134232e-14
5.627832201e-14
6.192559511e-14
6.569054739e-14
5.863527677e-14
5.809978594e-14
6.312137643e-14
5.845629651e-14
5.966746994e-14
5.785924248e-14
6.060429749e-14
6.464442678e-14
5.877454026e-14
6.547183434e-14
5.935222822e-14
5.937876122e-14
5.882213548e-14
5.916014057e-14
6.114872978e-14
6.4192381e-14
5.949427725e-14
6.79332711e-14
6.221613751e-14
6.065095755e-14
6.306696006e-14
5.97949007e-14
6.334719776e-14
6.141722209e-14
6.179741198e-14
6.414554838e-14
6.175869773e-14
6.42558036e-14
5.913197209e-14
6.423567538e-14
5.967624049e-14
6.992722247e-14
6.204335907e-14
6.081785633e-14
6.265172873e-14
6.354811535e-14
5.964084951e-14
6.271145673e-14
7.012404612e-14
5.936792837e-14
6.217782414e-14
6.285661154e-14
6.303758518e-14
7.012357058e-14
6.704281491e-14
7.133062087e-14
6.308095794e-14
6.485182005e-14
6.432839322e-14
6.162705884e-14
6.473620666e-14
5.995041627e-14
6.670639526e-14
5.878131035e-14
5.997751829e-14
6.255693942e-14
6.984345304e-14
6.08012632e-14
6.496607953e-14
7.435650518e-14
6.707027865e-14
6.682301237e-14
6.258748122e-14
6.787520896e-14
6.231521214e-14
6.418757305e-14
6.29059008e-14
6.468472411e-14
6.741104582e-14
6.75332319e-14
6.272848228e-14
6.690207674e-14
7.275210427e-14
6.895863346e-14
6.339183567e-14
6.452509999e-14
6.420926885e-14
7.169697923e-14
7.530842913e-14
6.698987715e-14
6.642480696e-14
6.918360273e-14
6.820285585e-14
6.510785287e-14
7.217872082e-14
7.098438326e-14
7.046384901e-14
7.005921968e-14
6.86885298e-14
6.558497909e-14
7.071730144e-14
6.959748347e-14
7.127584805e-14
7.141854711e-14
7.991747379e-14
6.857116975e-14
7.066011831e-14
7.138115352e-14
7.065057326e-14
7.116384993e-14
6.895417265e-14
6.815962525e-14
6.724066113e-14
6.73813172e-14
7.16409279e-14
6.717109164e-14
7.122692617e-14
6.55086491e-14
7.170185513e-14
7.286469261e-14
7.268259428e-14
6.755621919e-14
7.344111207e-14
6.981723317e-14
6.802958633e-14
7.067673458e-14
7.280721874e-14
7.034847505e-14
6.943521368e-14
7.249536992e-14
7.098409968e-14
6.823770186e-14
6.966165387e-14
6.983036383e-14
7.045840564e-14
7.214225447e-14
7.093556471e-14
7.13022902e-14
7.197679699e-14
7.297467142e-14
7.572368081e-14
7.153043072e-14
7.142246862e-14
6.955026968e-14
7.009634588e-14
7.270620751e-14
7.883523052e-14
7.330119042e-14
7.109838979e-14
7.613973869e-14
7.680939339e-14
7.344422966e-14
7.185352215e-14
7.443339306e-14
7.395155431e-14
7.289993232e-14
7.413529473e-14
7.930305076e-14
7.477573861e-14
7.480496358e-14
7.274228294e-14
7.547245906e-14
7.684573818e-14
7.572042076e-14
8.054360757e-14
7.759273834e-14
7.199846736e-14
7.358645155e-14
7.267908532e-14
7.248992883e-14
7.622360448e-14
7.552833548e-14
8.235585303e-14
7.625427979e-14
7.414754504e-14
8.238377892e-14
8.394463473e-14
8.130430894e-14
7.737038912e-14
7.715767045e-14
7.970596179e-14
8.439085655e-14
8.715211371e-14
8.35624412e-14
7.81598531e-14
8.131957032e-14
7.909476362e-14
8.527909005e-14
8.531014522e-14
7.596711428e-14
7.799545483e-14
7.829968017e-14
8.884778723e-14
8.096385862e-14
8.142984491e-14
8.288771524e-14
8.103759584e-14
7.760757644e-14
7.719860956e-14
7.830403659e-14
7.767429881e-14
8.002689499e-14
8.296443604e-14
7.910621906e-14
8.371458556e-14
8.499075238e-14
8.54621901e-14
8.523411299e-14
8.206008273e-14
8.599642935e-14
8.051492727e-14
8.38349056e-14
8.664683689e-14
8.560914187e-14
8.253019608e-14
8.973967029e-14
8.556058184e-14
8.463453097e-14
8.567168882e-14
8.608373619e-14
8.185720647e-14
8.237618649e-14
9.089569173e-14
8.50113134e-14
8.671959105e-14
8.955504962e-14
8.468606277e-14
8.674530767e-14
8.774724553e-14
8.562033962e-14
8.402861381e-14
8.737251609e-14
8.683436276e-14
9.753118179e-14
8.754074935e-14
8.394582745e-14
8.851057364e-14
8.66903833e-14
8.956394926e-14
9.54575547e-14
9.030080485e-14
9.482360016e-14
8.956086992e-14
8.851893553e-14
9.018357895e-14
8.750550039e-14
9.433937855e-14
8.761062709e-14
9.498463552e-14
9.648155069e-14
9.304163136e-14
9.239959566e-14
9.948773915e-14
9.287599561e-14
9.461629397e-14
9.799493614e-14
9.229060664e-14
9.270289132e-14
9.410336891e-14
9.926199935e-14
9.846402365e-14
9.872010365e-14
9.439499629e-14
1.003105427e-13
9.486880196e-14
9.760758586e-14
9.508065021e-14
9.632409463e-14
1.021370298e-13
1.000645944e-13
9.984390723e-14
1.112263576e-13
1.003937701e-13
1.053987214e-13
1.027718993e-13
1.039096567e-13
9.832062358e-14
9.899304916e-14
1.022286896e-13
1.010048561e-13
9.840487877e-14
1.015496982e-13
1.079439867e-13
1.10138871e-13
1.079146137e-13
1.05019057e-13
1.029752186e-13
1.039081769e-13
1.068370878e-13
1.052796158e-13
1.054108822e-13
1.032746212e-13
1.157434857e-13
1.127497705e-13
1.07606783e-13
1.063965474e-13
1.101022777e-13
1.111112512e-13
1.077954723e-13
1.096779631e-13
1.107014704e-13
1.080219915e-13
1.134264136e-13
1.097937949e-13
1.097136073e-13
1.112898471e-13
1.103853005e-13
1.203128919e-13
1.210817501e-13
1.150500046e-13
1.113323525e-13
1.147754429e-13
1.216411724e-13
1.190240624e-13
1.215470926e-13
1.172083373e-13
1.145870007e-13
1.160282067e-13
1.231013165e-13
1.173130638e-13
1.182706541e-13
1.264335275e-13
1.263782171e-13
1.182731052e-13
1.215879617e-13
1.247753192e-13
1.236621654e-13
1.328202496e-13
1.242740444e-13
1.238072885e-13
1.231193771e-13
1.293202472e-13
1.348224526e-13
1.314499695e-13
1.266444536e-13
1.292250579e-13
1.32630389e-13
1.29339421e-13
1.288324274e-13
1.348243096e-13
1.344333728e-13
1.350188871e-13
1.353286206e-13
1.346792742e-13
1.366648424e-13
1.336625425e-13
1.348527418e-13
1.337451509e-13
1.361032616e-13
1.401570595e-13
1.401990633e-13
1.400941039e-13
1.44126654e-13
1.395166054e-13
1.406966549e-13
1.449735706e-13
1.463379527e-13
1.434811464e-13
1.427578264e-13
1.479158603e-13
1.448813337e-13
1.467211621e-13
1.494540462e-13
1.509601534e-13
1.489050153e-13
1.593715003e-13
1.582463409e-13
1.520485312e-13
1.570198142e-13
1.489655549e-13
1.604340479e-13
1.594926858e-13
1.589243831e-13
1.619313826e-13
1.646666943e-13
1.605226475e-13
1.626937271e-13
1.642665979e-13
1.641520576e-13
1.64874346e-13
1.695943857e-13
1.672509813e-13
1.655021392e-13
1.67813829e-13
1.683249687e-13
1.666433441e-13
1.761931531e-13
1.829206558e-13
1.792583969e-13
1.776302799e-13
1.754935784e-13
1.875327309e-13
1.824974611e-13
1.780642561e-13
1.815321567e-13
1.828044874e-13
1.85826615e-13
1.840372038e-13
1.864262136e-13
1.851286028e-13
1.937539537e-13
1.928738251e-13
1.950981459e-13
1.930332755e-13
1.999427079e-13
1.974652259e-13
1.989741835e-13
1.95984512e-13
2.038790135e-13
2.038141392e-13
2.135602169e-13
2.044905258e-13
2.132621574e-13
2.052875347e-13
2.187569087e-13
2.137575679e-13
2.15614076e-13
2.150464296e-13
2.216213671e-13
2.1731069e-13
2.201504326e-13
2.264102127e-13
2.298219431e-13
2.334244553e-13
2.333522751e-13
2.331040708e-13
2.37540425e-13
2.382541201e-13
2.378174698e-13
2.412412016e-13
2.450482779e-13
2.454367609e-13
2.438089538e-13
2.477634544e-13
2.507987527e-13
2.475101934e-13
2.533214338e-13
2.58185553e-13
2.593667554e-13
2.669175173e-13
2.650039397e-13
2.697610828e-13
2.6473424e-13
2.646360951e-13
2.72508172e-13
2.791692311e-13
2.783835773e-13
2.737020164e-13
2.824112532e-13
2.831065096e-13
2.786695838e-13
2.874989641e-13
2.889625392e-13
2.924752254e-13
2.919078498e-13
2.939941439e-13
2.99843127e-13
2.999214292e-13
3.012093237e-13
2.99140091e-13
3.079864333e-13
3.098079911e-13
3.120754395e-13
3.136331244e-13
3.182225587e-13
3.155701062e-13
3.05443907e-13
3.165620322e-13
3.168055406e-13
3.186883682e-13
3.199190925e-13
3.199312195e-13
3.231061484e-13
3.281459463e-13
3.217580254e-13
3.235334208e-13
3.25646463e-13
3.372742787e-13
3.255759967e-13
3.284811348e-13
3.36107105e-13
3.346279869e-13
3.233040622e-13
3.335619275e-13
3.320065014e-13
3.279206185e-13
3.317231805e-13
3.313064796e-13
3.267141031e-13
3.325920675e-13
3.337568081e-13
3.279413317e-13
3.23437977e-13
3.278097262e-13
3.21829299e-13
3.211565245e-13
3.263763042e-13
3.188730699e-13
3.200658934e-13
3.140296213e-13
3.111388599e-13
3.115593266e-13
3.106652646e-13
3.172353972e-13
3.049137385e-13
3.044544033e-13
3.053099289e-13
2.95415003e-13
2.995606653e-13
2.88625975e-13
2.875880765e-13
2.831262736e-13
2.792700547e-13
2.789347777e-13
2.745754419e-13
2.718118349e-13
2.695333527e-13
2.61859617e-13
2.611925511e-13
2.562264177e-13
2.521146242e-13
2.480630838e-13
2.369749721e-13
2.328493885e-13
2.303674423e-13
2.284092535e-13
2.245734417e-13
2.15794118e-13
2.160167244e-13
2.104512699e-13
2.040658474e-13
1.992574419e-13
1.926326945e-13
1.916552894e-13
1.833727759e-13
1.812780828e-13
1.762801903e-13
1.75003819e-13
1.659349379e-13
1.598797117e-13
1.587935079e-13
1.532540616e-13
1.479108517e-13
1.438250012e-13
1.367970358e-13
1.341846914e-13
1.28306386e-13
1.253389251e-13
1.21842947e-13
1.15075227e-13
1.123427575e-13
1.085395112e-13
1.030789104e-13
1.011147652e-13
9.353858847e-14
8.974356372e-14
8.438843103e-14
8.488563816e-14
8.162215524e-14
7.804668189e-14
7.315459937e-14
7.225857806e-14
6.674311114e-14
6.455513729e-14
6.058949835e-14
5.743470929e-14
5.408249189e-14
5.248761086e-14
4.856845847e-14
4.467262634e-14
4.279829851e-14
4.151566211e-14
3.92364749e-14
3.647352111e-14
3.541728275e-14
3.344430778e-14
3.160090028e-14
3.029069905e-14
2.934124332e-14
2.603668541e-14
2.417599387e-14
2.437025848e-14
2.204430825e-14
2.042459836e-14
1.830876528e-14
1.926418977e-14
1.656731834e-14
1.542013922e-14
1.425126158e-14
1.320072366e-14
1.25427692e-14
1.098059133e-14
1.013274783e-14
1.032026906e-14
9.555426223e-15
8.807201033e-15
8.662335177e-15
7.247552615e-15
9.596734943e-15
6.161596613e-15
5.874727774e-15
5.149804907e-15
4.561664376e-15
4.554268391e-15
4.587073932e-15
4.493982501e-15
3.642232954e-15
3.603458909e-15
3.319058741e-15
2.851754009e-15
2.796726116e-15
2.46875088e-15
2.733928212e-15
2.29446236e-15
3.083706098e-15
1.814175084e-15
1.630017876e-15
1.423382464e-15
1.892662808e-15
1.479205949e-15
1.228918278e-15
1.0503425e-15
1.148787406e-15
1.053344345e-15
1.695115198e-15
1.482913398e-15
9.877733439e-16
6.615690299e-16
6.408391701e-16
7.174611491e-16
4.658787957e-16
7.904048812e-16
5.027828351e-16
4.927851652e-16
4.235108195e-16
4.480924857e-16
5.985199825e-16
2.553331573e-15
3.445958512e-16
3.841428283e-16
2.660207339e-16
1.88583794e-16
1.810382413e-16
2.675412689e-16
5.084432217e-16
4.789856143e-16
2.539771319e-16
2.153206062e-16
2.59099779e-16
1.873521035e-16
2.967536017e-16
5.138146328e-16
2.761994663e-16
4.994034362e-16
3.41598912e-16
1.852755142e-16
3.078092516e-16
2.750840449e-16
3.747170661e-16
1.774181908e-16
1.122752527e-15
2.357181607e-16
7.971298899e-16
4.214268487e-16
1.595788572e-16
2.48468364e-16
3.480382714e-16
2.056923677e-16
7.499447009e-16
1.795632522e-16
6.218801862e-16
4.970638014e-16
6.527835118e-16
2.504106111e-16
1.01419703e-16
3.455390187e-16
2.091046225e-16
2.514829116e-16
2.825314383e-16
1.149284955e-16
2.569681352e-16
1.943031912e-16
2.526972877e-16
2.690804895e-16
8.0618845e-16
2.359473545e-16
8.132434349e-16
3.67101387e-15
3.800450351e-16
1.526607472e-16
1.541904328e-16
2.740607121e-16
2.173616464e-16
3.306798598e-16
1.871183801e-16
1.610183112e-16
3.486268989e-16
4.259467647e-16
2.211934211e-16
2.797350468e-16
2.838278276e-16
1.172809915e-16
5.148376154e-16
1.274096611e-15
1.649371858e-16
1.160109337e-16
2.377888272e-16
2.268947438e-16
2.827903244e-16
7.00954692e-16
1.650571879e-16
1.748699714e-16
2.099362833e-16
2.063575645e-16
1.937223615e-16
4.971504252e-16
9.991300692e-16
1.281163832e-16
3.178209558e-16
2.996607989e-16
2.270104904e-16
1.703301e-16
4.234796663e-16
3.864418494e-16
1.075383922e-15
4.803107374e-16
1.020866228e-16
1.186826036e-16
1.328567496e-16
9.33600241e-17
6.188790507e-17
1.294368184e-16
3.274898678e-16
3.325695302e-16
4.054213016e-16
2.360112699e-16
1.377056413e-16
6.03503643e-16
1.836111181e-16
1.856669264e-16
2.00619983e-16
3.482998698e-16
2.279231371e-16
5.11664106e-16
4.05015491e-16
1.294524209e-16
2.541068237e-16
5.532845222e-17
3.704291871e-16
1.584811599e-16
2.093907287e-16
4.403266325e-16
1.630709339e-16
1.157895343e-16
2.344568444e-16
7.514055609e-17
1.660825574e-16
3.431744413e-16
2.75852368e-16
2.335753772e-16
4.857530082e-16
2.379583549e-16
1.920685013e-16
1.119877331e-16
1.093369321e-16
1.227013687e-16
2.180143457e-16
2.385569106e-16
1.190006574e-16
9.197239088e-17
2.424707097e-16
2.866449123e-16
2.370424496e-16
2.0223406e-16
1.378561381e-16
2.220638358e-16
1.415922356e-16
2.188363592e-16
1.821820752e-16
9.80353101e-16
4.513697655e-16
1.374331152e-16
3.370045178e-16
1.999782759e-16
2.479998972e-16
5.629195099e-16
6.02930517e-16
1.269600486e-15
2.301111737e-16
1.69269383e-16
4.104273453e-16
2.32259654e-16
3.483357269e-16
1.963347582e-16
1.366707428e-16
1.963816512e-16
2.893098816e-16
3.050030101e-16
1.641486698e-16
1.046661162e-16
5.990737577e-16
3.741435884e-16
7.483943586e-17
3.96855343e-16
1.852429714e-16
1.255844109e-16
2.701539556e-16
1.064177908e-16
1.920185024e-16
1.799060192e-16
2.108242445e-16
3.144155046e-16
2.3517831e-16
3.106281006e-16
8.795107673e-16
3.815170876e-16
4.541226959e-16
1.839088167e-16
2.567604246e-16
2.009222642e-16
1.28726698e-16
1.288178472e-16
4.983860317e-16
1.637484069e-16
2.781782373e-16
6.582611649e-17
3.397630043e-16
9.033938999e-17
1.580425451e-16
1.41875343e-16
1.168981135e-16
7.579905066e-16
2.710452053e-16
2.080534041e-16
3.83598561e-16
7.00199824e-16
1.965928359e-16
1.947275445e-16
1.216099622e-16
1.862353314e-16
1.397269767e-16
3.028246789e-16
3.705041502e-16
2.015219657e-16
6.176863815e-16
4.893493903e-16
5.32903888e-16
1.012396054e-15
9.798304161e-16
2.086740277e-16
1.834347402e-16
4.035462715e-16
6.025830513e-16
3.730015808e-16
9.973902851e-17
2.792234481e-16
4.684587183e-16
2.0579634e-16
1.025992869e-16
4.726475051e-17
1.671851199e-16
1.211186014e-16
6.293714146e-17
1.792315373e-16
1.654412175e-16
1.82796764e-16
4.535933985e-17
1.679193547e-16
2.561593954e-16
1.875101498e-16
1.811648878e-16
2.144616579e-16
1.682504741e-16
3.635378644e-16
1.043502311e-16
1.047125722e-16
4.229591689e-17
5.538825985e-17
2.681054977e-16
2.095832842e-16
6.64891529e-17
1.647249605e-16
2.534231051e-17
6.321339615e-16
1.640421533e-16
1.729734147e-16
1.122871286e-16
4.934933346e-16
1.758163718e-16
7.132463944e-17
2.083089698e-16
2.204190322e-16
3.065980526e-16
1.522995226e-16
1.250185909e-16
3.150753169e-16
6.456022308e-16
3.589107251e-16
2.189226244e-16
1.076565177e-16
9.169350323e-17
1.692738268e-16
1.370048289e-16
1.057438121e-16
1.935348654e-16
1.534416057e-16
1.773282214e-16
2.604728371e-16
7.805155111e-17
2.304587573e-16
1.600288579e-16
1.86352288e-16
1.127051916e-16
5.317450163e-16
9.610572832e-17
3.528054324e-16
1.296752706e-16
5.477884106e-16
5.5502387e-17
3.622600318e-16
2.381678587e-16
2.695605798e-16
4.977635284e-16
1.319428708e-16
1.248794294e-16
6.133136914e-17
1.252162864e-16
6.538865818e-17
2.275757953e-16
8.160602379e-17
5.574467231e-17
5.601044924e-17
1.404351781e-16
2.319209466e-16
4.563683403e-16
2.595541052e-16
1.023298386e-16
8.438663659e-17
1.423885524e-16
1.238781614e-16
1.253913236e-16
2.424763218e-16
2.001125543e-15
7.739247168e-17
1.351096266e-16
1.136260261e-16
6.234680736e-17
1.41162577e-16
3.665926967e-16
6.38037554e-17
1.267858503e-16
2.278505856e-18
6.31804805e-17
4.12924375e-16
1.859339683e-16
5.356551618e-16
1.842446005e-16
1.190212236e-16
1.15160088e-16
8.606720597e-17
3.410470143e-16
1.149063823e-16
5.543194107e-17
1.907927414e-16
1.954781472e-16
1.085722224e-16
1.444207283e-16
1.724020772e-16
3.485103626e-16
2.44766574e-16
3.631507075e-16
1.627968497e-16
1.69953326e-16
2.402917321e-16
3.759348754e-16
1.814916694e-16
1.304350543e-16
2.506500734e-16
1.205630762e-16
1.088616119e-16
1.711307914e-15
7.18107589e-17
5.01426152e-17
1.63645893e-16
4.616998286e-16
1.513502111e-15
6.252955758e-16
1.504550958e-16
9.058131306e-17
5.748818581e-16
1.767643462e-16
5.201967508e-17
1.471848521e-16
1.918384689e-16
3.735012363e-16
2.952213784e-16
1.92423136e-15
1.923019442e-16
1.469924492e-15
2.434803689e-16
2.578686054e-16
7.539536221e-16
1.1221412e-16
3.134672903e-16
1.301936534e-16
1.308303837e-16
3.301503054e-16
1.19440107e-16
1.645112054e-16
1.135908151e-15
2.148477936e-16
1.63030172e-16
1.573247306e-16
3.144978022e-16
2.871612679e-16
1.808072725e-16
9.674062033e-17
1.294401916e-16
6.780900389e-16
1.328027008e-16
1.769574096e-16
5.285397164e-16
1.609820644e-16
1.127998326e-16
9.367029545e-16
7.421636931e-17
1.65600011e-16
1.522206684e-16
4.414087467e-16
5.250449129e-17
2.189717417e-16
8.74658405e-17
2.733987287e-17
1.551607116e-16
1.420770212e-16
1.486226017e-16
8.951540728e-17
1.725477824e-16
7.463158127e-16
2.028541705e-16
2.183487599e-16
2.342668053e-16
5.004647676e-16
1.438119253e-16
1.650258009e-16
1.352962178e-16
2.331453358e-16
1.147692893e-16
2.611919205e-16
3.575010594e-17
2.083306157e-16
1.373146358e-16
2.558155204e-16
1.715400316e-16
1.319680793e-16
2.452846965e-16
1.358046075e-16
1.931134363e-16
2.783127506e-15
3.185196182e-16
2.881515457e-16
1.860085136e-16
1.589174409e-16
2.581639954e-16
8.549296807e-17
1.411175867e-16
1.203170689e-16
1.068138503e-16
1.685564219e-16
7.486155325e-17
5.425668941e-16
1.259493252e-16
1.802015545e-16
2.064707505e-16
3.040049292e-16
1.936776545e-16
2.427999522e-16
2.025717987e-16
1.668591142e-17
7.229471496e-18
5.406877939e-17
9.317487715e-17
1.763957148e-16
7.513817923e-17
1.537310443e-16
7.24270681e-17
1.501276185e-16
2.467851363e-16
2.144024888e-16
8.928564379e-17
4.424398661e-17
2.068642228e-16
6.745930221e-17
1.693223953e-16
1.078713193e-16
2.942015208e-16
1.249880725e-16
1.152653741e-16
2.023238714e-16
1.875378047e-16
5.595908466e-16
7.394113364e-16
5.308581278e-17
1.403870728e-16
1.00973557e-16
1.216029802e-16
1.180192844e-16
5.607360689e-17
2.641235306e-16
2.492695e-16
1.062338427e-16
1.681652039e-16
2.68224775e-16
6.073057552e-17
1.748181798e-16
1.855318267e-16
8.67089416e-17
3.713769063e-16
2.580401785e-16
2.733004131e-16
1.507075592e-16
9.023009679e-16
5.837882141e-17
1.13257369e-16
2.026926786e-16
8.599552421e-16
3.144949523e-16
2.94960393e-16
5.897325452e-17
4.559145022e-16
7.154039822e-17
4.250863274e-16
1.373727036e-16
4.505441279e-17
5.274365968e-17
1.002796301e-15
1.023642424e-16
3.95983674e-17
1.518508216e-16
3.067370779e-16
9.91691023e-17
9.961129906e-17
7.539295992e-17
1.140978005e-17
1.08641172e-16
1.869601665e-17
5.507692487e-17
7.34845297e-17
4.197586141e-17
5.607238806e-17
1.843424711e-16
2.202470047e-17
1.948916604e-16
7.706521883e-17
1.247205037e-16
8.988327852e-17
8.421675512e-17
1.19146866e-16
1.753929931e-16
5.506287466e-17
1.361543994e-16
1.330687503e-16
2.247649545e-16
1.975461387e-16
9.542119424e-17
1.129986896e-16
1.508307207e-16
2.046891668e-16
1.220133553e-16
6.016409461e-17
1.639898054e-16
4.704747455e-16
1.370375053e-16
1.728289235e-17
1.59773489e-16
8.310114972e-17
2.312283738e-16
2.554153368e-16
1.129377807e-15
4.825154689e-17
1.55815366e-16
1.750542532e-16
3.288101727e-17
6.274055743e-17
1.572422087e-16
1.025888396e-16
1.091388481e-16
1.084169212e-16
2.210662681e-17
5.225871427e-17
1.358567312e-16
8.470199889e-17
2.405071273e-17
3.450559135e-16
1.095279485e-16
6.862756905e-17
1.139751082e-16
1.15511348e-16
1.239066299e-16
8.634117849e-16
3.924562199e-16
1.430788879e-16
5.835583215e-17
2.536429194e-16
1.488016137e-16
1.706744319e-16
1.356614828e-16
2.278985526e-16
8.74750895e-17
8.778806356e-17
9.07493616e-17
1.452950305e-16
1.391931457e-16
5.061887583e-17
3.361788909e-16
2.74734786e-16
2.152476106e-16
1.928977534e-16
8.036212639e-17
1.490647768e-16
1.828627047e-17
6.091511736e-17
1.42364204e-17
1.10291651e-16
8.589323129e-17
1.428090066e-16
1.244429385e-16
9.425787323e-17
1.756851826e-17
7.479686654e-18
1.729369123e-16
8.501423539e-17
8.68485668e-17
2.322701726e-17
9.423007941e-17
4.232975062e-17
6.820296424e-16
1.601112253e-16
1.355582874e-16
1.00351421e-16
4.596274815e-16
1.133240653e-16
1.672708563e-16
2.297531077e-16
8.340213648e-16
1.486674713e-16
1.79564734e-16
2.703102171e-16
8.499775656e-16
5.761522759e-17
3.179038147e-16
9.608892788e-16
3.970022722e-16
2.002323937e-17
1.620389955e-16
2.156750122e-16
3.611441702e-17
8.848821141e-17
1.757948931e-16
1.344392849e-16
1.373605904e-16
1.629417264e-16
6.914389867e-17
2.193450729e-16
1.862429958e-16
7.175960038e-17
1.279811764e-16
2.94644466e-15
2.323455873e-16
1.093413962e-16
4.250617837e-16
3.808698388e-16
1.624981948e-16
1.620294361e-16
2.00192809e-16
8.32241429e-17
1.296941187e-16
1.25249079e-16
1.433198681e-16
2.364390786e-16
1.158490888e-16
5.626134164e-17
1.168793085e-16
3.846009431e-17
1.243152192e-16
8.052011204e-17
4.238656706e-16
1.12503962e-16
3.125194557e-16
8.229720439e-17
1.416997585e-16
7.769748429e-17
3.970027703e-16
1.679750905e-16
3.769316947e-16
9.040122148e-17
1.156550629e-16
3.541176472e-17
3.188276713e-17
7.243440859e-17
3.047270891e-17
7.533223899e-17
1.473583336e-16
1.985794769e-16
1.017781084e-16
1.264472258e-16
4.046306194e-17
6.681425834e-17
1.198106066e-16
3.506558709e-17
1.508185425e-16
3.606171454e-17
1.059176778e-16
5.976156103e-17
1.128740339e-16
1.788804343e-16
7.39625934e-17
8.017837314e-17
1.055181285e-16
1.235103889e-16
4.901343311e-16
1.180636393e-16
4.535255832e-16
3.736187501e-17
8.046917373e-17
1.233138782e-16
5.169087391e-17
2.282406309e-16
1.304557611e-16
7.487373431e-17
2.550769892e-16
1.553826743e-16
2.090005774e-16
1.863588267e-17
1.522643457e-16
1.284313493e-16
5.502113331e-17
9.161213383e-17
1.332339573e-16
7.732405963e-16
3.92325235e-16
2.337293328e-16
5.138725101e-17
1.81405061e-16
1.486070313e-16
2.783277454e-17
7.388740663e-18
1.904034756e-16
1.284130464e-16
1.1571704e-16
1.07626841e-16
5.376366672e-16
5.905614771e-17
2.3444223e-16
7.626430177e-17
1.521490546e-16
5.873957474e-17
8.923726359e-17
2.414012765e-16
2.280144707e-16
3.6956733e-16
2.401136041e-16
3.854243795e-17
5.45909157e-17
3.136396625e-17
1.837894422e-16
1.064976151e-16
1.603414214e-16
5.643572401e-17
9.82377493e-17
8.036875419e-17
7.820126902e-17
6.33653452e-17
1.93342985e-16
9.815917651e-16
5.355484804e-16
4.071004448e-16
1.729465905e-16
3.229500707e-17
8.435674513e-17
1.061907352e-16
1.800440767e-16
1.860548448e-16
1.654397185e-16
9.795998922e-17
4.231481742e-16
3.648040426e-18
2.254409585e-16
9.803830478e-17
7.904775176e-17
2.320778834e-17
9.57854522e-17
7.533717766e-17
1.505935592e-16
7.088654823e-17
1.444166492e-16
6.027257325e-17
1.88557339e-16
1.355773707e-16
1.059641416e-16
5.642738199e-17
8.744491735e-17
2.392906655e-16
8.392582801e-17
5.755571628e-17
9.540472951e-17
1.096107706e-16
1.062792091e-16
1.727034253e-16
2.019772654e-16
1.157565167e-16
1.40046122e-16
1.611337974e-16
2.509393013e-16
9.657994576e-16
1.083262342e-16
2.968100134e-17
7.113445167e-17
1.165050141e-16
4.573374209e-17
5.278866797e-17
1.592791357e-16
6.776569307e-17
1.650527767e-16
2.127079824e-16
2.7141264e-16
1.51394759e-16
1.850934862e-16
1.422464992e-16
1.444940501e-16
1.204842473e-16
9.664927355e-17
1.724264229e-16
4.685433353e-16
2.037169906e-16
7.848092099e-17
2.029514872e-16
7.733250228e-17
8.147263177e-17
7.106633986e-17
9.546159933e-17
3.355527424e-17
4.908904311e-17
2.260048415e-16
5.192458608e-17
3.606332226e-17
4.368098115e-17
5.298330133e-17
8.413937238e-17
1.52607672e-16
4.372529225e-17
1.030780975e-16
6.04518517e-17
1.11943048e-16
8.176446331e-17
1.216236889e-16
1.009890683e-16
1.382228912e-16
5.652211679e-16
1.926886483e-16
1.46130758e-16
4.147253545e-17
2.856982027e-17
1.400343766e-17
3.77742427e-17
8.258630899e-17
4.787889328e-17
2.735051274e-16
2.863540034e-16
2.717438377e-15
2.26283637e-15
1.47365104e-16
9.688065871e-17
9.44751935e-17
1.141296276e-16
1.146487589e-16
2.481911156e-16
2.937447211e-16
6.003490304e-17
2.319928889e-17
5.928548789e-17
6.443813188e-17
1.686348977e-16
3.729084461e-17
6.000111712e-17
1.916746152e-17
6.809800023e-17
1.363087161e-16
1.41127651e-16
1.207495553e-16
4.861605088e-16
2.48655199e-16
3.65626314e-17
7.578915256e-17
1.072167024e-16
6.982715721e-16
1.140941828e-17
8.989614061e-17
2.310708962e-17
1.202957948e-16
6.488207116e-17
4.680251879e-17
8.293460271e-17
5.18443091e-17
7.385324062e-18
9.571929051e-17
2.63932286e-17
1.88743341e-18
4.743571262e-17
3.543282749e-17
6.725437034e-18
8.798082577e-17
3.867611759e-17
7.564343965e-17
1.68048595e-16
8.262239207e-17
3.403312514e-17
4.30207109e-17
1.39825609e-16
1.105587607e-16
1.334869901e-16
1.891343683e-16
1.477590966e-16
3.376333383e-16
1.248007288e-16
9.57107297e-16
1.527597134e-16
1.310863657e-16
1.208497661e-16
1.896556921e-16
1.15680138e-16
9.310660309e-17
4.815872285e-17
2.432062551e-17
9.293986779e-17
1.013700489e-16
4.054397593e-17
8.51846047e-17
3.873365967e-16
2.661682254e-16
9.499597585e-17
9.669812231e-17
6.406329021e-17
6.744274939e-17
4.19221138e-17
6.82844147e-17
3.041188452e-17
5.190186128e-17
1.242322204e-16
3.225681544e-17
4.083638988e-17
1.123856879e-16
1.197622493e-16
5.112454497e-17
8.954784886e-17
4.298097807e-16
6.287594689e-16
4.508607678e-17
9.591915384e-17
3.350965129e-17
1.412629782e-17
1.048484638e-16
8.291162223e-16
1.447744194e-16
5.702937839e-17
3.925366726e-17
1.447488674e-16
1.103654209e-16
4.454081559e-16
1.63483921e-16
7.011549487e-17
6.276744119e-17
8.40957662e-17
5.06409982e-17
3.02152337e-16
4.864529886e-17
1.126562689e-16
2.09924159e-17
5.154964223e-17
5.149683096e-16
6.214398588e-17
3.101338528e-17
5.009921192e-17
1.58354611e-17
3.660377953e-17
3.073818824e-17
8.867837954e-17
9.252149393e-17
7.757756234e-17
3.441840393e-17
5.884684478e-17
7.698401988e-17
1.435674389e-16
1.990122437e-17
7.062416849e-18
6.679526357e-17
5.15769445e-17
4.833496905e-17
1.239379231e-17
4.4002469e-17
6.798980448e-17
3.900624561e-17
5.425472845e-17
4.469039703e-17
6.134596327e-17
9.940054714e-17
7.161558946e-18
1.05831529e-16
2.092798764e-17
2.071204928e-17
7.585270977e-16
1.440705054e-16
4.265883125e-17
3.407232858e-17
1.036950657e-16
4.9875559e-17
4.314485882e-17
1.572427512e-16
1.636067735e-16
5.067899862e-17
4.504215198e-17
6.733319836e-17
3.660879939e-17
1.605252572e-16
2.477659469e-16
1.461749455e-16
2.298102381e-17
8.673600199e-17
1.088047025e-16
1.073208486e-16
5.290542974e-17
1.100671103e-16
1.776304248e-16
2.366331252e-17
6.601972623e-17
1.456932998e-16
8.877620011e-17
1.331443729e-16
9.817685825e-17
1.090195314e-16
1.074518732e-16
1.088026009e-16
6.836339445e-17
1.512392811e-16
1.67634111e-16
2.884573019e-16
2.924474185e-16
4.102087947e-17
1.233662924e-16
6.562522739e-17
7.16140665e-17
4.832732372e-17
5.362006596e-17
4.179323841e-17
6.63572651e-17
3.020791336e-17
3.546426901e-17
3.732553182e-17
3.654411832e-17
5.235029925e-17
8.600197834e-17
3.009627239e-17
9.72697836e-17
3.519198358e-17
6.606655045e-17
1.286769532e-16
8.816175926e-17
4.659987959e-17
5.87457841e-17
1.334350623e-16
1.206348687e-16
9.42383784e-17
3.86090091e-17
4.589888608e-17
1.282142029e-16
1.178007913e-16
7.880295421e-17
2.41148777e-17
1.262002589e-17
7.661514468e-19
5.539815788e-17
5.514844315e-17
1.17392938e-16
4.989546813e-17
6.882800368e-17
3.713595845e-17
7.841975022e-17
1.357686917e-17
1.067137466e-16
6.945627469e-17
5.908147131e-17
8.391090851e-17
8.309492603e-17
1.964304138e-17
2.006227826e-17
1.001095773e-16
5.111648312e-18
4.884546131e-17
2.396929302e-17
4.568417274e-17
5.372007763e-17
7.27103711e-18
5.148349082e-17
2.415369887e-17
3.49360596e-17
2.830046806e-17
6.653129115e-17
2.044743666e-18
1.411712919e-17
9.378005875e-17
3.335642154e-17
7.960483702e-17
1.39516382e-16
2.104494423e-17
3.936020887e-18
2.488515634e-17
5.918668604e-17
8.235513052e-17
1.788986589e-15
9.780328348e-17
1.693210794e-17
8.862326342e-17
6.561244215e-17
5.45595076e-17
7.623121165e-18
1.390154275e-17
4.105233374e-17
5.032681704e-17
4.056972798e-16
5.747826925e-17
4.079837433e-17
3.834162028e-17
1.172570167e-16
1.374273487e-16
6.993069674e-17
5.769176573e-17
5.250517398e-17
2.768574803e-17
3.345094784e-17
3.650192342e-17
4.927787688e-17
2.793054589e-16
1.755462551e-16
4.309277994e-17
1.353030133e-16
3.796924052e-17
1.35150267e-16
9.910035319e-17
3.337622743e-16
7.491187519e-17
1.761058473e-16
2.940647326e-16
1.078592987e-16
2.107846574e-16
6.133021062e-16
1.001058022e-16
3.022580455e-16
3.717093022e-15
6.961540119e-17
6.940350699e-16
7.604306563e-17
5.963702012e-17
1.046945188e-16
8.636758161e-17
3.664181169e-17
1.247454869e-16
5.50444633e-17
1.64759685e-16
9.204566278e-17
4.977069262e-17
2.25202391e-17
6.497405452e-18
1.628011121e-17
1.528900693e-16
9.122025425e-17
1.402398714e-17
1.338632892e-16
3.997910804e-18
6.999819626e-17
1.149475254e-16
2.296572236e-16
9.6029585e-17
1.097708028e-16
6.982339124e-17
5.775621955e-17
1.42432185e-17
1.019446923e-16
6.066777225e-17
2.585856457e-17
2.026485422e-15
2.130521316e-16
6.822489671e-17
6.170775111e-17
