#################################### 
# Matrix Size= (25,25,400)
# Resol      = (1,1,4000)
# VoxelSize  = (25,25,0.1)
# nbVal      = 4000
#################################### 
0.01100691775
0.008916165995
0.009058478761
0.009248939354
0.009702038557
0.01023457192
0.00857462007
0.009551207013
0.01018358659
0.008909118763
0.008635890797
0.009354584695
0.009394449119
0.01002830892
0.01174346005
0.01093717546
0.01037953983
0.01137904996
0.009172559737
0.009034424922
0.009888846732
0.009106767876
0.01043674469
0.01026570948
0.009841266759
0.00978855094
0.01125769701
0.01122161035
0.01017631059
0.01009411245
0.008661018136
0.009495172152
0.01046072761
0.01077201055
0.01181631528
0.01027099396
0.0102801666
0.0100935406
0.00952627293
0.0101443789
0.009442626388
0.01155299926
0.009702793395
0.01112632961
0.009757402582
0.01028154044
0.009725265901
0.009379318412
0.01090605355
0.01068561632
0.008950965572
0.0108196221
0.01010153514
0.01048931031
0.009435568663
0.009633128062
0.009908074391
0.009360827851
0.01053991451
0.01036933016
0.009701457167
0.009685675284
0.01030202988
0.01087261497
0.01011995721
0.01021540144
0.01138535908
0.009560109255
0.009758131879
0.0106517751
0.01047047208
0.009201841312
0.01032125642
0.009760787873
0.009215852698
0.009578897723
0.009811816698
0.01017123558
0.01027020457
0.01121835832
0.01093537102
0.009297524327
0.009986458732
0.009432542005
0.00957801492
0.01003023884
0.009542372406
0.01105006509
0.009756280935
0.01058656524
0.01120938677
0.009904759506
0.01036177281
0.009574718072
0.009378339267
0.009423305939
0.009298369178
0.01167067029
0.009535640195
0.009853729807
0.009542665153
0.00922235802
0.01068548354
0.01050866807
0.01046323143
0.01139860206
0.009654033525
0.01141576311
0.01063131087
0.01076903139
0.01009722925
0.009501129272
0.01214334867
0.01027446611
0.01047463458
0.01129565418
0.01091919028
0.01062475097
0.01131456393
0.01000191461
0.009309059932
0.009400914013
0.01058327335
0.01064624693
0.01077350845
0.01182021902
0.01060180249
0.00990237404
0.009062101262
0.01097433677
0.009863082346
0.01146445169
0.01071792591
0.01111258002
0.01016213728
0.009431794525
0.01027758262
0.01139634127
0.01034631725
0.01123628708
0.01061762543
0.01090457279
0.009746078234
0.009483134412
0.009991943357
0.009716375111
0.009625611499
0.009761134208
0.00976510506
0.009612144921
0.01076866238
0.008903640134
0.01030763586
0.01018990117
0.0108340934
0.0102438655
0.009616534716
0.01078068117
0.009021058756
0.009920717418
0.01006753958
0.01006791233
0.01066618819
0.009668178267
0.009231217568
0.008945549441
0.01061531203
0.01069205914
0.011293362
0.01077003159
0.0107494606
0.01083734621
0.009390608177
0.009500872931
0.01056920931
0.01126886561
0.009331905079
0.01086804602
0.01007501813
0.0100115587
0.01137065021
0.01087041104
0.01119454209
0.01021549357
0.01108037877
0.009357195148
0.009894879155
0.009142676173
0.009543033177
0.01025306169
0.00947736222
0.009970671018
0.009697794051
0.01018706277
0.01053263917
0.01054928379
0.01022713463
0.01021255874
0.00952424746
0.009657422044
0.0108025163
0.009586032745
0.01101368015
0.009742532924
0.01018761141
0.00936006034
0.009099414979
0.01249230042
0.0116459455
0.009666711369
0.01040963717
0.01135999225
0.01060134489
0.01216161802
0.01148088499
0.01042701345
0.009734345404
0.01001918761
0.009254798701
0.009841242572
0.0102524155
0.009476744301
0.01073874596
0.01112312289
0.01079322074
0.01029867323
0.01073621424
0.009859966633
0.01071548063
0.01057788152
0.01053801425
0.009443609632
0.010142197
0.009186875443
0.009207930353
0.009186061034
0.01079981577
0.01002385451
0.01027780006
0.01156031097
0.01177954274
0.01035231752
0.01057561953
0.009012078271
0.009441967199
0.009595997115
0.009829711105
0.01013097608
0.01170780413
0.009641584262
0.01083761725
0.0098083026
0.009473319361
0.01005951327
0.01129405993
0.009869970473
0.009333706384
0.01043308702
0.01061132636
0.01034022266
0.009779733535
0.01019278978
0.010830762
0.009669788112
0.01048164877
0.009804374023
0.009379682826
0.009705546978
0.009630716343
0.01035229146
0.01011071055
0.009803526562
0.009465799988
0.009457354146
0.01093335806
0.009826953085
0.009742527911
0.01205219927
0.009927089354
0.01019111516
0.01045895657
0.00981164419
0.01037298115
0.009948960402
0.01085276495
0.009836596045
0.009427959094
0.009326169177
0.009346798818
0.0102739388
0.009811121
0.00929782055
0.01006099038
0.009128455656
0.00994294794
0.01037146373
0.01189263429
0.009940456982
0.01025219256
0.009060295731
0.0114233005
0.009905061771
0.01235597174
0.01080467004
0.009531445199
0.009715706892
0.009733413406
0.009714336464
0.01034485067
0.01029678567
0.00964428455
0.010729995
0.009910547491
0.009849453715
0.01064290192
0.009743428002
0.009400119517
0.009511378657
0.01012466823
0.009372538049
0.009435639172
0.009213498281
0.01117827683
0.01022993322
0.009969166433
0.01053521609
0.009926975252
0.01045324033
0.0101608248
0.01094074922
0.011422981
0.009832293621
0.01000926688
0.008841854181
0.01065207534
0.0113521856
0.01121284886
0.009944937072
0.01000703533
0.009454538838
0.009901208291
0.00955238888
0.009357830427
0.009185582591
0.009850358695
0.01032560218
0.009742587332
0.008983800183
0.01150529022
0.01001876772
0.01031545808
0.01024372509
0.009782378845
0.01069364149
0.01084728261
0.01083722743
0.01005313226
0.009754646608
0.009354930651
0.009112177277
0.009686968342
0.01140558693
0.01081894132
0.01014300485
0.01040719185
0.00944428149
0.00925684422
0.01021961778
0.01010862616
0.01025619721
0.01002070071
0.009845782118
0.01032686556
0.00974105047
0.009878557054
0.009624873921
0.00984116251
0.01014945423
0.0091371209
0.01014171029
0.01021394916
0.00970373768
0.01144223218
0.01033112541
0.009942534247
0.009601779643
0.009390340349
0.009791922252
0.00932617126
0.01015806269
0.009929954865
0.01027062067
0.01044940616
0.01043348138
0.01012390112
0.0110790605
0.009740484749
0.01021592134
0.009992099077
0.01053239507
0.01039787051
0.009399549167
0.009613196661
0.009555320002
0.00962308021
0.009859645809
0.009833327381
0.01058491237
0.009732076391
0.01043876316
0.009844122941
0.01108026663
0.009707901577
0.009654494685
0.009706447874
0.01134905284
0.01109605859
0.009882910829
0.009883587776
0.009248643375
0.01099246745
0.009357474753
0.01015233194
0.01060400268
0.01029970839
0.01092463132
0.01167090758
0.009612499098
0.0108938715
0.01005872101
0.009280549654
0.009750951694
0.009845791972
0.009805274358
0.01019041571
0.01102613976
0.01080572675
0.01076993858
0.00983466898
0.009702345601
0.009308049672
0.01124392557
0.01020680955
0.01008939473
0.009983091036
0.009345591083
0.01019979192
0.01093435545
0.01000339289
0.0104401696
0.009653575754
0.009744491562
0.009828134767
0.009302283727
0.009965715522
0.01055113541
0.01063429623
0.009684450019
0.01001437474
0.01022189356
0.01209670859
0.01002782149
0.01066341474
0.01059643902
0.009771568796
0.0117945631
0.01023247328
0.009948378276
0.01003097944
0.009219332172
0.009863063172
0.009261829283
0.0101145069
0.01066573076
0.009281307134
0.01001898461
0.00974560085
0.01063171127
0.009624957114
0.01054199405
0.01060482164
0.01028621763
0.009969035301
0.0103045592
0.01098148637
0.009965237154
0.01055513634
0.009504635895
0.009680416525
0.01006185374
0.01048222006
0.009300234953
0.01013052514
0.01026638573
0.01011589362
0.009375252396
0.01044428147
0.01074373081
0.01094452286
0.009807687679
0.00968809406
0.01069111971
0.01073309202
0.009899667091
0.01056313807
0.0114223246
0.01021719763
0.009895846571
0.01016443947
0.009758128577
0.0100313713
0.01102050976
0.01076321348
0.01205461077
0.0106609682
0.009990974126
0.009672058224
0.01004692825
0.009440752068
0.009404377065
0.009443742266
0.009772220847
0.01124354275
0.01037082246
0.01036243317
0.009888656855
0.009751634375
0.00951665287
0.009711468146
0.009494036531
0.009389414507
0.009992690641
0.01086802584
0.0100619143
0.009718692621
0.01054365509
0.00941225502
0.01028717392
0.009451450737
0.009945339576
0.009946084036
0.009470955939
0.01034394009
0.009981451565
0.009536612897
0.009593748059
0.009627602331
0.01020998537
0.01068708517
0.01002746994
0.01044315415
0.01112154518
0.01101546336
0.01037232673
0.009519412097
0.0100524231
0.01000471341
0.01009688573
0.009606731987
0.01169889785
0.009985034452
0.009570717764
0.009459937079
0.009366713721
0.009668639688
0.009314249547
0.009982598056
0.009713541618
0.009931297977
0.01013700491
0.00971487111
0.01093940651
0.009554946125
0.01027081536
0.009191653694
0.01009161366
0.0106786059
0.01056206308
0.009642523852
0.009702810171
0.009251718386
0.01022184741
0.009619578333
0.009643804664
0.01006665875
0.009774294485
0.009270693674
0.009927822721
0.01039481322
0.009913627242
0.01048127532
0.009692920871
0.01097035782
0.009063543603
0.01024261535
0.009749588587
0.009782834498
0.00973347574
0.01023773345
0.0107032326
0.01008787146
0.01068837823
0.01100516609
0.01058519588
0.009307137731
0.0102554943
0.009963267215
0.01030910648
0.00937574467
0.01069831387
0.01051029939
0.01000026775
0.009862903204
0.01014383684
0.009772884913
0.009607027197
0.009868383151
0.00945686157
0.01056614569
0.01022018234
0.01014698386
0.009935466232
0.0093622893
0.009606759303
0.009320932481
0.009863084365
0.009876931324
0.009929649083
0.009922945262
0.009997316465
0.009898778669
0.0101421527
0.01098224865
0.009371766966
0.01126847059
0.009967156847
0.009911686124
0.009333683485
0.009651625051
0.009847513993
0.009819903117
0.009966233333
0.01066264003
0.01014463499
0.009825051596
0.0101694833
0.01016632324
0.0095229331
0.009558604813
0.01104357873
0.01002428198
0.01045378917
0.01015417589
0.009821650147
0.009284473978
0.009322108652
0.009795198654
0.009914329123
0.01001155894
0.01016676602
0.01121826002
0.009974221049
0.00972351997
0.01002286993
0.009859350317
0.01075837584
0.01081810037
0.01075171836
0.009732918613
0.009766603743
0.01192634953
0.009570746604
0.01006639928
0.01100776208
0.01005690743
0.01127575094
0.01005257047
0.009902591104
0.009055097157
0.01081952946
0.009752050473
0.009806285588
0.01015081637
0.009308251572
0.009790617398
0.009269323719
0.009439916973
0.009716635666
0.01030456009
0.009788137812
0.01014716793
0.01116172983
0.01123285015
0.01015089403
0.009971764937
0.01009200482
0.01264120869
0.009423112522
0.01010812437
0.009908751543
0.009726492143
0.009995924032
0.01064391794
0.009556150989
0.01083392396
0.01010753284
0.009994007923
0.01002550742
0.01024859362
0.01014037299
0.01004244459
0.00968899131
0.009865289397
0.01152007402
0.009979545235
0.01046100172
0.01067264743
0.01028659875
0.01095467567
0.01168722392
0.0103618958
0.01003997066
0.009693934817
0.00982304373
0.009976805136
0.01061415717
0.009334874633
0.009737843102
0.009733607671
0.009775788537
0.01092021884
0.009984355996
0.009808988257
0.01047209087
0.01136535296
0.01086273532
0.01103857278
0.01048544252
0.01199265915
0.01054257961
0.009317349756
0.01074058675
0.01021435001
0.01006118861
0.01019152224
0.01123716755
0.01027910387
0.01046898133
0.009605639814
0.009413864353
0.009309584291
0.01064008122
0.009700778369
0.009573909839
0.009802268164
0.009819620968
0.01003527138
0.009534781323
0.009844892867
0.009854123825
0.00991627
0.01028061075
0.009475411435
0.009367793747
0.01005547336
0.009980541112
0.00976844183
0.01018158267
0.009277373831
0.009920591749
0.0105801417
0.009951195756
0.009738969401
0.01135266525
0.01046068291
0.009937433063
0.009658258516
0.01084799142
0.01000989481
0.009419099786
0.009944454607
0.01129808008
0.01063111932
0.009791913905
0.009512981355
0.0101018758
0.009857584827
0.009425291855
0.009053250771
0.009926545149
0.009435531379
0.009880881988
0.01000253651
0.009581299344
0.01053195701
0.01029957097
0.009743900366
0.009970888808
0.01028012277
0.009596890085
0.01110979156
0.009629310558
0.01029361609
0.01078399737
0.009506094005
0.00982123326
0.01035780382
0.01070134535
0.01056958178
0.01120754887
0.009639356443
0.01023041922
0.01003884366
0.009811792619
0.01019517312
0.009977420465
0.009404774938
0.009900376976
0.00995705206
0.01032146521
0.009595073771
0.01013028822
0.009742802206
0.009621842683
0.01072404604
0.009798649538
0.00988655113
0.01050786379
0.009908740877
0.009903854508
0.01010613548
0.009829695225
0.01253557228
0.009967233718
0.01024569257
0.009387620842
0.01133623167
0.01016797182
0.009335145437
0.01018491652
0.01091257614
0.009778948823
0.01189676235
0.009662623514
0.009505195999
0.009996226104
0.009774219512
0.01014297072
0.009247472804
0.01034774684
0.009734764291
0.009713165387
0.01000166832
0.0102531278
0.009229881546
0.01021918061
0.01067235635
0.009967224964
0.01019003536
0.01061676478
0.009559265457
0.01115115237
0.01060421129
0.009943720716
0.01029491163
0.01004615247
0.0096923774
0.01040931661
0.009805836346
0.0104700744
0.009433358544
0.009482091517
0.009690625248
0.009540517332
0.009883748012
0.009755506675
0.009688618192
0.009316402321
0.009848963617
0.009692716725
0.01043943378
0.009810128081
0.01134122653
0.009759680602
0.009696255339
0.01036499363
0.009931234555
0.009251518856
0.009822944594
0.009827699096
0.01016423078
0.0108511683
0.009911966692
0.009662172355
0.009304733923
0.009766457005
0.009878406459
0.009706390719
0.01007586188
0.009772848861
0.01006526102
0.01072776336
0.009846136708
0.01063881747
0.009760393213
0.00970658371
0.00967638043
0.009658445125
0.00958980381
0.009923209998
0.01022885396
0.01122174407
0.01142280394
0.01059395963
0.01022405081
0.009584093927
0.009570193704
0.009775449216
0.01058955191
0.009686141825
0.01096960657
0.01051133572
0.00984781269
0.01124896535
0.009433279171
0.009230563112
0.009985890291
0.009281123381
0.009870364153
0.009491918491
0.009830795379
0.009854593295
0.01008030859
0.01023449436
0.009777233207
0.009709946251
0.01017655319
0.01021392292
0.01023113081
0.01044584581
0.009544447506
0.01061431452
0.009781145161
0.009789850632
0.01015768338
0.009696053714
0.009863323963
0.009822836806
0.009725314973
0.009157380711
0.00997695799
0.01116324843
0.009773844033
0.01089277348
0.01019953375
0.01011402423
0.01083066481
0.01015143086
0.009662520694
0.009576904406
0.01026833704
0.01118379375
0.0106302594
0.01012070477
0.009974276384
0.0102420334
0.01023245111
0.01050140029
0.009727471366
0.01010081719
0.009908501294
0.009286448321
0.009498986852
0.01003356687
0.009521361797
0.01006379184
0.009643932796
0.009715421758
0.0107029844
0.00988877352
0.009690920825
0.009649716108
0.01037624182
0.009781508189
0.01088180404
0.009992423075
0.009726738329
0.01017011281
0.0102491419
0.01019769336
0.009814759835
0.01038324761
0.01140719812
0.009316277009
0.01066484655
0.009692018021
0.01029315802
0.01051772396
0.01030038405
0.01007891361
0.01032219924
0.009669527578
0.01109354114
0.01004902459
0.009702685202
0.01043435244
0.00989699504
0.009191610353
0.01018418599
0.01056183427
0.0113206585
0.009920210657
0.01010987423
0.00981733474
0.0109583697
0.01042182892
0.009563574412
0.009905489825
0.009430781916
0.01051490814
0.009509993022
0.01080122156
0.01026727183
0.009890850399
0.01006986851
0.01030876714
0.0105028234
0.009722851154
0.0111460949
0.01011041219
0.01037829279
0.009722099118
0.01027514068
0.009976370064
0.009797878319
0.009805034772
0.009495355403
0.009330537591
0.01056265561
0.0112918814
0.009325706263
0.009862015035
0.009577450037
0.009464420434
0.01033968006
0.0100566453
0.01022770872
0.009885126489
0.01011931613
0.009576080388
0.009762382223
0.01045527627
0.01055405804
0.01077771173
0.01001454172
0.01068009083
0.01070081209
0.009833665084
0.009706151513
0.009669809287
0.009545211657
0.01107589583
0.01107360666
0.009620723201
0.009879878568
0.01005604599
0.00987213644
0.01054048316
0.0103515405
0.009979251305
0.009601579008
0.01066299741
0.0108232712
0.009571724318
0.009739142533
0.009406842045
0.01014714009
0.01036086918
0.009920907756
0.01025031388
0.009878770214
0.01180554139
0.01083017551
0.00976996796
0.009801324976
0.009402581209
0.009445243316
0.01048822922
0.009987676018
0.00968512945
0.009470325363
0.01031911211
0.01017952255
0.009896902351
0.009356014045
0.009832834652
0.01036719942
0.009662214483
0.00971248049
0.009657892134
0.0110648206
0.01084008486
0.01028614566
0.009854348208
0.009844814909
0.01029229331
0.009699153052
0.01075374366
0.009846558708
0.01045756712
0.009886672828
0.009634060971
0.009303306828
0.009532266217
0.009238786639
0.009856741232
0.009480099331
0.009442786938
0.009682298531
0.01010749079
0.00989753806
0.01061766129
0.009916541917
0.009691619336
0.01073356263
0.01163943344
0.009872915485
0.0105441471
0.00963398868
0.01047530751
0.01065007473
0.01040322579
0.01035198386
0.009661587745
0.01047295542
0.01037887971
0.009583536737
0.01025197574
0.01045040569
0.01114628282
0.009683671508
0.01001166297
0.009695926651
0.01012080742
0.01097576514
0.009692176473
0.009626867632
0.009608834393
0.009411455268
0.0096376544
0.009721724842
0.01015234097
0.009200235083
0.009964815782
0.009639220257
0.01012804644
0.009645237928
0.0100309526
0.0098429088
0.009680558224
0.009750345855
0.009466698205
0.009458355446
0.01019102303
0.01019450237
0.009888481406
0.009839158876
0.009620255443
0.00953822463
0.009770539361
0.009642751828
0.01049853393
0.009851495741
0.00972469012
0.009996107929
0.01010040052
0.009766391534
0.0097744309
0.01014755969
0.01007086445
0.009915430365
0.009651783972
0.009570821306
0.009737902613
0.01032451066
0.01013659129
0.01054802931
0.01001551398
0.01051101614
0.01101563996
0.01014050785
0.009645764346
0.009469299619
0.009840005201
0.00995078553
0.009750992142
0.009639062781
0.01026323078
0.009654806792
0.01094083483
0.009926868543
0.009952968653
0.01014926526
0.009655727135
0.009606086308
0.01040817494
0.01032776896
0.01010600833
0.01073238929
0.009394463001
0.009989572683
0.01079295777
0.009548835055
0.009851594233
0.01032923683
0.01016850894
0.009502406381
0.009943750511
0.009939229978
0.009786036716
0.009662174614
0.009861575068
0.009799948293
0.01046907654
0.01094363662
0.009292711374
0.009862618557
0.009990716411
0.01047232041
0.01065554806
0.00999512956
0.01065501428
0.01020701981
0.01005658174
0.01068600261
0.01110576084
0.01212002597
0.01042953968
0.01016458252
0.00968032381
0.009550189697
0.009383427664
0.00981157014
0.01024389853
0.009545999949
0.01056837249
0.01012377596
0.01024155788
0.009838917063
0.01085731216
0.009567849963
0.01088370727
0.009847471515
0.009524188483
0.009752311102
0.009555527368
0.009724310364
0.009943439202
0.009753597448
0.009155508862
0.009557882078
0.009883121903
0.0100667484
0.009962866262
0.01015130394
0.009982979233
0.01004817921
0.01016773153
0.01057733149
0.01079253561
0.01023371993
0.01002207774
0.01013904341
0.009667296977
0.01003671721
0.009917232295
0.01030312155
0.009539009204
0.01022796662
0.009832302323
0.009497141997
0.009706213716
0.009159679001
0.01005568807
0.009962133951
0.01131898198
0.01034620393
0.009551503468
0.009892518204
0.01014934014
0.01117467184
0.0108229188
0.009896407923
0.01015851077
0.009743249952
0.01051246577
0.01120573132
0.009719697698
0.009449500154
0.009936207434
0.009688551704
0.01020774603
0.01001183513
0.01098766179
0.01111623551
0.01057003458
0.009800515625
0.00955818527
0.009260105459
0.009307358381
0.01025941985
0.009997727877
0.01061121393
0.009549081212
0.01035071223
0.009716183357
0.009608054763
0.01016341833
0.01064933883
0.01007991662
0.01064987343
0.01161258662
0.009959039672
0.009691652974
0.01022981227
0.01010994061
0.01043285952
0.01039973888
0.009900967182
0.009707991221
0.00963720623
0.00971316607
0.009504579739
0.01007296719
0.00949743484
0.009401551976
0.009446701139
0.009465850237
0.009712225003
0.009562382353
0.01003037604
0.009570118982
0.01035945497
0.009497644918
0.009903200979
0.01021684571
0.009801142473
0.01015212649
0.01002859496
0.01093512473
0.01151720541
0.01059080886
0.01042953681
0.01063262798
0.009718398604
0.009700134445
0.009750289779
0.0101889229
0.01046743035
0.01090568747
0.009579920806
0.01055800508
0.009966899572
0.01129502785
0.01032981489
0.009839242858
0.009892087397
0.009467413386
0.0095027258
0.009212997482
0.009634219252
0.009815433075
0.009486119022
0.009646945543
0.009626621327
0.009733385032
0.01126971492
0.009268928527
0.009632444238
0.01001057043
0.01002658973
0.01019818351
0.01004858505
0.01049591996
0.009831944696
0.009988194491
0.01031423514
0.009718219307
0.00954693266
0.0112621182
0.01027076594
0.009299559105
0.009587736281
0.01016940397
0.00993758512
0.01057504394
0.009606558201
0.01008939166
0.009943738032
0.01021915139
0.009770448334
0.009787499268
0.009549624463
0.009676689351
0.009367180248
0.01000841296
0.01044894624
0.01001517227
0.009551927995
0.00997202325
0.009569869237
0.01009436692
0.01016360092
0.009847717209
0.01036110025
0.009665090631
0.01029436805
0.009617787111
0.01033276533
0.009942200141
0.01035395543
0.009601589136
0.01070988999
0.01050372125
0.009899596285
0.01050172931
0.01035942094
0.01018191489
0.01071295116
0.01102539973
0.01000245258
0.01016860334
0.01020224001
0.01026067388
0.01049192918
0.01009403398
0.009624191608
0.009795420673
0.009765251566
0.01090308684
0.01103942788
0.009974438574
0.01055615505
0.01018405341
0.01096162705
0.01038425735
0.01014620097
0.01002376273
0.01032967239
0.009722852262
0.009958576125
0.01084349895
0.01089601354
0.01035393546
0.01032540041
0.01064816317
0.0104959952
0.01060129083
0.01149160182
0.009941870451
0.01017829338
0.01072401326
0.009725654434
0.009748336762
0.010069368
0.009993603607
0.01042529655
0.01022100221
0.009564271494
0.009672679484
0.01087780659
0.009991016507
0.009574527705
0.01070190789
0.009770811506
0.009374140999
0.009668288008
0.01015678328
0.009683761164
0.01058555339
0.009626203988
0.009813338823
0.01054714899
0.009559870843
0.01016679446
0.0101085302
0.009773832156
0.01038320176
0.01029025903
0.009300712447
0.009998493075
0.01076174403
0.009872184849
0.009851589905
0.01025326099
0.01124660442
0.01039840092
0.01027431704
0.0100774476
0.009995149842
0.01013784445
0.009725627972
0.009764234825
0.009817620243
0.009664232646
0.009885396679
0.01022726292
0.009859523467
0.009452620211
0.009692053142
0.00989343316
0.009617472547
0.01008670626
0.009507881229
0.009558027378
0.0100607575
0.01015043143
0.009513769236
0.009299571287
0.009421275216
0.009748998272
0.009368888788
0.009821430978
0.009810408511
0.01022660357
0.01021097152
0.009826386071
0.01030985648
0.0100025654
0.01042042144
0.01024486192
0.009619311345
0.01016415566
0.009841569347
0.01092250205
0.009602912594
0.01053090002
0.009742505357
0.01041578812
0.01053694725
0.0104958417
0.01118828952
0.01021602336
0.009572467859
0.01000898084
0.01037572036
0.009434295521
0.009849309978
0.009717566464
0.009792570599
0.010290667
0.009844142675
0.009972001829
0.01015117776
0.01003304337
0.0099324929
0.01051920495
0.009712540855
0.01009864698
0.01055071148
0.0108568211
0.009919975239
0.01007264397
0.009762386183
0.009732503449
0.01005735396
0.009677847316
0.009703111663
0.009469146859
0.009712268717
0.01053708707
0.009887933243
0.01059580524
0.01016014
0.009398923073
0.01074058753
0.01003564814
0.009747260197
0.01013398964
0.01051079936
0.01049943216
0.01003816085
0.01010711718
0.009975568378
0.009519040213
0.01070200392
0.01225995533
0.009777686888
0.009685743567
0.009529650282
0.01085161596
0.009937139615
0.009455483792
0.009713802733
0.009978579259
0.01006733764
0.01039233018
0.01043976386
0.0103483567
0.009501844127
0.009571470921
0.009904867098
0.01060523819
0.0101449798
0.0104405056
0.009447611086
0.009961456819
0.01070359569
0.01057550937
0.009939221521
0.01081018679
0.0107261488
0.009529684282
0.009850903661
0.009466021209
0.01023276016
0.01016171402
0.00989861288
0.009666958348
0.01013718235
0.01004326402
0.01023102068
0.009382646673
0.009751367852
0.01000902149
0.009988876381
0.01067402085
0.009898018571
0.0100103303
0.01063480503
0.009648017395
0.009832789012
0.009522856453
0.009594926222
0.01006679775
0.009811023659
0.01032220599
0.00956059266
0.009525663258
0.009904175225
0.0104221019
0.01055271352
0.01014911842
0.009754138789
0.01044852746
0.009667639646
0.01016258441
0.01061539925
0.009997571866
0.009398397229
0.009972075706
0.009668413997
0.01004490775
0.01033408075
0.01002812212
0.009629151858
0.01031691635
0.009812741774
0.01046012263
0.009442066436
0.01066529224
0.009549643564
0.01056152764
0.010083604
0.009724497532
0.009898629544
0.009597705762
0.009748081249
0.009885842741
0.01000518186
0.01054170256
0.01113871443
0.0103793955
0.0103710699
0.009707487846
0.009609229837
0.009775868061
0.009823670414
0.01012290999
0.009818763522
0.009974401011
0.009791635364
0.01025451025
0.009902989497
0.01018637855
0.0102258589
0.009738601369
0.009586191531
0.009929821937
0.009998298496
0.00953706447
0.01009908145
0.01016378301
0.01016413528
0.009435489518
0.01008835284
0.01112342246
0.00978919746
0.0101295151
0.01021023238
0.01009953806
0.009895575527
0.009892223704
0.01024845737
0.009814495234
0.01013641986
0.0100692607
0.009761903532
0.009753699107
0.009689453321
0.009565021981
0.009636380012
0.01024125277
0.01058306759
0.01097501369
0.01125974115
0.009677886869
0.009461014068
0.01044233932
0.009909831829
0.009625458993
0.01026562141
0.01045561539
0.01025983901
0.01053366305
0.01033254108
0.009992003343
0.01092380063
0.009908054715
0.009736207407
0.009926494028
0.009871261211
0.01006439895
0.009602073063
0.009938386068
0.0096814368
0.009831316793
0.009636945789
0.009668730412
0.01123493272
0.01001897432
0.01003752011
0.009571705178
0.009610267053
0.009976739588
0.0102032005
0.01020480332
0.009925920322
0.009938430638
0.009848462917
0.01033434941
0.009869521453
0.009732901985
0.009646637561
0.009755541625
0.01117685238
0.01030319468
0.01018397426
0.0098962248
0.009877951089
0.009531933929
0.01005044964
0.01012181389
0.01003836264
0.00968241137
0.01063128703
0.009819646991
0.009519151659
0.009917685261
0.01009259203
0.01000885493
0.009809832818
0.00989242987
0.009589127087
0.01054880955
0.01002527155
0.00985944546
0.01121544349
0.009842133173
0.00987023194
0.009639059433
0.0100399158
0.009797617138
0.01034711568
0.0102807353
0.009795561483
0.01048564812
0.009760404822
0.009949116756
0.01015473301
0.009933536474
0.01014573101
0.009545140274
0.009721175044
0.00968560907
0.009664561572
0.009789003525
0.009665914819
0.009659826987
0.009912570044
0.009805561161
0.01011949469
0.01026101793
0.009912280606
0.009681196229
0.01113163513
0.009887456861
0.009795778823
0.01015327814
0.01050029922
0.009695757716
0.01003346943
0.009971620756
0.01044593847
0.009857414835
0.009891135086
0.01002753645
0.009838025591
0.01044672142
0.009473548061
0.009475445368
0.009819665239
0.009367079014
0.009914475765
0.009793992441
0.009908277032
0.009762577056
0.009679081511
0.01015370976
0.01002793091
0.009634400409
0.009668651603
0.01035014315
0.009756923736
0.009929163653
0.01053614118
0.0100534179
0.01002743141
0.01049028439
0.009990801175
0.009903829129
0.009786845067
0.009928428845
0.009781015323
0.009521388314
0.009802045196
0.009728697122
0.01042208616
0.009594182039
0.009606478629
0.009636603737
0.009693801993
0.009741063343
0.009923732173
0.009943011187
0.01042040055
0.00989596644
0.00983558527
0.009794919578
0.01040429664
0.009814432337
0.01013407138
0.01089717415
0.009620417
0.01074621362
0.009672346376
0.009946071078
0.009446462583
0.009440395836
0.00962740145
0.009454098767
0.009659330493
0.01005355316
0.009672364032
0.009649910044
0.009900321209
0.0102802133
0.009897588766
0.01024655821
0.009645393989
0.009693915396
0.009570971515
0.009563337554
0.0098986953
0.01003409084
0.0106252709
0.01037143578
0.01007475744
0.009935978724
0.0105624326
0.009566065688
0.009693274339
0.00987326036
0.00983122951
0.00945960012
0.009420639182
0.009716084667
0.00996766044
0.009833995266
0.01044901461
0.009953518235
0.01145219477
0.0101371362
0.01027876716
0.01005249141
0.01084671728
0.009773296698
0.009516452285
0.01010662582
0.009883633569
0.01005711674
0.009473764243
0.009706844474
0.00959267034
0.01018936814
0.009651623215
0.01001614272
0.01001836179
0.009644007547
0.01002678678
0.01052943927
0.0102494826
0.009469912973
0.009893847747
0.01003609221
0.009990824478
0.009955008279
0.01000082931
0.009912198323
0.009999710569
0.009727383248
0.009933773203
0.01020305394
0.01041668644
0.01017512691
0.009551956775
0.01001504796
0.01047440786
0.01002322953
0.009850549119
0.009811445088
0.01046890578
0.01049119085
0.009751457255
0.009866549125
0.009492624936
0.009740158001
0.01004526218
0.01053632935
0.01001144784
0.009660744459
0.009798949887
0.009771053036
0.01001895539
0.009708524084
0.009695295786
0.009860728184
0.01020753056
0.009923680942
0.01021995776
0.009613105093
0.01004498259
0.01040250518
0.0104006265
0.01034791269
0.01020668884
0.009854030764
0.009671685355
0.009641647569
0.009602690054
0.01008706718
0.009584672965
0.009921861493
0.01016875
0.01007501109
0.01000354968
0.009919011846
0.00991532567
0.01086636439
0.009808016747
0.009881642229
0.009663597322
0.009686276375
0.009761382823
0.009896194896
0.009994670328
0.009573269003
0.009796085178
0.009658887142
0.009778443549
0.0101892944
0.009804318758
0.009853403044
0.01010748427
0.01037131358
0.009812814418
0.009905180893
0.01046732425
0.01010246437
0.01044189416
0.01059030108
0.009666798108
0.01002556749
0.009664887402
0.01017432027
0.009955495224
0.00990438572
0.009858090643
0.009783866884
0.0099975214
0.01005132489
0.009640301639
0.009934794919
0.00997804796
0.00964457533
0.009766095683
0.009870803225
0.009967477266
0.009611409941
0.009990000921
0.009695789416
0.009814438978
0.009967312374
0.00980689022
0.009724464961
0.01015656419
0.009900540763
0.01016348208
0.0102445285
0.01017988183
0.009980898471
0.01023792101
0.01026677931
0.01020861634
0.009647641192
0.01011689612
0.009947540819
0.01004243386
0.009817569831
0.0100570384
0.009721478381
0.009619383543
0.009545059723
0.00959896391
0.0100348174
0.01006778926
0.009919040864
0.01018856591
0.01051588833
0.01010845569
0.00993962019
0.00998584652
0.01011864151
0.009735817343
0.009889831511
0.009967301471
0.009887536768
0.009786560898
0.009950209383
0.009753243509
0.01081172055
0.009704897928
0.009818884994
0.009701727192
0.01001444207
0.01023037908
0.01008806382
0.009809221393
0.009893177137
0.0104263205
0.009669374847
0.009771297796
0.009650470657
0.009710809177
0.01010187071
0.01041482767
0.01001357404
0.01073183136
0.01043706181
0.0100747159
0.009658827201
0.009644795947
0.009701361654
0.00958037387
0.009731182298
0.01011473922
0.009744085744
0.009674078193
0.01003107411
0.009982008458
0.009945257419
0.01048427262
0.0106443211
0.01053681141
0.009751893078
0.01018653205
0.01006533672
0.01093932316
0.009781826769
0.009849263819
0.009895326436
0.009921035044
0.0101054019
0.009932468476
0.0100893891
0.00984063613
0.01072251259
0.009657560455
0.009762078772
0.009829371205
0.009652709742
0.009928573323
0.01061464432
0.01003439782
0.009843080228
0.01045431528
0.009896966068
0.01016414037
0.01061580724
0.009814296203
0.009822238519
0.009871168617
0.01088682864
0.01005756231
0.01014734403
0.01012730457
0.009745416287
0.01014445593
0.009852509165
0.009754324492
0.009908991592
0.009795306592
0.00984275738
0.01074079268
0.01036239646
0.009896605884
0.00965235999
0.01007436793
0.009979250538
0.009809940533
0.009944365112
0.009949110493
0.01009228314
0.009899991802
0.01010933398
0.009923182858
0.01007266009
0.009736226745
0.009761838787
0.009774435829
0.009841810418
0.009655730463
0.009737569001
0.009641049419
0.01001812457
0.01005050175
0.009843773834
0.009809719394
0.009811533302
0.009675863524
0.009841437531
0.01030688116
0.009761316235
0.009668708238
0.01011016004
0.009624899537
0.009748490869
0.009964722109
0.01035688129
0.01015505792
0.009789909852
0.009883330584
0.009940501604
0.009930165543
0.009941197638
0.0102263011
0.01004537265
0.01000023872
0.009939750408
0.01007986387
0.00988056638
0.00971300693
0.009865728018
0.01054701119
0.01006025919
0.009549020677
0.009801352313
0.01059453425
0.01005601968
0.01009107221
0.009836122587
0.009933238918
0.009639976864
0.009942520242
0.01056038299
0.00979184327
0.009822538706
0.009845045751
0.009987439929
0.009921665685
0.01036035835
0.01017138012
0.009900497402
0.009972328791
0.00960993011
0.009797235734
0.009536546734
0.01010918512
0.01015762765
0.009659548561
0.00981922871
0.009760223733
0.009854848639
0.009962298179
0.009609992089
0.01009395909
0.01047636388
0.009773118625
0.009715115191
0.01018592427
0.009851178588
0.009796447333
0.00972041083
0.01002920851
0.01013217447
0.009801474936
0.01028185581
0.009713864074
0.00976325307
0.009726208036
0.009753383612
0.009861284832
0.01011388125
0.009869838579
0.01017173711
0.009948832459
0.009816841063
0.009978348555
0.009820202623
0.009949595843
0.009914227698
0.009874760911
0.00985679262
0.009976008189
0.01010416529
0.00978340249
0.01015405778
0.009684815806
0.0103931341
0.009869862709
0.00976953323
0.00979866251
0.009860768213
0.009763669743
0.009753497116
0.01047322725
0.009624185282
0.009835366263
0.009951301814
0.01000605087
0.01064430407
0.01008343951
0.01022383615
0.009946690505
0.009906213557
0.01002294907
0.009683659235
0.009913185861
0.009633550027
0.01007669417
0.009748500188
0.009642326614
0.009787762065
0.01021693632
0.009714326659
0.01010579791
0.0105157585
0.01015639097
0.01008555491
0.009749569293
0.009961086746
0.009733429721
0.009822789827
0.00977251789
0.009871760827
0.01009634068
0.009718343081
0.009877096489
0.009954911286
0.0103949619
0.0100532785
0.00980531401
0.009726465686
0.009753622499
0.01025333347
0.0105164456
0.009955992786
0.009875378147
0.01004461219
0.01006702874
0.0098263444
0.01045030051
0.01012431809
0.009951859178
0.0100817127
0.009976774377
0.009812455465
0.01003966212
0.01003776959
0.01001435598
0.01024960549
0.01068118941
0.01007155578
0.009967019144
0.00996272648
0.01014349004
0.01012211778
0.009873204009
0.009716937049
0.009719109635
0.009936441523
0.01004000055
0.00986729961
0.009983627567
0.009718786834
0.01006422275
0.01019556342
0.01009189498
0.009788219345
0.01020275504
0.009877250049
0.009837636856
0.009949197138
0.01002975915
0.00970084075
0.009826296439
0.009859630615
0.009969878086
0.009697534017
0.00985040041
0.009871962707
0.009839832142
0.01001801559
0.00977113683
0.009929030623
0.009855000188
0.009981256897
0.01004001289
0.009946803461
0.009922131904
0.009831952792
0.009727591016
0.00987200403
0.01024879578
0.00984385143
0.00987132899
0.01004075116
0.009933956569
0.009849228967
0.01002629103
0.01005155672
0.01006647984
0.00972343202
0.00990438093
0.01029600638
0.00987868208
0.0100425649
0.009712422694
0.01009247767
0.0100973035
0.01007145355
0.0101424427
0.009900013155
0.009765163365
0.009958650721
0.009840672953
0.009782235884
0.0100436863
0.009974217572
0.01028386081
0.009670019456
0.009890647885
0.01013792137
0.0104153925
0.01024669634
0.009908238031
0.009990624504
0.01002209098
0.01048813312
0.01040240017
0.009943136329
0.01012532659
0.01003632123
0.01004937783
0.01021914582
0.0102518041
0.009741565759
0.009826071854
0.009961618729
0.01034847448
0.01024350402
0.01004397621
0.01011512138
0.01007849106
0.00981596098
0.009789494627
0.009936180662
0.009868929034
0.01004919413
0.009985164628
0.009876231636
0.01004895242
0.01006453049
0.01007228627
0.01000752102
0.009971912357
0.01004146901
0.00992227828
0.01007051497
0.01031553764
0.009978881101
0.009994843712
0.01014836599
0.009983332821
0.009949183961
0.01008763746
0.01006358338
0.009967249399
0.00988784455
0.01012276359
0.01014651355
0.01004305827
0.01010454551
0.009953033412
0.009943904242
0.0101194823
0.01002846204
0.009854159819
0.0099863388
0.009904623281
0.01028554828
0.009834015221
0.0100154071
0.01012686041
0.009901390194
0.01016963503
0.0103602481
0.01010262526
0.01038909636
0.009930969137
0.01001153989
0.00999853971
0.009927523308
0.01009978533
0.009849766374
0.01031934228
0.01013091337
0.01008874381
0.009974287257
0.01035423775
0.01003247351
0.01002033633
0.010186609
0.0100017589
0.01003592134
0.01001853982
0.01032553411
0.01023519048
0.01036026359
0.01005967311
0.01012911548
0.009975384087
0.01029697644
0.01002678954
0.009955535392
0.01025902504
0.01016809819
0.01008226623
0.01053743312
0.01019497982
0.01043385583
0.01012140776
0.01018164496
0.01004402585
0.01002040794
0.01024242878
0.01006046704
0.01011531516
0.01000654404
0.01038673524
0.01033599955
0.01041660688
0.01026583652
0.01000965081
0.01013472878
0.01019609448
0.01018436219
0.01010432033
0.01005600163
0.01052236283
0.01023733064
0.01019235389
0.01013637034
0.01015566793
0.01027942847
0.009958792382
0.01022817891
0.01011955019
0.01021742836
0.0102864796
0.01031539785
0.0100586837
0.01013481959
0.01002184575
0.01047109441
0.01048505997
0.01039097653
0.01020700745
0.01009272023
0.01039410311
0.01036876951
0.01046487235
0.01004945837
0.01009780498
0.0101568864
0.01039411904
0.01018682782
0.01015788828
0.01038747573
0.01035026473
0.0102193533
0.01040701482
0.01023632062
0.01030140789
0.01052531949
0.010292515
0.01025304922
0.01023746561
0.01035239198
0.01049170342
0.01037245776
0.01014815972
0.01031035006
0.0104406882
0.01032057389
0.01023057764
0.0104262229
0.01046275383
0.01032992089
0.0103022688
0.01026856801
0.01028602866
0.01042353126
0.01032989038
0.01021735569
0.01043086013
0.01031728494
0.01031197537
0.01030626031
0.01041249323
0.01023816346
0.01037548401
0.01025850817
0.01041991862
0.01041160473
0.01025054657
0.01053759979
0.01031057401
0.01037846353
0.010262785
0.01034385734
0.01032335089
0.01049536709
0.01043658625
0.01046271482
0.01042021976
0.01044088458
0.0104701357
0.01044508716
0.01029330957
0.01053498006
0.01042378487
0.01031222207
0.01052201583
0.01044867418
0.01033697146
0.01041915357
0.01055432982
0.01050166314
0.01035788686
0.01040552603
0.01034765369
0.01045053295
0.01052312464
0.010645046
0.01048855767
0.01031422859
0.01046780918
0.01060519324
0.01041532057
0.01041008997
0.01049544332
0.01042641258
0.01039246962
0.01043176688
0.0104734608
0.01038089195
0.01047797765
0.01050026669
0.01041245768
0.0104893974
0.01042055876
0.01038203379
0.01031249486
0.01043089083
0.01043924165
0.01043480864
0.0105900784
0.01043785076
0.0103876439
0.01043605727
0.01030058089
0.01050024442
0.01033999512
0.01042637661
0.01059026035
0.01043447745
0.01030704132
0.01033327991
0.01038322337
0.01038053414
0.01031078567
0.01037751135
0.01020360528
0.01025642041
0.0103428161
0.01034528712
0.01038760445
0.01022084259
0.01023434836
0.01018842904
0.0102921986
0.01024028674
0.0102020839
0.01014938035
0.01014712505
0.01011790552
0.01008996352
0.01015626401
0.01016618019
0.0101345682
0.009996975267
0.01014661273
0.0100730845
0.01008094988
0.01004315482
0.009972468792
0.01007900572
0.009931274715
0.009968245311
0.009933654255
0.009885933259
0.009865216649
0.009867792816
0.009743151216
0.009817040941
0.009834705951
0.009736354821
0.009713881131
0.009751398544
0.009687451899
0.009536595393
0.009602963514
0.00969243963
0.009613813452
0.009550424842
0.009554315266
0.009517134378
0.009491336638
0.009451310299
0.009390647173
0.009507982515
0.009399318562
0.009343667062
0.009305821962
0.009370987263
0.009341018776
0.009266244032
0.009222009833
0.009288695476
0.009166820887
0.009300186376
0.009214362147
0.009206472331
0.009228462198
0.009171482033
0.009227157856
0.00914599295
0.009126890452
0.009236370665
0.009198873926
0.009198627643
0.009176235434
0.009098903795
0.009133155085
0.009134767868
0.009189153379
0.00927935291
0.009184075317
0.009218371062
0.009147605049
0.009264399412
0.009288422416
0.009259618521
0.009367167026
0.009302455187
0.00940054967
0.009432219065
0.009409100215
0.009504238327
0.009472314487
0.009524870922
0.009595203191
0.009643384605
0.009758254753
0.009735648094
0.00981866043
0.009867677423
0.009936352668
0.01011297901
0.01014478775
0.01011620331
0.01025541657
0.01035239828
0.01047446828
0.01048203075
0.0105956063
0.01075707744
0.01083434048
0.0110572868
0.01097941304
0.01121485354
0.01126980534
0.01137830005
0.01159019427
0.01175053209
0.0119378145
0.01192287119
0.01212289518
0.01231571532
0.01257921916
0.01276937178
0.01279978031
0.01309651899
0.01339609873
0.01393626623
0.01392510874
0.01403262897
0.01423311595
0.0145568783
0.01479667751
0.01528290952
0.01553508623
0.01592729193
0.01602565797
0.01623814137
0.01659284391
0.01711575632
0.01717682978
0.01764124826
0.01826540819
0.018782278
0.01945816115
0.01986268628
0.02023074895
0.02089885042
0.02156018796
0.02217201836
0.02219677382
0.02295769009
0.02370774937
0.02433547134
0.0255201193
0.02564244348
0.02623892685
0.02677086717
0.02800612446
0.02902346651
0.02961169066
0.03076316003
0.03152377685
0.03319072152
0.03353145064
0.03543991109
0.03609731191
0.03841666367
0.03970449146
0.03999809718
0.04194173443
0.04416329996
0.04561196522
0.04722175394
0.04710094431
0.04966563624
0.05208826241
0.05520493898
0.056688402
0.0590587066
0.06008666838
0.06414995683
0.06365307983
0.06693947914
0.06904703482
0.0746735596
0.07623057409
0.07625008343
0.08114022717
0.08455071288
0.08939357237
0.09592837107
0.09302831963
0.1027786692
0.09815151977
0.1120616972
0.1137755332
0.1272587015
0.1244516874
0.1343326323
0.1340295445
0.1392953053
0.1267915643
0.1646648215
0.1368685564
0.1518210362
0.1535882283
0.1624256279
0.169432057
0.1701674445
0.2037206354
0.1748284671
0.1867374831
0.1883980573
0.2403350904
0.2015116917
0.3613620443
0.231018704
0.285445911
0.244301603
0.2505685707
0.2677895647
0.2667889916
0.2338799212
0.2922391216
0.2170779284
0.2186369803
0.2666355162
0.2982304477
0.2880685519
0.3173155664
0.2834262096
0.3266266104
0.2884900255
0.2364200301
0.2414996516
0.2738533829
0.2176548881
0.2501138855
0.3224205591
0.2308623352
0.2234492258
0.2597542336
0.2728105083
0.3022997442
0.2928464724
0.2562194169
0.3036067015
0.2934422963
0.3224597381
0.279449309
0.3201454798
0.2634674857
0.2973468002
0.2886868787
0.3086038512
0.2353397525
0.2431836885
0.2753625427
0.2535626771
0.3393487482
0.2675449274
0.2555179
0.3395306535
0.2342097377
0.4355751569
0.5666447189
0.2766131227
0.2554526893
0.2788989108
0.2561194327
0.2393460726
0.2496663811
0.2547250631
0.2686469777
0.2681680421
0.3068707346
0.2840392234
0.2509928176
0.247883178
0.3599228472
0.2949380127
0.4339182892
0.2725934215
0.2689730526
0.3181728606
0.246026324
0.3468188812
0.4243125872
0.2625895863
0.2617959134
0.2762902585
0.2438038517
0.3200405232
0.3010995295
0.363432485
0.2962597747
0.2759062497
0.2779042573
0.3012162149
0.27236231
0.2954891874
0.295188836
0.3972695696
0.3122395474
0.2436107441
0.2752980223
0.2369876648
0.245867478
0.2844494596
0.2837355695
0.2193549678
0.237145768
0.2567976597
0.2481455623
0.2887914846
0.2866808814
0.2576429155
0.2997105663
0.284168798
0.290001313
0.307132686
0.2666741465
0.2531345379
0.2457380383
0.2773496616
0.2854213797
0.2546937107
0.2540509302
0.2562038678
0.300492049
0.2686530729
0.295594106
0.2431703656
0.2609037433
0.2366296533
0.2228469592
0.254905673
0.2659753539
0.2574617401
0.2856699081
0.2841466473
0.3286227783
0.2356739692
0.2786712748
0.302371068
0.262919274
0.2938233736
0.3367780517
0.2566585148
0.2873166636
0.2958042049
0.2672445224
0.3762410349
0.3448003213
0.2951150875
0.2695298922
0.2592348691
0.3945615667
0.2365079267
0.3138616803
0.2652793904
0.2904425926
0.3201879238
0.3049493223
0.3204251643
0.3305482214
0.2513782852
0.2541724117
0.3684879614
0.2652355378
0.2762345645
0.2830600148
0.2414075841
0.243189416
0.2835690724
0.287465668
0.2956716627
0.2649907869
0.432443053
0.265905714
0.3227361081
0.3185852855
0.2671889159
0.2404912408
0.2873138291
0.2583464708
0.2449272016
0.3355171045
0.3408632992
0.2878301671
0.2697018803
0.2364842211
0.4054702911
0.3002205561
0.2529185
0.2642812636
0.2436740861
0.2889135309
0.2752796551
0.2912264674
0.3037673994
0.2986712468
0.2958639247
0.3313508136
0.2399228924
0.300968255
0.4119304736
0.3075413847
0.3114701562
0.3409671544
0.2663191007
0.2268500651
0.3151631924
0.3153699788
0.3168592173
0.2461290502
0.2649446379
0.2630024613
0.3067617958
0.3308059385
0.248442151
0.3067322131
0.2375518768
0.246193016
0.2653594473
0.3332721449
0.3844061146
0.2717996459
0.2467673688
0.298552385
0.3855989331
0.2612501318
0.3507866181
0.2881031103
0.3310424655
0.2660115642
0.3701470608
0.2962085129
0.2906590896
0.3095480573
0.2816971317
0.2791617738
0.3044466257
0.266982012
0.2832286629
0.2802442743
0.2406495825
0.3318998949
0.3364517121
0.4061929098
0.4520415221
0.3620423114
0.2748045292
0.3064246028
0.3590702998
0.3211069125
0.2984507034
0.3721180888
0.271442604
0.282469929
0.2975555469
0.4133394636
0.352974356
0.2514056137
0.329578099
0.2886249268
0.2520227702
0.3231509879
0.3087944322
0.3040298928
0.2760004111
0.3357893556
0.4300559672
0.4363110032
0.3702026008
0.2873644377
0.2820258743
0.4266432027
0.278587888
0.3829860425
0.3033464468
0.2502352149
0.2782061143
0.2639012408
0.3136635499
0.2853734427
0.2521694003
0.3025237725
0.2820489955
0.2960532121
0.2440305452
0.3502181411
0.2641869505
0.3388861968
0.2982420419
0.3394992095
0.3290343157
0.3313181427
0.3091175596
0.3127977509
0.306959944
0.3322929122
0.3569483672
0.2665797447
0.3192211722
0.3416853252
0.3157636989
0.3125433708
0.3178982024
0.3340530145
0.3819784934
0.4209879495
0.3514098793
0.3669025332
0.3572050035
0.3490513071
0.2736045048
0.3876525618
0.3357428721
0.3909340113
0.5446608016
0.3286336269
0.3467990983
0.33295653
0.3717109293
0.3014857371
0.3483233043
0.3667238643
0.3542990794
0.2168773306
0.3465861914
0.4226512739
0.3073465713
0.3540142961
0.3482683412
0.3112625064
0.3497826819
0.2977467816
0.3366882198
0.3003541816
0.3230782641
0.3932637353
0.2988667981
0.2999884109
0.3609292082
0.2990800654
0.3455208258
0.2531180214
0.3252404187
0.2962729135
0.3633411645
0.3031762286
0.3099121894
0.3372463767
0.3137577403
0.3018719402
0.3185452689
0.3462860582
0.4856219467
0.4033373767
0.3889698438
0.3222555927
0.4554546646
0.575068093
0.2831843776
0.3377238404
0.3493270246
0.3330176926
0.3115766446
0.2732862964
0.2854882344
0.3156908863
0.3994225588
0.3428173738
0.4410493277
0.3466555258
0.4736469108
0.2913686325
0.3204941555
0.374273598
0.4285605533
0.3416976689
0.2969594184
0.3474657558
0.312377177
0.2866220391
0.3086556397
0.4330728549
0.2971775194
0.4081801772
0.3009642839
0.2902849921
0.3301478688
0.258475266
0.3245511216
0.352173827
0.2893825241
0.3633318127
0.3128014925
0.318607279
0.27432876
0.3834977209
0.4354642898
0.3524805987
0.377959351
0.3046457296
0.4186828792
0.3481529159
0.3004510174
0.317653641
0.4079186766
0.3509643031
0.3578552347
0.3462262873
0.327689259
0.2973634406
0.4099784783
0.2600444835
0.4055363733
0.2965234617
0.3776740488
0.302182392
0.3567294762
0.2860334206
0.3555561059
0.3576414014
0.3009514923
0.3573360755
0.272437658
0.3218987491
0.323400337
0.2658772757
0.3089877897
0.314508346
0.3312449221
0.3059823854
0.5257962595
0.3435355227
0.3125038395
0.3124628314
0.380775079
0.3868495272
0.3576074408
0.311245952
0.3387362215
0.3936853895
0.2976542568
0.3561320326
0.3566279578
0.2895310745
0.2965952259
0.3238230328
0.3326691023
0.3129350434
0.3509854376
0.32330327
0.4314990409
0.4007056338
0.4087589908
0.3591760125
0.3603859936
0.3265630448
0.3820706647
0.3588168161
0.3856984519
0.3334289804
0.4389304473
0.3763885756
0.4554789231
0.3390709932
0.4339747085
0.3169411504
0.3419212213
0.2566579495
0.3594466844
0.2843124471
0.29048408
0.3468703337
0.3217716395
0.4883005427
0.3394249602
0.4704556035
0.3598770288
0.3540377039
0.3376877211
0.3691765643
0.2596359003
0.2904910808
0.2872959811
0.4333016328
0.2730518217
0.4329617237
0.3153652992
0.3104741504
0.2833907062
0.3354368708
0.3006096582
0.305091306
0.414296052
0.6502351439
0.3499719412
0.3402037829
0.426240223
0.3952005275
0.3671130207
0.4018824163
0.4002164155
0.4749045988
0.5115283572
0.4471626893
0.3573320932
0.399494722
0.3540957891
0.4771009496
0.3258794854
0.4003324877
0.3767186453
0.3865757732
0.5061340196
0.3820409653
0.3618083662
0.3293119841
0.4014128956
0.501290506
0.3177406801
0.351891783
0.3401582626
0.3815107388
0.4280961014
0.457265294
0.500817407
0.3436886077
0.3475302034
0.3608582562
0.3500212375
0.4023754984
0.4467338378
0.5237355557
0.3665250649
0.3958972153
0.3755484095
0.4887189333
0.4089045866
0.3604597004
0.3491365513
0.522221601
0.3585278323
0.363735725
0.356285363
0.450415506
0.3985954509
0.3919430333
0.4041560544
0.3969980138
0.3216031622
0.4642348743
0.6632125675
0.4437270607
0.5316436193
0.4822502275
0.444255551
0.4255663311
0.3103633061
0.3296533965
0.3614887285
0.3395612691
0.561084869
0.4211459653
0.3827022484
0.3372142574
0.3787094214
0.3432656163
0.3613324745
0.3794803816
0.3550153395
0.3273780441
0.382583688
0.4989839485
0.4205626465
0.3157893911
0.4365395216
0.2909509751
0.3282584941
0.3211086971
0.3671559466
0.3611160882
0.4052648762
0.4131153733
0.3416288667
0.3663931788
0.338034396
0.3796817803
0.4040237925
0.3394120133
0.3742986133
0.3527469878
0.4241744805
0.3291256051
0.3935324567
0.4426825751
0.5657764431
0.3346148792
0.4938769937
0.3766488132
0.4237404868
0.3899647109
0.4770843426
0.393580354
0.3493168162
0.4066689355
0.3550352024
0.4744094397
0.3815158965
0.5401380174
0.391393357
0.3312999076
0.3848321473
0.3912871863
0.3093711602
0.355042031
0.3978789039
0.2849807267
0.5014615432
0.3302903409
0.317089836
0.369800194
0.4796790096
0.3904250548
0.4586905717
0.3907966349
0.4973553121
0.478321192
0.4110747378
0.3614500127
0.377481029
0.4328760501
0.3681139161
0.357927357
0.4783330127
0.374198263
0.503889307
0.3252864457
0.4349922655
0.4438604304
0.3020431618
0.720518852
0.3619741387
0.4641408261
0.4502975533
0.4728626542
0.3368593578
0.4524731213
0.4066799331
0.3643345962
0.3515508866
0.3310264739
0.403193336
0.5384792386
0.3427036138
0.3651055862
0.3464527742
0.4508193109
0.3738837499
0.3869417066
0.4356991014
0.3256092011
0.4670754991
0.3144852032
0.3226612458
0.3916060258
0.3495031947
0.4952810935
0.3075562249
0.4659903339
0.3803362951
0.3285386061
0.3954243199
0.3749434067
0.3986442953
0.3643468645
0.3427543106
0.3558092585
0.336473708
0.3581348607
0.4559449324
0.4172822497
0.3384336832
0.4442485053
0.3412852293
0.3779367381
0.3777727655
0.3520640074
0.3905574431
0.3232955764
0.4838758483
0.4949219679
0.3643825577
0.3906025652
0.4275196825
0.3679481175
0.4643039258
0.4426147903
0.318833445
0.4446638683
0.3652949226
0.3566427396
0.3230452689
0.3720100769
0.3698384204
0.4285470415
0.366828893
0.3805095268
0.4112331284
0.3825510476
0.446802495
0.4267081446
0.3920061727
0.4731409017
0.4120093232
0.4978283852
0.3434518241
0.3189357987
0.3935129079
0.4735293658
0.3291457526
0.357990872
0.4072641757
0.4790977128
0.4231442255
0.4296766861
0.4091006056
0.4343639976
0.3774839045
0.3874782096
0.414787925
0.4643993177
0.3913378151
0.3384248938
0.4599654024
0.4470607027
0.385388626
0.3922638795
0.4628411011
0.3702117105
0.3947254385
0.3679667216
0.3720693393
0.3129405279
0.3838081022
0.3907667597
0.4193459625
0.3520048884
0.4094278676
0.4235672514
0.6321074741
0.3793912939
0.651430445
0.406641885
0.3718453813
0.3426100017
0.3994270417
0.2906792144
0.4768438894
0.4285612258
0.394688238
0.3802317868
0.3682243245
0.4805093857
0.3325516928
0.4384059316
0.399059505
0.356013028
0.3685628308
0.3454505039
0.5140968096
0.3883338121
0.3351444251
0.3651017779
0.3638466394
0.4288979621
0.3980493906
0.4565681176
0.5350751146
0.3615309064
0.4151369863
0.4030377076
0.5125662134
0.4669133215
0.4800002543
0.3683391932
0.4457270553
0.7502711726
0.5508494276
0.4554236203
0.4681008505
0.4484874203
0.4669001138
0.4259868769
0.4412052594
0.3574051239
0.4696752231
0.3077992815
0.4877536432
0.31557171
0.3776643669
0.3322779695
0.4105920987
0.291938278
0.4225396362
0.3814277989
0.3649649886
0.6219671942
0.3956136556
0.3505424905
0.3179134016
0.2988994535
0.4500002868
0.3826141134
0.4074903738
0.3473844519
0.441092437
0.3502919781
0.3594778278
0.4121696088
0.4224578283
0.5290187796
0.4453835746
0.3607962575
0.3953443814
0.357495244
0.6605971274
0.4073875625
0.4121967244
0.5576970749
0.7871793597
0.466787532
0.5361684322
0.3648094016
0.5586239265
0.5400092704
0.4163685397
0.5850747644
0.3859558682
0.6299944042
0.4663649635
0.4179734361
0.4736336024
0.5360039927
0.703033624
0.3512753194
0.3604532459
0.4565423672
0.4016010081
0.6178135961
0.4086736117
0.5453056573
0.3914771604
0.5415498417
0.5759932586
0.4552888211
0.3998551542
0.5947787523
0.4042078115
0.4257329467
0.4964610458
0.3001876351
0.4895968686
0.3368955008
0.3891375833
0.3289138474
0.4765750938
0.4691524349
0.363015142
0.5100496633
0.6693913592
0.3848521599
0.4701714366
0.4220616947
0.4422069039
0.3910156102
0.4099741704
0.4491372704
0.4674212276
0.3596811611
0.6293113549
0.2806268409
0.472072304
0.5524048308
0.3978560206
0.4315438809
0.3793270957
0.4279803205
0.3066480661
0.4411432123
0.3903716318
0.467441184
0.375317083
0.3093764515
0.4020578105
0.3033270057
0.4145143419
0.4059730469
0.3539197096
0.5273732642
0.3684808011
0.4664129804
0.4418197993
0.4104372949
0.4254899681
0.4383298693
0.4748042323
0.5138428117
0.4920542571
0.508987334
0.5468796893
0.5971716802
0.4650178347
0.4220000768
0.5222434776
0.3497764902
0.5461558646
0.5316715932
0.4008170941
0.5645000548
0.3832763977
0.4422666003
0.3625494767
0.5075818389
0.4316492754
0.4316090591
0.3888620129
0.3874183617
0.4870644853
0.5110355294
0.7237234152
0.5169604716
0.4315476009
0.4861236156
0.5731311966
0.4256902311
0.6951162901
0.4296548885
0.3435967813
0.453311008
0.4019442428
0.428594963
0.4732480696
0.446304219
0.4716820522
0.3886813238
0.4011252796
0.4405330065
0.4509991176
0.4418915323
0.4729217646
0.4295095069
0.4389328016
0.5382265087
0.4954560634
0.5406421033
0.6386700249
0.7225542616
0.4856265948
0.4251139463
0.3821034224
0.406658922
0.4412234764
0.7527674999
0.3593043863
0.5372350935
0.4875594783
0.5537710388
0.5295248942
0.404688006
0.7986012532
0.4168068371
0.5696207739
0.7761174565
0.5197485817
0.3754501098
0.5421495303
0.5774189767
0.6259181994
0.4753628836
0.6051462621
0.4331269102
0.4136456952
0.590144386
0.5503691819
0.5746362402
0.5776646887
0.5767537048
0.4922483054
0.5092794918
0.6064336308
0.428979382
0.404957274
0.5248058322
0.7093831114
0.4791493969
0.4338781649
0.4011400447
0.3539637356
0.3391835685
0.50655339
0.3858055526
0.399537032
0.3809876194
0.396937454
0.391022954
0.3765505868
0.5231121478
0.4739436742
0.5678301208
0.3539858311
0.3616822125
0.385369671
0.502297583
0.3854385982
0.394365719
0.5890665155
0.343113654
0.4886715108
0.4546880697
0.4079952956
0.4374740424
0.5732012528
0.4642491866
0.4287252865
0.3925165436
0.5844456938
0.4457101211
0.5393691825
0.5605137756
0.514443409
0.4785501298
0.5688755887
0.5445672709
0.5162899235
0.4294177221
0.4421829426
0.4609211452
0.3890973852
0.4464301556
0.491401411
0.3866284214
0.3895878733
0.3295515929
0.4214252856
0.5112070409
0.4647406194
0.5151051479
0.361847744
0.5298005013
0.5404460202
0.5016943956
0.7112089179
0.455352217
0.4470916888
0.4607268584
0.5094014635
0.4106397944
0.5312814666
0.3993538447
0.393663292
0.6100281801
0.4784912428
0.5554558845
0.5648577531
0.5149874037
0.3574629918
0.4859903469
0.5339205641
0.4275597306
0.4208352003
0.4759025313
0.4155897425
0.5981391825
0.6117767523
0.4963504942
0.4727781046
0.4611213231
0.7161552377
0.4928814239
0.3866232509
0.4604692194
0.4323903537
0.4688636985
0.5095059871
0.5126982179
0.4789754561
0.5097156802
0.4569090136
0.5291153378
0.3985115815
0.4150918698
0.7417661681
0.477472102
0.5882906871
0.4359410849
0.54264506
0.5701100585
0.4046803293
0.4474069874
0.5190347881
0.4956182221
0.7411595638
0.5241873435
0.6299353094
0.6401832842
0.4222962912
0.4289458683
0.5242435403
0.5860200212
0.4454572576
0.4936456925
0.7823220229
0.6367179778
0.5094962868
0.4476329387
0.4149581742
0.4409511062
0.3816706161
0.4153488234
0.4074214338
0.3750084285
0.4519516438
0.4113526927
0.4431876674
0.5079911904
0.4680019767
0.6106746623
0.4964028025
0.5756437417
0.467544476
0.7611248802
0.5429467505
0.5971048583
0.4293057303
0.5166226541
0.4186991179
0.3950987222
0.490106439
0.3920167176
0.3741787503
0.4635021855
0.5428906077
0.6248029726
0.7204643854
0.4658907822
0.5796089644
0.6310171507
0.7387809641
0.564237921
0.4607920312
0.5693530455
0.5603571625
0.3782059394
0.418901565
0.3932554761
0.670351837
0.4625881522
0.6323312033
0.7106334852
0.5172209374
0.5241935644
0.5753236283
0.8193645934
0.6678561487
0.8340188248
0.3856965982
