#################################### 
# Matrix Size= (25,25,400)
# Resol      = (1,1,4000)
# VoxelSize  = (25,25,0.1)
# nbVal      = 4000
#################################### 
2.467982617e-14
1.548052858e-14
1.579474824e-14
1.723331835e-14
2.135245115e-14
2.18489574e-14
1.537211279e-14
2.011581225e-14
2.341579239e-14
1.682220849e-14
1.654883643e-14
2.007217945e-14
1.871458853e-14
2.156501593e-14
3.36302452e-14
2.578860336e-14
2.374394739e-14
3.066156723e-14
1.675607805e-14
1.717735693e-14
1.511362849e-14
1.817249569e-14
2.316017005e-14
2.285123767e-14
2.231799242e-14
2.147795255e-14
2.900048549e-14
3.054830019e-14
2.295603862e-14
2.28476254e-14
1.529480562e-14
1.823083904e-14
2.561348884e-14
2.352740435e-14
2.577875118e-14
2.370526622e-14
2.040078214e-14
2.135928627e-14
1.992127841e-14
2.309401779e-14
2.163882075e-14
3.47607396e-14
2.113850245e-14
2.474769051e-14
2.026420081e-14
2.461097764e-14
2.159748523e-14
1.713952339e-14
2.594411597e-14
2.35740009e-14
1.800945977e-14
2.77026953e-14
2.207858457e-14
2.473893279e-14
1.886886957e-14
1.727765278e-14
2.281811593e-14
1.68509892e-14
2.568812369e-14
1.854180029e-14
2.06389736e-14
2.038112098e-14
2.274448021e-14
2.768748624e-14
2.371308155e-14
2.515874783e-14
3.073603693e-14
2.001245137e-14
2.106574174e-14
2.840588054e-14
2.552033959e-14
1.940393371e-14
2.417797534e-14
2.312557891e-14
2.010707226e-14
1.902922705e-14
2.269329986e-14
2.23598312e-14
2.427873069e-14
1.877138422e-14
2.922173289e-14
1.988649299e-14
2.309239873e-14
1.868874724e-14
2.159535995e-14
2.32771419e-14
1.833563633e-14
2.189622507e-14
1.965398879e-14
2.411767411e-14
2.426344975e-14
2.401226789e-14
2.3299883e-14
2.132575378e-14
1.859068697e-14
2.20142429e-14
2.046961794e-14
3.164174739e-14
1.985644362e-14
2.122901776e-14
2.176691963e-14
1.815602217e-14
2.652058082e-14
2.556501281e-14
2.510760931e-14
3.223815337e-14
2.132906247e-14
3.332208704e-14
2.804231481e-14
2.800242022e-14
2.507673292e-14
2.288357213e-14
3.490097714e-14
2.292601606e-14
2.190161038e-14
2.997553842e-14
2.600226537e-14
2.45231744e-14
2.432219418e-14
2.272642082e-14
1.950436758e-14
2.033017724e-14
2.594926888e-14
2.4557844e-14
2.929411618e-14
3.556813641e-14
2.657242921e-14
2.250843598e-14
1.904624894e-14
2.857617053e-14
2.293415463e-14
3.219263154e-14
2.574261154e-14
2.556567438e-14
2.52544779e-14
1.978650546e-14
2.5998442e-14
3.61480356e-14
2.783418487e-14
2.936946374e-14
2.79829076e-14
2.959621065e-14
2.373229142e-14
2.117702118e-14
2.333562612e-14
2.392544169e-14
1.973210903e-14
2.231728138e-14
2.309572413e-14
2.119948429e-14
2.242122874e-14
1.848555895e-14
2.514783155e-14
2.508048213e-14
2.653780598e-14
2.254441564e-14
2.315923844e-14
2.942126431e-14
1.971707765e-14
2.399559023e-14
2.440833784e-14
2.150852198e-14
2.542463728e-14
2.196260791e-14
2.004839584e-14
1.888882711e-14
2.804927514e-14
3.028719136e-14
3.4637092e-14
3.360270959e-14
2.865440187e-14
2.892146054e-14
2.328163148e-14
2.148299129e-14
2.891511415e-14
2.906175245e-14
2.162108413e-14
3.00739639e-14
2.086954232e-14
2.118339783e-14
3.44971593e-14
2.870831693e-14
2.940424839e-14
2.29020442e-14
2.965210214e-14
2.116915681e-14
2.187097474e-14
1.914802991e-14
2.14706515e-14
2.815153078e-14
2.028968974e-14
2.462872327e-14
2.146691233e-14
2.382241583e-14
2.293245013e-14
2.273299073e-14
2.319298637e-14
2.406196757e-14
2.283501932e-14
2.139851179e-14
2.711136535e-14
2.242112724e-14
3.001178837e-14
2.369896942e-14
2.209360428e-14
2.07541644e-14
1.983831901e-14
4.37895556e-14
3.14758435e-14
2.244512307e-14
2.537590733e-14
3.674426184e-14
3.103418578e-14
3.517096362e-14
3.222650664e-14
2.66487613e-14
2.386590104e-14
2.325500587e-14
1.95673838e-14
2.500976492e-14
2.596980266e-14
2.202810247e-14
2.828844241e-14
2.172401279e-14
2.81097649e-14
2.586520796e-14
3.018703794e-14
2.375091828e-14
2.93746172e-14
2.944853563e-14
2.796858061e-14
2.132533091e-14
2.602630425e-14
2.008465944e-14
2.048316983e-14
2.067785518e-14
3.026356802e-14
2.400465446e-14
2.5293073e-14
3.628487334e-14
3.4729845e-14
2.566789146e-14
2.732683865e-14
2.001419593e-14
2.369491415e-14
2.166503588e-14
2.295530453e-14
2.705014247e-14
3.221562065e-14
2.079916331e-14
2.688821821e-14
2.271010418e-14
2.134020095e-14
2.374266032e-14
3.671543386e-14
2.186328831e-14
2.080496072e-14
2.679830167e-14
2.747885633e-14
2.561650512e-14
2.290341257e-14
2.53577425e-14
3.093528861e-14
2.338768392e-14
2.75423323e-14
2.298936987e-14
2.13170272e-14
2.266786111e-14
2.447438606e-14
2.924208727e-14
2.546824555e-14
2.433154139e-14
2.304967378e-14
2.143024051e-14
2.741448843e-14
2.345404963e-14
2.328996138e-14
3.034985197e-14
2.464511857e-14
2.322273584e-14
2.647216107e-14
2.591953475e-14
2.474301831e-14
2.288387274e-14
3.063776139e-14
2.074237862e-14
2.094640998e-14
2.144433381e-14
2.119220451e-14
2.776193604e-14
1.961115465e-14
2.174197768e-14
2.506629458e-14
2.005385945e-14
2.408091158e-14
2.959251518e-14
3.253246274e-14
2.516333037e-14
2.650600757e-14
2.093275272e-14
2.794262295e-14
2.101919079e-14
3.822438035e-14
3.133386161e-14
2.146318349e-14
2.323986362e-14
2.357449188e-14
2.396584131e-14
2.906515466e-14
2.623334203e-14
2.448364583e-14
2.816108518e-14
2.488021604e-14
2.615386301e-14
2.868079193e-14
2.314717582e-14
2.15496802e-14
2.117795186e-14
2.810971462e-14
2.240603234e-14
1.973815606e-14
2.170030292e-14
3.257191084e-14
2.746300216e-14
2.319316739e-14
2.877090807e-14
2.659298323e-14
2.252649719e-14
2.356764697e-14
3.076738201e-14
3.115656415e-14
2.432280922e-14
2.535149138e-14
1.975810844e-14
2.986741143e-14
3.500681181e-14
3.528033782e-14
2.365756377e-14
2.466289507e-14
2.14842513e-14
2.360841366e-14
2.372749129e-14
2.075099498e-14
2.146862964e-14
2.40424959e-14
2.403962529e-14
2.183989447e-14
1.982448251e-14
3.367479482e-14
2.801572412e-14
2.458845755e-14
2.325490249e-14
2.384325576e-14
3.258470515e-14
3.128004447e-14
2.848397142e-14
2.481422747e-14
2.464470395e-14
2.19385889e-14
2.108702743e-14
2.093446623e-14
3.142296801e-14
2.879173844e-14
2.654607956e-14
2.959134625e-14
2.221675431e-14
2.223151307e-14
2.709214975e-14
2.569950305e-14
2.234060566e-14
2.569486025e-14
2.26631278e-14
2.480673093e-14
2.556024672e-14
2.452988752e-14
2.407902096e-14
2.711797249e-14
2.496619463e-14
2.116497614e-14
2.703381589e-14
3.004384085e-14
2.430516252e-14
3.049134688e-14
2.746428366e-14
2.557683165e-14
2.557238012e-14
2.113698697e-14
2.171724134e-14
2.25222026e-14
2.650641436e-14
2.650504332e-14
2.566931777e-14
2.783969786e-14
3.038533101e-14
2.85204116e-14
3.210031682e-14
2.337072808e-14
2.879865476e-14
2.827274052e-14
3.113704256e-14
2.949269911e-14
2.431582022e-14
2.363184138e-14
2.42551328e-14
2.557688587e-14
2.6238702e-14
2.565604567e-14
2.879231318e-14
2.520976617e-14
2.35236702e-14
2.279109227e-14
3.269185663e-14
2.440821652e-14
2.224723954e-14
2.382112375e-14
3.751441739e-14
3.388855002e-14
2.629097519e-14
2.540036645e-14
2.048311268e-14
3.603327507e-14
2.191356855e-14
2.762353015e-14
3.038106246e-14
3.022656467e-14
3.151904312e-14
3.73098255e-14
2.226756882e-14
3.068204755e-14
2.690721494e-14
2.024509595e-14
2.426709741e-14
2.396411445e-14
2.376761385e-14
2.821984714e-14
3.260425526e-14
3.222584865e-14
2.842560516e-14
2.754119562e-14
2.439795787e-14
2.34893507e-14
3.772454387e-14
2.825013938e-14
2.710717516e-14
2.650891241e-14
2.215638178e-14
2.834930038e-14
3.154121276e-14
2.180820709e-14
2.921276611e-14
2.383601279e-14
2.364989123e-14
2.713309408e-14
2.155324449e-14
2.585452983e-14
2.959339649e-14
2.568959135e-14
2.457106348e-14
2.434032779e-14
2.833840581e-14
3.385659645e-14
2.378541614e-14
2.799957035e-14
3.05823865e-14
2.377732777e-14
3.763946369e-14
2.609415363e-14
2.565112719e-14
2.763339393e-14
2.206353264e-14
2.206788567e-14
2.229688363e-14
2.734404561e-14
3.168821607e-14
2.284069415e-14
2.791119047e-14
2.40223693e-14
3.223491056e-14
2.311134933e-14
3.088822758e-14
3.103102199e-14
2.85340082e-14
2.504459831e-14
2.774691292e-14
3.57901909e-14
2.461591627e-14
2.800397538e-14
2.178285445e-14
2.434849097e-14
2.483506303e-14
2.739477798e-14
2.325137193e-14
2.284234265e-14
2.402820024e-14
2.61679316e-14
2.323659712e-14
2.812166277e-14
2.531587169e-14
3.560927175e-14
2.323434807e-14
2.440250976e-14
3.139290767e-14
2.922510906e-14
2.506423587e-14
2.992556949e-14
3.02467087e-14
2.719239113e-14
2.629083203e-14
2.907590412e-14
2.740279991e-14
2.55869354e-14
3.347234685e-14
3.172622316e-14
3.277562232e-14
2.802827204e-14
2.523159822e-14
2.335793784e-14
2.747367585e-14
2.281170156e-14
2.225882722e-14
2.493896279e-14
2.591022936e-14
3.088125897e-14
3.001865765e-14
2.542416612e-14
2.646159793e-14
2.502471342e-14
2.287591544e-14
2.336274609e-14
2.501894195e-14
2.289393298e-14
2.414701567e-14
3.294774356e-14
2.519329499e-14
2.675396515e-14
2.94035662e-14
2.28050515e-14
2.885908003e-14
2.540799331e-14
2.331844069e-14
2.660769021e-14
2.567132529e-14
2.958304993e-14
2.938808964e-14
2.466323233e-14
2.331583662e-14
2.263340612e-14
2.459125101e-14
2.965802973e-14
2.773919694e-14
2.778784834e-14
3.487206575e-14
3.431668749e-14
2.752050087e-14
2.751969444e-14
2.72817885e-14
2.668215276e-14
2.514117271e-14
2.213470686e-14
3.287223976e-14
2.558370307e-14
2.386836388e-14
2.274297278e-14
2.310195952e-14
2.583307278e-14
2.119407625e-14
2.436197786e-14
2.417734643e-14
2.232700891e-14
2.709837227e-14
2.546203827e-14
2.411635095e-14
2.260497155e-14
2.341750115e-14
2.26870218e-14
2.493457158e-14
2.778805832e-14
3.126861665e-14
2.492906126e-14
2.558121238e-14
2.196739274e-14
2.344411387e-14
2.499829822e-14
2.409089226e-14
2.932011746e-14
2.463149103e-14
2.371308118e-14
2.561439025e-14
3.214595484e-14
2.514746662e-14
2.647708421e-14
2.63735001e-14
3.531269664e-14
2.146938398e-14
3.021532467e-14
2.501915127e-14
2.71994364e-14
2.604151555e-14
2.923429112e-14
3.042923613e-14
2.578626045e-14
2.730014512e-14
3.379438051e-14
2.465501132e-14
2.246753728e-14
2.88842942e-14
2.68206698e-14
2.68538157e-14
2.386196822e-14
2.803589385e-14
2.800209345e-14
2.678931931e-14
2.56401395e-14
2.425431846e-14
2.7034124e-14
2.357205409e-14
2.515546291e-14
2.396507828e-14
3.365302158e-14
2.81242723e-14
2.601645681e-14
2.465407481e-14
2.404714867e-14
2.33430322e-14
2.344667884e-14
2.908339428e-14
2.678787815e-14
2.650920768e-14
2.907959281e-14
2.539092069e-14
2.79145742e-14
2.387803884e-14
3.585343178e-14
2.394149984e-14
2.756592517e-14
2.589109974e-14
2.663845625e-14
2.257460558e-14
2.462050407e-14
2.682034347e-14
2.419712097e-14
2.739410621e-14
3.342878784e-14
3.120031286e-14
2.411419558e-14
2.473308772e-14
2.68589555e-14
2.395359849e-14
2.555887207e-14
3.115465797e-14
2.739249466e-14
2.942451013e-14
3.043324209e-14
2.582202425e-14
2.261084184e-14
2.330275177e-14
2.384141768e-14
2.692945244e-14
2.37406098e-14
2.872794096e-14
2.901618612e-14
2.40000605e-14
2.763989681e-14
2.75897623e-14
2.774664888e-14
3.31155483e-14
3.304930674e-14
3.432101062e-14
2.481673275e-14
2.477142431e-14
3.99467203e-14
2.65953548e-14
2.80166986e-14
3.762697769e-14
2.853488774e-14
2.624242531e-14
2.803539674e-14
2.764760364e-14
2.293902386e-14
3.433200415e-14
2.511519905e-14
2.591801776e-14
3.014550925e-14
2.472775983e-14
2.351312065e-14
2.274497702e-14
2.41540326e-14
2.74303004e-14
3.096203015e-14
2.611025778e-14
2.748026499e-14
3.206117825e-14
3.127395095e-14
2.804011659e-14
2.911588077e-14
3.130992188e-14
5.270703725e-14
2.46444375e-14
2.816707685e-14
2.958632922e-14
2.822701309e-14
2.900917852e-14
3.343395963e-14
2.556758809e-14
2.810823056e-14
3.079967696e-14
2.631391249e-14
2.777685661e-14
3.04749524e-14
3.094524517e-14
2.657403143e-14
2.666233228e-14
2.6105046e-14
3.841574059e-14
2.800602855e-14
3.316555168e-14
3.019363499e-14
2.828834351e-14
2.573801879e-14
4.136230943e-14
2.94078167e-14
2.862108483e-14
2.736372444e-14
2.772318505e-14
2.602524074e-14
3.307332983e-14
2.426195693e-14
2.753591343e-14
2.532027232e-14
2.576153161e-14
3.146521442e-14
2.759797483e-14
2.781550542e-14
3.148338579e-14
3.690960387e-14
3.516378635e-14
3.727366823e-14
3.182093939e-14
4.494074564e-14
3.386760439e-14
2.338905557e-14
3.457094169e-14
3.083626604e-14
2.972498408e-14
2.753273469e-14
3.624517313e-14
3.106006278e-14
3.263650137e-14
2.560649885e-14
2.752467435e-14
2.482967155e-14
3.429449779e-14
2.805133857e-14
2.46972143e-14
2.632287657e-14
2.811461634e-14
2.89928761e-14
2.325477821e-14
2.503792111e-14
2.741240839e-14
2.805304913e-14
2.456547752e-14
2.369086539e-14
2.512791792e-14
2.977583821e-14
2.634646857e-14
2.429798241e-14
2.924482028e-14
2.472222375e-14
2.416344696e-14
3.382825824e-14
2.580401688e-14
2.67623189e-14
3.893011625e-14
3.164779761e-14
2.99031791e-14
2.502949562e-14
3.273372742e-14
2.744395485e-14
2.55282982e-14
2.885385034e-14
3.862053841e-14
3.027224546e-14
2.864393978e-14
2.516283522e-14
2.839446492e-14
2.93966139e-14
2.466956691e-14
2.293373307e-14
2.432080996e-14
2.636757394e-14
2.740166479e-14
2.803630999e-14
2.692782846e-14
3.442531158e-14
2.970567979e-14
2.742364201e-14
2.775095153e-14
2.913407808e-14
2.761502039e-14
3.116645632e-14
2.38080837e-14
3.035431389e-14
3.475149489e-14
2.293961045e-14
2.57732731e-14
2.942678541e-14
3.116565249e-14
2.970865883e-14
3.682207677e-14
2.578448577e-14
2.597092212e-14
2.457606543e-14
2.762072844e-14
2.97567421e-14
2.240642422e-14
2.462683835e-14
2.553305611e-14
2.443791479e-14
2.982758083e-14
2.440907384e-14
2.645207928e-14
2.394262221e-14
2.632453774e-14
3.208768199e-14
2.516023998e-14
2.724252878e-14
3.437561102e-14
2.71659456e-14
2.2224366e-14
2.635774522e-14
2.685644662e-14
3.902143665e-14
2.731283364e-14
3.043963743e-14
2.362399686e-14
3.40084115e-14
2.921041445e-14
2.333222473e-14
2.927607516e-14
2.775500072e-14
2.41195941e-14
3.627331539e-14
2.470023789e-14
2.657090109e-14
2.809515411e-14
2.631313509e-14
2.789671741e-14
2.306103275e-14
2.863962776e-14
2.797916397e-14
2.596014491e-14
2.82602538e-14
2.91670929e-14
2.479017756e-14
2.863745309e-14
3.569002461e-14
2.77566595e-14
3.025469913e-14
3.492316116e-14
2.650813385e-14
3.349621793e-14
2.921079173e-14
3.071167016e-14
2.929534956e-14
2.537457636e-14
2.572015597e-14
3.121395207e-14
2.790992239e-14
3.149510951e-14
2.556169394e-14
2.600848854e-14
2.616695035e-14
2.428877848e-14
2.868851223e-14
2.645197441e-14
2.674575399e-14
2.564218869e-14
2.56717407e-14
2.504190651e-14
3.082822906e-14
2.476863767e-14
3.276112443e-14
2.652442246e-14
2.745472646e-14
2.756958912e-14
2.838695771e-14
2.387046237e-14
2.737255083e-14
2.825572702e-14
3.131710846e-14
3.053366656e-14
2.890979922e-14
2.705502214e-14
2.404470388e-14
2.738015587e-14
2.827111187e-14
2.704041925e-14
2.899531706e-14
2.738787021e-14
3.051386537e-14
3.828138878e-14
2.651958004e-14
3.211028524e-14
2.739371193e-14
2.581094546e-14
2.476690911e-14
2.506070195e-14
2.535516893e-14
2.765191114e-14
3.388682215e-14
3.835377636e-14
3.246398331e-14
3.374617622e-14
2.87305978e-14
2.827347889e-14
2.543748446e-14
2.554173575e-14
3.219405103e-14
2.621345416e-14
3.643292455e-14
3.390083059e-14
2.657894143e-14
3.377925483e-14
2.572001497e-14
2.315190059e-14
2.578785931e-14
2.458621949e-14
2.865360948e-14
2.542982027e-14
2.852197848e-14
2.731529622e-14
2.847485824e-14
2.646799272e-14
2.885564502e-14
2.625578012e-14
2.784262546e-14
2.507510635e-14
3.020257264e-14
3.025680031e-14
2.670339879e-14
2.952106756e-14
2.694729065e-14
2.883315184e-14
3.268777772e-14
2.531915469e-14
2.917469408e-14
2.609034471e-14
2.439447415e-14
2.335749667e-14
2.945880427e-14
3.169125407e-14
2.81359877e-14
3.727979808e-14
3.160217343e-14
3.005878467e-14
3.43853919e-14
3.036706861e-14
2.552407041e-14
2.520149505e-14
3.045186079e-14
3.95183816e-14
3.350043041e-14
3.091878105e-14
2.623682687e-14
3.190344672e-14
3.126372181e-14
2.827640934e-14
2.628721592e-14
2.847318098e-14
2.753466149e-14
2.433215944e-14
2.566977367e-14
2.85405409e-14
2.525810666e-14
2.832026196e-14
2.557440709e-14
2.789779041e-14
3.698012375e-14
2.622150592e-14
2.651451351e-14
2.65639107e-14
3.185214788e-14
2.711108543e-14
3.729133052e-14
3.065982789e-14
2.775002165e-14
3.072567e-14
3.237864107e-14
3.129397216e-14
2.752355139e-14
2.990696602e-14
4.130458818e-14
2.521796547e-14
3.339672991e-14
2.773564323e-14
2.959657319e-14
3.182478144e-14
3.107044016e-14
2.825530086e-14
2.987870287e-14
2.755584986e-14
3.120935279e-14
2.876627508e-14
2.70276485e-14
3.18172582e-14
2.740213596e-14
2.399378354e-14
2.772840187e-14
3.2499129e-14
3.977110874e-14
2.888458735e-14
2.992879816e-14
2.572261716e-14
3.794570508e-14
3.263534032e-14
2.390981516e-14
2.839799965e-14
2.607755311e-14
3.30632429e-14
2.601590653e-14
3.269683447e-14
3.113442134e-14
2.752483221e-14
3.240817707e-14
3.369620619e-14
3.125848609e-14
2.791737559e-14
3.106956855e-14
2.918948132e-14
2.713301803e-14
2.594213555e-14
3.099803655e-14
3.044856366e-14
2.849050317e-14
2.931682135e-14
2.412551607e-14
2.433243329e-14
3.494904242e-14
3.6799679e-14
2.613452285e-14
2.715243312e-14
2.642277467e-14
2.653760299e-14
3.297037243e-14
3.04202928e-14
3.120146837e-14
3.03495804e-14
2.894781676e-14
2.684755165e-14
2.808373182e-14
3.03785772e-14
3.277705876e-14
3.764640147e-14
2.906687407e-14
3.170010403e-14
3.059149968e-14
2.698216932e-14
2.745597402e-14
2.541430948e-14
2.658048132e-14
3.621754972e-14
3.530889633e-14
2.7583384e-14
2.925037999e-14
2.923955449e-14
2.909486387e-14
3.304293442e-14
3.223362493e-14
2.990407439e-14
2.850339841e-14
3.468697909e-14
3.913179928e-14
2.766627781e-14
2.785987818e-14
2.489021033e-14
3.191462696e-14
3.213013175e-14
2.938303899e-14
2.879543456e-14
2.551592231e-14
3.23346403e-14
3.757192055e-14
2.859839698e-14
2.792458923e-14
2.598663081e-14
2.47164344e-14
3.257251404e-14
3.07513136e-14
2.732440376e-14
2.483068704e-14
2.947992721e-14
2.956885362e-14
2.877579485e-14
2.502719926e-14
2.926694661e-14
3.311908769e-14
2.801117782e-14
2.6691868e-14
2.675138136e-14
3.594948067e-14
3.079828711e-14
2.829503427e-14
2.744949729e-14
2.659648905e-14
3.225179268e-14
2.610086297e-14
3.564625452e-14
2.90721093e-14
3.277618966e-14
2.905806512e-14
2.746306557e-14
2.686405096e-14
2.652965837e-14
2.522538159e-14
2.722079299e-14
2.623607623e-14
2.640141024e-14
2.883523183e-14
2.822771381e-14
3.07150027e-14
3.173889899e-14
3.011674106e-14
2.879506941e-14
3.521091797e-14
3.709151872e-14
2.871061066e-14
3.505525106e-14
2.722445968e-14
3.255920441e-14
3.22372202e-14
3.294951171e-14
3.165987383e-14
2.858456979e-14
3.239172952e-14
3.536348156e-14
2.896956446e-14
3.146196446e-14
3.040365006e-14
4.128212769e-14
2.837605052e-14
2.706221788e-14
2.666930298e-14
2.987539985e-14
3.789722123e-14
2.595475549e-14
2.895817811e-14
2.608181905e-14
2.534222566e-14
2.6974538e-14
2.703117131e-14
3.072319208e-14
2.540064248e-14
2.990256043e-14
2.798448925e-14
2.911996922e-14
2.876502792e-14
2.99509999e-14
2.793364697e-14
2.849785745e-14
2.74299311e-14
2.696607069e-14
2.639316647e-14
2.593455736e-14
3.002507361e-14
2.782151707e-14
3.06741192e-14
2.558927618e-14
2.684351921e-14
2.716010707e-14
2.798938506e-14
3.370908729e-14
3.013897848e-14
2.701758737e-14
2.97895478e-14
3.087398857e-14
2.897162633e-14
2.80952404e-14
3.237903413e-14
2.875583001e-14
2.826561824e-14
2.594281953e-14
2.800502296e-14
2.737852427e-14
2.800620762e-14
3.086672266e-14
3.219392173e-14
3.064798256e-14
3.554896807e-14
3.789921639e-14
3.199826089e-14
2.730622666e-14
2.664023377e-14
2.893097718e-14
2.844537521e-14
2.627259691e-14
2.828195073e-14
2.959973925e-14
3.020304138e-14
3.844739336e-14
2.952488676e-14
3.021694898e-14
3.000587695e-14
2.702802912e-14
2.795212009e-14
3.350865318e-14
3.375130718e-14
3.236227092e-14
3.633225145e-14
2.626426072e-14
3.027900261e-14
3.761867044e-14
2.775507194e-14
2.887335484e-14
3.138456378e-14
3.288343425e-14
2.858346621e-14
3.03944149e-14
2.937563345e-14
2.909102304e-14
2.713517929e-14
3.026949817e-14
2.782731495e-14
3.382180355e-14
3.580211042e-14
2.596116343e-14
2.857634247e-14
3.082900391e-14
2.840321787e-14
3.369236139e-14
3.071340424e-14
3.658156395e-14
3.348523375e-14
3.114067065e-14
3.149728056e-14
3.852055429e-14
4.712582806e-14
3.697945734e-14
3.123026209e-14
2.843657913e-14
2.786972577e-14
2.75285816e-14
2.878970627e-14
3.122101442e-14
2.586042455e-14
3.583030022e-14
2.829426016e-14
3.114535377e-14
2.95341977e-14
3.207571415e-14
2.87300853e-14
3.758446675e-14
3.005229741e-14
2.637220824e-14
2.949290253e-14
2.858711617e-14
2.952039666e-14
2.990223153e-14
3.171002691e-14
2.420713888e-14
2.657272487e-14
3.157814703e-14
2.897369196e-14
3.169427747e-14
3.445456509e-14
3.108919246e-14
3.115793504e-14
3.146808562e-14
3.530629996e-14
3.812185071e-14
3.353151106e-14
3.252899565e-14
3.242483605e-14
2.815591908e-14
2.672446778e-14
2.861096693e-14
3.425094668e-14
2.790887927e-14
3.012863217e-14
2.670955928e-14
2.729265644e-14
2.539668025e-14
2.505244818e-14
3.263529029e-14
2.858765356e-14
3.942468122e-14
2.987798714e-14
2.646815444e-14
2.978158435e-14
2.883926913e-14
4.351453555e-14
3.817035757e-14
3.06543806e-14
3.401096471e-14
3.149492091e-14
3.556167676e-14
3.95186767e-14
2.831577316e-14
2.761315662e-14
3.048741196e-14
3.044334333e-14
3.178516196e-14
3.161993635e-14
3.881818933e-14
3.859226282e-14
3.557100547e-14
3.40302731e-14
2.840310737e-14
2.600735135e-14
2.699823122e-14
3.2654321e-14
3.058101264e-14
3.313239009e-14
2.722127894e-14
3.203390282e-14
2.898094394e-14
2.62885163e-14
3.201763313e-14
3.500175288e-14
3.040047482e-14
3.441692273e-14
3.755776506e-14
3.154672675e-14
2.834636499e-14
3.192200639e-14
3.22047983e-14
3.369268992e-14
3.141871456e-14
3.110973748e-14
2.920772155e-14
3.052306989e-14
3.094974299e-14
2.853875667e-14
3.14284506e-14
2.759338724e-14
2.705944023e-14
2.688905242e-14
2.770779336e-14
2.966834301e-14
2.709213521e-14
2.65698081e-14
2.693187779e-14
3.517311586e-14
2.568313059e-14
2.969787809e-14
3.419845363e-14
3.103168056e-14
3.081739814e-14
3.093333593e-14
3.726365668e-14
4.219268569e-14
3.519660982e-14
3.470619589e-14
3.536250531e-14
2.896555279e-14
2.59523928e-14
3.032662779e-14
3.516292334e-14
3.209506311e-14
3.949781068e-14
2.907405382e-14
3.282837294e-14
2.970746612e-14
3.772496155e-14
3.595491739e-14
2.624973878e-14
3.032094481e-14
2.799959083e-14
2.77470692e-14
2.636434842e-14
2.877358676e-14
2.965398272e-14
2.919738092e-14
2.714650407e-14
2.966441243e-14
3.048631857e-14
2.917327796e-14
2.627967756e-14
2.808195966e-14
3.16404926e-14
3.411420113e-14
3.289595982e-14
3.358612031e-14
3.190237494e-14
2.870091536e-14
3.027679044e-14
3.221230018e-14
3.014460457e-14
2.874727919e-14
3.806248641e-14
3.480299805e-14
2.66080106e-14
2.907122076e-14
3.21113262e-14
3.149030706e-14
3.866159698e-14
2.854159932e-14
3.051820184e-14
3.078439645e-14
3.354635518e-14
3.033345862e-14
2.709593248e-14
2.892883559e-14
2.890623712e-14
2.719105736e-14
3.264273627e-14
3.310146813e-14
3.204029362e-14
2.872327791e-14
3.259421767e-14
3.084101764e-14
2.964478164e-14
3.308518724e-14
2.835734255e-14
2.86032114e-14
2.885315523e-14
2.969623044e-14
2.822926329e-14
3.37207688e-14
2.996934569e-14
2.949336715e-14
2.95422894e-14
3.77457228e-14
3.745105621e-14
3.108272158e-14
3.868619987e-14
3.672864935e-14
3.484371287e-14
3.641809275e-14
3.968155942e-14
3.424794931e-14
3.493653251e-14
3.613341687e-14
3.383253354e-14
3.514990526e-14
3.508217148e-14
3.053518997e-14
3.084367002e-14
3.044814356e-14
4.312476606e-14
3.681735871e-14
3.170268032e-14
3.690344143e-14
3.230731207e-14
3.947341621e-14
3.693630004e-14
3.371380797e-14
3.301311962e-14
3.270924634e-14
3.105467123e-14
2.954695839e-14
3.980344919e-14
4.111431695e-14
3.512003494e-14
3.370088306e-14
3.937403435e-14
3.850708581e-14
3.909765884e-14
4.000801028e-14
3.118086921e-14
3.088391838e-14
3.644016486e-14
3.032725324e-14
2.976114314e-14
3.260976544e-14
3.332580224e-14
3.655538957e-14
3.678416501e-14
3.103787101e-14
2.912698513e-14
3.816242975e-14
2.852678426e-14
3.071272691e-14
3.705203317e-14
3.111691671e-14
2.733790781e-14
2.711192399e-14
3.234279742e-14
2.964681232e-14
3.8020704e-14
2.890272067e-14
3.040677752e-14
3.679285894e-14
2.9264594e-14
3.087552132e-14
3.268216086e-14
3.018138732e-14
3.76070043e-14
3.493059932e-14
2.762569166e-14
3.331819226e-14
3.407646296e-14
2.932399186e-14
3.179600701e-14
3.357125211e-14
3.110423328e-14
3.628536795e-14
3.486750014e-14
3.548337617e-14
3.337133773e-14
3.047615416e-14
2.911904681e-14
3.159460199e-14
3.204970903e-14
2.880594429e-14
3.013709122e-14
3.699309211e-14
3.068789624e-14
2.946892185e-14
3.057922365e-14
3.272420208e-14
2.961748691e-14
3.352183148e-14
2.869472221e-14
3.219460257e-14
3.348055039e-14
3.275369172e-14
3.007863208e-14
2.812646418e-14
2.835380564e-14
2.994310964e-14
2.765334647e-14
3.154991702e-14
3.147067197e-14
3.425532879e-14
3.199329632e-14
2.890876876e-14
3.592814326e-14
2.957230555e-14
3.648133467e-14
3.534235744e-14
3.067620825e-14
3.461902471e-14
3.080391323e-14
3.696879482e-14
2.834567089e-14
3.208426664e-14
3.077500819e-14
3.465220842e-14
3.727607443e-14
3.19253762e-14
4.22025972e-14
3.392171333e-14
3.112640041e-14
3.320340414e-14
3.325749532e-14
2.841006098e-14
3.139985632e-14
3.022952988e-14
3.089363629e-14
3.239111224e-14
3.090166803e-14
3.164952444e-14
3.194833787e-14
3.162756688e-14
2.924208071e-14
3.788381696e-14
3.13416255e-14
3.229521965e-14
3.403889394e-14
3.815051645e-14
3.189454952e-14
2.819967546e-14
3.024690064e-14
3.061169863e-14
3.662868962e-14
3.118892541e-14
3.008239119e-14
2.909765195e-14
2.975646017e-14
3.665989696e-14
3.189000419e-14
3.990373776e-14
3.53078074e-14
2.838196271e-14
3.014561693e-14
3.033497184e-14
3.026279879e-14
3.286339715e-14
3.916298241e-14
4.005185258e-14
2.990858199e-14
3.108992363e-14
3.427377485e-14
2.998250917e-14
3.646588591e-14
5.506016142e-14
3.435412097e-14
3.113978059e-14
3.0503232e-14
3.899193942e-14
3.398744908e-14
3.02286953e-14
3.076339705e-14
3.331840059e-14
3.389529557e-14
3.54582064e-14
3.65539671e-14
3.596037351e-14
3.003608749e-14
3.072676738e-14
3.248312607e-14
4.201539439e-14
3.42802671e-14
3.891870997e-14
2.894954934e-14
3.305251324e-14
4.062367052e-14
3.961677611e-14
3.302403188e-14
3.904054725e-14
4.163714441e-14
3.079700575e-14
3.192803176e-14
3.086198232e-14
3.538739848e-14
3.689256049e-14
3.303729001e-14
3.288332108e-14
3.576747896e-14
3.276226068e-14
3.650034793e-14
2.889549547e-14
2.861078078e-14
3.425540866e-14
3.602726479e-14
3.821870473e-14
3.310071095e-14
3.617403782e-14
3.993026732e-14
3.122127284e-14
3.299314897e-14
3.095047841e-14
3.063057507e-14
3.383121071e-14
3.258671804e-14
2.93967266e-14
3.125024843e-14
3.179874014e-14
3.50564203e-14
3.721750502e-14
4.192252461e-14
3.120363324e-14
3.288765157e-14
3.577028012e-14
3.072075059e-14
3.508570951e-14
3.880525027e-14
3.645049256e-14
3.004995314e-14
3.418517652e-14
3.281976608e-14
3.45591445e-14
3.882489207e-14
3.599856654e-14
3.202243502e-14
3.287087765e-14
3.309479935e-14
4.025882252e-14
3.001925549e-14
4.27436842e-14
3.047135647e-14
3.856013107e-14
3.639576726e-14
3.306069449e-14
3.467232534e-14
3.14664957e-14
3.267109048e-14
3.48319597e-14
3.529835028e-14
3.767844818e-14
3.839837429e-14
3.447491276e-14
3.733358762e-14
3.183880254e-14
3.158289673e-14
3.142940007e-14
3.317980802e-14
3.612784572e-14
3.477381984e-14
3.331540082e-14
3.545180398e-14
3.598337025e-14
3.400058776e-14
3.211835227e-14
3.289984694e-14
3.267898123e-14
3.148800932e-14
3.271564179e-14
3.65034271e-14
3.072676701e-14
3.252058514e-14
3.306096835e-14
3.287158463e-14
3.140580415e-14
3.170871882e-14
4.595421331e-14
3.04609755e-14
3.726303662e-14
3.687161614e-14
3.555751208e-14
3.310260088e-14
3.427247748e-14
3.577762152e-14
3.313792158e-14
3.569954364e-14
3.444888447e-14
3.272692932e-14
3.283367042e-14
3.170010824e-14
3.222851116e-14
3.236995244e-14
3.792702303e-14
3.876860464e-14
4.111052791e-14
4.726315117e-14
3.328416759e-14
2.990963177e-14
4.075282567e-14
3.146518005e-14
3.317571417e-14
3.575087307e-14
3.197199294e-14
3.754741684e-14
4.27848598e-14
3.89666344e-14
3.70875439e-14
4.111949971e-14
2.98179808e-14
3.230481707e-14
3.424011806e-14
3.537431452e-14
3.347641985e-14
3.19932869e-14
3.392730149e-14
3.119436997e-14
3.451146267e-14
3.236098302e-14
3.333416902e-14
4.41927497e-14
3.580248024e-14
3.572301384e-14
3.122928598e-14
3.124103643e-14
3.579080425e-14
3.824313911e-14
3.501829407e-14
3.283613461e-14
3.471576e-14
3.489545166e-14
3.390123874e-14
3.405526414e-14
3.277295407e-14
3.494124252e-14
3.377825421e-14
4.289657134e-14
3.697987961e-14
3.860170501e-14
3.677893504e-14
3.437208471e-14
3.285886155e-14
3.754449056e-14
3.762881716e-14
3.51320014e-14
3.423579618e-14
4.345319742e-14
3.489079554e-14
3.174622262e-14
3.384548458e-14
3.767638297e-14
3.169344282e-14
3.34512502e-14
3.625360552e-14
3.205209731e-14
4.287483561e-14
3.584721315e-14
3.473129098e-14
4.867846168e-14
3.609845627e-14
3.605109085e-14
3.159218816e-14
3.781969606e-14
3.444691628e-14
4.026555709e-14
3.459730099e-14
3.445624473e-14
4.227381841e-14
3.287728317e-14
3.558679374e-14
3.983524662e-14
3.55792336e-14
3.845409969e-14
3.373515886e-14
3.421991347e-14
3.344161582e-14
3.175338453e-14
3.349278985e-14
3.431239822e-14
3.321248757e-14
3.585562101e-14
3.323271015e-14
3.653437837e-14
3.357193366e-14
3.320230053e-14
3.450971423e-14
4.932219575e-14
3.333808461e-14
3.631395481e-14
3.683713636e-14
4.192447406e-14
3.531760251e-14
3.656347082e-14
3.789067753e-14
3.829943314e-14
3.39808237e-14
3.575367562e-14
3.797279134e-14
3.467073788e-14
3.562167055e-14
3.281186847e-14
3.11330457e-14
3.321316225e-14
3.170575102e-14
3.592331889e-14
3.481233769e-14
3.781578959e-14
3.128805543e-14
3.456958569e-14
3.821931998e-14
3.242331477e-14
3.500349921e-14
3.370330679e-14
3.927352329e-14
3.159017357e-14
3.616711597e-14
3.61248531e-14
3.784488608e-14
3.288528141e-14
4.264635841e-14
3.780595694e-14
3.38237149e-14
3.594370567e-14
3.739674875e-14
3.516141551e-14
3.165725405e-14
3.519621289e-14
3.42507372e-14
3.771783237e-14
3.375258495e-14
3.434165811e-14
3.403340051e-14
3.586022735e-14
3.396115149e-14
3.805284411e-14
3.742062486e-14
4.060102991e-14
3.593828842e-14
3.712357954e-14
3.641703758e-14
4.211744037e-14
3.380331455e-14
3.788206686e-14
4.303018665e-14
3.502489694e-14
4.290844457e-14
3.417570504e-14
3.449270852e-14
3.272251218e-14
3.346297303e-14
3.474117431e-14
3.216819664e-14
3.482308239e-14
3.748043681e-14
3.456116924e-14
3.578945915e-14
3.622491786e-14
3.557983251e-14
3.744056439e-14
4.103750076e-14
3.380161964e-14
3.488709535e-14
3.315993496e-14
3.544771292e-14
3.595537597e-14
3.887595272e-14
4.120203785e-14
4.531089112e-14
3.852938122e-14
3.673269089e-14
4.496166102e-14
3.275953276e-14
3.593930815e-14
3.859398474e-14
3.328928393e-14
3.372428608e-14
3.316859373e-14
3.365260883e-14
3.640928783e-14
3.795094748e-14
4.277284071e-14
3.920253004e-14
5.391114345e-14
3.830701911e-14
3.559242508e-14
3.909217105e-14
4.623892268e-14
3.530002293e-14
3.419741682e-14
3.882665783e-14
3.706121254e-14
3.923086052e-14
3.427586397e-14
3.550460927e-14
3.45428573e-14
3.895257508e-14
3.468646068e-14
3.466962795e-14
3.669445193e-14
3.349925547e-14
3.668468211e-14
4.307025604e-14
3.926145106e-14
3.327580403e-14
3.466202428e-14
3.835035617e-14
3.87252937e-14
3.80190211e-14
3.783143979e-14
3.929396966e-14
3.799314042e-14
3.542661714e-14
3.705378437e-14
3.600226033e-14
4.273677656e-14
3.607516287e-14
3.33299735e-14
3.652386671e-14
3.953414804e-14
3.731865019e-14
3.527259907e-14
3.730847084e-14
4.721404482e-14
4.372619628e-14
3.499316178e-14
3.839459801e-14
3.4889531e-14
3.688254761e-14
3.570985171e-14
4.078664622e-14
3.756112175e-14
3.601595199e-14
3.735825145e-14
3.59816935e-14
4.10000412e-14
3.656553151e-14
3.639971198e-14
3.469491172e-14
3.849146706e-14
3.879687658e-14
4.254392642e-14
3.66243162e-14
3.928314844e-14
4.416086721e-14
4.227431104e-14
4.129278785e-14
4.025675136e-14
3.94410938e-14
3.716314129e-14
3.611443566e-14
3.626815007e-14
3.76647724e-14
3.486086798e-14
3.81966143e-14
4.295636491e-14
4.003304206e-14
4.066503196e-14
4.049960436e-14
3.789821388e-14
4.55303095e-14
3.79377814e-14
3.742494204e-14
3.76428841e-14
3.788186561e-14
3.897096818e-14
3.670026873e-14
4.001844788e-14
3.582607156e-14
4.007078522e-14
3.783925988e-14
3.97417627e-14
4.015703729e-14
3.674931596e-14
3.752109649e-14
3.96052458e-14
4.468229274e-14
3.858517717e-14
3.858636809e-14
4.542092452e-14
4.048193554e-14
4.61548082e-14
4.535549537e-14
3.656890121e-14
4.084001833e-14
3.906882023e-14
4.129251059e-14
3.998272306e-14
3.926898183e-14
4.135135679e-14
3.747325652e-14
3.994325904e-14
3.866987035e-14
3.827255381e-14
4.165304274e-14
4.019683044e-14
3.827379042e-14
3.68982897e-14
3.78428192e-14
3.993953826e-14
3.707522398e-14
4.067848678e-14
3.642920265e-14
3.670036945e-14
3.956281917e-14
3.91783817e-14
3.647546503e-14
3.883445159e-14
3.937031739e-14
4.096646342e-14
4.419516464e-14
4.246619448e-14
4.075300367e-14
4.532873849e-14
4.59020028e-14
4.35886468e-14
3.574476106e-14
4.347477788e-14
3.993772087e-14
4.263906687e-14
3.920837146e-14
4.066214267e-14
3.871282662e-14
3.880881849e-14
3.625355447e-14
3.64726034e-14
4.073096917e-14
3.97871491e-14
4.169460138e-14
4.316601428e-14
4.566403808e-14
4.320291218e-14
4.162762946e-14
4.22762992e-14
4.398651348e-14
3.745650835e-14
4.092871377e-14
4.11422229e-14
3.89929065e-14
3.817881618e-14
4.315928026e-14
3.896639408e-14
3.798170231e-14
3.832211998e-14
3.969322635e-14
3.896365832e-14
4.210448759e-14
4.380443599e-14
4.327784526e-14
4.006126896e-14
4.140115929e-14
4.522199761e-14
3.848628253e-14
3.916786577e-14
3.779825449e-14
3.920000233e-14
4.121626445e-14
4.883532135e-14
4.166403254e-14
4.827652761e-14
4.924182242e-14
4.137534115e-14
3.678091627e-14
3.874878468e-14
4.162868773e-14
3.759005093e-14
4.053701885e-14
4.504504935e-14
3.974771198e-14
3.908267115e-14
4.151827749e-14
4.450512625e-14
4.066958166e-14
4.707468723e-14
5.000799844e-14
4.998346319e-14
4.014410413e-14
4.593095934e-14
4.553365074e-14
4.366396687e-14
4.10289235e-14
4.260363562e-14
4.158316102e-14
4.284529635e-14
4.675324954e-14
4.068797383e-14
4.356403707e-14
4.304897514e-14
5.126121208e-14
3.96225146e-14
4.154484794e-14
4.177280827e-14
3.94831e-14
4.155801715e-14
4.545869597e-14
4.354002419e-14
4.299248508e-14
5.006252508e-14
3.987590291e-14
4.536575545e-14
4.2339077e-14
4.091356629e-14
4.033231694e-14
4.205886736e-14
5.214712259e-14
4.394072058e-14
4.179044426e-14
4.753920723e-14
4.155300073e-14
4.839740734e-14
4.31685842e-14
4.190311347e-14
4.394244133e-14
4.348497042e-14
4.22761367e-14
5.2855054e-14
4.735724249e-14
4.327431036e-14
4.202117704e-14
4.610397303e-14
4.511810059e-14
4.263075422e-14
4.26489542e-14
4.410262676e-14
4.338995814e-14
4.222387647e-14
4.346092179e-14
4.064493726e-14
4.227461826e-14
4.295330087e-14
4.480693193e-14
4.187134342e-14
4.37538061e-14
4.254194601e-14
4.084468492e-14
4.421582283e-14
4.3882398e-14
4.369842885e-14
4.309260061e-14
4.376884146e-14
4.181447436e-14
4.420435528e-14
4.442721862e-14
5.011965323e-14
4.464781542e-14
4.331078991e-14
4.59464381e-14
4.211397616e-14
4.198760357e-14
4.226503517e-14
5.102272233e-14
4.928638292e-14
4.310028298e-14
4.442552823e-14
4.683291526e-14
4.650424577e-14
4.595655049e-14
4.902018092e-14
4.461792899e-14
4.457315035e-14
4.623788963e-14
4.350350262e-14
4.404736366e-14
4.442513654e-14
4.487302584e-14
5.251637769e-14
4.762994148e-14
4.230182515e-14
4.383951822e-14
5.348553748e-14
4.854760292e-14
4.818307495e-14
4.536199294e-14
4.752134789e-14
4.341672609e-14
4.575661472e-14
5.373254018e-14
4.505709569e-14
4.464668079e-14
4.524571477e-14
4.734165422e-14
4.800130028e-14
5.176271207e-14
4.728236218e-14
4.636397787e-14
4.653289865e-14
4.366643032e-14
4.554827109e-14
4.196248318e-14
4.716957458e-14
5.12220876e-14
4.348330474e-14
4.524440868e-14
4.576168205e-14
4.677663692e-14
5.029174441e-14
4.427642752e-14
5.060440452e-14
5.430251308e-14
4.60339799e-14
4.484121254e-14
4.740337241e-14
4.464452152e-14
4.769758886e-14
4.548431599e-14
4.947395916e-14
4.683678056e-14
4.647536191e-14
5.274819071e-14
4.40906494e-14
4.772985467e-14
4.538488e-14
4.570235467e-14
4.863415266e-14
4.912014787e-14
4.837811102e-14
5.454626206e-14
4.898470745e-14
4.820904253e-14
4.75059112e-14
4.655333594e-14
4.942133904e-14
5.002644527e-14
4.949630229e-14
4.774022731e-14
4.936204145e-14
4.965793352e-14
4.689181304e-14
5.017521885e-14
4.820681398e-14
5.488086343e-14
4.906983331e-14
4.644361273e-14
4.980160387e-14
4.978244755e-14
4.679490347e-14
4.856490208e-14
5.360153127e-14
4.609572959e-14
4.846354218e-14
4.913305428e-14
5.062880884e-14
5.745250282e-14
5.146874945e-14
5.094957089e-14
4.961423694e-14
5.116354321e-14
4.991904439e-14
4.816587252e-14
5.030562483e-14
4.703603012e-14
5.307119e-14
4.694513566e-14
4.738492038e-14
4.897345969e-14
5.6336065e-14
4.73735573e-14
5.295683501e-14
6.135179471e-14
5.325186553e-14
5.461065043e-14
5.183182157e-14
5.494685383e-14
4.938690556e-14
4.852121226e-14
5.046659783e-14
5.032695097e-14
5.197199913e-14
5.093595124e-14
4.957606785e-14
5.182919711e-14
5.931055596e-14
5.391478328e-14
5.099386798e-14
5.138919831e-14
4.973201268e-14
5.874354833e-14
6.404138733e-14
5.187564016e-14
5.191337491e-14
5.408489326e-14
5.363817405e-14
5.036532592e-14
5.522983167e-14
5.59627262e-14
5.522824366e-14
5.241134378e-14
5.494377474e-14
5.125401292e-14
5.457379614e-14
5.485505697e-14
5.661419963e-14
5.712275725e-14
6.6702952e-14
5.588336228e-14
5.452366794e-14
5.361899192e-14
5.661602989e-14
5.302802148e-14
5.368155211e-14
5.477542531e-14
5.223798502e-14
5.396965462e-14
5.599698206e-14
5.359140069e-14
5.259904554e-14
5.312501523e-14
5.718273105e-14
5.502017587e-14
5.440866374e-14
5.442723834e-14
5.812978793e-14
5.507216633e-14
5.417788661e-14
5.522429256e-14
5.714295385e-14
5.232829547e-14
5.621364387e-14
5.460772323e-14
5.444945133e-14
5.329802547e-14
5.362308392e-14
5.765519058e-14
5.611727841e-14
5.737886265e-14
5.576098923e-14
5.650792181e-14
5.845068239e-14
5.814645544e-14
5.815093422e-14
5.673483715e-14
5.698375706e-14
5.476312558e-14
5.368556841e-14
5.835935377e-14
6.348050656e-14
5.808313569e-14
5.667235729e-14
6.118458275e-14
6.032374358e-14
5.684335055e-14
5.870318196e-14
5.800350439e-14
5.941078656e-14
5.685916997e-14
5.660560423e-14
6.263557352e-14
5.91541039e-14
6.163469259e-14
5.548262957e-14
5.976596816e-14
5.894770544e-14
6.093058234e-14
6.025033833e-14
5.909073694e-14
5.618005202e-14
5.861251766e-14
5.750776397e-14
5.757803324e-14
6.206221678e-14
5.986060512e-14
6.699600339e-14
5.833978315e-14
5.938561255e-14
6.402346337e-14
6.775705132e-14
6.445076933e-14
6.043369172e-14
6.012027529e-14
6.296819832e-14
7.102687532e-14
7.187981959e-14
6.042938117e-14
6.356242066e-14
6.412104027e-14
6.160095343e-14
6.336339402e-14
6.179250605e-14
5.831501589e-14
6.124728358e-14
5.984429905e-14
6.432713599e-14
6.459743032e-14
6.449372794e-14
6.552689213e-14
6.403309839e-14
6.136247655e-14
5.969501827e-14
6.129506329e-14
6.149112118e-14
6.298298028e-14
6.583268274e-14
6.27380972e-14
6.67157322e-14
6.650325531e-14
6.869576144e-14
6.856897906e-14
6.51190546e-14
6.64796851e-14
6.327939056e-14
6.624829637e-14
7.051742629e-14
6.80726789e-14
6.282265937e-14
7.098031611e-14
6.71522614e-14
6.719862882e-14
7.027157458e-14
6.675587325e-14
6.583062386e-14
6.430027378e-14
7.133691052e-14
6.658146359e-14
6.957095058e-14
6.837627584e-14
6.555507854e-14
6.848844549e-14
6.892626202e-14
6.559448143e-14
6.68465702e-14
6.942992898e-14
6.81580921e-14
7.507226698e-14
6.633102668e-14
6.583545774e-14
7.140143306e-14
6.834201895e-14
7.168762464e-14
7.790873507e-14
7.102863974e-14
7.182354077e-14
6.896125104e-14
6.849393157e-14
6.970433623e-14
7.015329834e-14
7.385518287e-14
6.912316557e-14
7.682632884e-14
7.44198124e-14
7.401700409e-14
7.257004381e-14
7.353279097e-14
7.326627135e-14
7.244700822e-14
7.684494843e-14
7.19793436e-14
7.24973592e-14
7.349868515e-14
8.116576384e-14
8.11953059e-14
8.045033214e-14
7.589193689e-14
7.912686314e-14
7.495649809e-14
7.595462096e-14
7.36533937e-14
7.417155552e-14
8.158209958e-14
7.656045645e-14
7.762535544e-14
8.833130839e-14
7.879023208e-14
8.43873706e-14
8.192174923e-14
7.812348844e-14
7.880072438e-14
7.798214343e-14
8.162230557e-14
7.754996672e-14
7.808431826e-14
7.850989993e-14
8.624423201e-14
8.09140514e-14
8.289022512e-14
8.261983128e-14
8.086322876e-14
8.193528765e-14
8.424874833e-14
8.259048139e-14
8.43955861e-14
8.168341824e-14
9.223161676e-14
8.741728002e-14
8.56616649e-14
8.661088515e-14
8.535431808e-14
8.456638154e-14
8.044145876e-14
8.789624359e-14
8.779883128e-14
8.345096838e-14
8.843201652e-14
8.772740221e-14
8.784153468e-14
8.497350029e-14
8.534212558e-14
9.162364015e-14
9.514209079e-14
9.332637139e-14
8.906074878e-14
8.775177306e-14
9.568721343e-14
9.130714264e-14
9.65873708e-14
9.225868105e-14
9.036824054e-14
9.199658786e-14
9.681061589e-14
9.248928101e-14
9.332762413e-14
9.851939814e-14
9.838454123e-14
9.469791491e-14
9.931136894e-14
9.813972778e-14
9.79909121e-14
9.736843002e-14
9.824122536e-14
9.765016063e-14
9.559308056e-14
1.023296374e-13
1.061653253e-13
1.011267244e-13
9.838781339e-14
1.010517254e-13
1.032879326e-13
1.015040271e-13
1.026226347e-13
1.063549346e-13
1.06092466e-13
1.039954921e-13
1.071049555e-13
1.058501318e-13
1.084048242e-13
1.053489104e-13
1.082340416e-13
1.057797605e-13
1.065082501e-13
1.050631624e-13
1.100897663e-13
1.100721553e-13
1.162362646e-13
1.108401605e-13
1.110214151e-13
1.110964175e-13
1.145672416e-13
1.132431448e-13
1.134464231e-13
1.194148294e-13
1.149682346e-13
1.167219999e-13
1.14134423e-13
1.192302027e-13
1.156192312e-13
1.238528117e-13
1.228032078e-13
1.20984004e-13
1.246925042e-13
1.208067615e-13
1.244266408e-13
1.253770256e-13
1.255406931e-13
1.276712772e-13
1.292104968e-13
1.264145555e-13
1.284044988e-13
1.310826708e-13
1.277787527e-13
1.299148995e-13
1.352286168e-13
1.314976085e-13
1.305975062e-13
1.324425726e-13
1.327438e-13
1.329169813e-13
1.409767538e-13
1.444471927e-13
1.393309891e-13
1.365323777e-13
1.396245317e-13
1.497637e-13
1.431510551e-13
1.419924865e-13
1.433921725e-13
1.441732337e-13
1.454349931e-13
1.485655276e-13
1.486810703e-13
1.436786919e-13
1.546544649e-13
1.531811581e-13
1.54541235e-13
1.528234281e-13
1.561268343e-13
1.527429699e-13
1.539468419e-13
1.550654393e-13
1.57601731e-13
1.573524235e-13
1.69365599e-13
1.651668999e-13
1.643524953e-13
1.637607205e-13
1.671921371e-13
1.733700043e-13
1.687981674e-13
1.718397939e-13
1.744680087e-13
1.719620191e-13
1.700761497e-13
1.801268715e-13
1.817229463e-13
1.85331302e-13
1.860269753e-13
1.844017858e-13
1.82931081e-13
1.892086114e-13
1.910197991e-13
1.900016604e-13
1.921742049e-13
1.899823087e-13
1.939322327e-13
1.934679341e-13
1.937436869e-13
1.979859701e-13
1.97735764e-13
2.023739022e-13
2.043040402e-13
2.050640801e-13
2.06888632e-13
2.097322643e-13
2.118380871e-13
2.133248189e-13
2.100612318e-13
2.159734802e-13
2.179273369e-13
2.170358007e-13
2.21901519e-13
2.219128097e-13
2.277803701e-13
2.260844025e-13
2.264568699e-13
2.303537031e-13
2.292687706e-13
2.349067212e-13
2.349643524e-13
2.341649747e-13
2.403520411e-13
2.385623506e-13
2.398223551e-13
2.426437759e-13
2.441759086e-13
2.438974167e-13
2.4362888e-13
2.463077968e-13
2.492022937e-13
2.456956296e-13
2.465846209e-13
2.497934794e-13
2.551503808e-13
2.551073484e-13
2.526236244e-13
2.57037004e-13
2.537474714e-13
2.598865412e-13
2.578247363e-13
2.641314775e-13
2.544609678e-13
2.654035343e-13
2.636694591e-13
2.600552912e-13
2.593409796e-13
2.590675642e-13
2.6257815e-13
2.566992045e-13
2.609291646e-13
2.628556477e-13
2.5823311e-13
2.59981928e-13
2.610950985e-13
2.596209671e-13
2.562358485e-13
2.529726203e-13
2.578166806e-13
2.523642098e-13
2.522937569e-13
2.501351695e-13
2.499927331e-13
2.500849856e-13
2.463818132e-13
2.406582596e-13
2.446805484e-13
2.436809963e-13
2.421801448e-13
2.408607555e-13
2.393731359e-13
2.318211052e-13
2.286573835e-13
2.295684506e-13
2.305952119e-13
2.189542659e-13
2.203031984e-13
2.194747254e-13
2.180818424e-13
2.144088923e-13
2.055964931e-13
2.077438607e-13
2.068301613e-13
1.979248572e-13
1.983416904e-13
1.935794338e-13
1.885074011e-13
1.844356978e-13
1.813847236e-13
1.796815743e-13
1.749498235e-13
1.720753646e-13
1.65454644e-13
1.650202275e-13
1.636419225e-13
1.531210621e-13
1.558884509e-13
1.482649831e-13
1.454523791e-13
1.413140766e-13
1.400050594e-13
1.361897233e-13
1.308070845e-13
1.293152247e-13
1.243062797e-13
1.187206045e-13
1.170455449e-13
1.139874216e-13
1.067517475e-13
1.029163594e-13
1.007348535e-13
9.746754581e-14
9.523439493e-14
8.974563344e-14
8.981515406e-14
8.378326563e-14
8.107646473e-14
7.850796573e-14
7.279036587e-14
7.144827002e-14
6.862784638e-14
6.663090893e-14
6.222906284e-14
6.12178828e-14
5.790964471e-14
5.568579996e-14
5.486595147e-14
5.050437892e-14
4.826533299e-14
4.475081248e-14
4.348178036e-14
4.078477983e-14
3.72862049e-14
3.645347333e-14
3.39656033e-14
3.263590154e-14
3.213331846e-14
2.924605773e-14
2.81738745e-14
2.602254045e-14
2.40246454e-14
2.368915195e-14
2.184745571e-14
2.154527304e-14
1.94829816e-14
1.836746092e-14
1.730070564e-14
1.627030262e-14
1.459332468e-14
1.407578539e-14
1.337951808e-14
1.213269723e-14
1.116951579e-14
1.116195145e-14
1.018601056e-14
9.414368418e-15
8.02167719e-15
7.805615237e-15
7.63455325e-15
7.197256345e-15
6.243426311e-15
6.09340554e-15
7.088102075e-15
5.217525409e-15
5.07484299e-15
3.550058326e-15
3.738471514e-15
3.569253168e-15
4.048089579e-15
3.860558719e-15
2.488972193e-15
2.488080404e-15
2.642293985e-15
2.108799421e-15
2.381623225e-15
2.177963062e-15
2.169234269e-15
1.956406654e-15
2.802909322e-15
1.569193271e-15
1.063800986e-15
1.137420891e-15
1.124300769e-15
7.602229704e-16
1.189626579e-15
9.863404856e-16
8.276326452e-16
9.550810804e-16
1.815401947e-15
1.046359004e-15
6.19798505e-16
5.57662556e-16
5.982781359e-16
6.755454868e-16
3.069918318e-16
7.254954339e-16
4.912441716e-16
2.195935985e-16
5.525937057e-16
3.659928593e-16
4.367003563e-16
2.403459341e-15
2.918633229e-16
3.768227182e-16
2.061288096e-16
5.932745759e-17
1.055550807e-16
2.185804438e-16
3.449330287e-16
2.194467624e-16
2.278566446e-17
1.744377925e-16
9.230711232e-17
7.502482498e-17
3.761359085e-16
5.145716447e-16
1.899298999e-16
6.209405188e-16
1.454305027e-16
1.359506515e-16
1.096501099e-16
1.673753405e-16
2.090514639e-16
1.852349128e-16
1.001537092e-15
1.3470523e-16
5.930861232e-16
2.192310627e-16
3.453001973e-16
1.944655586e-16
2.019419239e-16
1.586560149e-16
5.863150464e-16
1.95383758e-16
6.068932107e-16
1.754805198e-16
6.365901023e-16
3.642541774e-16
1.224138526e-16
2.273697946e-16
2.634961192e-16
1.670190302e-16
1.112602312e-16
1.110672936e-16
1.737740255e-16
2.367605385e-16
2.554512326e-16
2.658441643e-16
9.651287093e-16
1.921940626e-16
7.557610075e-16
3.699958981e-15
1.981454587e-16
1.981465956e-16
1.667493049e-16
4.276138528e-17
2.235015082e-16
2.817519195e-16
1.79178089e-16
1.676351284e-16
3.012036773e-16
4.005909507e-16
1.375905146e-16
1.010064646e-16
2.865854624e-16
1.584006617e-16
2.660601818e-16
1.310448517e-15
1.454907358e-16
1.302322913e-16
2.766102141e-16
8.698247922e-17
2.427095989e-16
7.476952194e-16
1.34335723e-16
1.190699431e-16
1.67756628e-16
7.492086529e-17
8.592468389e-17
4.95122562e-16
5.672676524e-16
1.133992706e-16
1.601817077e-16
3.569673476e-16
1.744466507e-16
1.484482991e-16
2.747735749e-16
1.313789251e-16
1.075076883e-15
3.893040819e-16
1.65601635e-16
8.431187328e-17
1.261706458e-16
7.863448301e-17
4.893329319e-17
1.414632148e-16
2.246313369e-16
2.606335215e-16
2.4674389e-16
2.480806595e-16
1.496787421e-16
4.408330641e-16
8.311061363e-17
1.334157366e-16
1.458969694e-16
2.922684365e-16
2.565734276e-16
5.000842523e-16
2.434038034e-16
1.012526446e-16
9.602864328e-17
1.737914972e-16
2.683642377e-16
2.270082282e-16
1.460660614e-16
2.410717285e-16
1.167728189e-16
7.812259168e-17
1.736391486e-16
1.857270191e-16
1.679491061e-16
1.535280744e-16
2.268469149e-16
1.182931772e-16
3.98905157e-16
1.958815037e-16
2.265606023e-16
1.24485387e-16
1.501614842e-16
1.725562168e-16
1.206785875e-16
1.467785164e-16
1.481425394e-16
1.296994984e-16
9.242774512e-17
3.844511139e-16
8.834029653e-17
1.293420041e-16
1.519139049e-16
2.061470687e-16
1.626974394e-16
3.693660795e-16
1.197046019e-16
1.48199797e-16
1.636745824e-16
1.063852646e-16
2.633478855e-16
1.982891433e-16
1.288357168e-16
2.642915192e-16
2.937121869e-16
1.54910982e-15
1.366075007e-16
2.203352744e-16
3.875518008e-16
1.323860784e-16
2.975949284e-16
2.147703636e-16
2.876939962e-16
1.871400778e-16
2.268574305e-16
1.821343534e-16
1.206673387e-16
1.196427736e-16
6.705024764e-16
7.030257472e-17
1.688364011e-16
5.334201362e-16
8.8198372e-17
1.476479349e-16
1.123214513e-16
1.894534901e-16
1.105348065e-16
2.83202115e-16
1.124680155e-16
1.49517957e-16
3.963748474e-16
1.179428e-16
8.135969593e-16
5.171174635e-16
2.617964867e-16
1.577123334e-16
1.087743648e-16
1.902971977e-16
6.725696951e-17
2.093512884e-16
2.804264846e-16
2.163466702e-16
1.871463423e-16
1.112495281e-16
1.333880399e-16
2.203460306e-16
6.614624336e-17
1.586341385e-16
1.110706171e-16
7.489992633e-16
2.386586826e-16
1.102951993e-16
3.214873903e-16
2.990307049e-16
1.311752927e-16
9.498811431e-17
8.061783863e-17
1.584927009e-16
2.036214289e-16
1.861458541e-16
3.06649601e-16
1.176726955e-16
5.929935939e-16
3.987147111e-16
4.867262199e-16
3.447208887e-16
7.089245397e-16
9.193270926e-17
1.559284007e-16
1.834467283e-16
5.029677311e-16
3.621489619e-16
1.406258489e-16
2.506563905e-16
4.211360977e-16
9.994756163e-17
7.888588089e-17
1.024293586e-16
1.358459401e-16
7.964095871e-17
1.269360638e-16
1.349750534e-16
1.225769051e-16
1.671009407e-16
7.633529075e-17
1.523228436e-16
1.851381164e-16
7.044501061e-17
1.529866204e-16
2.349343668e-16
1.107872771e-16
3.391963702e-16
7.527234754e-17
8.658046816e-17
3.526196891e-17
4.945081944e-17
1.467304053e-16
2.583288385e-16
4.677849728e-17
5.498948634e-17
1.031691798e-16
5.24362305e-16
2.629698893e-16
6.147445707e-17
1.772134266e-16
2.251354865e-16
1.798346349e-16
5.649870212e-17
1.052347979e-16
2.552523906e-16
1.500211657e-16
1.351568196e-16
1.700987246e-16
2.970622059e-16
2.781208627e-16
1.204655051e-16
1.363278903e-16
1.311062261e-16
6.060184954e-17
8.225086506e-17
1.11749149e-16
8.851176234e-17
7.371683669e-17
7.448566861e-17
1.132322806e-16
1.148680132e-16
2.441028242e-17
9.600313731e-17
2.423297998e-16
1.508161978e-16
7.795584014e-17
1.926377058e-16
2.261418767e-16
2.341667837e-16
1.499021639e-16
2.882478903e-16
6.07908144e-17
4.251897619e-16
1.96489417e-16
1.838440697e-16
2.201888296e-16
1.780220359e-16
4.577304014e-17
1.072193103e-16
3.928656559e-17
5.641797908e-17
2.841460338e-17
7.761259297e-17
1.870295791e-17
4.24682301e-17
1.109278226e-16
2.860431969e-16
3.121299277e-16
3.473491904e-16
5.260446776e-17
1.290584512e-17
6.388143219e-17
1.209835991e-16
1.226542383e-16
1.634192362e-16
2.098896807e-17
8.250890165e-17
4.867081637e-17
1.01593077e-16
5.371328784e-17
1.056558268e-16
3.616062943e-16
7.988061186e-17
8.244267006e-17
3.61295262e-17
1.227160878e-16
2.224224085e-16
1.679919638e-16
1.167675559e-16
1.542793371e-16
4.37679837e-17
4.250215038e-17
4.152352992e-17
2.862725344e-16
1.090666813e-16
7.534189094e-17
2.187798084e-16
7.105357843e-17
2.568588579e-17
5.087728235e-17
1.454149223e-16
1.556438117e-16
2.293137067e-16
2.515105047e-16
8.0685908e-17
1.588071486e-16
1.35275595e-16
2.627770085e-16
4.016944378e-16
8.80806186e-17
1.031448392e-16
2.074605323e-16
7.321500541e-17
1.543446686e-15
1.123249472e-16
1.295874278e-17
1.007929954e-16
4.925944889e-16
1.555031842e-15
2.596978528e-16
2.870771273e-16
1.418965429e-16
5.093554216e-16
1.206830763e-16
6.252097013e-17
1.325593163e-16
1.272897322e-16
4.042717647e-16
9.963040418e-17
1.940695368e-15
2.461492215e-16
1.381972832e-15
3.425050075e-16
1.616769586e-16
7.026089723e-16
1.243536997e-16
2.796955855e-16
1.287662754e-16
7.942676349e-17
1.343237758e-16
7.565958854e-17
1.111765732e-16
1.116864614e-15
8.569121531e-17
2.09736504e-16
5.415593749e-17
2.240440995e-16
1.245699312e-16
1.036543014e-16
1.351556773e-16
2.451578361e-17
2.440252132e-16
1.032952455e-16
1.373708562e-16
4.732049497e-16
1.417095346e-16
9.609829583e-17
5.813502623e-16
6.321281295e-17
2.055610509e-16
1.405767274e-16
4.666193467e-16
4.709943723e-17
5.744036029e-17
2.577341147e-16
5.478271457e-17
9.607894541e-17
1.000408992e-16
8.362359606e-17
8.498008021e-17
9.627183205e-17
1.126107828e-16
9.340310616e-17
1.932557216e-16
1.218285458e-16
5.164271156e-16
6.79416917e-17
9.462477257e-17
4.813919839e-17
2.50839065e-16
1.328933684e-16
1.845434084e-16
9.152695241e-17
1.273510955e-16
6.675107476e-17
2.463833741e-16
2.358469604e-16
1.241141563e-16
1.710410412e-16
1.500819203e-16
1.963532433e-16
3.341647483e-15
2.041047944e-16
1.3463603e-16
2.611366147e-16
8.976242417e-17
2.104299143e-16
1.128256549e-16
1.740599228e-16
2.015419158e-16
9.884409837e-17
2.59488469e-16
1.14628499e-16
5.086494173e-16
1.834574583e-16
1.09294066e-16
2.535028345e-17
2.802958421e-16
1.66646469e-16
3.348119637e-16
5.805414615e-17
4.676065852e-17
2.356528409e-17
2.033068838e-16
8.080285547e-17
3.448815041e-17
1.943565318e-16
1.247846672e-16
4.461159172e-17
3.209922881e-17
1.455466807e-16
1.767797624e-16
5.6051882e-17
1.997486785e-16
1.442706686e-16
1.208919506e-16
1.083782281e-16
1.540201381e-16
1.33896275e-16
1.157814944e-16
3.423140997e-17
2.418563542e-16
1.045139126e-16
4.432493783e-16
7.545462957e-16
5.856880469e-17
8.54826627e-17
1.433709174e-16
1.169254178e-16
1.084094528e-16
1.503347893e-16
6.776700508e-17
1.735478906e-16
7.475675114e-17
1.826152417e-16
1.936254822e-16
4.413961839e-18
4.589136526e-17
1.722924752e-16
3.74092965e-17
9.887788179e-17
1.492280415e-16
1.416461914e-16
1.202546074e-16
6.653162775e-16
8.084484205e-17
1.073008716e-16
2.884139054e-17
7.078032603e-16
1.068692226e-16
4.714366533e-17
1.227671453e-16
1.043499027e-16
1.409626842e-16
2.950793354e-16
4.408808984e-17
2.243124947e-18
5.894337731e-17
9.18959942e-16
6.447197151e-17
1.573263296e-16
1.557315482e-16
1.285864839e-16
1.069155577e-16
3.235072027e-17
2.316561186e-18
2.678506292e-18
1.461152613e-16
4.032097136e-17
3.505173597e-17
1.936185924e-17
2.279649326e-17
9.371584925e-17
6.330263932e-17
5.602023114e-18
2.179526294e-16
2.028024279e-17
1.098889758e-16
5.939831407e-17
1.101916905e-16
8.586679211e-17
2.197030283e-16
1.19886197e-18
4.916795456e-17
1.277917138e-16
1.491648086e-16
1.899478141e-16
8.461530744e-17
1.529324293e-16
8.978466448e-17
1.947085419e-16
6.915632748e-17
2.516362363e-16
2.257235628e-17
3.994171914e-16
4.530634378e-17
9.622113661e-17
5.997880222e-17
3.436191471e-17
1.26341895e-16
2.891375145e-16
1.123216345e-15
1.012662839e-16
1.209877052e-16
2.045416522e-16
8.591132785e-17
2.744943459e-18
1.658227162e-16
9.642133449e-18
6.965925152e-17
4.284967617e-17
8.056862747e-18
1.120843826e-16
1.08477041e-16
1.047453605e-16
3.415923708e-17
2.199740919e-16
7.290831384e-17
1.214100728e-16
3.321365181e-17
3.267276217e-17
6.109781212e-17
2.093711616e-16
3.621499736e-16
9.765984194e-17
1.077186036e-16
1.772206006e-16
7.623092106e-17
5.614875867e-17
1.867701606e-16
1.129911359e-16
1.473245528e-16
2.970326647e-17
4.67834496e-17
6.507942575e-17
1.96611959e-16
5.248606368e-17
4.631442287e-16
1.009239974e-16
2.834529681e-16
9.369630448e-17
5.702902274e-17
8.446329412e-17
1.21171302e-17
4.202366598e-17
7.017359629e-17
9.654799671e-17
2.37704812e-17
6.375183177e-17
7.877864225e-17
4.655817518e-17
4.319643032e-17
2.968275916e-17
8.231311886e-17
5.045575608e-17
5.257001139e-17
6.401146725e-17
1.468470491e-16
1.20486674e-16
5.253458925e-16
1.485989988e-16
1.155757644e-16
1.419375581e-16
3.423074111e-16
6.819370212e-17
1.534972692e-16
1.92100377e-16
1.675274645e-16
8.945605752e-17
1.130866945e-16
2.390132506e-16
8.206857782e-16
5.501410652e-17
9.934687024e-17
1.502442042e-16
3.850791324e-16
8.389803064e-17
2.998463424e-16
1.069559543e-16
9.878947447e-17
7.575386208e-17
4.445299414e-17
9.453131063e-17
2.048627732e-16
3.184461695e-17
7.462439745e-17
4.281008433e-17
1.903772264e-16
1.0192279e-16
1.844187549e-16
2.666935533e-15
6.633972508e-17
1.33889425e-16
5.912229244e-17
1.362808063e-17
9.208370481e-17
5.687425482e-17
1.045835523e-16
3.570312059e-17
6.379032874e-17
5.815537683e-17
1.168097075e-16
2.850796967e-16
2.766969693e-17
7.015854954e-17
4.238284414e-17
1.430863766e-17
2.31835343e-17
7.637302202e-17
1.016648953e-16
4.691823641e-17
2.587040542e-16
4.489651636e-17
9.027714374e-17
1.246088499e-16
3.070725432e-16
1.899292109e-16
2.535254171e-16
1.786735509e-17
1.902308464e-17
1.118043223e-16
3.107909459e-17
5.302041003e-17
2.020809895e-16
5.997048996e-17
6.588638076e-17
1.016710833e-16
9.815572044e-17
5.714046717e-17
1.301107654e-16
4.978299234e-17
5.190270512e-17
5.384143441e-17
1.296226437e-16
1.235556137e-16
3.420067414e-17
2.176116853e-16
9.950050218e-17
2.642559836e-17
5.544849512e-17
7.5635191e-17
2.192911582e-16
7.641068133e-17
2.431669095e-16
6.357245973e-17
3.734520164e-16
1.20327048e-16
7.35980315e-17
4.800765199e-17
7.675841518e-17
2.231616507e-16
7.198350964e-17
1.126046708e-16
1.519797987e-16
1.720558544e-16
1.542899722e-16
4.923895987e-17
1.952203095e-16
2.318575699e-17
2.63646928e-17
4.939713822e-17
9.168849483e-17
7.521676429e-16
3.866105291e-16
1.509491046e-16
8.862882183e-17
1.246736352e-16
1.06081846e-16
5.563454763e-17
7.629862245e-17
1.740183394e-16
5.436078934e-17
1.546577689e-16
2.642644367e-17
5.71253855e-16
7.403826096e-17
2.279849298e-16
1.047494233e-16
1.053641319e-16
1.260782325e-16
7.122882948e-17
2.255814506e-16
2.569985829e-16
7.383840681e-17
1.533852583e-16
5.569196725e-17
5.493788012e-17
5.324665221e-17
4.858390103e-17
1.637522582e-16
6.775919463e-17
1.209276515e-16
9.540361453e-17
1.030957998e-16
1.548272592e-16
3.739915221e-17
7.724226502e-17
6.977618746e-16
7.244310356e-16
4.13908948e-16
5.274466752e-17
1.817421454e-16
4.358574648e-17
2.532811265e-16
1.680186555e-16
7.857691374e-17
1.29873345e-16
1.347260451e-16
3.533436028e-16
1.525354378e-16
6.283760029e-17
1.034157532e-16
1.258210019e-17
2.012728511e-17
5.092105089e-17
1.211360728e-16
6.605567888e-17
1.600498452e-16
1.945413195e-16
2.678913907e-17
8.236841919e-17
1.455364639e-16
1.62431752e-16
3.271540258e-17
4.783135439e-17
2.110377679e-16
3.307828873e-17
4.340927995e-17
5.59172832e-17
1.564206671e-16
1.672663134e-16
1.124316759e-16
9.058666917e-17
1.460172059e-16
6.47708326e-17
1.179675245e-16
1.016199069e-16
2.400361086e-16
1.646512065e-16
6.419931945e-17
9.541238981e-17
5.233902564e-17
5.859255949e-17
5.712229005e-17
7.263852383e-17
3.319667327e-17
8.777623235e-17
1.32043643e-16
1.271173863e-16
1.798107562e-16
6.241671576e-17
2.284357371e-16
9.489063115e-17
1.305819926e-16
3.312334615e-16
1.2821807e-17
1.032450951e-16
1.655430668e-16
1.070857278e-16
1.984771466e-16
5.275282392e-17
8.001220198e-17
4.408501475e-17
5.808709489e-17
1.044751017e-16
6.324039104e-17
2.226957394e-17
4.25066511e-17
4.239537939e-17
4.368386681e-17
4.2895114e-17
1.695802203e-16
6.701000425e-17
8.624595476e-17
2.071849248e-17
5.191296883e-17
8.49926161e-17
5.745776879e-17
6.380581022e-17
8.311451687e-17
1.377495559e-16
6.841102277e-17
6.257747602e-17
1.430938077e-16
8.112399651e-18
7.92058674e-17
3.855464343e-17
5.189684422e-17
6.326248295e-17
2.515409699e-17
9.821491924e-17
8.988495548e-17
1.916635955e-15
3.182594601e-15
6.706967993e-17
6.668269287e-17
8.87806715e-17
1.531219918e-16
1.235660474e-16
2.225983003e-16
1.485885476e-16
1.97985061e-17
1.042142812e-18
1.185350003e-16
1.822120573e-18
1.712902824e-16
2.274431416e-17
1.863662762e-17
3.464294456e-17
2.598905073e-17
5.440034988e-17
1.96749407e-16
5.722997754e-17
2.541174215e-16
1.305239419e-16
4.510154753e-17
9.305016739e-17
5.89074147e-17
6.175353671e-16
5.246511483e-17
8.968436557e-17
5.173601995e-17
2.425755822e-17
8.948211197e-17
8.720057541e-17
6.777844424e-17
5.077866425e-17
1.926910173e-17
1.451199203e-17
9.920641461e-17
4.515001351e-17
5.877826178e-17
2.712082367e-17
1.86072785e-17
7.226098088e-19
6.853057655e-17
5.646037303e-17
4.238351247e-17
6.201328941e-17
4.344642361e-17
6.615916149e-17
5.171955009e-17
1.548771744e-16
1.583321178e-16
1.528170798e-16
1.458987123e-16
2.850173174e-16
1.416173036e-16
8.683064402e-16
1.470310964e-16
1.38504188e-16
1.197599115e-16
1.547627224e-17
9.277738557e-17
1.789365488e-17
5.874802358e-17
1.005904654e-16
8.337809124e-17
6.176189543e-18
1.044695443e-18
1.114876677e-17
2.473029373e-16
1.588489973e-16
3.255199829e-18
7.179456747e-17
1.314613732e-16
6.025742209e-17
4.41191679e-18
2.972031484e-18
4.36250314e-17
2.19335535e-17
1.093024894e-16
2.825726642e-17
1.374427729e-16
4.891612697e-17
5.460389906e-17
1.114271072e-16
3.661172488e-17
3.601825069e-16
6.530761443e-16
2.412348103e-17
6.728303472e-17
1.228973285e-17
5.880554206e-17
8.164828403e-17
7.888514233e-18
6.099501614e-17
1.082169964e-17
1.16564498e-16
1.817041909e-16
3.758991625e-17
4.523725849e-16
2.193726849e-16
5.091914167e-17
4.12677413e-17
2.24794697e-17
2.60308122e-17
3.662640965e-17
9.526409765e-17
2.069499547e-17
2.526338092e-17
3.318100529e-17
5.197591089e-16
1.08078525e-17
1.44805536e-17
6.756043109e-17
1.782538652e-17
4.703136714e-17
3.187815243e-17
4.504579071e-17
2.651418988e-17
3.261516575e-17
3.209232411e-17
5.605285793e-17
7.54584679e-17
1.324773271e-16
4.46006227e-17
1.355872731e-18
4.332887459e-17
1.843987569e-17
4.367640535e-17
1.408682484e-17
7.041099387e-17
2.117424501e-17
2.540149717e-17
1.196756038e-17
4.456082762e-17
6.606277332e-17
8.03601436e-17
7.800028343e-17
2.068460916e-18
9.967677085e-18
7.076233003e-17
7.546401227e-16
3.342035873e-19
5.376746363e-17
2.190459921e-19
1.029271059e-16
2.117760866e-17
1.121735034e-17
1.056058256e-16
2.547429857e-16
1.457598079e-17
1.07670197e-16
1.833669053e-17
1.053017306e-17
6.216282136e-17
9.832450914e-17
1.259880667e-16
1.338691274e-16
3.644317396e-17
1.359305004e-16
1.176259387e-16
1.477855936e-16
8.678610925e-17
5.942681632e-17
4.66787273e-17
9.122825308e-17
3.146239546e-16
5.193415865e-17
1.633801248e-16
1.221933401e-16
1.360661413e-16
2.789838536e-17
4.638298876e-17
5.036533207e-17
1.587937141e-16
1.898176158e-16
3.204157986e-16
1.276966534e-16
8.196988154e-17
6.034535627e-17
8.696177955e-18
3.218501187e-17
3.125949306e-17
7.592342055e-17
5.716620806e-17
3.312864771e-17
2.988064747e-17
3.764465953e-19
2.667316449e-18
7.145090096e-17
3.59646222e-18
3.223526201e-17
5.219373364e-17
9.777572148e-17
2.970779091e-17
2.431950185e-17
8.144103222e-17
2.91877356e-18
6.797586944e-17
2.209046505e-17
5.313518282e-17
5.020685619e-17
2.049861975e-17
3.565243316e-17
1.140921769e-17
5.483957366e-17
2.567083187e-16
5.555700583e-17
3.175584024e-17
4.7919508e-19
1.545514464e-17
1.636473505e-17
1.035395962e-16
5.614964592e-17
2.355529259e-17
6.931732149e-17
3.99637904e-17
4.486896938e-17
8.407722146e-19
9.847528298e-17
6.662578399e-17
5.113841952e-17
6.426136989e-17
2.622926745e-17
3.196177596e-19
4.745583548e-17
1.746300175e-18
4.527894253e-17
8.144028696e-18
5.725144416e-17
5.377868459e-17
5.336558923e-17
9.091757605e-18
2.144885493e-17
4.031381116e-18
2.181526345e-18
1.551472912e-17
7.145304804e-17
1.92266752e-17
2.10394849e-17
7.188055733e-18
3.605555513e-17
3.484472739e-17
9.25899378e-17
1.274098443e-17
1.116028719e-17
5.288128925e-19
5.537530307e-17
3.41318609e-17
1.841857705e-15
4.301663809e-17
3.15640963e-17
2.756461413e-18
5.218783257e-17
3.027092954e-17
7.61336631e-18
2.683745159e-17
7.327420805e-17
4.620397428e-17
4.316058786e-16
5.331089259e-17
1.50841841e-17
1.040161072e-16
7.808149198e-17
6.064760882e-17
5.596020793e-17
4.352064663e-17
2.914663668e-17
7.599951968e-17
4.351794154e-17
2.736276341e-17
6.737276658e-17
1.941079235e-16
1.491741484e-16
1.173766903e-16
4.138084634e-17
3.713906549e-17
6.43874704e-17
9.132896919e-17
2.55499033e-17
6.634281937e-17
1.612123153e-16
2.575068714e-16
9.087746043e-17
2.167055171e-16
4.837891806e-16
1.9532435e-16
9.599030243e-17
3.575904477e-15
9.10652904e-17
6.454086065e-16
4.799084194e-17
1.71758913e-17
2.214455644e-17
3.316950589e-17
7.839291637e-17
6.081306423e-17
2.35931794e-17
2.014993706e-17
1.406467332e-17
4.940641989e-17
1.386994559e-16
9.647640689e-19
4.585675152e-19
7.382171679e-18
5.521562249e-18
4.782876756e-17
3.296880625e-17
1.635896972e-17
5.127997326e-17
9.161687492e-18
1.353767787e-16
2.183541156e-17
1.989535138e-16
1.801899196e-17
4.179033888e-18
6.189530051e-17
1.151817985e-16
3.179597603e-17
3.917324585e-17
2.050764329e-15
1.658760822e-17
8.857415663e-18
1.457917127e-17
