#################################### 
# Matrix Size= (25,25,400)
# Resol      = (1,1,4000)
# VoxelSize  = (25,25,0.1)
# nbVal      = 4000
#################################### 
4677.583923
4812.866737
4829.108749
4935.095122
5022.044521
5079.58582
4882.95213
4967.019333
4981.178106
4962.06587
5017.365217
5019.137504
4981.297461
5016.0807
5115.270328
5099.873065
5006.36613
5064.217318
4995.994382
4949.727314
4986.066344
5127.026955
4986.829236
5112.59694
5054.267981
5044.97774
5054.809091
5158.049206
5009.009987
5112.534935
4934.342477
5045.764351
5144.616456
5159.645596
5137.74023
5052.027551
5055.801976
5109.876771
5085.06674
5037.965764
5074.995574
5174.908972
5154.549389
5098.594379
5121.405697
5093.456318
5108.500865
5061.621856
5175.867513
5063.626713
5031.892951
5149.192366
5133.321331
5147.642537
5112.366933
5100.266696
5113.701948
5106.450503
5118.258091
5107.639864
5094.066359
5082.706771
5193.968983
5235.348895
5160.184024
5177.693677
5264.383004
5175.956295
5107.266137
5192.064097
5227.649197
5156.988284
5128.618369
5288.684626
5163.685132
5153.711256
5186.528906
5202.264913
5131.558457
5119.38636
5181.698381
5242.391818
5106.743295
5152.703362
5170.97041
5221.448952
5151.833005
5221.202791
5235.886713
5210.171118
5213.799826
5321.175272
5202.233433
5224.652506
5163.985571
5176.017975
5113.43656
5206.923876
5259.339076
5242.603769
5271.921352
5198.27001
5237.729493
5182.551064
5258.467808
5290.363749
5319.287731
5350.608514
5358.926777
5328.870891
5240.331988
5329.667132
5297.493828
5262.012694
5262.71502
5274.549788
5208.252618
5241.079746
5318.705715
5209.705784
5219.041086
5262.526112
5350.101829
5254.219268
5306.486677
5402.442157
5303.620596
5319.730942
5290.891467
5347.69668
5226.638031
5366.691071
5339.116073
5223.150251
5236.269193
5256.749705
5315.905971
5451.384731
5318.00549
5343.365508
5370.119169
5358.409816
5359.63003
5197.163902
5296.594604
5317.850689
5227.164348
5216.901057
5381.820721
5287.299615
5231.363941
5296.494111
5209.310943
5368.645232
5290.586226
5336.153123
5265.675757
5270.297006
5311.8475
5272.868532
5284.540488
5289.819994
5232.42478
5205.385675
5234.870843
5301.28217
5349.297835
5399.694014
5366.423161
5465.064933
5348.859231
5335.920986
5332.596921
5341.181849
5362.156978
5371.270671
5289.027599
5316.287934
5319.163149
5303.400788
5411.711355
5398.454114
5353.272837
5309.130226
5328.677883
5281.707088
5303.671805
5285.001513
5274.877895
5386.643397
5242.101158
5325.203779
5245.152906
5331.848823
5273.963304
5392.759814
5408.357612
5307.872686
5281.671747
5233.030228
5271.833588
5342.454809
5420.125804
5390.206481
5352.844228
5316.275547
5313.033058
5519.773578
5450.164334
5316.43695
5380.868184
5497.416128
5416.705216
5420.785761
5374.174873
5324.487435
5379.536219
5280.601356
5288.982565
5324.832519
5438.967695
5445.07389
5379.25498
5329.422917
5392.104043
5414.185671
5357.570197
5341.060879
5345.415451
5403.991594
5420.133485
5324.824402
5458.605373
5273.850748
5315.793188
5324.316748
5479.387172
5379.905271
5350.384458
5493.173906
5438.479938
5357.948503
5417.812146
5325.374297
5358.600357
5354.722001
5379.153022
5522.480061
5353.659479
5371.887002
5408.736212
5438.394831
5338.03746
5348.448002
5404.522094
5329.451255
5408.24959
5375.040737
5403.815832
5421.882643
5426.280819
5470.852953
5381.065152
5391.91925
5427.505087
5512.883039
5328.963231
5407.567843
5390.82769
5424.432389
5420.754591
5483.768704
5415.749854
5293.568969
5378.656419
5379.37109
5413.66408
5447.288651
5467.863007
5482.236195
5488.35718
5545.008776
5446.990247
5399.65409
5447.983267
5393.493673
5447.787046
5417.721861
5415.063432
5414.960133
5375.244499
5392.501329
5386.552594
5441.218517
5443.235893
5467.499076
5436.528897
5506.985953
5526.43285
5400.034992
5534.019538
5374.457906
5531.469634
5569.52554
5367.432692
5416.753752
5387.444138
5502.140869
5536.441504
5478.361024
5540.715199
5586.264561
5474.388197
5544.509716
5494.513762
5485.631751
5382.018811
5340.941577
5508.111146
5528.315741
5418.971424
5444.914307
5527.435733
5501.32942
5473.91484
5463.406122
5446.836662
5481.282244
5489.283258
5522.851906
5533.852209
5454.410851
5514.028987
5390.697908
5485.422064
5640.607812
5546.67247
5414.677545
5483.340433
5463.754741
5482.430752
5474.688375
5464.978529
5473.524355
5412.440761
5528.630404
5481.880854
5428.498183
5420.908584
5531.377878
5423.595187
5470.536327
5392.110767
5489.581743
5471.649
5543.29818
5497.300387
5539.101315
5461.712183
5484.243502
5529.758197
5591.718692
5445.455219
5593.698889
5491.145992
5524.202995
5498.266723
5524.093434
5477.066025
5431.848657
5456.42959
5445.264648
5521.33809
5561.093512
5450.433473
5542.040657
5476.179378
5470.372652
5484.910923
5543.905208
5529.246141
5525.916608
5593.106177
5472.576774
5480.898512
5513.540019
5415.47201
5415.30994
5528.157886
5508.292164
5516.156068
5473.832479
5476.082385
5511.507325
5618.579168
5617.064163
5470.724896
5531.96241
5545.51023
5544.329674
5692.570364
5551.807318
5545.759989
5585.332279
5543.926933
5491.084593
5517.215271
5488.97244
5592.762745
5527.103025
5526.90461
5531.912035
5539.236368
5422.892649
5517.849729
5572.511293
5592.293976
5576.382337
5524.213293
5490.127452
5561.75603
5454.604989
5556.447901
5628.278335
5523.334054
5586.291136
5596.81579
5503.835037
5558.191133
5546.898361
5492.500947
5574.594221
5453.83587
5552.56575
5622.163787
5616.125157
5607.311987
5625.129695
5609.319584
5565.655583
5515.783045
5654.475791
5481.886954
5583.80311
5556.357328
5544.998482
5585.075369
5531.773454
5600.4039
5532.606112
5557.207506
5567.639383
5617.882788
5518.288346
5513.983775
5519.723244
5592.446336
5575.198972
5567.69213
5629.494488
5661.609529
5515.045882
5564.895036
5541.396706
5497.513931
5666.882998
5651.80149
5530.268689
5572.018155
5562.539465
5477.550829
5530.288194
5605.72993
5659.644761
5531.630213
5580.242506
5547.282763
5568.525257
5562.72805
5630.874595
5589.99328
5485.614278
5635.308024
5547.512146
5613.83189
5437.436176
5619.221925
5499.445648
5568.330393
5543.318504
5593.068215
5537.182514
5520.330143
5543.398211
5538.945685
5629.027636
5583.957625
5572.011353
5595.579599
5481.938959
5634.106795
5541.119321
5644.399823
5625.433495
5629.084994
5676.455316
5677.761434
5578.301482
5633.084439
5716.491687
5529.285885
5706.875654
5739.458264
5707.825633
5645.117362
5590.450843
5618.756173
5640.678788
5493.892978
5568.243207
5611.144433
5562.768112
5694.430194
5655.630237
5537.834495
5599.204604
5609.092348
5602.148419
5540.382093
5649.622673
5575.453693
5530.610119
5664.49561
5541.901633
5605.48786
5615.231891
5649.727311
5553.723427
5616.796079
5584.176975
5597.897053
5670.486443
5586.181424
5641.203454
5622.785242
5634.575037
5529.411142
5566.211181
5576.018493
5660.94954
5663.676276
5661.601808
5684.841253
5678.392598
5638.086887
5617.335643
5742.143054
5531.29921
5470.485612
5643.724537
5641.022988
5558.48937
5588.214206
5533.501859
5537.978227
5528.537677
5552.530817
5501.63883
5533.722427
5713.853476
5601.899825
5565.847971
5643.451156
5547.205791
5604.307508
5645.599516
5564.364685
5745.902675
5597.457072
5674.634393
5573.630348
5601.658494
5561.582849
5542.578504
5631.409212
5625.158469
5621.737973
5687.506856
5732.588739
5610.663356
5532.199823
5705.027635
5661.999229
5674.487826
5640.760382
5630.367208
5643.514944
5668.905958
5747.90936
5626.255076
5679.968708
5641.405066
5689.470332
5629.411363
5590.242912
5712.295876
5701.474944
5625.396631
5712.328106
5653.125741
5713.744453
5608.947301
5616.570986
5592.278153
5689.172333
5598.324207
5569.506306
5652.764263
5690.620687
5596.561012
5747.860173
5605.945335
5658.112586
5639.507248
5576.678059
5749.133099
5610.483693
5648.905194
5680.395216
5648.868072
5702.136571
5610.706269
5732.024149
5692.711435
5649.723066
5669.932372
5694.564039
5529.116916
5630.647091
5737.993862
5665.958873
5771.445131
5761.198238
5708.189612
5650.938704
5604.532055
5750.054292
5603.182167
5674.659511
5777.176059
5776.994848
5771.246483
5816.490375
5676.027358
5575.979291
5621.557567
5577.64647
5737.044359
5650.889799
5739.625871
5808.659827
5712.099762
5670.074791
5756.569412
5642.456853
5646.135625
5787.639772
5775.906081
5764.486612
5672.456062
5766.949381
5622.135805
5705.444214
5824.401664
5732.510254
5703.897253
5608.480322
5691.77518
5619.704933
5899.299229
5747.837767
5699.654307
5743.115279
5789.919397
5700.003052
5625.667517
5631.709849
5727.855102
5686.055845
5752.684919
5655.686808
5760.321528
5718.161012
5829.18657
5812.631639
5894.877674
5868.184608
5730.689433
5752.898781
5713.560284
5743.860345
5789.947493
5864.804022
5695.905473
5746.674299
5771.174039
5698.614011
5677.18905
5757.840112
5723.180033
5763.285297
5781.387508
5773.342888
5817.016632
5724.949177
5667.282872
5830.060367
5617.851931
5733.595152
5727.276588
5751.652111
5714.975568
5743.503472
5746.772609
5688.482955
5863.100119
5767.809896
5686.419833
5700.344031
5769.42177
5714.270232
5681.539494
5721.852526
5824.46766
5795.908797
5793.226831
5849.220113
5789.283381
5832.308981
5764.653989
5610.868542
5803.304602
5705.74597
5742.701934
5717.528083
5854.239795
5841.842021
5882.065576
5727.192976
5859.481941
5688.71755
5798.382939
5829.316051
5773.29867
5712.701135
5763.581598
5701.922803
5682.390578
5684.193437
5689.148661
5792.531224
5708.591284
5758.638304
5723.136385
5780.971047
5713.629527
5643.739979
5794.938424
5792.69466
5667.577442
5799.4698
5688.487032
5749.78774
5886.590322
5793.785229
5868.070482
5773.240562
5842.712307
5764.347592
5729.132854
5856.274868
5806.924494
5827.479007
5699.152714
5797.499627
5741.823492
5804.628047
5746.020078
5808.294307
5668.123619
5765.644555
5775.807785
5745.344323
5806.13437
5854.104984
5761.052541
5664.444323
5745.512178
5839.835146
5792.656305
5694.047643
5820.02186
5743.534037
5808.436604
5659.761873
5724.603863
5793.121388
5825.405354
5653.413168
5746.083566
5758.452212
5725.694796
5685.541785
5802.944479
5743.310235
5748.544343
5717.116124
5742.042765
5727.686019
5780.509343
5707.676572
5754.588306
5718.150861
5773.767019
5708.048404
5754.199084
5834.364932
5857.637596
5776.378861
5637.306781
5758.6517
5720.217178
5892.821242
5728.884134
5798.743096
5705.974772
5882.033175
5817.895643
5773.773362
5724.39632
5819.444546
5770.968147
5740.332133
5644.135601
5784.232767
5844.826589
5835.768259
5941.511571
5620.052591
5796.900709
5807.524356
5747.939811
5804.111529
5704.570086
5816.371449
5819.267528
5883.243471
5818.427629
5845.874112
5883.69216
5740.187946
5874.143506
5831.278687
5823.372922
5739.469608
5856.113721
5771.191438
5876.513841
5812.155268
5809.411533
5864.277877
5748.009192
5736.874841
5746.385942
5735.685527
5772.493386
5792.467097
5765.246569
5722.43483
5754.766044
5854.356607
5708.931684
5774.14286
5699.068175
5757.796006
5691.847596
5716.897301
5751.258727
5792.431003
5865.857188
5860.870093
5902.739917
5847.016699
5885.825548
5649.179577
5767.498619
5744.802062
5755.638687
5820.624953
5718.66284
5792.89543
5907.266804
5816.577376
5799.151257
5728.290948
5800.2997
5705.722046
5747.796628
5789.51901
5788.854718
5817.351242
5807.838173
5815.131243
5734.386751
5790.058053
5852.936357
5818.50109
5754.321592
5834.358212
5831.412557
5909.274853
5846.289561
5664.767985
5755.310727
5859.842489
5729.506579
5813.849358
5747.799092
5830.174324
5766.088817
5831.591517
5794.042754
5829.894897
5792.153054
5769.556471
5869.370979
5743.066548
5808.342402
5817.152481
5795.675619
5848.363159
5891.38276
5819.769279
5765.454861
5903.910696
5808.928848
5887.449196
5814.28206
5757.355584
5754.637457
5724.119371
5812.653609
5819.35457
5925.810495
5818.479302
5874.665046
5781.805166
5824.687709
5722.097523
5797.170477
5859.509132
5868.288472
5852.274137
5784.10357
5811.871306
5867.7469
5839.015614
5785.680679
5831.022796
5787.129301
5900.215304
5829.574709
5782.541818
5734.12421
5738.063097
5796.095854
5859.883725
5899.382921
5850.814646
5745.648124
5844.861462
5749.787805
5860.248487
5874.714111
5948.207369
5946.474338
5854.447133
5858.643881
5955.026903
5868.38535
5911.612381
5922.55876
5946.722022
5916.810777
5858.419806
5827.68463
5909.3143
5878.7601
5937.752465
5922.054436
5868.428572
5919.847421
5884.085327
5869.036783
5821.43475
5920.197496
5773.882554
5822.034651
5735.632441
5846.749435
5920.960507
5863.764766
5826.559459
5912.097226
5930.719775
5834.641223
5843.57227
5812.823162
5801.390298
5990.553419
5867.018499
5929.450625
5867.365929
5903.039714
5958.238888
5933.25518
5906.462402
5904.786484
5915.275458
5905.658949
5842.468611
5926.972171
5799.479622
5902.667647
5852.499201
5911.255566
5832.716911
5842.49563
5969.309082
6039.570899
5868.478887
5871.602227
5820.624693
5870.245772
5975.676544
5868.738059
6030.348921
5892.19471
5844.19461
5982.707454
5840.44478
5907.630517
5936.431901
5973.642951
5977.829207
5981.675471
6010.783585
5846.66295
5928.45017
5810.318471
5779.574399
5935.476828
5908.122045
5958.459579
5921.819546
5914.283958
5955.809232
5945.553539
5888.276276
5924.811826
5924.751661
6067.713589
6102.273491
5947.641931
5877.171139
5885.948417
6062.911487
5927.562258
5961.047991
5857.950161
5845.522093
6014.061539
6020.623141
5912.904225
5948.899614
5890.369388
5834.431061
5997.304243
5926.300025
5927.604439
5826.344883
5926.214421
5899.346643
5936.354001
5791.649888
5923.040662
5970.496012
5957.581953
5945.130801
5883.726958
5964.842711
5925.135537
5941.157488
5862.481392
5918.614991
5925.380665
5906.941348
5912.041337
5981.764087
5913.322999
5920.531676
5952.466235
5911.047576
5878.953338
5961.684327
5868.206542
5875.83244
5831.588481
5963.700118
5932.029754
5968.714234
5906.765107
5925.778051
5933.160821
5956.891042
6004.706458
5945.386937
5952.83144
5888.982699
5943.675727
5891.38323
6005.741674
5984.088488
5849.307417
5895.200162
6081.583342
5979.208878
5923.732872
6035.771389
6041.648708
5931.680814
5849.065697
5941.269816
5993.614175
6097.487022
5876.138874
5932.957353
5916.207112
5879.236195
5877.545363
5931.705128
5923.228995
5901.671569
5970.401401
5858.570656
5882.82278
6017.511488
5887.223701
6025.63319
5891.879939
5898.874567
5860.549432
5959.094977
5928.001073
5942.182875
5892.061219
5911.807568
5786.157505
5910.939641
5943.101866
5933.62867
5939.401634
5986.975998
6004.782375
5949.150236
5992.334282
5962.38596
5996.954799
5920.100722
5906.586891
5864.404803
5870.085781
5930.708127
5926.970413
5902.901765
6005.211535
5983.481635
5991.414678
6077.148372
5855.436905
6028.770958
5944.150041
5931.608141
5919.76208
5931.421335
5886.250645
5963.092938
5874.604964
5975.484439
5980.569924
6018.878542
5947.905721
5953.160706
5913.490405
6040.559803
5954.604514
6078.388494
6020.084698
6006.615752
5895.842353
5992.634418
5985.603728
5967.821645
6011.180739
5952.763734
6065.245044
5954.274082
6019.894802
5962.047319
5959.724493
6039.483889
5998.261721
5960.222085
6115.594183
6093.534115
6011.942177
5969.332991
6044.617404
5881.819233
6043.704438
6052.31791
6068.660861
6047.458082
6048.620363
6155.282497
6070.01426
6083.899042
6110.243291
5956.777625
6018.999825
6060.804261
5976.419832
5999.716314
6020.921613
5951.237325
6121.289475
5963.507952
6001.38286
5980.27135
6094.432513
6116.062161
6042.510722
6002.109821
5977.915609
6041.871952
6018.934797
6063.131659
5832.324695
5995.905219
5936.677252
6025.435287
6114.490025
5985.951926
6002.911204
6115.444213
6049.31079
6155.612884
5975.51585
6118.158322
6009.859107
6051.09829
6097.746098
6092.386313
5889.990411
5990.965458
6076.928839
6068.918835
6001.153989
6054.584793
5914.584454
5979.06262
6024.967926
5944.477469
6089.757595
5947.983591
6076.743769
6077.560405
6006.208217
6040.223169
6051.882982
6154.414748
6016.464642
6060.138899
6147.973924
6115.178412
6089.200869
5983.253737
5988.247943
6091.462305
6086.789388
6153.478129
6039.762334
6198.638585
6154.27279
5994.371447
6041.107506
6153.844261
5948.409974
6016.379533
6119.066027
6068.123234
6053.098312
6085.03297
5964.122029
6048.952492
6015.825451
6027.522993
6086.948159
6209.574932
6027.08223
6224.224473
6115.281572
6095.553463
6044.098341
6022.656264
6095.367299
6042.883505
6038.042151
6084.742395
6002.543619
6133.680112
6073.742675
6102.572213
5964.609288
6029.761071
6070.12384
6044.25221
5950.735098
5998.586567
5930.315922
6008.543473
6052.037241
6113.983303
5965.259695
6127.858619
6126.960976
6191.690917
5963.524759
6031.603051
6160.440216
6145.702423
6216.98143
6227.434132
6086.807208
6148.024176
6037.368686
6103.352555
6158.991299
5945.446881
6204.21659
6040.679323
6212.224732
6155.838635
6113.461433
6088.449963
6046.178854
6049.583604
5992.566207
6025.906362
6003.321948
6054.602681
6004.314232
6111.785028
6062.791685
6169.502899
6110.504943
6014.091217
6032.155256
6013.605183
6091.234926
6262.004216
6214.287812
6147.226195
6118.512142
6100.071461
6185.405436
6228.971558
6145.529657
6078.37626
6085.122597
6095.907647
6115.205922
6057.582534
6120.664773
6164.583803
6269.123781
6129.857909
6166.308
6006.781519
6081.067525
6170.463822
6103.191924
6112.987603
6092.460043
6139.447012
6145.073534
6153.782606
6113.282831
6163.658269
6218.926434
6203.418885
6109.445127
6107.36196
6132.759148
6184.499947
6168.910689
6048.151378
6071.561588
6104.290978
6156.74947
6158.991507
6157.061046
6241.960089
6174.973398
6101.69466
6182.313614
6215.553671
6201.754206
6319.464834
6285.893647
6201.427574
6241.748776
6210.618585
6135.407115
6170.975385
6326.429954
6287.589752
6067.659046
6114.212021
6344.55554
6158.447902
6141.686935
6216.750673
6154.86366
6186.739766
6209.875516
6122.52143
6277.290848
6098.631659
6136.479714
6139.122911
6283.131371
6230.406405
6333.842583
6163.268275
6272.534274
6357.706986
6321.832167
6196.534465
6204.412924
6202.746449
6259.202834
6198.677201
6084.487436
6234.237684
6277.004034
6168.864007
6316.375257
6145.240776
6186.666843
6143.177729
6074.114236
6323.804368
6243.254339
6200.63415
6125.676018
6062.626237
6179.401059
6211.642218
6244.245337
6114.397048
6150.77605
6237.063142
6207.015385
6169.486779
6117.840381
6153.405972
6227.727809
6214.975169
6153.100606
6284.838008
6247.682559
6175.771217
6219.938038
6044.336954
6198.832197
6215.723567
6161.513512
6271.222505
6222.099348
6145.732112
6175.426501
6314.491805
6216.114169
6185.334877
6144.192265
6322.369533
6131.267858
6133.631822
6200.917792
6213.014116
6177.21285
6258.149245
6124.962497
6252.333451
6205.850732
6144.379246
6247.752776
6163.510355
6106.754955
6160.06701
6136.957469
6169.179212
6175.162447
6180.955949
6192.350504
6091.458995
6245.948088
6194.593969
6312.945632
6224.48761
6238.760569
6372.542842
6209.783842
6296.614014
6120.776085
6193.501896
6264.729776
6191.535262
6252.41349
6164.980323
6375.564391
6251.723466
6241.393075
6256.32349
6232.616965
6165.826752
6213.821447
6181.320919
6175.681272
6298.433906
6222.571532
6207.440402
6167.714191
6224.871932
6126.462363
6254.414698
6285.875251
6337.62081
6203.050199
6171.162804
6228.832858
6100.775788
6248.248781
6187.767233
6408.678514
6228.048292
6169.207379
6203.571243
6197.551904
6337.640589
6235.137928
6253.26749
6315.016197
6259.817377
6235.384216
6196.769337
6181.545347
6125.432069
6431.971379
6467.833665
6058.254308
6236.178286
6278.261724
6271.592454
6319.247762
6461.590469
6353.486032
6230.546502
6244.592885
6309.448066
6351.74727
6255.486248
6275.517626
6314.559911
6263.405649
6232.599501
6425.1706
6237.393813
6179.376469
6369.029237
6154.683678
6450.998147
6333.246289
6284.441453
6272.647295
6379.339853
6445.026673
6346.443817
6280.219328
6341.143417
6452.344296
6290.644169
6283.540273
6286.672736
6280.123362
6451.109198
6362.37746
6349.378349
6256.745362
6294.472541
6327.034257
6136.280242
6288.191322
6463.808811
6385.729602
6335.27918
6350.035087
6352.429711
6273.653228
6286.447306
6396.750875
6277.46627
6304.881841
6372.776218
6350.751592
6227.38203
6404.643031
6284.598189
6519.050898
6308.944438
6529.179325
6389.000728
6336.581025
6365.639139
6378.348346
6399.087691
6331.2158
6358.766858
6303.647171
6447.714213
6388.812539
6311.963686
6526.264903
6405.28085
6335.548558
6471.546411
6393.344271
6399.899617
6307.66613
6399.375119
6316.200367
6489.948918
6425.116253
6388.474563
6463.112003
6315.381893
6455.811759
6441.128511
6355.39235
6401.067588
6422.223783
6304.476631
6368.138881
6321.805887
6485.675683
6367.83245
6387.024828
6488.144104
6486.179427
6339.429325
6412.13349
6357.793404
6306.260517
6365.235955
6399.567957
6377.293028
6393.921464
6370.831385
6526.688006
6317.350575
6379.45408
6443.35822
6288.369575
6419.812598
6388.716472
6402.653077
6292.673737
6450.50918
6421.826583
6420.4917
6449.889509
6371.296199
6394.274806
6475.241579
6410.953959
6516.84797
6489.034962
6265.997393
6438.434157
6431.036671
6449.673104
6536.302112
6353.334081
6497.789957
6480.05368
6369.691217
6371.96152
6557.021848
6400.049211
6454.17975
6505.061457
6307.849354
6457.759761
6553.368793
6608.604285
6507.103782
6389.014015
6400.473967
6401.089684
6378.053515
6471.48319
6431.125181
6423.92415
6275.920268
6408.55653
6442.096225
6441.077434
6461.490831
6503.992256
6545.746557
6413.474911
6410.305329
6454.431904
6571.536321
6442.547481
6421.90604
6422.827547
6444.383024
6528.781089
6501.053886
6401.465363
6433.926331
6601.662352
6601.742318
6529.799125
6483.064875
6498.009697
6561.646699
6578.680272
6536.995106
6533.247758
6436.367732
6487.321398
6572.824215
6641.996902
6394.98924
6388.169594
6423.148754
6593.235122
6497.134336
6385.538416
6486.992969
6444.83389
6658.587407
6475.398033
6507.868562
6569.747758
6588.758035
6585.753682
6351.978435
6570.75237
6526.229666
6592.993426
6605.958554
6547.898995
6489.255852
6467.122426
6534.676696
6670.515992
6616.12219
6506.865514
6540.728676
6459.159343
6462.990849
6488.685309
6484.530938
6649.417874
6584.881529
6517.306356
6419.442345
6512.155707
6544.587533
6473.495616
6607.259375
6527.910882
6423.782263
6675.525028
6669.513094
6591.679107
6612.991521
6505.02413
6618.950979
6581.35017
6519.620072
6544.268097
6562.083694
6468.871844
6489.462934
6585.808862
6424.28255
6495.209294
6538.780934
6603.626231
6459.051594
6710.81251
6389.889446
6589.214112
6527.863062
6421.69759
6649.128258
6559.002742
6578.013635
6512.609499
6517.901942
6520.178833
6613.291788
6577.264784
6683.614029
6657.23355
6536.166476
6679.714866
6550.664887
6571.370595
6552.875242
6598.207448
6543.128356
6632.088694
6574.879201
6600.276776
6495.010011
6640.563994
6589.455262
6666.924699
6683.644643
6678.75077
6673.96154
6677.451192
6710.534034
6708.539414
6511.369764
6725.445907
6663.355709
6636.143506
6748.951553
6533.331872
6543.568388
6608.763329
6800.183836
6715.627556
6426.641927
6592.273575
6760.658058
6652.488702
6670.863217
6646.965137
6711.233738
6710.173186
6629.19037
6582.308757
6637.078147
6542.305903
6736.863913
6669.23342
6631.95149
6612.18967
6885.422531
6742.36159
6704.740324
6718.595935
6466.764188
6629.652125
6755.874095
6574.412654
6658.983312
6635.949476
6615.576637
6720.561617
6764.582123
6774.87233
6818.396566
6781.964465
6701.832846
6704.514195
6652.362832
6740.152869
6689.891383
6698.313022
6721.129235
6685.974614
6737.54394
6723.311493
6663.190339
6691.444221
6678.177514
6741.754669
6693.644405
6743.265324
6577.52881
6736.876316
6711.507727
6773.437292
6595.674358
6654.559144
6641.986407
6770.476895
6711.009317
6697.954601
6881.710852
6846.932202
6629.798456
6784.934872
6783.058825
6731.825986
6829.107766
6664.367749
6740.065511
6725.185888
6856.191496
6662.694367
6815.224322
6821.139612
6750.383788
6708.277436
6798.808433
6774.905903
6860.789824
6799.813733
6805.9885
6755.853012
6844.472064
6754.766958
6785.847533
6936.020676
6636.894468
6764.538238
6626.656017
6851.629069
6890.449926
7000.649485
6823.863728
6832.415491
6868.746089
6880.396623
6763.743994
6901.927004
6887.475681
6936.861109
6749.390829
6781.765211
6899.053788
6842.075572
6740.78389
6859.141556
6836.815977
6883.048667
6797.549923
6876.013694
6821.880229
6968.709206
6888.432994
6826.520948
6888.36932
6760.034909
6833.242067
6819.443249
6868.710013
6885.448157
6922.155408
7013.295865
6921.428822
6714.740608
6908.16804
6908.118799
6987.58012
6812.388705
6925.998807
6926.509844
6899.363414
6975.634574
6911.627382
6764.16258
6948.169861
6951.291947
6784.885914
7080.884061
6856.483832
6951.082811
6982.53593
6849.717885
6945.720707
6930.692543
6970.48408
6888.95455
6924.463886
6921.656135
6882.105935
6957.61965
6900.076125
6967.591807
6856.723421
6859.419814
6859.596236
6833.690871
6791.200011
6852.914692
7038.649989
6964.234528
6852.53775
6972.990524
7101.996727
6971.736126
7075.404902
6918.419798
6840.59097
7066.908305
6955.867943
7043.928682
6852.059105
6962.278808
7012.508895
7046.84677
6896.443071
6806.426919
6910.758936
6897.498443
7033.533138
6892.036431
7089.111955
7006.096417
6937.607998
7095.417637
6980.371141
6946.876557
6965.971528
6984.099906
6914.824867
7006.885192
7104.46748
7019.385384
7011.526124
6917.793057
7002.138541
7008.081889
7014.94425
7086.445595
7091.789686
7005.798914
7103.677907
7062.63863
7104.620052
6980.769803
6993.098528
7004.695644
7033.01655
7077.063639
6955.391451
7145.467148
7104.792025
6937.510686
6909.750179
7057.180939
7161.230566
6980.448771
7133.291911
7146.966805
7083.969155
7051.033589
7023.948566
7208.028235
6934.951707
7244.489655
7219.752859
7197.538421
6974.533379
7249.82785
7081.805201
7281.202137
7128.842274
7188.144868
7143.460331
7201.096843
7158.605379
7157.009198
7142.050704
7300.615847
7247.73774
7111.282014
7165.522805
7218.723977
7074.677499
7035.082858
7107.645235
7135.698098
7244.379767
7246.151905
7125.380695
7183.98413
7242.899407
7154.465449
7214.341129
7186.395908
7224.362263
7272.919781
7111.198781
7380.278689
7118.342315
7362.421959
7320.491897
7223.205124
7127.192464
7277.062875
7276.100939
7393.735013
7420.223159
7258.906165
7210.030402
7284.102405
7331.896944
7224.92387
7235.613264
7170.045387
7296.538517
7212.123325
7182.281876
7162.111595
7252.045686
7327.316987
7537.210731
7196.525404
7311.097931
7348.169782
7322.617793
7431.074197
7263.353139
7283.144673
7299.971188
7345.541377
7282.925668
7354.64273
7360.360864
7488.902943
7369.232381
7342.259708
7383.187861
7367.890432
7250.734217
7271.807132
7446.250834
7333.098166
7330.42464
7397.794058
7526.422028
7519.999357
7365.214421
7478.219739
7456.270955
7344.563267
7363.807716
7353.851557
7416.201216
7430.072495
7347.255986
7504.026045
7495.570093
7402.577897
7369.720162
7420.977263
7511.398396
7366.639899
7497.390448
7550.504747
7448.965296
7420.121243
7576.827422
7429.481729
7469.65294
7419.217046
7391.223184
7448.486747
7627.37783
7493.761628
7535.337248
7525.356861
7512.384479
7423.427358
7342.335336
7457.847047
7575.166132
7483.152971
7491.427799
7566.236587
7460.444956
7695.280956
7466.816586
7504.173831
7572.151725
7574.488857
7426.311969
7546.390773
7430.004671
7563.147593
7637.412273
7635.747436
7600.539665
7633.428396
7659.766816
7580.701377
7729.110441
7423.168894
7621.25726
7662.227432
7639.848073
7609.799758
7821.878516
7762.162832
7741.243443
7604.508039
7558.846188
7634.241932
7713.200115
7863.548836
7718.956862
7719.345936
7567.900375
7671.676744
7658.097231
7682.076375
7743.318656
7752.121665
7681.32471
7763.969469
7796.066122
7715.923344
7679.787518
7886.269998
7624.956482
7590.339603
7764.100651
7690.674376
7859.59675
7752.025409
7737.873657
7852.258399
7905.160858
7766.493192
7763.814751
7734.79457
7686.7151
7760.570017
7658.322009
7829.343358
7822.703007
7852.748373
7732.775735
7874.070677
7926.503635
7862.946552
7878.518713
8081.641601
7966.960566
7818.900181
7718.029202
7909.484136
7766.526804
7846.24743
8019.998438
7851.358034
7859.612151
7899.233198
7911.327513
7951.776021
8010.616165
7830.192986
7998.191828
8129.925246
7883.298972
7977.933613
7978.734639
7954.958229
7859.732384
7946.064894
8085.024595
8000.849405
8026.061225
8076.892126
7988.801676
8105.533017
8061.650607
8124.704062
8054.237619
8121.77279
8087.151615
8022.43822
7989.855077
8119.895419
7931.512479
8209.084526
8241.12653
7976.896102
8064.689509
8038.851612
8081.589579
8040.68694
8257.173645
8154.612186
8150.909379
8165.047167
8214.454986
8120.135008
8215.57232
8205.751596
8108.352448
8162.615178
8020.247182
8369.105973
8157.269535
8300.910474
8101.242691
8166.757221
8413.07167
8204.365645
8293.812268
8272.783494
8286.45724
8413.456395
8201.92761
8171.048013
8394.698308
8376.825457
8217.495489
8168.582458
8382.416982
8429.138056
8330.624262
8387.071688
8430.192841
8392.021804
8307.667126
8435.695574
8362.579919
8232.151191
8484.847332
8236.787188
8483.18675
8291.999074
8588.758298
8211.411304
8422.022285
8439.365563
8522.433819
8444.479661
8423.211641
8386.167624
8520.659081
8464.650017
8573.745682
8562.409703
8452.713867
8671.45533
8496.937144
8460.384628
8418.267036
8659.50621
8517.334395
8458.82314
8523.077094
8587.266656
8734.7195
8884.266211
8510.211271
8551.283964
8698.430955
8555.876452
8608.615337
8566.725592
8548.343623
8642.636944
8567.21198
8677.392248
8726.010856
8815.428895
8700.545812
8832.531819
8738.807237
8612.135562
8675.091982
8626.015158
8549.930255
8857.876833
8755.208501
8839.634146
8693.304186
8939.531005
9031.612332
8790.022231
8931.433796
8743.633851
8858.497611
8900.845856
8920.830588
8701.155152
9032.402513
9041.759362
9012.017664
9097.855819
8796.216931
8844.422961
8820.580012
8979.223315
8792.862062
9141.262924
8944.8304
8862.523864
9157.724219
8843.148442
9030.501982
9127.56364
9047.133028
8987.711537
8926.7752
8952.003375
8955.059185
9196.216658
9034.028252
9183.32628
9177.161971
9146.045691
9072.454166
9087.256691
9197.74458
9107.183587
9092.150861
9192.27063
9244.335591
9311.170582
9242.319403
9268.528779
9232.72216
9256.406858
9242.245914
9269.360174
9506.037322
9262.010923
9276.127634
9287.49003
9461.83943
9585.514018
9394.997773
9444.437598
9485.536058
9412.311393
9369.105654
9404.537129
9475.617084
9571.760758
9450.345761
9434.650016
9433.123108
9624.274735
9543.891585
9727.341804
9486.504278
9687.522071
9565.287901
9622.340563
9649.089243
9654.595961
9633.121222
9723.516125
9679.063822
9596.770783
9876.859212
9844.532651
9710.459793
9882.70802
9731.230655
9924.309028
9923.014274
9939.803669
9877.348365
9919.402177
10071.67877
9899.366497
9870.823994
9676.687993
9970.511904
10020.32326
9925.49971
10054.98465
10139.29231
9979.714865
10053.68338
9997.706589
10051.30196
10192.15915
10111.08875
10203.36916
10126.02339
10179.85227
10280.66403
10324.25847
10377.44603
10380.02845
10236.62378
10369.63961
10278.40386
10390.89326
10382.90047
10337.70701
10482.38261
10559.36495
10447.29711
10591.78594
10349.0733
10568.72442
10477.11817
10385.43982
10651.89129
10666.07081
10615.78972
10713.36933
10603.23907
10628.71869
10618.95787
10958.93716
10784.4178
10725.04367
10790.92381
10854.26441
10919.75506
11008.33389
10872.42949
11034.1175
11033.27996
10995.46895
10784.57448
11066.41114
11038.78456
11339.09696
11281.3349
11083.34945
11126.97301
11149.56351
11228.38234
11348.27099
11257.55151
11317.78548
11501.84782
11124.149
11533.56755
11380.90139
11512.41791
11722.32492
11434.35575
11749.69166
11578.89869
11535.82788
11718.31016
11834.52189
11854.93191
11878.9598
11883.36973
11824.97485
11942.87249
11702.26895
11906.48947
12096.51404
12030.8769
12097.64871
12106.25161
12177.64052
12106.82636
12393.075
12377.84402
12159.07899
12297.6703
12359.41766
12510.96284
12586.1508
12507.8596
12500.86245
12572.69838
12628.15776
12755.51007
12837.90005
12569.75319
12964.76988
12826.3205
13093.02371
12956.07972
13105.40582
12977.72648
12971.46228
12978.15267
13060.34734
13137.01849
13452.38769
13576.65753
13283.81988
13440.15369
13602.63687
13809.94669
13810.24833
13880.39229
13616.1057
13775.81036
13715.70408
14176.18001
14124.457
14365.27151
14525.79246
14203.3993
14423.82537
14671.22794
14628.19256
14580.21633
14771.38316
14715.84701
14942.96939
14896.85044
14768.53605
15105.71422
14903.81792
15293.31989
15496.32092
15279.40025
15474.90222
15468.74253
15745.64551
15895.9616
15681.1578
15731.07361
16040.74263
15995.46432
16190.23277
16395.8342
16601.87686
16492.16302
16467.73282
16705.78113
16664.51361
16947.71143
17060.07451
17062.15748
17391.29211
17301.41683
17289.66685
17436.33186
17518.42522
17428.10647
17671.77097
17734.82635
17918.53533
17724.25351
17788.08362
18048.5873
18451.4203
18425.16236
18270.86975
18620.44454
18476.82015
18843.80826
18765.03997
19038.72085
18521.73262
19194.15792
19022.46051
18952.85778
19037.40353
19019.305
18995.86587
18928.13565
19179.21171
19191.75156
19085.38073
19218.27425
19181.83749
19379.01067
19059.57201
18741.43382
19171.18799
18921.04737
18974.33881
18892.39555
18826.29294
18788.87717
18620.79573
18361.04607
18591.93401
18477.65752
18468.24449
18275.77295
18151.04027
17717.75298
17557.26815
17649.18815
17794.97393
17010.14998
17075.00982
17026.47506
17005.96719
16634.92424
16001.58409
16210.20535
16091.14388
15538.45185
15648.13272
15198.6508
14922.74554
14597.07445
14500.5484
14301.76014
13985.20286
13779.42113
13383.2351
13247.37073
13023.56933
12359.51966
12339.33837
12062.32106
11780.68477
11485.72577
11427.5342
10975.76964
10607.38631
10522.35607
10245.75456
9719.691342
9617.835359
9341.316205
8796.67338
8565.409966
8316.480699
8074.384276
7902.911089
7395.346706
7381.756832
6929.158096
6716.988629
6500.999519
6087.290327
5938.519634
5717.257526
5554.851531
5212.176068
5162.340486
4893.356185
4698.412114
4644.795705
4248.346621
4061.811047
3775.644086
3645.944449
3463.800357
3167.022555
3070.973112
2899.8784
2795.8938
2718.747641
2483.210721
2416.089367
2180.6066
2055.074187
2006.998626
1862.843267
1788.694284
1669.184608
1579.756716
1479.830777
1398.010017
1280.290014
1220.242176
1160.055456
1035.461942
949.7127769
943.5099623
872.1964333
804.9622397
718.5767743
648.0355824
666.9083953
613.5709002
544.1020658
498.6551851
495.5266654
452.8164083
426.5551863
321.9892591
333.5909304
304.8320184
334.7298908
335.3151873
227.0284642
224.79002
234.1569963
192.7414681
211.4141182
190.5286027
170.5379707
171.4881451
185.113463
136.773965
100.2365206
105.9153279
106.5708155
75.54972488
89.45648526
81.01474355
70.98762302
85.61845534
90.11516709
77.5508247
57.64588393
53.79617247
50.39489353
53.37770035
34.67979678
48.84794075
44.41623877
22.51936584
49.20789361
31.02207218
32.09362314
42.78431821
22.95699453
26.57253897
21.05543747
11.23377955
13.59785093
26.6437572
23.47739737
21.60087341
6.719023925
19.64755134
12.92246046
11.1917214
24.97666639
28.38060169
16.96521083
24.52723655
16.19940631
18.23436162
13.12172574
17.32244109
22.64791267
19.33717891
27.99130313
18.25028351
29.23529329
20.59986176
27.42525172
18.83084565
12.80755421
16.45484968
23.44637907
12.48071743
29.05876334
14.75870469
27.39501795
27.04851829
13.97629591
16.73334594
19.1005036
17.88960895
11.49959088
11.9964879
19.57178547
19.08738352
24.66486847
18.93566554
29.32806001
18.38060676
18.38675583
46.40787625
19.56790065
22.17832596
15.53528555
9.481386044
22.71683094
25.72061815
18.43615794
17.59591776
24.00651068
22.47168087
15.43841308
14.46037263
22.02209012
15.01782757
20.80306557
31.19098305
15.49117121
15.26964816
19.75543116
9.790081922
16.8840863
26.62987486
17.36360583
11.75006571
18.23078624
11.02101068
11.65558118
24.84104443
31.17205406
12.18751301
17.73683886
25.92517828
14.68427964
15.82598665
16.71055488
14.79055961
28.47773196
20.00200972
16.99085103
12.27854863
14.81046276
12.72172564
7.845802778
15.29345594
19.94962602
22.70329889
19.97219767
21.6264175
15.21566658
22.75426406
12.24216415
13.43798953
15.741351
20.60203353
20.79956626
29.66538578
20.59177633
13.05322657
12.67515559
20.01863512
24.32313299
24.88763994
16.8206167
14.37747161
14.71417049
11.69864286
17.50084439
17.96877682
15.34316924
15.63479003
22.33486547
13.86739653
29.10749039
19.19263234
22.29608029
14.34894493
15.09235758
19.65512136
12.6863928
14.76098878
12.41934013
14.09267803
13.29487586
20.74548563
9.579472624
15.64336878
11.51349997
18.81124233
16.09746215
29.71416184
11.11250637
16.63060085
15.56337025
12.58149692
22.14021145
21.07562245
13.5489788
26.45552081
23.6537138
32.15447658
17.04059963
16.6589547
22.25856276
14.38214471
23.48708423
19.56061933
21.81285604
19.74210283
19.34309015
17.39015206
13.67589002
14.0184195
26.42130073
11.06928128
17.01885024
21.48307315
11.1648043
16.01281337
13.46373084
15.70860321
15.15363956
20.59507336
11.49101616
13.06856986
32.23434134
14.14424151
23.17036047
31.66318245
15.77286307
15.3512514
15.68682891
18.52365747
9.961196732
20.22668818
23.98586361
18.16917515
14.3960678
12.63360045
13.98459764
18.14371177
8.523224757
15.74259585
11.92443927
27.61429844
23.69716778
11.78725432
20.89730902
23.97579957
15.82063074
11.85975809
8.65774064
16.3545454
19.40740813
18.13934209
27.86288134
10.96922211
28.59488066
29.02351601
22.84411111
27.56779097
21.16501323
11.78165073
16.08523902
15.33469266
19.46706967
21.95801877
15.28180198
22.31034786
18.047106
10.47366734
11.44214153
14.78608163
14.85889316
9.327733814
14.71588038
13.31245973
13.58978914
18.79523888
8.922169854
15.15834168
17.64780917
8.622326079
13.19594721
13.05451623
10.33025533
17.78724857
9.392428976
10.44904869
6.231338483
7.76139484
15.17887191
17.72002238
6.461089184
8.492499057
11.79431455
16.8917881
18.65188046
10.24874167
16.63403842
13.21925439
15.68463564
8.180821606
13.58793797
20.42377163
16.80794593
9.169165522
13.4817994
13.07099199
11.75480975
14.43076351
12.01366702
12.06523091
8.042384975
11.58835014
9.617322556
10.52411262
9.898025616
9.657869136
12.33204849
13.73298114
6.548518231
12.99503342
16.65016694
13.39062496
11.00508818
15.52829247
19.19185185
12.77332434
13.35671612
20.59175749
8.425416155
18.62074191
15.17734279
16.0032611
19.01228567
12.69359621
7.512394597
10.58656358
6.432785021
8.611743885
6.869715831
9.930375439
4.588211157
6.785578896
9.771524797
10.60718602
19.27072409
15.9135323
6.540054347
3.588400042
9.57469167
10.91867236
12.37169464
9.497533782
4.784176091
8.418850574
7.038395744
10.77193517
6.711667772
11.14824012
18.47916495
10.58584788
11.51026658
5.028412156
12.01294751
17.0216903
15.22943393
11.62047721
11.5384622
6.469168596
6.96686585
6.720895198
16.88642553
8.526997556
8.482756193
19.40430973
8.962521653
4.922490228
5.290399111
13.65007137
13.81207434
16.36058067
16.95464799
10.35741041
13.18635234
14.24362168
17.08167991
19.61387435
12.98774935
9.976312974
17.48445044
8.680356718
23.0623634
10.10888156
4.150089213
10.0566338
21.82952465
27.89643881
16.64646167
18.19207325
12.70964527
23.04387723
12.63920266
7.077380758
14.73703033
13.33139436
19.69281961
9.771882959
39.05289301
19.24068564
27.16745037
18.02838628
14.40329687
22.75363564
9.561566178
17.3762127
15.66584062
8.985165101
13.62880229
7.74976569
12.09047864
29.39656772
10.14809369
16.07079972
7.890376896
16.40632976
12.63878078
11.89091634
10.52110847
4.808219937
18.9931135
9.010646945
14.66334898
22.47545431
13.39168304
9.83003549
21.19659959
6.680207309
17.54234479
14.33766815
17.87130706
6.923680071
7.601089064
18.95336599
5.315017528
10.93824261
10.27222601
10.04562395
9.353306561
9.653378705
10.2018718
9.806523435
14.37586605
12.18989786
23.92281451
8.19698054
10.96859812
6.980999917
17.74228992
13.16435664
14.48566894
9.807228936
12.07803885
10.6249198
16.92643959
21.99814671
12.40886499
16.04446315
16.18477577
15.8324833
33.26681769
19.01345728
12.27080936
21.10312209
8.324337419
12.297745
8.948390457
14.79260371
16.02868757
10.76812073
19.00121806
9.746032514
21.06700814
17.17291711
11.65780643
4.16266174
17.65771665
15.02667276
20.35911452
6.243843717
4.697825729
4.725094352
15.91184439
7.630180727
6.088079765
15.78919461
10.90305971
3.902632895
5.171474511
12.11602338
10.97391495
6.690893354
15.68754264
11.89917433
11.17712589
11.63084579
13.66500391
10.60235595
13.08760314
6.566421937
21.41216825
11.31682324
19.74372468
22.74520747
7.702244682
8.794681519
10.52457917
10.94372323
10.98903507
12.97590125
8.463379824
15.64422778
6.109274798
12.88664013
18.74648265
2.28499141
7.189020204
15.00548948
7.007165323
11.15555916
12.98792993
10.45101696
9.859510104
14.21653486
7.98584821
9.61621835
5.848955429
19.25343403
10.67246027
6.074691289
9.467363238
10.44802052
9.836129669
13.20981322
5.400744522
1.753202669
7.902407212
18.86475623
8.512488455
12.49351199
12.33377089
10.42699451
8.978349066
6.222018068
1.787153924
2.260968399
9.993808769
4.438005511
5.758582516
3.566547659
4.574304902
8.201035657
7.810171276
1.907201549
11.75621288
3.11368672
10.27496695
7.454504602
10.75884583
8.617636105
14.04177501
1.215297181
4.862237274
9.985503868
8.398498608
9.715949269
5.574680007
14.83685569
8.688770908
9.192036393
6.863304507
17.32414359
4.46727035
13.91953326
4.48052323
8.982856832
7.228437563
4.434771893
10.35401545
14.53433853
19.10253667
8.911424946
6.347353628
11.16311282
8.845965088
2.123779197
14.81498524
3.344150058
8.9237217
5.550053669
1.920486929
9.31484858
9.084081278
11.04567815
4.405654354
11.59757782
6.502974848
11.66362198
4.519568121
5.173898785
6.890177119
15.85240181
17.8771851
10.69881899
11.2973768
15.8566991
9.335991633
7.422242228
14.49732715
10.8421563
12.27887448
3.931141086
6.671177481
7.00347727
17.55015143
6.965038165
19.9764829
9.405198762
17.52094756
12.35937104
6.242626008
8.204055451
2.155657858
5.611829219
6.666269598
7.809539253
3.58805223
6.887747384
7.969004592
4.271233456
5.602856882
4.223450367
8.864111792
5.024090411
4.870739226
5.151138283
13.74756755
8.697196915
13.2600201
14.80338683
11.41424717
14.26978483
20.48077749
7.439594654
11.44567057
15.70332011
13.26095431
8.383324298
10.44333986
16.0677701
22.02428603
7.168647846
9.596154601
11.53354985
14.31464438
8.026455184
13.4572958
10.64599278
10.87025781
7.27578317
6.339259481
10.77248072
10.346357
3.314836849
6.926144792
5.882043558
13.6137383
9.084820882
14.78954697
31.94806345
5.584433233
12.49458291
6.992767917
2.558866742
9.425104315
6.179621758
8.984212611
4.669017127
6.727667883
6.772798611
8.356047249
12.88859819
4.414523157
6.790168713
4.835082707
3.716187882
4.361189144
7.377664011
8.706371997
8.412529482
10.33989138
7.999617649
9.31029683
11.23493415
15.33622855
10.9405526
13.06554935
3.477672828
4.465942954
9.253587167
4.894443322
7.380960742
14.51767563
6.991933204
6.358106957
10.36147332
9.464527409
4.36433461
10.99797104
7.586709524
6.590391988
6.131055121
9.915692259
12.28481725
4.796414514
19.14537392
9.36686011
3.357756138
6.602895196
6.863562265
13.92478186
7.086997178
13.46675951
6.357422581
12.43331079
10.69916571
9.269815355
5.041617168
9.153337009
16.33122136
8.472102038
10.73412376
8.639206796
11.0694242
13.76480443
5.6846409
15.53123725
3.51436605
4.283472233
6.174314099
9.900684841
20.3836447
16.41565593
12.68701882
9.005712343
10.74895853
9.714428804
6.363869147
11.32736239
15.46032467
6.164165865
12.26998602
2.902823211
21.53679331
8.866953466
11.75781684
9.251322085
7.277296665
9.347536808
6.67498784
13.80485813
15.57166921
8.909349082
11.76496111
7.12896153
7.168614053
6.297357804
5.578277603
14.81514994
7.883383261
11.46782932
11.15436788
9.82279505
11.26003502
5.349350892
10.32019994
20.28850453
24.32412572
12.01512796
5.918974933
13.65549189
7.087902041
19.31354124
14.32656122
6.010488651
11.63346554
10.66179437
13.42494506
10.64418173
5.123010323
9.232196239
2.72661751
3.910060141
5.783929559
11.26896409
6.709555158
14.89482732
15.48312803
4.095375125
6.644251861
14.43089841
11.97553714
5.126407512
5.43164553
12.62704991
4.87501657
4.810551269
4.996413993
11.02489983
14.24293101
6.071012821
6.139114708
10.40495015
6.18420974
6.966114091
5.223237519
12.92641978
12.42782259
5.816033065
10.11536883
4.942996615
5.167972763
4.943400637
4.531868146
3.891165897
9.35672958
9.032825214
12.64422802
13.9273711
8.1111056
16.12121425
10.36815589
11.36254601
15.82329939
3.1092129
8.549757475
10.33024742
10.11329195
14.39090451
7.558002488
7.179428613
5.741839539
8.406942987
10.65233521
5.516410939
3.116998619
6.48589463
5.216330033
5.974900028
4.990513902
13.78587003
6.461435471
9.763840986
2.946347037
5.961407705
7.097548006
4.74438797
4.669766789
8.452863074
9.474291797
7.468121824
5.855208725
7.398570102
1.948504045
5.783857531
3.575176371
7.276587046
5.487392406
2.521850509
6.961634549
7.137993299
29.26094908
27.89453386
6.384118468
7.804566162
7.096375334
8.535423765
7.971994151
14.0036617
6.936213714
2.809941929
1.015466743
9.002151946
1.015680051
11.55670615
3.380447444
3.052743535
4.78806536
3.56406716
4.652851223
13.95503628
6.154320116
11.13808822
10.17222299
4.893266913
8.220348252
4.894210316
11.93677927
3.484960617
7.784646323
6.293675342
3.395684105
8.669382256
8.121492115
4.56195019
6.215138294
3.803233343
3.803375793
8.525223808
5.740362434
5.966921174
3.448973132
3.668618024
0.6658870976
7.705281821
6.076989512
5.033857581
7.318933844
5.673989138
8.109507747
6.914761327
12.37800206
11.00845062
14.51526004
9.116896627
12.74039933
12.7415925
16.07844999
10.86844979
12.26008241
9.191563252
2.556898916
8.440469628
2.582738479
6.748308114
7.549349398
6.982677489
1.687558578
0.8966989729
2.523888115
9.982476905
6.808976734
1.044879919
7.34536359
9.149685836
4.480513526
1.705992474
1.563274684
5.090672426
3.099488375
8.878908662
4.031676221
11.15323448
6.316953474
4.741324439
10.23843502
4.231753413
13.36826253
15.33377308
2.413440425
5.549949595
2.138043351
7.125307436
7.256442791
1.977461271
7.216576466
3.034418965
9.872913019
11.99296059
5.586546029
17.06704719
15.9068181
4.148870275
5.567801953
4.331733436
4.303048009
4.408204172
7.935722419
2.702222376
4.130132385
3.519540951
15.37720337
1.69014607
2.521967628
4.729278719
2.74989299
5.326718684
3.981471768
4.563684782
3.411072848
3.385112483
2.922484968
7.02332977
7.058191763
7.558060301
3.626699559
1.116787059
5.93858507
2.924562977
5.315396394
2.283075967
6.929717519
2.378832095
4.316282319
1.84199931
4.522272227
5.270031727
7.108809859
6.334824963
1.341484165
2.207576095
4.95737533
18.74236791
0.5327697013
4.573094135
0.4533302395
8.954117718
3.179837296
1.875592793
8.408229388
12.36671974
3.031266404
8.450360755
3.189528521
2.493262427
6.147974298
6.179412223
9.892487218
12.00689299
4.137266507
10.65436869
9.809653487
11.84105824
7.084783119
6.759652272
3.396525072
8.880112722
9.030327638
4.143731465
13.95385101
10.97996747
10.5490123
4.752467325
4.794117493
5.635184539
13.57960063
12.60097425
17.8424598
8.081549279
9.045856006
5.326083114
3.165258688
4.522961631
4.598974642
7.644410134
4.45207776
5.295431365
3.174467514
0.6319483184
1.165435543
8.202171387
1.08446881
4.352428789
6.151648468
8.849424315
3.298136527
4.746257959
7.192163489
1.113601353
6.10141308
3.02774123
6.919751889
4.558126393
3.238923776
4.583012955
1.87024771
4.359444831
9.356222313
5.448573222
3.196834941
0.6709097894
2.865379968
2.448126128
7.417148301
4.406818855
3.710515015
6.159055681
5.725149001
4.935114344
0.6334648014
8.058250944
5.328656235
7.123597166
5.412569702
3.649565175
0.3672665946
5.041639717
1.459480419
4.644933284
2.26129409
5.327511036
6.382328853
3.505396522
2.875784579
3.052914733
1.809978766
1.562215303
2.200177542
6.629048014
3.87441339
3.22086017
1.630058212
3.799526873
3.870406617
6.511998269
1.874960668
2.142392069
0.627895108
6.951652862
4.497894983
24.32023065
3.869191236
4.252235661
1.386728666
4.155215114
3.652283638
2.252252322
3.494416135
6.97121945
5.482859823
12.58990418
4.901011826
2.278949219
9.554989151
6.228886409
4.423516429
5.973645529
3.585972874
4.174440461
6.452358027
5.170886188
3.179901559
5.327471417
11.37190633
11.31580734
10.00094084
5.459355729
5.28586284
7.22754582
9.088775693
2.776807226
6.733811084
10.46140837
10.80358966
7.516763231
8.802545786
13.71275392
13.4611002
8.213694633
23.54333351
5.607040268
17.22726046
5.862937559
2.482910473
3.60939986
4.673016337
6.450499466
5.873663302
3.559406722
2.65433436
2.427509825
3.89890211
6.391278986
0.9692638698
0.6337464825
1.72007877
1.508982593
3.567567403
3.006646001
1.714099738
5.61140323
1.36829696
8.09331497
3.794309752
8.693168371
2.353679826
1.781185157
4.670759624
7.805803033
3.926086035
3.648372489
21.07192028
2.392479066
1.701602689
2.843375968
