#################################### 
# Matrix Size= (25,25,400)
# Resol      = (1,1,4000)
# VoxelSize  = (25,25,0.1)
# nbVal      = 4000
#################################### 
0.01308871751
0.01006806225
0.01013574506
0.01036061161
0.01133575589
0.01133690077
0.009888149345
0.01112393678
0.01196981636
0.01018008479
0.009985112892
0.01099613616
0.01069758679
0.01140576522
0.01397319638
0.01226998504
0.01199280887
0.01347585587
0.01009076941
0.01031305058
0.009600906032
0.01024052673
0.01189062733
0.01151962324
0.01151579443
0.0113172921
0.01312949815
0.01320575147
0.01178544027
0.01151885047
0.009760091931
0.01042271392
0.01212157455
0.01158238467
0.01217701753
0.01187445563
0.01100541177
0.01114218658
0.01081218324
0.01175278737
0.01129234072
0.01404251089
0.01098796968
0.01202226765
0.01082751413
0.01200105971
0.01120733484
0.01007319486
0.01212590912
0.01181426573
0.01038768845
0.01259609432
0.01127686691
0.01190533866
0.01046551972
0.01003695328
0.01150875697
0.009899790642
0.01220191884
0.01038377199
0.01098627116
0.01094170397
0.01131210635
0.01238495659
0.01162689549
0.01193632001
0.01297827234
0.01064612562
0.01107082162
0.01264975006
0.01190684146
0.01052120733
0.01181302825
0.01120191586
0.01069677165
0.01042546164
0.01131558976
0.01119786041
0.01183087673
0.010424011
0.01285621415
0.01047758073
0.011593709
0.01033351061
0.01107103333
0.01138375903
0.01023684979
0.01104055215
0.01042894453
0.0116131335
0.01164013713
0.01134533041
0.01143150951
0.01088816827
0.01028369226
0.01116724884
0.01089941758
0.01331406859
0.01043579839
0.01082607297
0.01090162165
0.01009513583
0.01211506063
0.01202122838
0.01174055736
0.01322683513
0.01069473969
0.0132960796
0.01217618327
0.01223628062
0.01177402362
0.01105707672
0.01374469992
0.01121003342
0.01095457593
0.01279163093
0.01206386612
0.01164136386
0.01142381649
0.01127335707
0.0104226864
0.01055351511
0.01173126751
0.01162040568
0.01256883871
0.01360565648
0.01197591825
0.01098636102
0.01015886944
0.01231766656
0.01128811347
0.01302912983
0.01170844755
0.01192772651
0.011824967
0.01042249453
0.01181812224
0.01359295438
0.01222436684
0.01249798382
0.01213784208
0.01251093935
0.01119768534
0.01090757546
0.011235959
0.01133184511
0.01046720395
0.01115570286
0.01100041238
0.01072680316
0.01115072604
0.009997110623
0.01186112381
0.01149279496
0.01199764962
0.01096123117
0.01125919998
0.01268281881
0.01029588452
0.01144555028
0.0115182556
0.01079976789
0.01187356991
0.01109101132
0.0105354341
0.01009676975
0.01219966724
0.01255948121
0.01351635823
0.01307188959
0.01233186598
0.01241943061
0.01114694683
0.01068924869
0.01235717412
0.0123674705
0.01082969804
0.0127118601
0.01057881603
0.01069007197
0.01337588697
0.0122298403
0.01248220543
0.01110445563
0.01259279243
0.01073048823
0.01086211867
0.0101974531
0.01082088159
0.01213700977
0.01058417158
0.01148169709
0.01088142876
0.01127759355
0.01118613795
0.01089124664
0.01096937685
0.01138563239
0.01114595187
0.01088926844
0.01217014037
0.01091820512
0.01245489867
0.01112615579
0.01081684644
0.01055519272
0.0103252785
0.01477755337
0.01268526304
0.01097767211
0.01153412813
0.01358983907
0.01267373275
0.01348347568
0.01301780762
0.01194603621
0.01118758316
0.01125054279
0.01030108382
0.01157120693
0.0115437013
0.01061728179
0.01218330244
0.0107730033
0.01211567275
0.01157323679
0.01263744745
0.01124113988
0.01249427905
0.01237413121
0.01202249949
0.01068264971
0.01151460505
0.0104668124
0.01048680166
0.01051975227
0.01237158695
0.01121937229
0.01158101248
0.01351491349
0.01335482386
0.01165020744
0.01188855218
0.01034698048
0.01119099618
0.01070735202
0.0109722822
0.01160335056
0.01306557859
0.01045694585
0.01181236379
0.01079414419
0.01065985547
0.01122361611
0.01381840872
0.01080752294
0.01038787498
0.0118666519
0.01195260212
0.01150093169
0.01086438641
0.01133986368
0.01273746176
0.01104912477
0.01191408021
0.01071333689
0.01067224412
0.01084572428
0.01130588738
0.01228401868
0.01146990997
0.01108119888
0.01092037168
0.01077238405
0.0119945366
0.01109071361
0.0109815446
0.01246241153
0.01118509737
0.0108280989
0.01154995128
0.01131139361
0.01125041025
0.01091344034
0.01251990981
0.01040065613
0.01034735669
0.0105282765
0.0104711675
0.01198937054
0.01014661479
0.01065103695
0.0114512426
0.01013605993
0.01110613658
0.01226001296
0.01292926805
0.01122188481
0.01147752455
0.01043572693
0.01176903033
0.01050723457
0.01377584828
0.01238474585
0.01063189794
0.0109634203
0.01110252382
0.01096055863
0.0119983943
0.01151863552
0.01100131794
0.01170429328
0.01122503023
0.01136356748
0.0120097725
0.010803708
0.01062440553
0.01061334431
0.01185990654
0.01054653017
0.01009711621
0.01053806238
0.01272392282
0.01173684247
0.01083768061
0.0120973152
0.01166480828
0.01066593844
0.01089439721
0.01237597846
0.01242936484
0.01113899916
0.01124944852
0.01015539248
0.01227661822
0.01292669115
0.01319740052
0.01106603057
0.0111574743
0.01044904772
0.01091750893
0.01096060604
0.01026632634
0.01042653601
0.01116056079
0.01092472204
0.01050049891
0.01010142778
0.01319272935
0.01179009334
0.01126362889
0.01085885673
0.01115611313
0.01281436312
0.01259590699
0.01186282233
0.01116324839
0.01104076707
0.0105632497
0.01031290899
0.01019057412
0.01235305017
0.01214168749
0.01134774251
0.01220685781
0.01050959713
0.01056283919
0.0116089791
0.01140323807
0.01071865867
0.0114454393
0.01076929955
0.01111283424
0.01119994241
0.01119462772
0.0109071645
0.01171639576
0.01125273569
0.01033075084
0.01155489929
0.01221509843
0.01099046985
0.01216512073
0.01179893202
0.01136794501
0.01129948387
0.01045668406
0.01059999104
0.01057422008
0.01151550803
0.01149875193
0.01140327162
0.01187186811
0.01232410215
0.01171100039
0.01242930895
0.01088556544
0.01195282538
0.01181392426
0.01240193001
0.01175426091
0.01094147909
0.01079785581
0.01086200294
0.0112383805
0.01149305509
0.01131044228
0.01204532873
0.01105953263
0.01080951299
0.0106397612
0.01273704125
0.0109872523
0.01071388868
0.01089612764
0.01354639687
0.0128282329
0.01132810382
0.01123950186
0.01015276217
0.01330151024
0.01057100329
0.01165412836
0.01206699482
0.01226541413
0.01238400813
0.01345056771
0.01056069967
0.0122800169
0.01152150762
0.01008903367
0.01088567633
0.01105750575
0.01081560765
0.01164153206
0.01252879978
0.01247534641
0.0116778241
0.01152674939
0.01093264874
0.01082383369
0.01338708041
0.01194657428
0.01148772357
0.01141618114
0.01045578483
0.01174594243
0.012510728
0.01027011246
0.01203725189
0.01082213077
0.01075941992
0.01142333052
0.01036211958
0.01136089371
0.01214393915
0.01116520375
0.01095263946
0.01091568775
0.01165079228
0.01266486818
0.01089348603
0.01171552401
0.01229725157
0.01092646007
0.01334261635
0.01113451723
0.01128259146
0.01162356226
0.0104007838
0.01056369887
0.0105169698
0.01149268831
0.012255982
0.01064224092
0.01166472561
0.01088396621
0.01256419692
0.01064527199
0.01216190379
0.01227939521
0.01199840872
0.01093969306
0.01169905016
0.01313327673
0.01124116989
0.01160289624
0.01045314068
0.01091626825
0.01107498657
0.01152947876
0.01072696977
0.0106644755
0.01089294013
0.01137807883
0.0105480707
0.01170092194
0.0111242325
0.01314278989
0.01083140241
0.01080046077
0.01246012179
0.01180078471
0.01096325689
0.0119742662
0.01193779893
0.01131492457
0.01132416549
0.01179425097
0.01128157302
0.01127043646
0.01249255016
0.01209243004
0.01235950817
0.01155456073
0.01106892155
0.01059504854
0.01144841051
0.01070873352
0.01043612091
0.01096367473
0.01127315791
0.01202449725
0.01193649821
0.01121704875
0.01131845508
0.01098658867
0.01051600583
0.01074647683
0.01090629116
0.01057067963
0.01094523422
0.01248698562
0.0111576509
0.01136818252
0.01189847696
0.01041096521
0.01191839468
0.01105540985
0.01065180728
0.01135239519
0.01100720273
0.0119970329
0.01184044348
0.01088009371
0.01055566056
0.01059796098
0.01097489201
0.01203420625
0.01146244287
0.0114669785
0.01285380173
0.01269859482
0.01138189229
0.01146329971
0.01145578704
0.01108198546
0.0111674941
0.01059343239
0.01251864134
0.01104590077
0.01082698874
0.01051153651
0.01069948135
0.01130683584
0.01025603894
0.01095045691
0.01100995833
0.0105175426
0.01122376099
0.01109670278
0.01086881828
0.01037661611
0.01074582592
0.01046832063
0.01089561527
0.01167219715
0.01199120959
0.01098837023
0.01097975958
0.01035731377
0.01064712725
0.01107483342
0.01090879875
0.01184732818
0.01086847022
0.0106698488
0.01096196186
0.01218695785
0.01101048376
0.01145925649
0.01108940051
0.01293400791
0.01005630169
0.01200726924
0.01094374017
0.01138524345
0.01108959875
0.01158958512
0.0120809327
0.01101341611
0.01141063249
0.01259111108
0.01086543471
0.01044369489
0.01159182752
0.01119025698
0.01134901946
0.01053315068
0.01153972394
0.01141008576
0.01136867637
0.01110638362
0.01084829105
0.01125917496
0.0106826021
0.0110938391
0.0106675121
0.01256214893
0.01167505036
0.01093157516
0.01091083687
0.01067568554
0.01055256843
0.01069554716
0.01155709471
0.01136524861
0.01122872644
0.0116965265
0.01098876608
0.01141544592
0.01072811776
0.01287332578
0.01058720792
0.01144925915
0.01105543139
0.01116564901
0.01058470951
0.01085541727
0.01111877963
0.0106941477
0.01117209425
0.01236643268
0.01205739553
0.01070421262
0.01093111909
0.01110340114
0.01075959794
0.01097490219
0.01190434378
0.01116100382
0.01158018885
0.01168566459
0.01102874574
0.01050393197
0.01057719859
0.01078358652
0.01114328282
0.01062082129
0.01150514941
0.01142510365
0.01056409991
0.01142339473
0.01124107654
0.01150165373
0.01255960636
0.01223958767
0.01249875631
0.01064494859
0.01080824924
0.01350727651
0.0113006974
0.0114297147
0.01297892793
0.0114805979
0.01106393262
0.01163170973
0.01138132105
0.01049754739
0.01223872532
0.01074006583
0.01100335426
0.0117791094
0.01057898016
0.01047831699
0.01044180479
0.01074976112
0.01126479605
0.01205802193
0.01094210856
0.01141932609
0.01211211306
0.0120505496
0.01119114476
0.01143692401
0.01169519254
0.01525068259
0.010670568
0.01136565013
0.0117295946
0.01139571717
0.01146073451
0.01214843246
0.01093572121
0.0113660703
0.01184850796
0.01108933238
0.01143734716
0.01181309193
0.01197637087
0.01101876675
0.01100245526
0.01090175545
0.01313120733
0.01138849918
0.01252210482
0.01161230051
0.01166465461
0.0108998841
0.01384032947
0.01161643269
0.01153333556
0.01122034664
0.01128755593
0.01104786684
0.01208610692
0.01051885617
0.01136897408
0.01087405629
0.01083696882
0.01209567576
0.01139161368
0.01135575384
0.0118697363
0.01291768063
0.01261370184
0.01286280825
0.01200604192
0.01416736307
0.01244003232
0.01061707296
0.01248492977
0.01199182928
0.01169730764
0.0113063028
0.01267284395
0.01175432883
0.01196704244
0.01088410867
0.0110300499
0.01078996467
0.0124453824
0.01119314062
0.01060295225
0.01106380179
0.01133393268
0.01163482903
0.0104528157
0.01084389596
0.01133792826
0.01126475428
0.01069477068
0.01041054728
0.01078929298
0.01162964391
0.01106696873
0.01075878971
0.01149737012
0.01057270946
0.01068362128
0.01235798957
0.01100067453
0.01108386963
0.01306246006
0.0119639334
0.01148113101
0.0106743589
0.01206580618
0.01119608682
0.01086373934
0.01130014623
0.01318915632
0.01163260781
0.01157006458
0.01065792128
0.01143362011
0.01150795412
0.01064745528
0.01015447937
0.01071741849
0.0109712585
0.0111651772
0.01135411676
0.01100999248
0.01235020407
0.01165616138
0.01138984336
0.01129570583
0.0113870776
0.01117598782
0.01208083536
0.01032593885
0.01181906717
0.01250647595
0.01042315918
0.01092454696
0.01153680014
0.01180764126
0.01187922777
0.01301442569
0.01086252105
0.0109643771
0.01074057454
0.01115727675
0.01170232726
0.01014134312
0.01069214471
0.01084025811
0.0106312205
0.01164070104
0.01066228448
0.01101004498
0.01054021401
0.01094681218
0.01222834664
0.01073780159
0.01102058636
0.01233380718
0.01111581901
0.01029986505
0.01098256486
0.01116095087
0.01306394653
0.01123856227
0.01172275071
0.01049204257
0.01221661794
0.01144513171
0.01030403695
0.01164564138
0.01115263945
0.01048209953
0.01292985974
0.01084697239
0.01097810434
0.01117209637
0.01082783166
0.01095081873
0.01052485888
0.01137362048
0.01122075103
0.01091955345
0.01128377106
0.01166439026
0.01054404713
0.01132936092
0.01251308949
0.01115492809
0.01159254396
0.01237669125
0.01104946245
0.01214038688
0.01141887163
0.0117252199
0.01161881401
0.01059536261
0.01082490817
0.01171379104
0.01119786843
0.0119027923
0.01061962385
0.01092961216
0.0109842859
0.01056404286
0.01150514984
0.01097577823
0.01099856556
0.0108196188
0.01090709142
0.01071138922
0.0116851796
0.01073838947
0.01221453669
0.01113283118
0.01121106562
0.01136506576
0.01148207656
0.01046350371
0.01112711753
0.01116378569
0.01176457174
0.01153352629
0.0113290819
0.01088620179
0.01069207112
0.01117690478
0.01140276394
0.01113010881
0.0113974463
0.01127419809
0.01174894646
0.01290752481
0.01090631093
0.01204005963
0.01125640213
0.01078947649
0.01074407158
0.01072845044
0.0107134857
0.01119083405
0.01233060338
0.01314136765
0.01207299691
0.01248334727
0.01140521326
0.01119201993
0.01067730666
0.01081890464
0.01198287283
0.01081533984
0.01258711456
0.01227197585
0.01121195672
0.01244397318
0.01066064401
0.01034356746
0.01075942975
0.01062610095
0.01131130914
0.01077301519
0.01128248033
0.01111234253
0.01127642166
0.01094174177
0.01147078897
0.01075389133
0.01131922719
0.01061935181
0.0116398577
0.01169360628
0.01088450209
0.01136209895
0.01098810624
0.01147448392
0.01193204413
0.01066997568
0.0113026391
0.01082172147
0.01056683992
0.01034402325
0.01168258412
0.01193321049
0.01122930132
0.01269726697
0.01190442872
0.01149808531
0.01249770728
0.01165645406
0.01087623077
0.01066673686
0.01160321826
0.01320209845
0.01218662466
0.01184484982
0.01085665822
0.01186050621
0.01179861686
0.01132305412
0.01083131504
0.0113596341
0.01095568487
0.01042216243
0.01079298295
0.01147849807
0.01078906675
0.0113114383
0.01063026102
0.01102944997
0.01280845714
0.01097892589
0.01085234578
0.01104259485
0.01186614398
0.01091817617
0.01265131918
0.01147217505
0.01108478367
0.0116571211
0.01177317862
0.01174511792
0.01093229216
0.01137595693
0.01331936816
0.01045383751
0.01215491275
0.01113293306
0.0113420465
0.01182359547
0.01156593989
0.0110574788
0.01147571736
0.01092346343
0.01169781739
0.01125834117
0.0110013657
0.01173924908
0.01116900633
0.01036266156
0.01131060357
0.01201407153
0.01312628197
0.01129169988
0.0115680984
0.0105666772
0.01279977369
0.01206432175
0.01030621127
0.01129431271
0.0108431711
0.01182656501
0.01070881707
0.01188217826
0.01171710654
0.01094846823
0.0117721952
0.01205506923
0.01166258311
0.01102320698
0.01160983448
0.01127055966
0.0109830555
0.01058509236
0.01182853838
0.01151754309
0.01123584749
0.01128445944
0.01037206806
0.01039910128
0.01220331458
0.01237695113
0.01073059414
0.01093232913
0.01087873999
0.01081000176
0.01183937581
0.01157890508
0.0114119465
0.01151924958
0.01134203635
0.01066815324
0.01117822159
0.01149457672
0.01188275699
0.01265729416
0.01111065961
0.01159684055
0.01133643584
0.01094451866
0.01088772753
0.01068750135
0.01098896321
0.01249425816
0.01239343266
0.01085791449
0.01125147121
0.01126375441
0.01115723135
0.01191261996
0.01188020382
0.0113710686
0.01110098027
0.01195975951
0.01263251638
0.01089409741
0.01106370216
0.01044009607
0.01147981385
0.0117822731
0.01120261676
0.01128543489
0.0106442274
0.01164938963
0.01254586498
0.01114185369
0.01094265846
0.01066022037
0.01049561875
0.01172501541
0.01152853202
0.01086308949
0.01053456639
0.01128725088
0.0113559245
0.01113218238
0.01063984043
0.011252339
0.01187643076
0.01094364146
0.01070451611
0.01082864018
0.01238641936
0.01153962896
0.01102959589
0.01100928419
0.01073332827
0.0118089689
0.01065363255
0.01244435318
0.0111043337
0.01192914496
0.01121677039
0.01084507995
0.01080118714
0.01079232445
0.01037644078
0.01095247228
0.01073798839
0.01085382647
0.01109246808
0.01103342883
0.01143962594
0.01175147698
0.01140966878
0.01114192942
0.01227464301
0.01249834145
0.01110259303
0.01225579061
0.01091446181
0.0118286399
0.01187458747
0.01177622963
0.01158477634
0.01126058706
0.01189535238
0.01204848757
0.01108942932
0.01166637742
0.01125457556
0.01310612545
0.0110631129
0.01095627132
0.01070695095
0.01123479397
0.01244100275
0.01067953738
0.01117391011
0.01063300552
0.01054681829
0.01088530838
0.01079698733
0.01152923575
0.01051874291
0.01128372881
0.01112378485
0.01130090945
0.01097957695
0.01145285414
0.01080467538
0.01116199345
0.01093726387
0.01091524674
0.01061926008
0.01058169918
0.01136071507
0.01102804527
0.0115423135
0.01076924527
0.01079724469
0.01080196705
0.01098365526
0.01204487211
0.01129691998
0.01066252369
0.01130266614
0.01142394631
0.01112119973
0.01088793738
0.01184287417
0.01118454285
0.01116851746
0.01068811641
0.01099215693
0.01087503909
0.01104431361
0.01139804188
0.0116835038
0.01138370059
0.01208895257
0.01295671207
0.01156014224
0.01082915245
0.0107185783
0.01119360853
0.01107714128
0.01072640742
0.01098636383
0.01140984442
0.01133075628
0.01277666958
0.0111215127
0.01138605711
0.01133607635
0.01082970785
0.01078147346
0.01197819551
0.01177620248
0.01164268915
0.01236554264
0.01070720244
0.0113124809
0.01262728591
0.01087461434
0.0110119057
0.01159501789
0.01164869275
0.01106133585
0.01128261742
0.01119931872
0.01114914399
0.01062419249
0.01130006181
0.01090272035
0.0117166332
0.01209931901
0.01043887722
0.01103197641
0.01131660614
0.01116250585
0.0118335749
0.01128090505
0.012280855
0.0117897179
0.01136626666
0.01123273108
0.01260000865
0.0139073159
0.01226339557
0.01155859528
0.01091383148
0.01072946296
0.01081440238
0.01101696814
0.01143344922
0.01052513985
0.01204908434
0.01098799418
0.01145682521
0.01119527292
0.01144914733
0.01079558344
0.01250241547
0.01125210281
0.01058151155
0.01107305464
0.01094288026
0.01103927849
0.01155149173
0.0115710652
0.01020714756
0.01053776474
0.01132241138
0.01107769465
0.01155464933
0.0118262811
0.01135554427
0.01117129564
0.01156615733
0.01196658551
0.01266022155
0.01179076708
0.01152368402
0.01151532028
0.01109821502
0.01062888459
0.01084268992
0.01188180977
0.01084404979
0.01116851844
0.01076353636
0.01076305613
0.01030202347
0.01037072642
0.01155772304
0.01107387924
0.01273318148
0.01107968186
0.01055071569
0.01113030736
0.01093116431
0.01320948012
0.01265435272
0.01125544897
0.01168740075
0.01130616604
0.01206713134
0.01294798519
0.01094664326
0.01062590879
0.0111753965
0.01104594357
0.01150046813
0.01117571065
0.01247515738
0.01277123452
0.01216501589
0.01167954655
0.01103718709
0.0104404579
0.01045903402
0.0116024216
0.01125504646
0.0116546961
0.01077593675
0.01152790802
0.01102391812
0.01047744857
0.01145285109
0.0117389197
0.01127025369
0.01161273269
0.01234892105
0.01135201065
0.01085108176
0.01155807731
0.01147045655
0.01183524417
0.01143707981
0.01129298856
0.01109163804
0.01109623491
0.0112842883
0.01078332613
0.01158004149
0.01073110617
0.01055560005
0.01056738886
0.01089660817
0.01118638562
0.0108117299
0.01056689663
0.01056218102
0.01195211622
0.01046415899
0.01095522858
0.0117599398
0.01108344281
0.01146872358
0.01136031119
0.01221000246
0.01302538537
0.01175757113
0.01165552785
0.01203795693
0.01078334473
0.01039301746
0.01111548178
0.01186284605
0.01174031759
0.01248260574
0.01099610676
0.01136285258
0.01090706057
0.01238013022
0.01213531879
0.01043729144
0.01121348841
0.01087731801
0.01076793803
0.01053502154
0.01091375608
0.01117297399
0.01089091137
0.01058544278
0.01087492469
0.01113170739
0.01106373625
0.01046761269
0.01085513232
0.01137699347
0.01149149541
0.01137078765
0.01161541231
0.01137303914
0.0108184519
0.01095858763
0.01122510896
0.01100571984
0.01086596601
0.01249354683
0.01192425402
0.01038951604
0.01096480253
0.0114062958
0.01121449305
0.01222133677
0.01073572483
0.01103647924
0.01137980977
0.01173512209
0.01099550102
0.01050533448
0.01083843058
0.01087079191
0.01046148074
0.01145473324
0.01151877688
0.01140743409
0.01071070717
0.01130991826
0.01102830215
0.01097848405
0.01160368581
0.01069583767
0.01065210809
0.01072579866
0.01109969473
0.01077946149
0.01172079288
0.01095353837
0.01086199692
0.01087444538
0.01212805285
0.01221186109
0.01125662755
0.01239727666
0.01201410701
0.01172712937
0.0117659177
0.01234874792
0.01162680968
0.01166735127
0.0119256221
0.01168056184
0.0118375566
0.01153482288
0.01082602799
0.01127620806
0.01111795373
0.01275520573
0.01214043474
0.01129440532
0.01204040249
0.01137740603
0.01251406853
0.01205914086
0.01168459904
0.01127644694
0.01155396538
0.01118758531
0.01090717349
0.01237318971
0.01268236781
0.01152752087
0.01160492948
0.01232695548
0.01202651196
0.01218752135
0.01257874631
0.01108728285
0.01103719052
0.01188307628
0.0109441938
0.01104531349
0.01128476625
0.01133038169
0.01207659534
0.01183084449
0.0111685627
0.01074570284
0.01239149711
0.01083171263
0.01079518948
0.01201334
0.01108264422
0.0105134313
0.01057896807
0.01133834949
0.01079772759
0.01216778466
0.01083101914
0.01104415264
0.01198306374
0.01073571702
0.01109534157
0.011512816
0.01099831627
0.01213342407
0.01171673862
0.01052154309
0.01131492634
0.01151151545
0.01080116343
0.01116838673
0.01181099772
0.01108360891
0.01194089165
0.01180794212
0.01170313339
0.01143844754
0.0110658784
0.01076384697
0.01096570756
0.01121988936
0.01068845459
0.0110067463
0.01185319975
0.01113062485
0.01090249909
0.01098570814
0.01134331824
0.01085269478
0.01139806828
0.01077319581
0.01117997446
0.01148727102
0.01147553373
0.01081326334
0.01059877762
0.010740844
0.01094281656
0.01055459771
0.01121674674
0.01119173049
0.01166667283
0.01125311758
0.01087306086
0.01182419694
0.01081387617
0.01178834403
0.01176770623
0.01093623666
0.01137511266
0.01101031989
0.01189788016
0.01071462649
0.01126704646
0.01090834929
0.0117141288
0.01203199709
0.01129117261
0.01255631123
0.01147783902
0.01101175511
0.01134698278
0.01139955183
0.01064822104
0.01110936165
0.01095726332
0.01108744223
0.01113183492
0.01100509948
0.01116505587
0.01129022321
0.01112983342
0.01087308329
0.01212601836
0.01097145557
0.01104638629
0.01158814196
0.01233325198
0.01116971022
0.01072205473
0.01084269017
0.01101498028
0.01163530946
0.0110465231
0.01095201235
0.0107109236
0.01084239809
0.01177107099
0.01115758779
0.0124480952
0.01159291713
0.0104826619
0.01084686569
0.0109489696
0.01096290873
0.01153042955
0.01198837899
0.0120565991
0.01112079045
0.01101451128
0.01148850638
0.01075476687
0.01177405964
0.01415428891
0.01136547131
0.01103335496
0.01089505955
0.01219493851
0.0113076003
0.01082684078
0.01088748462
0.0112615646
0.01145190369
0.01177164557
0.01159349754
0.01184577419
0.01092549741
0.01072077231
0.0114087355
0.01238156098
0.01138959274
0.0122320442
0.01056555534
0.01110221915
0.01218562152
0.01222066205
0.01127304246
0.01214142464
0.01232300268
0.01086717879
0.01107802653
0.0108855607
0.01167065154
0.01160025432
0.01112932738
0.01112608647
0.01177725824
0.01120266461
0.01176510352
0.01079093074
0.01047732627
0.01115487947
0.01158072677
0.01202380346
0.01116174399
0.01166533193
0.0124116917
0.0109493123
0.01106194426
0.01091723282
0.01081314895
0.01124418776
0.01107325776
0.01072470405
0.01075167905
0.01105364656
0.01118901236
0.01191454238
0.012219421
0.01077001362
0.01114935314
0.01157575661
0.01070401201
0.01140409847
0.01212372207
0.01169823265
0.0107119824
0.01117129822
0.0110465068
0.01147460356
0.01176353172
0.01154067944
0.01100311487
0.01091340902
0.0110849375
0.01221638306
0.01069965213
0.01258960041
0.01076554663
0.01178901507
0.01156841866
0.01108767711
0.01122395014
0.01094184531
0.01090669233
0.01128832316
0.01151753678
0.01181533266
0.01188855851
0.01147422078
0.01182196802
0.01099534999
0.01067348033
0.01084505119
0.01111021502
0.01141340793
0.01120032818
0.01121676312
0.01144021016
0.01162463327
0.01139158021
0.0109680899
0.01104137353
0.01104268901
0.01081076919
0.01106013524
0.0114048066
0.01080872611
0.01101207915
0.01099302225
0.01123230897
0.0107529404
0.01085756242
0.01304811282
0.0108040656
0.01165958455
0.01164996412
0.01144234368
0.01098879123
0.01132010812
0.01152497278
0.01095150279
0.01148233206
0.01109513357
0.01085998914
0.01126599887
0.01077201508
0.01087420737
0.01086653141
0.0116084845
0.01207570017
0.01215882297
0.01307463154
0.01115808361
0.01057195888
0.01199608588
0.01079646173
0.01099362067
0.01132394953
0.01104283331
0.01169092686
0.012299068
0.01163784763
0.01153061064
0.01236764769
0.01050853655
0.01093818655
0.01130273004
0.01132259719
0.01108316543
0.01084636871
0.01143441816
0.01073545572
0.01123444109
0.01087956192
0.01100741255
0.01259532706
0.01126152265
0.01148158916
0.01073854067
0.01066692438
0.01121537672
0.0118269297
0.0113525227
0.01099059202
0.01126372295
0.01114654426
0.01103316098
0.01123076521
0.0109609908
0.01103040618
0.01084464084
0.01235969907
0.01155661977
0.01178071656
0.01138672745
0.01097827612
0.0108018556
0.01155506199
0.01174261633
0.01125602941
0.01096621797
0.01222921232
0.01137960308
0.01086493228
0.01115813302
0.01146981121
0.01067328587
0.01115829445
0.0114353403
0.01082103894
0.01211703691
0.01139131528
0.01115605432
0.01308781971
0.01123408527
0.01123182819
0.01090039518
0.01153107946
0.01107882333
0.01185877582
0.01096867604
0.01104355894
0.01234628338
0.01092196247
0.0112465301
0.0116576793
0.0111065333
0.01174207586
0.01093908356
0.01115713009
0.01102262133
0.01069735542
0.01099433173
0.01085170179
0.01078079003
0.01131920744
0.01106279046
0.01143517953
0.01090606126
0.01096513003
0.0109525818
0.01325883514
0.011072857
0.01112081443
0.01121097542
0.01210358327
0.01107076418
0.01145231669
0.01145766416
0.01158543396
0.01101459668
0.01125637332
0.01156975517
0.01121367255
0.01133065599
0.01071387138
0.01069853808
0.01093016386
0.01060717152
0.01118142879
0.0112537379
0.01128922203
0.01078311061
0.01099220902
0.01166834312
0.01092302116
0.01096122643
0.01090335566
0.01173816479
0.01063043727
0.01136735468
0.01135671649
0.01146054472
0.01073985861
0.01203928076
0.01137883357
0.01096113852
0.01105686424
0.01150150819
0.01111634441
0.01057616728
0.01107650048
0.01101853571
0.01140873196
0.01088492442
0.01093739736
0.01106501977
0.01110927168
0.01089437757
0.0113993855
0.01127569553
0.01175492387
0.01106558561
0.01124117948
0.0110783732
0.01191966054
0.01099966871
0.01127448729
0.01213031267
0.01098609904
0.01195912215
0.01102297602
0.01105674944
0.01066196007
0.01047787075
0.01081152661
0.01087144867
0.01102741457
0.01115583953
0.01088603857
0.01104772949
0.0111549884
0.01094879561
0.01123399989
0.01190665385
0.01088052092
0.01096285783
0.01084253648
0.01088669887
0.01107609123
0.01158324146
0.01196130202
0.01204598138
0.01134205571
0.0111360521
0.01229799528
0.01090293725
0.0111399018
0.01132882192
0.01081051861
0.01074253745
0.01069049403
0.01080169515
0.01106061823
0.01121930072
0.01189437555
0.01131305006
0.01334281009
0.01137776353
0.01096174413
0.01157976034
0.01243185703
0.01094042691
0.01075414734
0.01142190059
0.0112173518
0.01145330842
0.01072636338
0.01101626224
0.01081960899
0.01151422163
0.01076099957
0.01083592794
0.01106647882
0.01083950322
0.01107552369
0.01204870411
0.01139691338
0.01077338227
0.01089855376
0.01148705224
0.01132358819
0.01131926324
0.01131329671
0.01122179259
0.01109017981
0.01105969869
0.01105219604
0.01089683332
0.01196555285
0.01083413231
0.01067071458
0.01104591157
0.01151878807
0.01097614371
0.01098092997
0.01104079449
0.01241306844
0.01207023889
0.0108626993
0.01122790133
0.0107395819
0.01090430979
0.01082555031
0.01156103312
0.01117583719
0.01080084289
0.01114733164
0.01088922219
0.01137346149
0.01122450029
0.01098706689
0.01094977859
0.01115519662
0.01113621642
0.01147893389
0.01092492707
0.01130140998
0.01192071492
0.01164290152
0.01170555627
0.01132544178
0.01123340164
0.01082545537
0.01096843731
0.01093920243
0.01095836995
0.0106294618
0.01129549307
0.01177313554
0.01140168556
0.01141417659
0.01153451548
0.01102930535
0.01218790939
0.01088788764
0.01094021731
0.01107189854
0.01100708651
0.01137713505
0.01092122957
0.01142871699
0.01073413007
0.01132629711
0.01094703587
0.0110734167
0.01127941623
0.01112194534
0.01092292055
0.01122308875
0.01178664671
0.01123330911
0.01104872452
0.01198892555
0.01136138613
0.01200030932
0.01200612369
0.01101325537
0.01133128777
0.01107720678
0.01166895324
0.01100072062
0.01125959873
0.01139739645
0.01079934765
0.01136735328
0.01102921377
0.01099610864
0.0114070831
0.01133835415
0.01100620535
0.01081046447
0.01101143661
0.0111900825
0.01087041335
0.01127719316
0.01084334301
0.01087944892
0.01129661524
0.01128417843
0.01095522667
0.01120281139
0.01098159552
0.01132261444
0.0119536271
0.01151402148
0.01107336407
0.01189884957
0.01179817617
0.01175781364
0.01076610801
0.01149507664
0.01119265268
0.01142100777
0.0112581675
0.01128354806
0.01092996328
0.01089006907
0.01075461743
0.0109302202
0.01137752821
0.01126626656
0.01131021889
0.01174543481
0.01174467334
0.01155870132
0.0114577716
0.01128945757
0.01170640237
0.01085250751
0.01131455351
0.01131458171
0.01112493031
0.01086284104
0.01139248124
0.01095502746
0.01082749153
0.01102382039
0.01108431601
0.01097235985
0.01139601653
0.01150679412
0.0114286053
0.01112989027
0.01115866374
0.01173146709
0.01075615688
0.01104431465
0.01082978119
0.01101101428
0.0112458122
0.01216732991
0.01143341073
0.01198128721
0.01217018775
0.01142307058
0.01081185819
0.01086563976
0.01109919998
0.01081945524
0.010995317
0.01156994939
0.0109634636
0.01092202443
0.01130165695
0.01140255769
0.0113291658
0.01166876012
0.01206898597
0.01210334376
0.01119150071
0.01151727694
0.01173998282
0.01118020946
0.01106893453
0.01118661275
0.01112078277
0.01119814809
0.01176861149
0.01097922164
0.01138552882
0.01107138456
0.01217233023
0.01090397679
0.01108132737
0.01102965582
0.01094119861
0.01128913632
0.01168754333
0.01139254172
0.01115021877
0.01203148471
0.0109171798
0.01155118785
0.01106720154
0.01101362561
0.01084388663
0.01111738216
0.01231710977
0.01122848541
0.0111992534
0.01151005154
0.01115607071
0.01164197569
0.01105661248
0.0110400203
0.01145889631
0.01116357188
0.01100834907
0.0121159254
0.01142594809
0.01116435629
0.01107586136
0.01148457094
0.01128655281
0.01113306552
0.01111895313
0.01141103104
0.01112149204
0.01109938456
0.0113081471
0.0109655583
0.01104476547
0.01101863163
0.01094026319
0.01107684784
0.01114584977
0.01093439277
0.01075092432
0.0110233129
0.01123582985
0.01118164129
0.01107798908
0.01109535706
0.01093762366
0.01113673448
0.01115615129
0.01164722999
0.01117038837
0.01104193507
0.01131062702
0.01084989915
0.01100910213
0.01101341678
0.01181942564
0.01179576522
0.01103282751
0.01109933732
0.01120161568
0.01117169453
0.01133955123
0.0115349481
0.01103593815
0.01119860738
0.01137647592
0.01104904887
0.01102436149
0.0110509389
0.01123218564
0.01189904657
0.01134340103
0.01082303983
0.01106780586
0.01214329395
0.01142823942
0.01160943726
0.01106663161
0.01124777815
0.01089666434
0.01123084857
0.0119204386
0.01113036297
0.01101967152
0.01116917105
0.01146899998
0.01145981814
0.01162164834
0.011304563
0.01113202245
0.01116716769
0.01083552973
0.01120017933
0.01086811349
0.01134555256
0.01164052819
0.01085507854
0.01106106093
0.01101399676
0.01129413027
0.01135357954
0.01097793762
0.0116796829
0.01199105983
0.01103473829
0.01110834659
0.01123991125
0.01107836746
0.01124978422
0.01087786048
0.0113486769
0.01109254904
0.01100181422
0.01168229719
0.01078978385
0.01101131343
0.01118040944
0.01092715346
0.01121270547
0.01130183357
0.01126032296
0.01163340881
0.01110788561
0.01104920894
0.01116587219
0.01112000695
0.01134486709
0.01129714104
0.01102154494
0.01102703888
0.01121271619
0.01147200577
0.01099588343
0.01139559015
0.01113428295
0.01178780057
0.01113199831
0.01092927828
0.01119775828
0.01114938325
0.01092131927
0.0111790105
0.01143757858
0.01096887135
0.01129925758
0.01112195394
0.01139850187
0.01188261198
0.01140171753
0.01136471805
0.01105061336
0.01114698922
0.01120733598
0.01101205097
0.01129699152
0.0109912212
0.01156551746
0.01102138937
0.01083049424
0.01102041922
0.01177660281
0.01096480985
0.01138606953
0.01217626379
0.01143401822
0.01155639902
0.01097408158
0.01146300091
0.01107236433
0.01111845401
0.01106453456
0.01125310461
0.01131952687
0.01096241365
0.01104762043
0.01128465276
0.01201295373
0.01143461155
0.01106302702
0.01102414623
0.01109501983
0.01180699567
0.01212891852
0.01125570994
0.01112589597
0.01135567911
0.0113424514
0.01112355486
0.01152285309
0.01139938747
0.01144358853
0.01111205819
0.01130626614
0.01103974243
0.01122811506
0.01131852479
0.01140957734
0.01156136286
0.01239140454
0.01138827705
0.01133949454
0.01129075824
0.01141653646
0.01131101072
0.01099485744
0.0110633197
0.0111621753
0.01122232723
0.01146854728
0.01115937928
0.01111168874
0.01087367959
0.01142470578
0.01121113385
0.01112913608
0.01106390973
0.01156819622
0.01112792657
0.0110502074
0.01129107213
0.01140949532
0.01111129783
0.01103616186
0.01116018983
0.01095060178
0.01110164019
0.01104596236
0.01111858785
0.01124868451
0.01125176162
0.01111984472
0.01117575177
0.01119472101
0.0114541911
0.01149803187
0.01105345189
0.01110143914
0.01109397185
0.01104993737
0.01122747929
0.01164591804
0.01127062872
0.01105742035
0.01143141604
0.01140226813
0.01118026731
0.01118928389
0.01121972804
0.01153574908
0.0109476995
0.01125306319
0.01149407556
0.01142745054
0.01126112917
0.01117510514
0.01130876249
0.01120773671
0.01128381658
0.0113243398
0.0112429389
0.01101034701
0.01106883088
0.01103647866
0.01090233283
0.01133508407
0.01127653421
0.01162967755
0.01107389218
0.01122137759
0.01171087859
0.01171188518
0.01161298957
0.01132232087
0.01120748858
0.01138459721
0.01188832274
0.0117578718
0.01125337135
0.01148657939
0.01134141114
0.01130141877
0.0113919644
0.01130465017
0.01100477333
0.01115542216
0.01112390964
0.01138728333
0.01134750047
0.01122305597
0.01146259181
0.01116108718
0.01104272466
0.01105187925
0.01111792154
0.01119926151
0.01143578528
0.0112847834
0.01114517714
0.01138391794
0.01155753206
0.01142262512
0.01129540239
0.0113101587
0.01124660717
0.01120813851
0.01131964637
0.01162389376
0.01139446868
0.0112221738
0.01149179874
0.01116521932
0.01120604249
0.01135166434
0.01144370184
0.01130181718
0.01119960483
0.01158910367
0.01143307646
0.01124101255
0.01138919545
0.01125498279
0.01113288202
0.01156684322
0.01104839851
0.0110347068
0.01134672803
0.01131657108
0.0119594007
0.01120811112
0.0111622319
0.01132009023
0.0112736208
0.01135877587
0.01185058023
0.01135251841
0.01150886705
0.01125820566
0.01108475624
0.01129402701
0.01134921756
0.01151841018
0.01107941895
0.01159799865
0.01149969688
0.01143594149
0.01136734968
0.01141334322
0.01141008807
0.01131267603
0.01136103294
0.01128497912
0.01130833916
0.0113724023
0.0117315478
0.01158192799
0.01176290205
0.01136401197
0.01155389152
0.01133222483
0.01146036079
0.01124234103
0.01119706921
0.01162627277
0.01140692859
0.01150534439
0.01227698896
0.0113626075
0.01185957005
0.01146370704
0.01147904401
0.01128898536
0.01137392808
0.01156786473
0.01124352279
0.01127584238
0.01133188027
0.01176763942
0.01144977439
0.01168872482
0.01133784906
0.01125328571
0.0114846389
0.01144256476
0.01150590813
0.01140442802
0.01122067355
0.01190478926
0.01166263014
0.01149556827
0.01138403713
0.0114981582
0.01147800689
0.01141901303
0.01158507365
0.011520935
0.01133889661
0.01152254986
0.01138076882
0.01157075212
0.0112958717
0.01138395744
0.01173345927
0.01179152349
0.01177205603
0.0113949538
0.01139730711
0.01183966638
0.01145116446
0.0117285814
0.01140320519
0.0112826533
0.01154400167
0.0116906484
0.01152778217
0.01145436378
0.01177852231
0.01182201921
0.0114374002
0.01162777786
0.01168311275
0.01151458251
0.01174771799
0.01155453739
0.01162061257
0.01159900471
0.01170080333
0.01190272269
0.01167131207
0.01140666576
0.0116808163
0.01178128734
0.01168962062
0.0113884733
0.01178232719
0.01183304765
0.01164354212
0.01174763026
0.01160823114
0.0116530623
0.01163118005
0.01161658156
0.01148466421
0.01156397119
0.01171021194
0.0116817158
0.01171008374
0.01171481141
0.01149769997
0.01171318911
0.01167110544
0.01182838267
0.01167691977
0.01156364653
0.01196050542
0.01167257321
0.01157280672
0.01183300186
0.01166454711
0.01164057932
0.01191095335
0.01164737178
0.01185242927
0.01170944117
0.01169552113
0.01191429478
0.01177313545
0.01166487198
0.01174337805
0.01179017193
0.01165726507
0.01180703988
0.01181178129
0.01190196346
0.01179494232
0.01184482106
0.01174376042
0.01163864742
0.01171242551
0.0116568626
0.01173287619
0.01180444528
0.01196393874
0.01196155419
0.01170677325
0.01177962808
0.01205270658
0.01171243193
0.01173801637
0.01180248567
0.01176688252
0.0117663566
0.01177360292
0.01170242004
0.01174939416
0.01181866911
0.0118893708
0.01169832544
0.01175622815
0.01174719419
0.0117334741
0.01178543699
0.01182216697
0.01184350055
0.01176487517
0.01191994162
0.01166290936
0.01189114323
0.01173127076
0.01171190408
0.01174737517
0.01159081587
0.01163579092
0.01195277318
0.01172852208
0.01171511554
0.01166456209
0.01175926134
0.01167615922
0.01156851688
0.01177982951
0.01155291008
0.01155132851
0.01164085192
0.01164800708
0.01156259695
0.01153979742
0.01148178652
0.01150359252
0.01161207761
0.01147616498
0.01162464855
0.01146026862
0.01136370133
0.01154691652
0.01145140743
0.01153463868
0.01138816859
0.01131981892
0.01138694029
0.01150974982
0.01133806098
0.01134689707
0.01133533025
0.01119310122
0.01119939001
0.01123193087
0.01125792413
0.01119240724
0.01119367339
0.01114099609
0.01106878146
0.01104853276
0.01098151867
0.01099743392
0.01103403195
0.01100531262
0.01098822185
0.01103900578
0.01088036528
0.01090118303
0.01085249365
0.0108941027
0.01087457637
0.01078688097
0.01066356528
0.01067790339
0.01071563806
0.01060559274
0.0106194609
0.01053760896
0.01053978924
0.01051449245
0.01060856158
0.01045424664
0.01051427169
0.01048020711
0.01041913956
0.01042356887
0.01050715855
0.01042579708
0.01037358106
0.0104050997
0.01037057633
0.01033356406
0.01037546433
0.01024044614
0.01034430091
0.0104530312
0.01031566133
0.01034100202
0.01031042356
0.01031075099
0.01034411167
0.01036669298
0.01038258263
0.01040651584
0.01036267523
0.01040557733
0.01037868803
0.01045963194
0.01049905626
0.01058504029
0.01060872562
0.0105743758
0.0105109834
0.01071541049
0.01070751674
0.01071785921
0.01069661726
0.01084315192
0.01103878855
0.01095324584
0.01101015603
0.01115401287
0.01108731023
0.01127784082
0.01133502734
0.01146241668
0.0114428332
0.01154755071
0.01165266617
0.01172931431
0.01184220517
0.01194819228
0.01210301081
0.01233702833
0.01246865912
0.01243915447
0.01261552384
0.01275438456
0.01275983188
0.01310345337
0.0132882396
0.01331907089
0.013411281
0.01381660926
0.01386416113
0.0140872329
0.01447750423
0.01459904479
0.01487624092
0.01507203654
0.01522184821
0.01579166056
0.01582690664
0.01628527715
0.01652637741
0.01680313257
0.01727986701
0.01754900479
0.01786510181
0.01811818807
0.01866119864
0.01868766665
0.0191752745
0.01958403682
0.01966380054
0.02062738908
0.02109138117
0.02184879929
0.02230323625
0.0227366236
0.02377741734
0.02424599924
0.02478516525
0.02519897709
0.02571397309
0.02685897997
0.0270945195
0.02885229251
0.0294162354
0.02991000757
0.03094698099
0.03200655798
0.03261557523
0.03346104111
0.03466804668
0.03558771658
0.03680315639
0.03792361246
0.03889227724
0.04149275161
0.04340664454
0.04367725853
0.04513588518
0.04701723461
0.04861816133
0.0531800646
0.05110550139
0.05393411857
0.05664718075
0.06106326569
0.06627522476
0.06222446525
0.06514615072
0.07218254721
0.07149709227
0.07645140081
0.07414589834
0.07228159698
0.08572146738
0.08655960281
0.08563342117
0.09294024877
0.0900457773
0.0955491615
0.1065357815
0.1006139151
0.1115656344
0.1129792915
0.1269315123
0.1242129367
0.1227348499
0.1423651766
0.1504042245
0.1512223347
0.1580894948
0.1408052402
0.184440425
0.162712508
0.1684706086
0.1712385858
0.189335805
0.1899481941
0.1970855295
0.2150994267
0.1946591183
0.2566979018
0.186352766
0.2405658561
0.2540046332
0.4469954965
0.2902977084
0.2849734046
0.2659951948
0.2674673012
0.2947394019
0.2164603595
0.3085932454
0.2675235394
0.2771363257
0.2622288932
0.2900288802
0.3019079481
0.3029052997
0.3117958412
0.3168884598
0.3963196954
0.2904006149
0.2494414691
0.3113024712
0.2913436299
0.2490387877
0.2745598842
0.4410418136
0.2480796687
0.3249529446
0.2803855021
0.2643117625
0.2888819404
0.4328290401
0.2986092629
0.4028645259
0.4368919426
0.3307105775
0.3501348655
0.3592754374
0.2752501545
0.3088105813
0.3515221899
0.3315212498
0.2818064674
0.3578135312
0.3426952571
0.2627427078
0.3144685829
0.252780635
0.335893876
0.4132173925
0.2942246396
0.5832525615
0.5113005022
0.2806187227
0.2475900003
0.3242513725
0.2690436766
0.2567208373
0.2545778761
0.2832310508
0.2870380358
0.282013514
0.3474434628
0.2963879222
0.2711214334
0.2998730753
0.3269192101
0.3058662553
0.4527414963
0.303740265
0.2915407018
0.3284102162
0.3716197414
0.3599441256
0.4005552802
0.260390124
0.3622679906
0.2771425691
0.3063719026
0.3102373068
0.3494263485
0.2980557537
0.3408467452
0.2783550091
0.2842898372
0.3508712786
0.3003210345
0.386959812
0.3023062943
0.4491420748
0.3848044553
0.2954514221
0.2917200102
0.295855361
0.2719125479
0.3478035198
0.3033786921
0.2930686106
0.2773926596
0.3068077422
0.2841061991
0.3136592355
0.3599510659
0.2904951755
0.3353036823
0.2993298723
0.3237053771
0.300414225
0.2940630706
0.2955553159
0.3007144149
0.3015893751
0.2568907327
0.2627311056
0.2361595554
0.2802860992
0.4212694351
0.2864863618
0.2947282332
0.2937201338
0.2958611483
0.329490458
0.3091511218
0.2630581658
0.3059524087
0.2676694387
0.2844664232
0.263349421
0.3033249727
0.316731461
0.2607103342
0.3377894307
0.3201730893
0.3823055578
0.3152424005
0.2820887191
0.3686940759
0.3827428333
0.2836013835
0.4176002213
0.2977419464
0.3091020779
0.2523095095
0.3840719989
0.2855516752
0.3206682807
0.3197992578
0.2859249172
0.2606379964
0.326798936
0.2397142072
0.2826379506
0.4774952739
0.2675599615
0.3475869037
0.3450141357
0.3120804023
0.2865183963
0.2922627479
0.3033345053
0.2703078998
0.3037523173
0.3027342101
0.3133345364
0.3043779157
0.3823096316
0.2954847682
0.2978322663
0.419379908
0.3281317336
0.2960158436
0.3070682406
0.3418084947
0.2706458189
0.3187527397
0.3600188645
0.3649957484
0.240936575
0.2995194177
0.4802211572
0.2801617571
0.4001664345
0.3191229733
0.2593562857
0.2905081583
0.3211634866
0.2790498838
0.2723471996
0.3157976589
0.3706943763
0.3256799361
0.3221643704
0.3191504806
0.3722355646
0.3120979913
0.3447710195
0.3866125366
0.2543084511
0.3475640006
0.3347038412
0.2813543371
0.2824041373
0.3205736588
0.4045575377
0.3002860033
0.2868223947
0.2934094166
0.245167957
0.3857725041
0.3322047153
0.2683798078
0.3767361829
0.2627244674
0.4907393642
0.3174664996
0.3028335865
0.3445474461
0.449405989
0.3380800726
0.3027101314
0.2768227892
0.4435810996
0.3723544423
0.3028037651
0.2670101974
0.3059890143
0.373216909
0.2986587127
0.3404376299
0.3178049276
0.2682936092
0.3819983043
0.3176141523
0.3007641421
0.3797256291
0.3656413891
0.4580173017
0.3974689119
0.4039114049
0.3603371084
0.34737803
0.371741587
0.3534403472
0.3113074768
0.3538272991
0.4129397673
0.3406225816
0.3359474719
0.5288220851
0.3391559926
0.2984322324
0.3121904434
0.4427763174
0.3335272476
0.3584193812
0.2945065997
0.3051531954
0.284269631
0.4946051217
0.3773739306
0.5143806402
0.5534401708
0.2966954984
0.3791281211
0.3702075127
0.3775959342
0.3052935208
0.4287827174
0.3487258549
0.3383793685
0.3485974324
0.3366037892
0.3044413829
0.2943149082
0.2941265382
0.364715324
0.3577604413
0.3129679019
0.3486712085
0.3056627911
0.4673347871
0.3575801687
0.3216315843
0.3609913538
0.4319801259
0.3602823752
0.3305106018
0.3044614178
0.4100355464
0.3513141455
0.3815493632
0.3800950636
0.3402410954
0.3026920205
0.3460744679
0.3676892664
0.3746402172
0.420462465
0.6219925389
0.3576340347
0.456862955
0.4326127424
0.3905365026
0.325635375
0.3929729736
0.3492056244
0.5250615478
0.3735576239
0.4208883733
0.3866605684
0.3650123162
0.4259707265
0.3596744502
0.4014254799
0.3293548863
0.3077227562
0.4663045665
0.3597247735
0.3417871269
0.3319934928
0.3627490781
0.4199284277
0.3989321902
0.3650372604
0.3740151791
0.390860132
0.4777704987
0.3991632542
0.2973543785
0.3668866909
0.4016351352
0.5259482204
0.3446185829
0.3523515406
0.3610650683
0.3648870743
0.3383115022
0.3728031412
0.3185358509
0.3701965017
0.3986151498
0.2818870369
0.3971211003
0.3213548008
0.3845313237
0.6645253871
0.4089821055
0.3383709773
0.3894321467
0.3966155808
0.5514299815
0.3776430292
0.3633174751
0.3656130361
0.3820534745
0.3390569219
0.4358225003
0.3047643101
0.3301339456
0.3982887888
0.398462054
0.4400427145
0.3180883108
0.5337899002
0.4004477818
0.3443747325
0.4544388287
0.4549563241
0.3754541457
0.2825635853
0.3869248508
0.3317323555
0.4378373169
0.3401983932
0.4434789466
0.3558384283
0.3515350828
0.3638266266
0.3558971279
0.3444851914
0.3340007391
0.4310473651
0.4017055686
0.3208412648
0.4400008895
0.3118050345
0.3775594878
0.346763604
0.3890200764
0.4437333889
0.4642821834
0.3188245796
0.3225872738
0.4715138609
0.3866696799
0.3889573779
0.3304217885
0.5432335246
0.3495712483
0.3798336713
0.3551048998
0.3844701664
0.3964966749
0.4057695218
0.3844455472
0.3772258015
0.3532186442
0.3705624888
0.3922685947
0.3459556526
0.3877046845
0.3482226803
0.3416025712
0.365830498
0.3805374674
0.3644803433
0.2999662557
0.3617506051
0.2723314557
0.3502254855
0.3179757465
0.2952748161
0.3452543265
0.6778578611
0.293112543
0.3688728095
0.2987143582
0.4439836523
0.4601481176
0.4630505495
0.347915605
0.3455046183
0.3601675935
0.3307094948
0.4285364707
0.4176146577
0.3076752652
0.3498248012
0.4718345069
0.3698647911
0.3351230659
0.3505990586
0.47602966
0.5678229197
0.4007699405
0.3495623597
0.4595660336
0.3762910101
0.3444361438
0.399669958
0.6676298286
0.4273682459
0.3884278009
0.4726330579
0.4364960799
0.3514440442
0.3937689467
0.383740639
0.3491635238
0.3542812375
0.4257466148
0.3207218069
0.3475783722
0.283326331
0.3523965708
0.415972192
0.4711101409
0.3876012093
0.4100985268
0.4438080355
0.3854416242
0.3696095828
0.3686051662
0.3794325177
0.3284918538
0.5520838558
0.409070455
0.2895545104
0.3586731678
0.3675910976
0.3412338474
0.3404995309
0.3477181583
0.3669057186
0.4442355063
0.4338752505
0.7077663512
0.4392122737
0.4202102433
0.3581780415
0.5390357444
0.3778600759
0.4409169796
0.4565427253
0.3814004891
0.4708659048
0.5072735007
0.479596968
0.3332450397
0.378989637
0.6268543507
0.3679579077
0.3916385477
0.3946950637
0.4242363223
0.4492554391
0.3565987988
0.3322224746
0.2823713766
0.4718306676
0.5581451551
0.4010591761
0.4812767933
0.4071722883
0.4604762303
0.3973924652
0.484111372
0.4898724874
0.564197515
0.3979842705
0.4033086743
0.3806080547
0.4194631292
0.4117800675
0.3514562341
0.5625672287
0.4416220279
0.5672846652
0.553351907
0.6436860336
0.3251449195
0.4254142873
0.5921753107
0.472663542
0.3571938594
0.4148733399
0.5600905029
0.5860306083
0.425980874
0.4179494728
0.5156284302
0.4234812796
0.4563797209
0.6844003871
0.4405088578
0.6760012555
0.4997755572
0.4087420298
0.3043170556
0.3390704131
0.3622179734
0.3648485094
0.4600933786
0.5765555342
0.4433698125
0.4472571353
0.3614466428
0.5175033021
0.498870607
0.5122074758
0.3685217518
0.4974286792
0.4309673242
0.4425392643
0.356067655
0.4152545582
0.3603224707
0.358374348
0.3275015639
0.3648163734
0.3938258556
0.3677350342
0.382450968
0.3856099709
0.5408202734
0.3999566382
0.4493425131
0.311668627
0.4057586596
0.4202506815
0.4166760733
0.3748453565
0.3055159027
0.4719000878
0.4369932989
0.6299261089
0.4506214922
0.4902001369
0.4908125474
0.5300657077
0.452208275
0.4344797311
0.6231810159
0.4575976553
0.5032157081
0.3992717524
0.5515278037
0.5806891055
0.6058920038
0.3438554191
0.4923337885
0.6742920896
0.3212298449
0.3674136731
0.3256869023
0.3523959144
0.433004301
0.4222585139
0.3443037478
0.3807478551
0.4401066924
0.3972241282
0.3753397861
0.5074065507
0.4036166533
0.4051810763
0.4145769781
0.5347661533
0.4451654686
0.5019506577
0.3789531734
0.3566848472
0.4666508325
0.4102808874
0.3520799275
0.5396517022
0.6640876876
0.4865396995
0.4339244852
0.3953660489
0.4334995322
0.3581927931
0.6305670519
0.5689541153
0.3612605644
0.4289393214
0.5627806862
0.3971682318
0.4760640452
0.4440389248
0.499225852
0.4631079906
0.4392341874
0.5045544406
0.5110306143
0.4648232069
0.4812039227
0.525243413
0.3970733656
0.4306795449
0.4620835539
0.4517702941
0.317623962
0.6068134243
0.3267428931
0.3981022726
0.3875905382
0.4457294119
0.4913897118
0.4753926839
0.4741446189
0.3809750511
0.4457471222
0.4443244834
0.3848379502
0.3819749485
0.432056831
0.4980115791
0.3796176932
0.408345878
0.675652566
0.4045883168
0.3627907691
0.4264352409
0.4668662652
0.4479058892
0.352965043
0.4756308773
0.3005703852
0.4154204946
0.5972178728
0.4399262126
0.4942899901
0.414850364
0.4811541095
0.4517087612
0.4892410177
0.6063175703
0.3999456711
0.3610199454
0.5361111652
0.3733814722
0.3568291164
0.3906560841
0.385638916
0.5566581411
0.462252314
0.3520205011
0.4815271992
0.3509341182
0.5344820538
0.4676110943
0.4440496624
0.3772779406
0.5248617882
0.4672485929
0.3777677809
0.4077920153
0.4052193905
0.4135924262
0.4572149568
0.3008143081
0.3328495563
0.4665927263
0.3953767027
0.6908254971
0.4329152467
0.3785496998
0.5009516679
0.4315601808
0.5502319615
0.4685892035
0.4932270235
0.4244133915
0.4016053429
0.3762395165
0.4106488603
0.408356347
0.4033388357
0.4520194948
0.4874336414
0.3369431999
0.4073247282
0.3740682149
0.3415911152
0.4032317253
0.4310754777
0.4459633448
0.3322067626
0.5078939469
0.4316488934
0.6605315662
0.4786435365
0.3851143704
0.3633487957
0.3214463795
0.352944117
0.575317016
0.3821379288
0.4246829376
0.5462049008
0.4526291068
0.6036067696
0.4296923939
0.507483358
0.4475881053
0.4812769996
0.3809973782
0.4725314995
0.3313303606
0.3514118266
0.4930093187
0.5328485149
0.3261081068
0.4151545273
0.4352435679
0.4967002306
0.4487945474
0.4602192865
0.5342763196
0.5838269504
0.4425290453
0.3542207765
0.6813225637
0.6047779317
0.4530346253
0.5076623834
0.6082192903
0.7528686779
0.4675514822
0.4027696182
0.5374125826
0.3766950296
0.5709420334
0.5777906873
0.5964122131
0.7336279023
0.5776131261
0.3906012701
0.4962546442
0.3478398185
0.3755847142
0.3799615367
0.3657240061
0.3665045296
0.3923153098
0.4486828114
0.4492556358
0.4636073556
0.4858634213
0.3991558818
0.381888343
0.3748737639
0.4860239371
0.4510906484
0.3536477369
0.3743094539
0.5623544929
0.590593785
0.3921279703
0.4869267486
0.4315183229
0.5119506551
0.3684873816
0.4942085456
0.3710375634
0.6026493791
0.4714748368
0.5067009445
0.6232520737
0.6672744484
0.4207304408
0.4832454496
0.4320370539
0.5270309441
0.6307135785
0.5702205575
0.6002478668
0.6775017983
0.3861997573
0.565427085
0.7758086944
0.555324727
0.5181277276
0.5836479043
0.7889349067
0.5004165059
0.4081568594
0.5179550851
0.5655398426
0.5439413781
0.415612526
0.6855510254
0.6177153767
0.3921635084
0.4717874393
0.5184431014
0.4417755306
0.5503408259
0.5516490081
0.4795310687
0.557980257
0.6183740085
0.3920983468
0.4795138179
0.5583108531
0.4381255469
0.5353851233
0.4577599079
0.6117470671
0.8121072368
0.8107875384
0.4745575622
0.4458220487
0.5658036817
0.4256467255
0.4485317849
0.7039873392
0.4472591289
0.4502431786
0.3907181081
0.4557571339
0.4566242978
0.5012189894
0.5890215086
0.4586784386
0.4979901701
0.4191051416
0.4823394785
0.5045067717
0.4197240817
0.4531666064
0.391263888
0.4057135111
0.3922043652
0.4458899498
0.3322233916
0.5168305342
0.5169184681
0.3643373034
0.7149273741
0.4352174981
0.374461595
0.464446563
0.600190554
0.4451678829
0.6389084823
0.4430687235
0.5182488528
0.510121289
0.57447478
0.444649233
0.5160749517
0.6145339314
0.7220711372
0.6735844
0.4499889737
0.4888350444
0.6758449276
0.4802926798
0.4301904377
0.5061301135
0.5894324138
0.459330021
0.5143383273
0.4100430233
0.4319044726
0.6079693611
0.4021898794
0.5577752572
0.5538036865
0.6501333467
0.7938766469
0.5765450728
0.6396232968
0.4198313315
0.4857571304
0.5540629632
0.4221679769
0.4229037391
0.4265865675
0.4384554016
0.4281161769
0.4861375625
0.3632261836
0.6709347043
0.4500812793
0.4269732295
0.4625269741
0.5355560829
0.479786012
0.6567213721
0.474734919
0.6384520789
0.5783532972
0.7587786015
0.5886031772
0.6779862319
0.5989260709
0.5022309691
0.5531875918
0.5736948927
0.5888676732
0.6581217734
0.7561673269
0.4158389227
0.4800980698
0.5940595155
0.718337398
0.4067320435
0.4323894322
0.5727795868
0.4850172832
0.6412919003
0.4723610912
0.7545878122
0.4555008599
0.7326270532
0.5758235726
0.6016372352
0.4919181997
0.5438547952
0.418222536
0.5578928568
0.6619403143
0.5717616228
0.4232874254
0.6254882916
0.4027376721
0.4419889852
0.5645508548
0.6965882961
0.4767698725
0.5034612492
0.4913197514
0.4790070709
0.523725186
0.5077140911
0.5002680441
0.6259696499
0.4426174933
0.3759056036
0.5691989786
0.426874365
0.4312878574
0.4004928965
0.5129417038
0.4448732029
0.7846830956
0.4195807215
0.7662350209
0.6784291901
0.3573342949
0.3927281044
0.4313527615
0.4335505542
0.5541664016
0.4912778051
0.3619918886
0.4265141767
0.3913555499
0.5454621562
0.3904332038
0.5689623133
0.3634328565
0.4892979168
0.4742412913
0.4446448567
0.6624857219
0.424003893
0.671728369
0.3787384134
0.5466615221
0.4020168931
0.6821663077
0.5088659414
0.45812824
0.4358829186
0.6446679975
0.405317443
0.4894761298
0.5984666933
0.5271284205
0.6055544681
0.4109319168
0.606407675
0.5452944462
0.5082331136
0.7045282168
0.6626518578
0.6680193035
0.5336494989
0.6876400664
0.4024957838
0.535209483
0.6445999415
0.5351625988
0.6633120444
0.510245891
0.527322414
0.4307406787
0.5294748124
0.5646589238
0.4803881138
0.5975482731
0.3916007926
0.5777514
0.5474209968
0.6004869291
0.5330187491
0.3532078374
0.5651167325
0.4923024955
0.5540364847
0.4482241843
0.8129486784
0.4090127788
0.5917754036
0.4327357724
0.3688149755
0.6983674009
0.4974262025
0.4414845424
0.555539805
0.6416115362
0.616490116
0.5949513762
0.5764174737
0.7426410222
0.6082866339
0.4517865517
0.4175796268
0.5066874251
0.6883826745
0.6612529275
0.5154052261
0.4670397762
0.6782045464
0.5876488723
0.4779040803
0.5783164348
0.4790007933
0.4836174362
0.6437108242
0.5811546915
0.6648073864
0.4163795756
0.5533923357
0.6867659886
0.4885057094
0.7176459942
0.5045049178
0.5270556115
0.4976667627
0.6417056485
0.6010223163
0.47792283
0.4210469895
0.4225901809
0.4596504441
0.4497477239
0.433091019
0.4101740663
0.710098331
0.4718516135
0.4734546267
0.5794231607
0.4947281934
0.6523734187
0.6257097816
0.4050111053
0.4653122958
0.9908197659
0.663914777
0.5752686051
0.4609282332
0.6511306608
0.5085901581
0.4807747208
0.5354446091
0.5179154442
0.5323350957
0.659706537
0.6026613842
0.7032649132
0.7188184225
0.3953100072
0.4168265756
0.6161880621
0.6074580561
0.7562093056
0.7449702312
0.9204740221
0.4978194504
0.862932873
0.5608092281
0.4804158543
0.6329468908
0.7035378229
0.4477115041
0.657068865
0.5363444904
0.5602679421
0.6692142516
0.8383461913
0.6640691572
0.6822835965
0.523843552
