#################################### 
# Matrix Size= (25,25,400)
# Resol      = (1,1,4000)
# VoxelSize  = (25,25,0.1)
# nbVal      = 4000
#################################### 
1.199090396e-05
1.233769907e-05
1.237933519e-05
1.265102939e-05
1.287392264e-05
1.302142874e-05
1.251736174e-05
1.273286654e-05
1.27691623e-05
1.272016842e-05
1.286192732e-05
1.286647055e-05
1.276946827e-05
1.285863449e-05
1.311290535e-05
1.307343474e-05
1.283373136e-05
1.298203186e-05
1.280714356e-05
1.268853875e-05
1.278169321e-05
1.314304326e-05
1.278364887e-05
1.310605217e-05
1.295652691e-05
1.293271154e-05
1.295791404e-05
1.322256825e-05
1.284050884e-05
1.310589322e-05
1.264909999e-05
1.2934728e-05
1.318813363e-05
1.322666057e-05
1.317050655e-05
1.295078361e-05
1.296045928e-05
1.309907906e-05
1.303547898e-05
1.291473646e-05
1.300966173e-05
1.326578796e-05
1.321359653e-05
1.307015685e-05
1.312863326e-05
1.305698552e-05
1.309555195e-05
1.297537844e-05
1.326824517e-05
1.298051785e-05
1.289916891e-05
1.31998639e-05
1.315917878e-05
1.319589094e-05
1.310546255e-05
1.30744438e-05
1.310888484e-05
1.309029588e-05
1.312056443e-05
1.309334479e-05
1.305854935e-05
1.302942925e-05
1.331464797e-05
1.342072464e-05
1.322804082e-05
1.327292651e-05
1.349515307e-05
1.326847276e-05
1.309238675e-05
1.330976483e-05
1.34009866e-05
1.32198486e-05
1.314712282e-05
1.355744985e-05
1.323701585e-05
1.321144799e-05
1.329557546e-05
1.333591444e-05
1.315465968e-05
1.312345673e-05
1.328319249e-05
1.343877905e-05
1.309104645e-05
1.320886427e-05
1.325569153e-05
1.338509238e-05
1.320663313e-05
1.338446135e-05
1.342210333e-05
1.335618185e-05
1.336548398e-05
1.364073905e-05
1.333583374e-05
1.339330464e-05
1.323778602e-05
1.326863087e-05
1.310820452e-05
1.334785761e-05
1.348222305e-05
1.343932238e-05
1.351447749e-05
1.332567357e-05
1.342682726e-05
1.328537833e-05
1.347998957e-05
1.356175425e-05
1.363590037e-05
1.371619064e-05
1.373751436e-05
1.366046663e-05
1.343349871e-05
1.366250778e-05
1.358003208e-05
1.348907682e-05
1.349087722e-05
1.352121544e-05
1.335126381e-05
1.343541558e-05
1.363440838e-05
1.335498898e-05
1.337891986e-05
1.349039296e-05
1.371489176e-05
1.346909851e-05
1.360308509e-05
1.384906527e-05
1.359573794e-05
1.363703653e-05
1.356310705e-05
1.370872621e-05
1.339839449e-05
1.3757418e-05
1.368672997e-05
1.338945363e-05
1.342308381e-05
1.347558524e-05
1.362723129e-05
1.39745287e-05
1.363261336e-05
1.369762333e-05
1.376620586e-05
1.373618914e-05
1.373931714e-05
1.332283809e-05
1.357772694e-05
1.363221654e-05
1.33997437e-05
1.337343393e-05
1.379620259e-05
1.35538994e-05
1.341050928e-05
1.357746932e-05
1.335397681e-05
1.376242745e-05
1.356232457e-05
1.36791345e-05
1.349846702e-05
1.351031351e-05
1.361682747e-05
1.351690557e-05
1.354682642e-05
1.356036034e-05
1.341322872e-05
1.334391446e-05
1.341949916e-05
1.358974343e-05
1.371283074e-05
1.384202046e-05
1.375673121e-05
1.400959766e-05
1.371170639e-05
1.367853942e-05
1.367001824e-05
1.369202555e-05
1.374579493e-05
1.376915772e-05
1.355832905e-05
1.362821044e-05
1.3635581e-05
1.359517447e-05
1.38728267e-05
1.3838842e-05
1.372302059e-05
1.360986178e-05
1.365997186e-05
1.353956305e-05
1.359586922e-05
1.354800825e-05
1.352205654e-05
1.380856543e-05
1.343803395e-05
1.365106605e-05
1.344585705e-05
1.366810051e-05
1.3519712e-05
1.382424476e-05
1.386422944e-05
1.36066381e-05
1.353947246e-05
1.341478078e-05
1.351425251e-05
1.369528877e-05
1.389439699e-05
1.381769933e-05
1.372192186e-05
1.362817869e-05
1.361986662e-05
1.41498423e-05
1.397140024e-05
1.362859244e-05
1.379376078e-05
1.409252938e-05
1.388562838e-05
1.389608878e-05
1.377660259e-05
1.364922972e-05
1.379034631e-05
1.353672853e-05
1.355821361e-05
1.365011434e-05
1.394269785e-05
1.395835097e-05
1.378962535e-05
1.366188174e-05
1.38225637e-05
1.387916957e-05
1.37340368e-05
1.369171545e-05
1.370287832e-05
1.385303723e-05
1.389441668e-05
1.365009353e-05
1.399303869e-05
1.351942346e-05
1.362694217e-05
1.364879217e-05
1.404631246e-05
1.379129236e-05
1.371561628e-05
1.408165451e-05
1.394144749e-05
1.373500658e-05
1.388846597e-05
1.365150317e-05
1.373667759e-05
1.372673549e-05
1.378936399e-05
1.415678032e-05
1.372401174e-05
1.377073767e-05
1.386519997e-05
1.394122932e-05
1.368396497e-05
1.371065221e-05
1.385439716e-05
1.366195438e-05
1.386395253e-05
1.377882222e-05
1.385258666e-05
1.389890062e-05
1.391017526e-05
1.402443514e-05
1.37942657e-05
1.382208999e-05
1.391331365e-05
1.413217853e-05
1.366070334e-05
1.386220488e-05
1.381929179e-05
1.390543685e-05
1.389600887e-05
1.405754445e-05
1.388317932e-05
1.356997078e-05
1.378809095e-05
1.3789923e-05
1.387783248e-05
1.396402847e-05
1.401677047e-05
1.405361588e-05
1.406930692e-05
1.421453229e-05
1.396326352e-05
1.384191811e-05
1.396580911e-05
1.382612599e-05
1.39653061e-05
1.388823453e-05
1.388141969e-05
1.388115488e-05
1.377934456e-05
1.382358214e-05
1.380833266e-05
1.394846779e-05
1.39536393e-05
1.401583754e-05
1.393644603e-05
1.411706145e-05
1.416691323e-05
1.384289455e-05
1.418636157e-05
1.377732814e-05
1.417982494e-05
1.427738058e-05
1.375931913e-05
1.38857528e-05
1.381061812e-05
1.410464116e-05
1.419257024e-05
1.404368195e-05
1.420352578e-05
1.432029077e-05
1.403349768e-05
1.421325296e-05
1.408508921e-05
1.406232033e-05
1.379671039e-05
1.369140962e-05
1.411994587e-05
1.417173999e-05
1.389143776e-05
1.395794188e-05
1.41694841e-05
1.410256103e-05
1.403228424e-05
1.400534532e-05
1.396286981e-05
1.405117045e-05
1.407168091e-05
1.415773354e-05
1.418593263e-05
1.39822861e-05
1.413511615e-05
1.38189591e-05
1.40617828e-05
1.445959873e-05
1.421879714e-05
1.388043047e-05
1.405644658e-05
1.4006239e-05
1.405411463e-05
1.403426718e-05
1.400937616e-05
1.403128324e-05
1.387469652e-05
1.417254662e-05
1.405270498e-05
1.391585944e-05
1.389640363e-05
1.417958972e-05
1.390329069e-05
1.402362348e-05
1.382258094e-05
1.407244607e-05
1.40264758e-05
1.421014721e-05
1.409223268e-05
1.419938862e-05
1.400100294e-05
1.405876158e-05
1.41754377e-05
1.433427234e-05
1.39593285e-05
1.433934854e-05
1.407645599e-05
1.416119704e-05
1.409470986e-05
1.416091618e-05
1.404036225e-05
1.392444832e-05
1.398746111e-05
1.395883998e-05
1.41538529e-05
1.425576523e-05
1.397209017e-05
1.420692357e-05
1.403808934e-05
1.40232039e-05
1.40604725e-05
1.421170331e-05
1.417412505e-05
1.416558985e-05
1.433782913e-05
1.402885413e-05
1.405018676e-05
1.413386269e-05
1.388246707e-05
1.388205161e-05
1.417133533e-05
1.41204099e-05
1.414056888e-05
1.403207311e-05
1.40378407e-05
1.412865191e-05
1.440312869e-05
1.439924501e-05
1.402410687e-05
1.418108816e-05
1.421581776e-05
1.421279142e-05
1.459280382e-05
1.423196023e-05
1.421645801e-05
1.431790088e-05
1.421175901e-05
1.40762986e-05
1.414328413e-05
1.407088413e-05
1.433694875e-05
1.416863121e-05
1.416812258e-05
1.418095903e-05
1.419973482e-05
1.390148975e-05
1.414491055e-05
1.428503451e-05
1.433574707e-05
1.429495786e-05
1.416122343e-05
1.407384498e-05
1.425746358e-05
1.398278378e-05
1.424385629e-05
1.442799234e-05
1.415896952e-05
1.432035889e-05
1.434733866e-05
1.410898414e-05
1.424832503e-05
1.421937621e-05
1.40799294e-05
1.429037406e-05
1.398081215e-05
1.423390446e-05
1.44123178e-05
1.439683788e-05
1.437424547e-05
1.441992085e-05
1.437939191e-05
1.426746001e-05
1.413961264e-05
1.449514905e-05
1.405272061e-05
1.431398088e-05
1.42436241e-05
1.42145059e-05
1.431724229e-05
1.418060377e-05
1.435653671e-05
1.418273828e-05
1.424580352e-05
1.427254545e-05
1.440134354e-05
1.414603494e-05
1.413500025e-05
1.414971327e-05
1.433613764e-05
1.429192432e-05
1.427268067e-05
1.443110992e-05
1.451343626e-05
1.413772294e-05
1.426551037e-05
1.420527281e-05
1.409278009e-05
1.452695471e-05
1.448829353e-05
1.417674634e-05
1.428377036e-05
1.42594719e-05
1.404160503e-05
1.417679634e-05
1.43701899e-05
1.450839962e-05
1.418023658e-05
1.430485334e-05
1.422036162e-05
1.427481637e-05
1.425995534e-05
1.44346478e-05
1.432984927e-05
1.406227554e-05
1.444601282e-05
1.422094964e-05
1.439095913e-05
1.393877182e-05
1.440477639e-05
1.409773201e-05
1.427431684e-05
1.421019931e-05
1.433773182e-05
1.419446981e-05
1.415126905e-05
1.421040363e-05
1.419898966e-05
1.442991316e-05
1.431437698e-05
1.428375292e-05
1.43441697e-05
1.405285393e-05
1.444293349e-05
1.420456174e-05
1.446931949e-05
1.442069964e-05
1.443006019e-05
1.455149318e-05
1.455484139e-05
1.429987756e-05
1.44403127e-05
1.465412571e-05
1.417422694e-05
1.462947518e-05
1.471300012e-05
1.463191043e-05
1.447115889e-05
1.433102223e-05
1.440358244e-05
1.445978068e-05
1.408349784e-05
1.427409334e-05
1.438406988e-05
1.426005803e-05
1.459757146e-05
1.449810846e-05
1.419614115e-05
1.435346234e-05
1.43788094e-05
1.436100876e-05
1.420267187e-05
1.448270817e-05
1.42925773e-05
1.417762159e-05
1.452083468e-05
1.420656718e-05
1.436956935e-05
1.439454801e-05
1.448297641e-05
1.423687214e-05
1.439855778e-05
1.431493928e-05
1.435011046e-05
1.453619208e-05
1.432007765e-05
1.446112565e-05
1.441391089e-05
1.444413382e-05
1.417454803e-05
1.426888428e-05
1.429402515e-05
1.45117444e-05
1.451873434e-05
1.451341647e-05
1.457299038e-05
1.455645937e-05
1.445313639e-05
1.439994094e-05
1.471988254e-05
1.417938806e-05
1.402349347e-05
1.44675884e-05
1.446066303e-05
1.424908955e-05
1.432528865e-05
1.418503451e-05
1.41965096e-05
1.417230892e-05
1.423381491e-05
1.41033542e-05
1.418559993e-05
1.46473627e-05
1.436037149e-05
1.42679532e-05
1.44668876e-05
1.42201643e-05
1.436654355e-05
1.447239488e-05
1.426415082e-05
1.472952026e-05
1.434898257e-05
1.454682527e-05
1.428790319e-05
1.435975284e-05
1.425701963e-05
1.420830233e-05
1.443601829e-05
1.441999462e-05
1.441122623e-05
1.457982361e-05
1.469539022e-05
1.438283665e-05
1.418169677e-05
1.462473782e-05
1.451443525e-05
1.454644955e-05
1.445998984e-05
1.443334713e-05
1.446705112e-05
1.453214053e-05
1.473466436e-05
1.442280575e-05
1.45604997e-05
1.446164248e-05
1.458485694e-05
1.443089684e-05
1.43304892e-05
1.464336982e-05
1.461563055e-05
1.442060514e-05
1.464345244e-05
1.449168822e-05
1.464708322e-05
1.437843757e-05
1.439798075e-05
1.43357065e-05
1.458409303e-05
1.435120546e-05
1.427733128e-05
1.449076158e-05
1.458780586e-05
1.434668554e-05
1.473453827e-05
1.437074208e-05
1.450447191e-05
1.445677746e-05
1.429571594e-05
1.47378014e-05
1.438237609e-05
1.448086893e-05
1.456159304e-05
1.448077377e-05
1.461732662e-05
1.438294666e-05
1.46939429e-05
1.459316545e-05
1.448296553e-05
1.453477173e-05
1.459791457e-05
1.417379379e-05
1.44340646e-05
1.470924616e-05
1.452458573e-05
1.47949979e-05
1.476873017e-05
1.463284349e-05
1.448608179e-05
1.436711917e-05
1.474016286e-05
1.436365875e-05
1.454688966e-05
1.480968903e-05
1.48092245e-05
1.479448867e-05
1.491047058e-05
1.455039612e-05
1.429392466e-05
1.441076377e-05
1.429819844e-05
1.470681212e-05
1.448595643e-05
1.471342978e-05
1.489039711e-05
1.464286709e-05
1.453513682e-05
1.475686425e-05
1.446433872e-05
1.447376918e-05
1.483651257e-05
1.480643346e-05
1.477715986e-05
1.454124116e-05
1.478347312e-05
1.441224607e-05
1.462580571e-05
1.493075103e-05
1.469518903e-05
1.46218401e-05
1.437724048e-05
1.459076538e-05
1.440601457e-05
1.512274962e-05
1.473448083e-05
1.461096338e-05
1.472237482e-05
1.484235635e-05
1.461185738e-05
1.442129955e-05
1.443678896e-05
1.468325563e-05
1.457610396e-05
1.474690642e-05
1.449825348e-05
1.476648274e-05
1.465840499e-05
1.494301706e-05
1.490057878e-05
1.511141504e-05
1.504298784e-05
1.469052138e-05
1.474745465e-05
1.464661111e-05
1.472428478e-05
1.484242837e-05
1.503432177e-05
1.460135331e-05
1.47314983e-05
1.479430296e-05
1.46082966e-05
1.455337409e-05
1.476012167e-05
1.467127117e-05
1.477408031e-05
1.4820485e-05
1.479986276e-05
1.491181964e-05
1.467580634e-05
1.452797978e-05
1.494525702e-05
1.440126443e-05
1.469797014e-05
1.468177261e-05
1.474425884e-05
1.465023917e-05
1.472336994e-05
1.473175032e-05
1.458232582e-05
1.502995384e-05
1.478567903e-05
1.457703704e-05
1.461273148e-05
1.478981105e-05
1.464843105e-05
1.456452638e-05
1.466786813e-05
1.493092021e-05
1.485771007e-05
1.48508349e-05
1.499437269e-05
1.484072594e-05
1.49510213e-05
1.477758892e-05
1.438336264e-05
1.487666909e-05
1.462657926e-05
1.472131522e-05
1.465678249e-05
1.500724056e-05
1.497545908e-05
1.507857146e-05
1.468155828e-05
1.502067871e-05
1.45829272e-05
1.486405249e-05
1.494334898e-05
1.479974941e-05
1.46444087e-05
1.477483987e-05
1.461677863e-05
1.456670812e-05
1.457132972e-05
1.458403235e-05
1.484905172e-05
1.463387317e-05
1.476216782e-05
1.467115928e-05
1.481941741e-05
1.464678861e-05
1.446762799e-05
1.485522254e-05
1.484947069e-05
1.452873491e-05
1.486683864e-05
1.458233627e-05
1.473947955e-05
1.509017056e-05
1.485226634e-05
1.504269528e-05
1.479960045e-05
1.497769004e-05
1.477680348e-05
1.468653112e-05
1.501245743e-05
1.488594862e-05
1.493863975e-05
1.460967756e-05
1.486178814e-05
1.471906335e-05
1.488006172e-05
1.472982122e-05
1.488946011e-05
1.453013502e-05
1.478012822e-05
1.480618148e-05
1.472808893e-05
1.488392315e-05
1.500689497e-05
1.476835667e-05
1.452070321e-05
1.472851923e-05
1.497031449e-05
1.484937237e-05
1.45965908e-05
1.491952349e-05
1.47234483e-05
1.488982489e-05
1.450869983e-05
1.467492113e-05
1.48505646e-05
1.493332398e-05
1.449242504e-05
1.472998397e-05
1.476169078e-05
1.467771772e-05
1.457478618e-05
1.487574592e-05
1.472287459e-05
1.473629213e-05
1.465572644e-05
1.471962545e-05
1.468282218e-05
1.481823384e-05
1.463152832e-05
1.475178572e-05
1.465837897e-05
1.480095001e-05
1.46324815e-05
1.475078796e-05
1.49562917e-05
1.501595076e-05
1.480764543e-05
1.44511366e-05
1.476220216e-05
1.466367594e-05
1.510614342e-05
1.468589353e-05
1.486497575e-05
1.462716578e-05
1.50784884e-05
1.491407296e-05
1.480096627e-05
1.46743891e-05
1.491804355e-05
1.479377516e-05
1.471524027e-05
1.446864216e-05
1.482777878e-05
1.498310997e-05
1.49598891e-05
1.523096022e-05
1.440690579e-05
1.486025282e-05
1.488748635e-05
1.473474242e-05
1.487873763e-05
1.46235649e-05
1.491016572e-05
1.491758977e-05
1.508159097e-05
1.49154367e-05
1.498579528e-05
1.508274118e-05
1.471487065e-05
1.505826337e-05
1.494838016e-05
1.492811387e-05
1.471302921e-05
1.501204433e-05
1.479434756e-05
1.506433968e-05
1.489935762e-05
1.48923241e-05
1.503297301e-05
1.473492028e-05
1.470637757e-05
1.473075911e-05
1.470332878e-05
1.479768508e-05
1.484888734e-05
1.477910799e-05
1.466936085e-05
1.475224135e-05
1.500754e-05
1.463474577e-05
1.480191348e-05
1.460946084e-05
1.476000861e-05
1.459095102e-05
1.46551655e-05
1.474325041e-05
1.484879481e-05
1.503702154e-05
1.502423721e-05
1.513156977e-05
1.498872428e-05
1.508821008e-05
1.44815723e-05
1.478488108e-05
1.472669886e-05
1.475447836e-05
1.49210695e-05
1.465969142e-05
1.484998536e-05
1.514317436e-05
1.491069361e-05
1.486602206e-05
1.468437291e-05
1.486896608e-05
1.462651793e-05
1.473437538e-05
1.484132997e-05
1.483962707e-05
1.49126774e-05
1.488829082e-05
1.490698648e-05
1.469999939e-05
1.484271179e-05
1.500389922e-05
1.491562502e-05
1.475110201e-05
1.495627447e-05
1.494872334e-05
1.514832196e-05
1.498686027e-05
1.452153291e-05
1.475363764e-05
1.502160297e-05
1.468748916e-05
1.490370038e-05
1.473438169e-05
1.494554915e-05
1.478126708e-05
1.49491821e-05
1.48529265e-05
1.494483284e-05
1.484808229e-05
1.479015635e-05
1.504602908e-05
1.47222499e-05
1.48895834e-05
1.491216788e-05
1.485711232e-05
1.499217591e-05
1.510245589e-05
1.4918876e-05
1.477964194e-05
1.513457104e-05
1.489108674e-05
1.509237227e-05
1.490480961e-05
1.475887959e-05
1.475191172e-05
1.467367914e-05
1.49006351e-05
1.49178129e-05
1.519071079e-05
1.491556916e-05
1.505960033e-05
1.482155566e-05
1.493148431e-05
1.466849617e-05
1.486094437e-05
1.502074841e-05
1.504325409e-05
1.500220163e-05
1.482744758e-05
1.489862968e-05
1.504186578e-05
1.496821364e-05
1.483149047e-05
1.494772419e-05
1.483520399e-05
1.512509797e-05
1.494401204e-05
1.482344406e-05
1.469932637e-05
1.470942364e-05
1.485818959e-05
1.502170867e-05
1.512296417e-05
1.499846025e-05
1.472886772e-05
1.498319937e-05
1.473947972e-05
1.502264373e-05
1.505972611e-05
1.524812478e-05
1.524368218e-05
1.500777206e-05
1.501853035e-05
1.526560653e-05
1.504350244e-05
1.515431417e-05
1.518237502e-05
1.524431712e-05
1.516764017e-05
1.501795594e-05
1.493916686e-05
1.514842308e-05
1.507009793e-05
1.522132382e-05
1.518108219e-05
1.504361324e-05
1.517542455e-05
1.508374905e-05
1.504517238e-05
1.49231454e-05
1.517632196e-05
1.480124619e-05
1.492468324e-05
1.47031927e-05
1.498803915e-05
1.517827793e-05
1.503165765e-05
1.49362825e-05
1.515555706e-05
1.520329564e-05
1.495699996e-05
1.497989454e-05
1.490106975e-05
1.48717618e-05
1.535667813e-05
1.503999854e-05
1.52000422e-05
1.504088917e-05
1.513233829e-05
1.52738404e-05
1.520979511e-05
1.514111229e-05
1.51368161e-05
1.51637044e-05
1.513905265e-05
1.497706534e-05
1.519368872e-05
1.486686382e-05
1.51313845e-05
1.500277858e-05
1.515339948e-05
1.495206702e-05
1.49771346e-05
1.530221865e-05
1.548233358e-05
1.504374222e-05
1.505174885e-05
1.492106884e-05
1.50482716e-05
1.531854152e-05
1.50444066e-05
1.54586932e-05
1.510453731e-05
1.49814899e-05
1.533656514e-05
1.497187728e-05
1.514410673e-05
1.521793857e-05
1.531332845e-05
1.532405984e-05
1.533391967e-05
1.540853781e-05
1.498781745e-05
1.519747755e-05
1.489464902e-05
1.481583713e-05
1.521549026e-05
1.514536676e-05
1.527440614e-05
1.518048006e-05
1.516116271e-05
1.526761202e-05
1.524132173e-05
1.509449248e-05
1.518815072e-05
1.518799648e-05
1.555447687e-05
1.564307057e-05
1.524667529e-05
1.506602466e-05
1.508852505e-05
1.554216676e-05
1.51952014e-05
1.528104149e-05
1.501675202e-05
1.498489288e-05
1.541694078e-05
1.543376133e-05
1.515762579e-05
1.524989934e-05
1.509985813e-05
1.495646122e-05
1.537398375e-05
1.519196569e-05
1.519530953e-05
1.493573244e-05
1.519174624e-05
1.512287117e-05
1.521773888e-05
1.484679243e-05
1.518361037e-05
1.530526132e-05
1.527215636e-05
1.524023805e-05
1.508283038e-05
1.529076918e-05
1.518898054e-05
1.523005253e-05
1.502836775e-05
1.517226524e-05
1.518960893e-05
1.514234006e-05
1.515541379e-05
1.533414683e-05
1.515869931e-05
1.517717863e-05
1.525904231e-05
1.51528663e-05
1.507059329e-05
1.528267272e-05
1.504304407e-05
1.506259292e-05
1.494917431e-05
1.528784017e-05
1.520665375e-05
1.530069377e-05
1.514188827e-05
1.519062762e-05
1.520955322e-05
1.527038522e-05
1.53929592e-05
1.524089465e-05
1.52599785e-05
1.509630338e-05
1.523650799e-05
1.51024571e-05
1.539561295e-05
1.534010539e-05
1.499459649e-05
1.511224174e-05
1.559003174e-05
1.53275966e-05
1.518538484e-05
1.54725936e-05
1.548766e-05
1.520575925e-05
1.499397685e-05
1.523034048e-05
1.536452432e-05
1.563080054e-05
1.506337846e-05
1.520903163e-05
1.516609268e-05
1.507131839e-05
1.506698397e-05
1.520582157e-05
1.518409316e-05
1.512883107e-05
1.530501879e-05
1.501834264e-05
1.508051254e-05
1.542578467e-05
1.509179422e-05
1.54466045e-05
1.51037304e-05
1.512166101e-05
1.50234152e-05
1.527603497e-05
1.51963263e-05
1.523268109e-05
1.510419511e-05
1.515481453e-05
1.483271281e-05
1.515258961e-05
1.523503691e-05
1.521075254e-05
1.522555143e-05
1.534750747e-05
1.539315381e-05
1.52505418e-05
1.536124334e-05
1.528447135e-05
1.537308796e-05
1.517607388e-05
1.514143142e-05
1.503329838e-05
1.504786146e-05
1.520326578e-05
1.519368422e-05
1.513198466e-05
1.539425395e-05
1.533854974e-05
1.535888595e-05
1.557866277e-05
1.501030933e-05
1.545464812e-05
1.523772389e-05
1.520557295e-05
1.517520578e-05
1.520509408e-05
1.508929981e-05
1.528628367e-05
1.505944631e-05
1.531804907e-05
1.533108562e-05
1.542928908e-05
1.524735151e-05
1.526082257e-05
1.515912845e-05
1.548486862e-05
1.526452375e-05
1.55818418e-05
1.543238104e-05
1.539785364e-05
1.511388798e-05
1.536201274e-05
1.534398969e-05
1.529840563e-05
1.54095559e-05
1.525980494e-05
1.55481488e-05
1.526367669e-05
1.543189425e-05
1.528360325e-05
1.527764872e-05
1.548211053e-05
1.537643823e-05
1.527892429e-05
1.567721793e-05
1.562066733e-05
1.541150783e-05
1.530227994e-05
1.54952702e-05
1.507793996e-05
1.549292983e-05
1.551501032e-05
1.555690518e-05
1.550255223e-05
1.550553172e-05
1.577895822e-05
1.55603746e-05
1.559596799e-05
1.566350101e-05
1.527009448e-05
1.542959999e-05
1.553676493e-05
1.532044693e-05
1.538016705e-05
1.543452646e-05
1.525589202e-05
1.569181771e-05
1.528734755e-05
1.538443921e-05
1.533032023e-05
1.562297036e-05
1.567841758e-05
1.548986976e-05
1.538630276e-05
1.532428133e-05
1.548823229e-05
1.542943329e-05
1.554273117e-05
1.495106158e-05
1.537039738e-05
1.521856753e-05
1.544609719e-05
1.567438744e-05
1.534488228e-05
1.538835709e-05
1.567683348e-05
1.550730162e-05
1.577980516e-05
1.531812959e-05
1.568379105e-05
1.540616792e-05
1.551188384e-05
1.563146468e-05
1.561772496e-05
1.509888663e-05
1.535773439e-05
1.55781e-05
1.55575665e-05
1.53838525e-05
1.552082143e-05
1.516193303e-05
1.532722167e-05
1.544489911e-05
1.523856325e-05
1.561098629e-05
1.524755113e-05
1.557762558e-05
1.557971901e-05
1.539680893e-05
1.548400566e-05
1.551389538e-05
1.577673376e-05
1.542310109e-05
1.553505928e-05
1.576022282e-05
1.56761521e-05
1.560955913e-05
1.533796553e-05
1.535076808e-05
1.561535628e-05
1.560337734e-05
1.577433275e-05
1.548282432e-05
1.589010079e-05
1.577636985e-05
1.536646558e-05
1.548627264e-05
1.577527133e-05
1.524864415e-05
1.542288292e-05
1.568611794e-05
1.555552699e-05
1.551701086e-05
1.559887479e-05
1.528892173e-05
1.550638313e-05
1.542146254e-05
1.545144898e-05
1.560378435e-05
1.591813592e-05
1.545031909e-05
1.595568976e-05
1.567641655e-05
1.562584389e-05
1.54939396e-05
1.543897321e-05
1.562536667e-05
1.549082539e-05
1.547841466e-05
1.559812991e-05
1.53874148e-05
1.572358089e-05
1.556993232e-05
1.564383634e-05
1.529017081e-05
1.545718626e-05
1.55606555e-05
1.549433404e-05
1.525460457e-05
1.537727097e-05
1.520226037e-05
1.540279532e-05
1.551429083e-05
1.567308846e-05
1.529183812e-05
1.570865759e-05
1.57063565e-05
1.587229056e-05
1.528739064e-05
1.546190814e-05
1.579217994e-05
1.575439987e-05
1.593712235e-05
1.596391767e-05
1.560342302e-05
1.576035164e-05
1.547668824e-05
1.564583673e-05
1.578846567e-05
1.524104832e-05
1.590439991e-05
1.5485175e-05
1.592492863e-05
1.578038387e-05
1.567175066e-05
1.56076342e-05
1.549927295e-05
1.550800097e-05
1.536183788e-05
1.544730478e-05
1.538941003e-05
1.552086729e-05
1.539195373e-05
1.566745322e-05
1.554185965e-05
1.581541197e-05
1.566417175e-05
1.541701686e-05
1.546332371e-05
1.541577092e-05
1.56147734e-05
1.605253747e-05
1.593021731e-05
1.575830603e-05
1.568469806e-05
1.56374257e-05
1.585617784e-05
1.596785883e-05
1.575395699e-05
1.558181044e-05
1.559910455e-05
1.562675184e-05
1.567622263e-05
1.552850609e-05
1.569021629e-05
1.580280195e-05
1.607078835e-05
1.571378274e-05
1.58072219e-05
1.539827858e-05
1.558870945e-05
1.581787528e-05
1.564542495e-05
1.5670536e-05
1.561791396e-05
1.573836423e-05
1.575278772e-05
1.577511328e-05
1.567129282e-05
1.580042936e-05
1.594210833e-05
1.5902355e-05
1.566145493e-05
1.565611477e-05
1.572122001e-05
1.585385664e-05
1.581389385e-05
1.550432948e-05
1.556434114e-05
1.564824236e-05
1.578271878e-05
1.57884662e-05
1.57835175e-05
1.60011547e-05
1.58294355e-05
1.564158674e-05
1.584825201e-05
1.593346231e-05
1.589808763e-05
1.619983675e-05
1.61137776e-05
1.589725031e-05
1.6000613e-05
1.592081131e-05
1.572800803e-05
1.581918666e-05
1.621769171e-05
1.611812554e-05
1.555433705e-05
1.567367478e-05
1.626415633e-05
1.578707268e-05
1.574410624e-05
1.593653081e-05
1.577788454e-05
1.585959837e-05
1.591890646e-05
1.56949758e-05
1.609172448e-05
1.56337348e-05
1.573075762e-05
1.573753341e-05
1.610669655e-05
1.597153704e-05
1.623669385e-05
1.579942962e-05
1.607953108e-05
1.629786983e-05
1.620590536e-05
1.588470691e-05
1.59049032e-05
1.590063123e-05
1.604535617e-05
1.589019978e-05
1.559747633e-05
1.598135845e-05
1.609098924e-05
1.581377418e-05
1.619191667e-05
1.575321645e-05
1.585941144e-05
1.574792786e-05
1.557088481e-05
1.621096107e-05
1.600447249e-05
1.589521638e-05
1.570306253e-05
1.554143553e-05
1.584078573e-05
1.592343537e-05
1.600701289e-05
1.567414909e-05
1.576740602e-05
1.598860146e-05
1.591157457e-05
1.581537065e-05
1.568297602e-05
1.577414778e-05
1.59646705e-05
1.593197933e-05
1.577336498e-05
1.611107149e-05
1.601582415e-05
1.583148069e-05
1.594470156e-05
1.549455128e-05
1.589059711e-05
1.593389784e-05
1.579493132e-05
1.607616839e-05
1.595024204e-05
1.575447598e-05
1.583059702e-05
1.618708847e-05
1.593489914e-05
1.585599697e-05
1.57505286e-05
1.620728289e-05
1.571739712e-05
1.57234571e-05
1.589594349e-05
1.592695221e-05
1.583517629e-05
1.604265532e-05
1.570123343e-05
1.602774663e-05
1.5908589e-05
1.575100793e-05
1.601600415e-05
1.580005019e-05
1.565455872e-05
1.579122323e-05
1.573198233e-05
1.58145822e-05
1.582992012e-05
1.584477166e-05
1.58739814e-05
1.56153478e-05
1.601137786e-05
1.587973249e-05
1.618312489e-05
1.595636431e-05
1.599295279e-05
1.633590129e-05
1.591867146e-05
1.614125907e-05
1.569050164e-05
1.587693298e-05
1.605952439e-05
1.587189155e-05
1.602795181e-05
1.580381843e-05
1.634364697e-05
1.602618294e-05
1.599970117e-05
1.603797502e-05
1.597720377e-05
1.580598823e-05
1.592902179e-05
1.584570726e-05
1.583125012e-05
1.614592433e-05
1.595145248e-05
1.591266409e-05
1.581082665e-05
1.595734951e-05
1.570507831e-05
1.603308187e-05
1.611373044e-05
1.624637927e-05
1.590140988e-05
1.581966711e-05
1.596750327e-05
1.563923123e-05
1.601727565e-05
1.586223227e-05
1.642853444e-05
1.596549205e-05
1.581465441e-05
1.590274557e-05
1.58873151e-05
1.624642997e-05
1.598366621e-05
1.603014102e-05
1.618843275e-05
1.604693154e-05
1.598429757e-05
1.5885309e-05
1.584628257e-05
1.570243717e-05
1.648824529e-05
1.658017763e-05
1.553022817e-05
1.598633315e-05
1.60942133e-05
1.607711675e-05
1.619928029e-05
1.656417331e-05
1.628704949e-05
1.597189617e-05
1.600790383e-05
1.617415894e-05
1.62825922e-05
1.603582877e-05
1.608717886e-05
1.618726306e-05
1.605613002e-05
1.5977159e-05
1.647081162e-05
1.598944913e-05
1.584072269e-05
1.632689422e-05
1.577742316e-05
1.653702008e-05
1.623516527e-05
1.611005493e-05
1.607982081e-05
1.63533253e-05
1.652171231e-05
1.62689969e-05
1.609923158e-05
1.625540941e-05
1.654047091e-05
1.612595548e-05
1.610774477e-05
1.611577478e-05
1.609898558e-05
1.653730476e-05
1.630984251e-05
1.627651952e-05
1.603905649e-05
1.613576944e-05
1.621924083e-05
1.573024627e-05
1.611966765e-05
1.656985999e-05
1.636970531e-05
1.624037655e-05
1.627820305e-05
1.628434163e-05
1.60823995e-05
1.61151969e-05
1.639795815e-05
1.609217417e-05
1.61624535e-05
1.633649954e-05
1.62800398e-05
1.59637841e-05
1.641818955e-05
1.611045672e-05
1.671147211e-05
1.61728679e-05
1.673743615e-05
1.637809079e-05
1.62437138e-05
1.631820377e-05
1.635078359e-05
1.640394854e-05
1.622996014e-05
1.630058679e-05
1.615928845e-05
1.652860177e-05
1.637760837e-05
1.618060769e-05
1.672996508e-05
1.641982459e-05
1.624106709e-05
1.658969519e-05
1.638922538e-05
1.64060299e-05
1.616959098e-05
1.640468535e-05
1.619146835e-05
1.663686969e-05
1.64706723e-05
1.637674197e-05
1.656807373e-05
1.61893702e-05
1.654935969e-05
1.651171944e-05
1.62919363e-05
1.640902397e-05
1.64632575e-05
1.616141475e-05
1.632461181e-05
1.6205838e-05
1.662591533e-05
1.632382628e-05
1.63730256e-05
1.663224308e-05
1.662720667e-05
1.625101537e-05
1.643739122e-05
1.629809136e-05
1.616598771e-05
1.631717021e-05
1.640517969e-05
1.63480783e-05
1.639070501e-05
1.6331514e-05
1.67310497e-05
1.619441688e-05
1.635361812e-05
1.651743526e-05
1.61201246e-05
1.645707647e-05
1.63773621e-05
1.641308834e-05
1.613115824e-05
1.653576662e-05
1.646223929e-05
1.645881734e-05
1.65341781e-05
1.633270554e-05
1.639161079e-05
1.659916769e-05
1.643436751e-05
1.670582494e-05
1.663452678e-05
1.60627739e-05
1.650481251e-05
1.648584919e-05
1.653362335e-05
1.675569529e-05
1.628665996e-05
1.665697006e-05
1.661150343e-05
1.63285912e-05
1.633441108e-05
1.680880997e-05
1.640641338e-05
1.654517606e-05
1.667561042e-05
1.617006067e-05
1.655435336e-05
1.679944542e-05
1.694104064e-05
1.668084589e-05
1.637812485e-05
1.640750223e-05
1.640908061e-05
1.63500278e-05
1.658953312e-05
1.648607608e-05
1.646761636e-05
1.608821102e-05
1.642822174e-05
1.651420016e-05
1.651158851e-05
1.656391789e-05
1.667286954e-05
1.677990596e-05
1.644082992e-05
1.643270476e-05
1.654582245e-05
1.684601756e-05
1.651535694e-05
1.646244298e-05
1.646480524e-05
1.652006233e-05
1.673641528e-05
1.666533708e-05
1.641004366e-05
1.649325678e-05
1.692324511e-05
1.69234501e-05
1.6739025e-05
1.661922257e-05
1.665753336e-05
1.682066569e-05
1.686433096e-05
1.675747177e-05
1.674786551e-05
1.649951527e-05
1.663013409e-05
1.684931906e-05
1.702664202e-05
1.639344223e-05
1.637596019e-05
1.646562865e-05
1.690164206e-05
1.665528939e-05
1.636921521e-05
1.662929217e-05
1.652121812e-05
1.706917149e-05
1.659956876e-05
1.668280638e-05
1.684143261e-05
1.689016512e-05
1.688246352e-05
1.628318479e-05
1.684400792e-05
1.672987475e-05
1.690102247e-05
1.693425835e-05
1.67854237e-05
1.663509303e-05
1.657835438e-05
1.675152856e-05
1.709975021e-05
1.696031265e-05
1.668023509e-05
1.676704271e-05
1.655794116e-05
1.656776316e-05
1.663363045e-05
1.66229808e-05
1.704566555e-05
1.688022777e-05
1.6707e-05
1.645612734e-05
1.669379641e-05
1.677693482e-05
1.659469194e-05
1.693759298e-05
1.673418452e-05
1.646725264e-05
1.711259078e-05
1.709717929e-05
1.689765324e-05
1.695228724e-05
1.667551473e-05
1.69675642e-05
1.687117519e-05
1.671293117e-05
1.677611595e-05
1.682178592e-05
1.658283899e-05
1.663562388e-05
1.688260497e-05
1.646853512e-05
1.665035458e-05
1.676204971e-05
1.692827948e-05
1.655766495e-05
1.720304962e-05
1.6380369e-05
1.689133427e-05
1.673406193e-05
1.646190862e-05
1.704492313e-05
1.681388795e-05
1.686262204e-05
1.669495969e-05
1.670852678e-05
1.671436355e-05
1.695305697e-05
1.686070238e-05
1.713332679e-05
1.70657009e-05
1.675534759e-05
1.712333136e-05
1.679251401e-05
1.684559273e-05
1.679818022e-05
1.691438853e-05
1.677319425e-05
1.70012425e-05
1.685458698e-05
1.691969321e-05
1.664984372e-05
1.702296879e-05
1.689195245e-05
1.709054399e-05
1.713340527e-05
1.712085991e-05
1.710858281e-05
1.711752847e-05
1.720233575e-05
1.719722258e-05
1.669178165e-05
1.724056208e-05
1.708139495e-05
1.701163694e-05
1.730081839e-05
1.674808113e-05
1.677432226e-05
1.694144834e-05
1.743215144e-05
1.72153929e-05
1.647458334e-05
1.689917715e-05
1.73308278e-05
1.705353757e-05
1.710064031e-05
1.7039378e-05
1.720412943e-05
1.720141072e-05
1.69938127e-05
1.687363251e-05
1.701403288e-05
1.67710859e-05
1.726983193e-05
1.709646236e-05
1.700089079e-05
1.695023171e-05
1.765065933e-05
1.728392513e-05
1.718748368e-05
1.722300229e-05
1.657743605e-05
1.69949964e-05
1.73185642e-05
1.685339099e-05
1.707018638e-05
1.701113955e-05
1.695891414e-05
1.722804128e-05
1.734088707e-05
1.736726584e-05
1.747883945e-05
1.73854464e-05
1.718003041e-05
1.7186904e-05
1.70532149e-05
1.727826311e-05
1.714941868e-05
1.71710074e-05
1.722949636e-05
1.713937811e-05
1.727157517e-05
1.723509054e-05
1.708097102e-05
1.715339935e-05
1.711939038e-05
1.72823693e-05
1.715903949e-05
1.728624184e-05
1.68613792e-05
1.726986373e-05
1.72048318e-05
1.736358715e-05
1.6907895e-05
1.705884511e-05
1.702661512e-05
1.735599822e-05
1.720355413e-05
1.71700886e-05
1.764114451e-05
1.755199005e-05
1.699537152e-05
1.739306099e-05
1.738825177e-05
1.725691729e-05
1.750629743e-05
1.708398929e-05
1.727803917e-05
1.723989552e-05
1.757572609e-05
1.707969961e-05
1.747070746e-05
1.74858712e-05
1.730448989e-05
1.7196551e-05
1.742862562e-05
1.73673519e-05
1.758751382e-05
1.743120269e-05
1.744703159e-05
1.731851015e-05
1.754568353e-05
1.731572607e-05
1.739540058e-05
1.778036678e-05
1.701356202e-05
1.734077458e-05
1.698731593e-05
1.756403039e-05
1.766354697e-05
1.79460416e-05
1.749285442e-05
1.751477672e-05
1.760790957e-05
1.763777551e-05
1.733873855e-05
1.769296826e-05
1.765592255e-05
1.778252122e-05
1.730194446e-05
1.738493562e-05
1.768560282e-05
1.753954017e-05
1.727988072e-05
1.758328852e-05
1.752605729e-05
1.764457397e-05
1.742539945e-05
1.762653994e-05
1.748776976e-05
1.786416326e-05
1.76583766e-05
1.749966616e-05
1.765821337e-05
1.732923037e-05
1.751689563e-05
1.74815226e-05
1.760781709e-05
1.765072502e-05
1.774482341e-05
1.797846037e-05
1.774296082e-05
1.721311923e-05
1.770896704e-05
1.770884081e-05
1.791253851e-05
1.746343841e-05
1.77546759e-05
1.775598593e-05
1.768639654e-05
1.788191632e-05
1.7717835e-05
1.733981158e-05
1.781151101e-05
1.781951442e-05
1.739293549e-05
1.815172152e-05
1.757647549e-05
1.78189783e-05
1.789960782e-05
1.75591311e-05
1.780523264e-05
1.776670821e-05
1.786871311e-05
1.76597136e-05
1.775074116e-05
1.774354354e-05
1.76421573e-05
1.783573537e-05
1.768822356e-05
1.786129882e-05
1.757708967e-05
1.758400182e-05
1.758445408e-05
1.751804613e-05
1.740912156e-05
1.756732606e-05
1.804345522e-05
1.78526925e-05
1.756635978e-05
1.787513834e-05
1.820584347e-05
1.787192271e-05
1.813767579e-05
1.773524724e-05
1.753573442e-05
1.811589491e-05
1.78312449e-05
1.805698706e-05
1.756513278e-05
1.784767904e-05
1.797644299e-05
1.806446752e-05
1.767891029e-05
1.744815547e-05
1.771560876e-05
1.768161572e-05
1.803033826e-05
1.766761395e-05
1.817281358e-05
1.796000471e-05
1.778443586e-05
1.818897808e-05
1.789405842e-05
1.780819564e-05
1.785714527e-05
1.790361704e-05
1.77260317e-05
1.796202672e-05
1.82121772e-05
1.799407074e-05
1.797392367e-05
1.77336406e-05
1.794985877e-05
1.796509443e-05
1.798268598e-05
1.816597841e-05
1.81796779e-05
1.795924207e-05
1.821015314e-05
1.810494968e-05
1.821256831e-05
1.789508038e-05
1.792668485e-05
1.795641386e-05
1.8029014e-05
1.814192793e-05
1.783002342e-05
1.831727912e-05
1.821300916e-05
1.77841864e-05
1.771302283e-05
1.809095898e-05
1.835768837e-05
1.789425742e-05
1.828606812e-05
1.832112347e-05
1.81596301e-05
1.807520036e-05
1.800576838e-05
1.847765337e-05
1.77776265e-05
1.857112158e-05
1.850770924e-05
1.845076292e-05
1.787909342e-05
1.858480594e-05
1.815408285e-05
1.866523338e-05
1.827466155e-05
1.842668271e-05
1.831213469e-05
1.845988487e-05
1.835095875e-05
1.834686697e-05
1.830852113e-05
1.871500008e-05
1.857944799e-05
1.822964614e-05
1.836869145e-05
1.850507172e-05
1.813581111e-05
1.803431094e-05
1.822032332e-05
1.829223634e-05
1.857083988e-05
1.857538273e-05
1.826578786e-05
1.841601673e-05
1.8567045e-05
1.834034611e-05
1.849383636e-05
1.842219928e-05
1.851952536e-05
1.86440017e-05
1.822943277e-05
1.891921437e-05
1.824774509e-05
1.887343896e-05
1.876595198e-05
1.851655906e-05
1.82704323e-05
1.865462245e-05
1.865215655e-05
1.895370942e-05
1.902161132e-05
1.860807805e-05
1.848278589e-05
1.867266816e-05
1.879518862e-05
1.852096503e-05
1.85483671e-05
1.838028501e-05
1.870454792e-05
1.848815106e-05
1.841165303e-05
1.835994687e-05
1.859049133e-05
1.878344798e-05
1.93215069e-05
1.844816606e-05
1.874187072e-05
1.883690375e-05
1.877140168e-05
1.904942776e-05
1.861947779e-05
1.867021303e-05
1.871334751e-05
1.883016589e-05
1.866965162e-05
1.885349704e-05
1.886815538e-05
1.919767073e-05
1.889089736e-05
1.882175339e-05
1.892667198e-05
1.88874573e-05
1.85871294e-05
1.864114945e-05
1.90883328e-05
1.879826793e-05
1.87914144e-05
1.896411471e-05
1.929385025e-05
1.927738584e-05
1.888059739e-05
1.917028453e-05
1.911401921e-05
1.882765852e-05
1.887699132e-05
1.885146888e-05
1.901130114e-05
1.904685992e-05
1.883456126e-05
1.923643854e-05
1.921476186e-05
1.8976378e-05
1.889214777e-05
1.902354445e-05
1.925533743e-05
1.888425158e-05
1.92194283e-05
1.935558587e-05
1.909529128e-05
1.902135006e-05
1.942306359e-05
1.90453455e-05
1.914832369e-05
1.901903216e-05
1.894727039e-05
1.909406453e-05
1.955264867e-05
1.921012589e-05
1.931670426e-05
1.929111971e-05
1.925786524e-05
1.902982523e-05
1.882194726e-05
1.911805949e-05
1.94188049e-05
1.918293078e-05
1.920414316e-05
1.939591417e-05
1.912471918e-05
1.972671713e-05
1.914105275e-05
1.923681739e-05
1.941107752e-05
1.941706872e-05
1.903721987e-05
1.934503977e-05
1.904668605e-05
1.938799559e-05
1.957837178e-05
1.957410401e-05
1.94838495e-05
1.956815919e-05
1.963567726e-05
1.94329944e-05
1.981343842e-05
1.902916266e-05
1.953695869e-05
1.964198501e-05
1.958461592e-05
1.950758759e-05
2.005124775e-05
1.989816764e-05
1.984454116e-05
1.949402236e-05
1.937696901e-05
1.957024467e-05
1.977265258e-05
2.015806888e-05
1.97874099e-05
1.978840729e-05
1.940017926e-05
1.966620815e-05
1.963139731e-05
1.969286742e-05
1.984986093e-05
1.987242729e-05
1.969094054e-05
1.990279893e-05
1.998507813e-05
1.977963353e-05
1.968699998e-05
2.021631418e-05
1.954644158e-05
1.945770182e-05
1.990313521e-05
1.971490825e-05
2.014793778e-05
1.987218054e-05
1.983590277e-05
2.012912604e-05
2.026474057e-05
1.990926845e-05
1.990240231e-05
1.982800959e-05
1.970475871e-05
1.989408449e-05
1.963197352e-05
2.007038374e-05
2.005336132e-05
2.013038208e-05
1.982283434e-05
2.018504143e-05
2.03194524e-05
2.015652494e-05
2.019644389e-05
2.071714584e-05
2.042316303e-05
2.004361284e-05
1.978503186e-05
2.027582321e-05
1.990935461e-05
2.011371703e-05
2.055912468e-05
2.012681797e-05
2.014797726e-05
2.024954511e-05
2.028054868e-05
2.038423771e-05
2.053507339e-05
2.007256175e-05
2.050322382e-05
2.084092011e-05
2.020869801e-05
2.045129224e-05
2.045334566e-05
2.039239525e-05
2.014828547e-05
2.036959734e-05
2.072581808e-05
2.051003647e-05
2.057466653e-05
2.070497064e-05
2.047915233e-05
2.077839106e-05
2.066589928e-05
2.08275357e-05
2.064689622e-05
2.082002143e-05
2.073127066e-05
2.056537901e-05
2.04818527e-05
2.081520883e-05
2.033229248e-05
2.104384353e-05
2.112598264e-05
2.04486326e-05
2.067368945e-05
2.060745446e-05
2.071701248e-05
2.061215929e-05
2.116711914e-05
2.090420465e-05
2.089471257e-05
2.093095454e-05
2.105761061e-05
2.081582301e-05
2.106047488e-05
2.103529963e-05
2.078561862e-05
2.092472018e-05
2.055976233e-05
2.145405569e-05
2.091101672e-05
2.127923773e-05
2.076739289e-05
2.093533823e-05
2.156676098e-05
2.103174676e-05
2.12610416e-05
2.120713471e-05
2.124218712e-05
2.156774722e-05
2.10254969e-05
2.09463376e-05
2.151966119e-05
2.147384445e-05
2.106540489e-05
2.094001719e-05
2.148817823e-05
2.160794688e-05
2.13554085e-05
2.150011048e-05
2.16106508e-05
2.151280002e-05
2.129655829e-05
2.162475696e-05
2.143732627e-05
2.110297452e-05
2.175075663e-05
2.111485882e-05
2.174649975e-05
2.125639351e-05
2.201713056e-05
2.104980819e-05
2.158970572e-05
2.163416491e-05
2.184710892e-05
2.164727481e-05
2.159275462e-05
2.149779293e-05
2.184255941e-05
2.169898116e-05
2.197864598e-05
2.19495864e-05
2.166838305e-05
2.222912294e-05
2.178174864e-05
2.168804692e-05
2.158007921e-05
2.219849158e-05
2.183403664e-05
2.168404407e-05
2.184875795e-05
2.201330676e-05
2.239129953e-05
2.277465988e-05
2.181577664e-05
2.192106576e-05
2.229827448e-05
2.193283852e-05
2.206803373e-05
2.19606501e-05
2.191352825e-05
2.215524752e-05
2.196189695e-05
2.224434212e-05
2.236897507e-05
2.259819664e-05
2.230369588e-05
2.264203968e-05
2.240177837e-05
2.207705776e-05
2.223844543e-05
2.211263786e-05
2.191759555e-05
2.270701118e-05
2.244382272e-05
2.266024637e-05
2.22851321e-05
2.291633021e-05
2.315237907e-05
2.25330671e-05
2.289557316e-05
2.241415131e-05
2.270860253e-05
2.281716151e-05
2.286839202e-05
2.230525791e-05
2.315440469e-05
2.31783908e-05
2.310214848e-05
2.332219308e-05
2.254894711e-05
2.267252241e-05
2.261140144e-05
2.301808075e-05
2.254034696e-05
2.343346643e-05
2.292991512e-05
2.271892376e-05
2.347566467e-05
2.266925521e-05
2.314953271e-05
2.339834856e-05
2.31921661e-05
2.303984015e-05
2.288363093e-05
2.294830291e-05
2.295613643e-05
2.357433936e-05
2.315857224e-05
2.35412951e-05
2.3525493e-05
2.344572697e-05
2.325707639e-05
2.32950224e-05
2.357825616e-05
2.334610465e-05
2.330756852e-05
2.356422379e-05
2.369769139e-05
2.386902172e-05
2.369252293e-05
2.375971021e-05
2.366792057e-05
2.372863587e-05
2.369233455e-05
2.376184147e-05
2.436855917e-05
2.37430018e-05
2.377918974e-05
2.380831704e-05
2.425525865e-05
2.457229628e-05
2.408391124e-05
2.421064936e-05
2.431600454e-05
2.41282944e-05
2.401753725e-05
2.410836522e-05
2.429057743e-05
2.453704004e-05
2.422579484e-05
2.418555907e-05
2.418164487e-05
2.46716587e-05
2.446559791e-05
2.493586931e-05
2.431848656e-05
2.483379213e-05
2.452044699e-05
2.466670048e-05
2.473527025e-05
2.474938662e-05
2.469433651e-05
2.492606225e-05
2.481210955e-05
2.46011528e-05
2.531915455e-05
2.523628598e-05
2.489259257e-05
2.533414787e-05
2.494583831e-05
2.544079132e-05
2.543747224e-05
2.548051156e-05
2.532040849e-05
2.542821269e-05
2.581857105e-05
2.537685158e-05
2.530368338e-05
2.480601916e-05
2.555923158e-05
2.568692212e-05
2.544384361e-05
2.577577597e-05
2.599189717e-05
2.558282321e-05
2.577244018e-05
2.562894467e-05
2.576633545e-05
2.61274204e-05
2.591959785e-05
2.615615704e-05
2.595788254e-05
2.609587191e-05
2.635430109e-05
2.646605467e-05
2.660240004e-05
2.660902004e-05
2.624140468e-05
2.658238843e-05
2.634850717e-05
2.663687177e-05
2.66163824e-05
2.650052977e-05
2.687140311e-05
2.706874599e-05
2.678146205e-05
2.715185662e-05
2.652966704e-05
2.709273882e-05
2.685790782e-05
2.662289197e-05
2.730593563e-05
2.734228457e-05
2.721338989e-05
2.746353351e-05
2.718121652e-05
2.724653308e-05
2.722151138e-05
2.80930423e-05
2.764566499e-05
2.749346046e-05
2.766234303e-05
2.782471556e-05
2.799259969e-05
2.821966995e-05
2.787128142e-05
2.828576578e-05
2.828361876e-05
2.81866909e-05
2.764606664e-05
2.836854995e-05
2.82977297e-05
2.906757525e-05
2.891950324e-05
2.841197101e-05
2.852379925e-05
2.858170958e-05
2.878376027e-05
2.909109273e-05
2.885853493e-05
2.901294365e-05
2.948478421e-05
2.851655994e-05
2.956609718e-05
2.917474017e-05
2.951188045e-05
3.004997337e-05
2.931176947e-05
3.012012752e-05
2.968230277e-05
2.957189149e-05
3.003968162e-05
3.033758834e-05
3.038990906e-05
3.045150414e-05
3.046280892e-05
3.031311466e-05
3.061534318e-05
2.999856025e-05
3.052207595e-05
3.100920058e-05
3.084094094e-05
3.101210929e-05
3.103416268e-05
3.121716689e-05
3.103563605e-05
3.176942939e-05
3.173038504e-05
3.116958475e-05
3.152486112e-05
3.16831494e-05
3.207163278e-05
3.22643758e-05
3.20636777e-05
3.20457406e-05
3.222989074e-05
3.237205991e-05
3.26985253e-05
3.290973058e-05
3.22223408e-05
3.323495913e-05
3.288004658e-05
3.356373557e-05
3.321268207e-05
3.359547689e-05
3.326817316e-05
3.325211498e-05
3.326926569e-05
3.347997028e-05
3.36765154e-05
3.44849588e-05
3.480352234e-05
3.405283819e-05
3.445359716e-05
3.487011994e-05
3.540155501e-05
3.540232825e-05
3.558214104e-05
3.490464704e-05
3.531404711e-05
3.515996574e-05
3.634038765e-05
3.620779664e-05
3.682512039e-05
3.723661302e-05
3.641016383e-05
3.697522218e-05
3.76094343e-05
3.749911387e-05
3.737612764e-05
3.786618045e-05
3.77238145e-05
3.830603872e-05
3.818781361e-05
3.785888192e-05
3.872323223e-05
3.820567463e-05
3.920415606e-05
3.972454562e-05
3.916847331e-05
3.966963915e-05
3.965384892e-05
4.036368481e-05
4.074901747e-05
4.019837171e-05
4.032633001e-05
4.112016107e-05
4.100409094e-05
4.150337642e-05
4.203043206e-05
4.25586188e-05
4.227736931e-05
4.221474291e-05
4.282497556e-05
4.271918699e-05
4.344515962e-05
4.373320039e-05
4.373854005e-05
4.458227088e-05
4.435187717e-05
4.432175631e-05
4.469772948e-05
4.490817437e-05
4.467664384e-05
4.530127348e-05
4.546291485e-05
4.593384958e-05
4.543581156e-05
4.559943891e-05
4.626723551e-05
4.72998908e-05
4.723257904e-05
4.683705266e-05
4.773318148e-05
4.736500289e-05
4.830577043e-05
4.81038493e-05
4.880542543e-05
4.748013521e-05
4.92038856e-05
4.876374232e-05
4.858531695e-05
4.880204848e-05
4.875565322e-05
4.869556743e-05
4.852194221e-05
4.916557126e-05
4.919771694e-05
4.892503721e-05
4.926570741e-05
4.91723024e-05
4.967775239e-05
4.885887699e-05
4.804333537e-05
4.914500261e-05
4.850377154e-05
4.864038319e-05
4.843032309e-05
4.826087022e-05
4.816495555e-05
4.773408174e-05
4.706821805e-05
4.766009524e-05
4.736714946e-05
4.734301932e-05
4.684962192e-05
4.65298719e-05
4.541914755e-05
4.500774753e-05
4.524338282e-05
4.56171021e-05
4.360521974e-05
4.377148679e-05
4.36470688e-05
4.359449723e-05
4.264333518e-05
4.101977886e-05
4.155457577e-05
4.124936381e-05
3.983254752e-05
4.011371248e-05
3.896147351e-05
3.825419524e-05
3.741934313e-05
3.717190032e-05
3.666231011e-05
3.585082111e-05
3.532330327e-05
3.430768735e-05
3.395940144e-05
3.33856905e-05
3.168341086e-05
3.163167648e-05
3.092154749e-05
3.019957783e-05
2.944345563e-05
2.929428257e-05
2.813619207e-05
2.719184789e-05
2.697387438e-05
2.626481129e-05
2.491625749e-05
2.465515147e-05
2.394629949e-05
2.255011721e-05
2.195727752e-05
2.131915173e-05
2.069854182e-05
2.025897332e-05
1.895784097e-05
1.892300357e-05
1.776277468e-05
1.721888199e-05
1.666519771e-05
1.560466149e-05
1.522329044e-05
1.465608893e-05
1.423976402e-05
1.336132151e-05
1.323356887e-05
1.254403236e-05
1.204429666e-05
1.190685194e-05
1.08905617e-05
1.041238105e-05
9.678797084e-06
9.346314351e-06
8.879391181e-06
8.118606514e-06
7.872385459e-06
7.433787181e-06
7.167224491e-06
6.969461671e-06
6.365666928e-06
6.193602518e-06
5.589946596e-06
5.268146465e-06
5.144905612e-06
4.77536589e-06
4.58528628e-06
4.278925331e-06
4.049678504e-06
3.79352012e-06
3.583774045e-06
3.282000892e-06
3.128069316e-06
2.973781719e-06
2.654388443e-06
2.434571969e-06
2.418671163e-06
2.235860188e-06
2.063506517e-06
1.842058899e-06
1.661227797e-06
1.70960792e-06
1.572878191e-06
1.394796058e-06
1.27829378e-06
1.270273875e-06
1.160786884e-06
1.093466704e-06
8.25413792e-07
8.55154472e-07
7.814315077e-07
8.580741769e-07
8.595745741e-07
5.819834676e-07
5.762452553e-07
6.00257334e-07
4.940893571e-07
5.419563666e-07
4.884167158e-07
4.371710828e-07
4.396068383e-07
4.745351005e-07
3.506176492e-07
2.569545543e-07
2.715120767e-07
2.731924076e-07
1.936703885e-07
2.293201237e-07
2.076798676e-07
1.819755208e-07
2.194814016e-07
2.310086429e-07
1.988001726e-07
1.477742077e-07
1.379055402e-07
1.291864216e-07
1.368327943e-07
8.890104796e-08
1.252208354e-07
1.138602454e-07
5.772799753e-08
1.261435682e-07
7.952453539e-08
8.227143739e-08
1.096768458e-07
5.884985096e-08
6.811823541e-08
5.397524294e-08
2.879759593e-08
3.485785126e-08
6.83008021e-08
6.018389448e-08
5.537345836e-08
1.722409944e-08
5.036615166e-08
3.312649969e-08
2.868978061e-08
6.402724419e-08
7.275317234e-08
4.349001902e-08
6.287513871e-08
4.152689264e-08
4.674346472e-08
3.363731273e-08
4.440577249e-08
5.805752506e-08
4.95705174e-08
7.175521234e-08
4.678428019e-08
7.494415919e-08
5.280738263e-08
7.030414952e-08
4.827254101e-08
3.283193953e-08
4.218171722e-08
6.01043796e-08
3.199409921e-08
7.449162777e-08
3.78336794e-08
7.022664578e-08
6.933840002e-08
3.58279883e-08
4.289563747e-08
4.896380441e-08
4.585969731e-08
2.947899858e-08
3.075278535e-08
5.017192719e-08
4.893017133e-08
6.322795571e-08
4.854124495e-08
7.518196506e-08
4.711836154e-08
4.713412459e-08
1.18965773e-07
5.016196852e-08
5.68537478e-08
3.982443077e-08
2.430536605e-08
5.823419583e-08
6.593435141e-08
4.726076602e-08
4.510682513e-08
6.154026712e-08
5.760575794e-08
3.95760999e-08
3.706891043e-08
5.645323997e-08
3.849793634e-08
5.332829201e-08
7.995753543e-08
3.971134444e-08
3.914347398e-08
5.064269966e-08
2.50967025e-08
4.328205772e-08
6.826521496e-08
4.451129759e-08
3.012108639e-08
4.67342993e-08
2.825216668e-08
2.987887699e-08
6.367957968e-08
7.990901131e-08
3.124247484e-08
4.546807387e-08
6.64587377e-08
3.76428921e-08
4.05696379e-08
4.283721299e-08
3.791533894e-08
7.300216408e-08
5.127479947e-08
4.355574721e-08
3.147584306e-08
3.796636032e-08
3.261191952e-08
2.011257717e-08
3.920450482e-08
5.114051476e-08
5.819950665e-08
5.119837681e-08
5.54389402e-08
3.900509316e-08
5.833015496e-08
3.138257208e-08
3.444804937e-08
4.035267591e-08
5.281294994e-08
5.331932161e-08
7.604669371e-08
5.278665579e-08
3.34617163e-08
3.249253802e-08
5.131741839e-08
6.235192283e-08
6.379902645e-08
4.311935452e-08
3.685639512e-08
3.771951678e-08
2.998926484e-08
4.486310622e-08
4.606264276e-08
3.933194398e-08
4.007950874e-08
5.725503408e-08
3.554882666e-08
7.461653873e-08
4.919997482e-08
5.715560895e-08
3.678326748e-08
3.868899272e-08
5.038555728e-08
3.25213444e-08
3.783953463e-08
3.18367596e-08
3.61263318e-08
3.408118e-08
5.318068686e-08
2.455680927e-08
4.010150022e-08
2.95146543e-08
4.822228823e-08
4.126556058e-08
7.617173029e-08
2.848671426e-08
4.263225223e-08
3.989642541e-08
3.225244566e-08
5.675604191e-08
5.402698679e-08
3.473256842e-08
6.781826143e-08
6.063587854e-08
8.242743413e-08
4.368327688e-08
4.270493683e-08
5.705943341e-08
3.686837454e-08
6.020872656e-08
5.014330297e-08
5.591687209e-08
5.060853274e-08
4.958567076e-08
4.457934837e-08
3.505790308e-08
3.593597136e-08
6.773053886e-08
2.837590752e-08
4.362752271e-08
5.507147946e-08
2.862077909e-08
4.104856491e-08
3.451403676e-08
4.026872752e-08
3.8846088e-08
5.279510767e-08
2.945701745e-08
3.350104857e-08
8.263216603e-08
3.625851387e-08
5.939681079e-08
8.116801028e-08
4.043345656e-08
3.935266247e-08
4.021290948e-08
4.748506951e-08
2.55353523e-08
5.185075874e-08
6.148733871e-08
4.657636034e-08
3.690406613e-08
3.238601215e-08
3.584926963e-08
4.651108542e-08
2.184913648e-08
4.035586708e-08
3.056808995e-08
7.078876745e-08
6.074727203e-08
3.021641876e-08
5.356988344e-08
6.146153973e-08
4.055590814e-08
3.040228089e-08
2.219396557e-08
4.192458894e-08
4.975054876e-08
4.649988381e-08
7.142600535e-08
2.811940759e-08
7.33024727e-08
7.440127188e-08
5.85604763e-08
7.06695464e-08
5.425613848e-08
3.020205403e-08
4.12342268e-08
3.931021443e-08
4.990349007e-08
5.628899419e-08
3.91746301e-08
5.719218361e-08
4.626343821e-08
2.684906168e-08
2.933172818e-08
3.79038597e-08
3.809051078e-08
2.391148127e-08
3.772390005e-08
3.412625594e-08
3.483718501e-08
4.818126369e-08
2.28718252e-08
3.885814179e-08
4.523984783e-08
2.210318097e-08
3.382757816e-08
3.346502232e-08
2.64814275e-08
4.559729827e-08
2.407732618e-08
2.67859522e-08
1.59739264e-08
1.989619891e-08
3.891077068e-08
4.542496513e-08
1.656288827e-08
2.177037169e-08
3.023451754e-08
4.330180115e-08
4.781376689e-08
2.627246868e-08
4.264106439e-08
3.388732571e-08
4.02072871e-08
2.097139203e-08
3.483243956e-08
5.235597868e-08
4.308687321e-08
2.350499425e-08
3.456035521e-08
3.350725764e-08
3.013324768e-08
3.699300797e-08
3.079682372e-08
3.092900685e-08
2.061651217e-08
2.97065314e-08
2.465383691e-08
2.697837727e-08
2.537341426e-08
2.475777735e-08
3.1612989e-08
3.520425516e-08
1.678701109e-08
3.331253918e-08
4.268240957e-08
3.432663113e-08
2.821134962e-08
3.980650411e-08
4.919797405e-08
3.274419187e-08
3.423970643e-08
5.278660748e-08
2.159840585e-08
4.773394376e-08
3.890685081e-08
4.102407784e-08
4.873765929e-08
3.253981022e-08
1.925789117e-08
2.71384692e-08
1.649033105e-08
2.20760537e-08
1.761039548e-08
2.545634246e-08
1.176179845e-08
1.739471193e-08
2.504913163e-08
2.719133445e-08
4.940016165e-08
4.079405965e-08
1.676531408e-08
9.198800278e-09
2.454455338e-08
2.798982419e-08
3.171462121e-08
2.43467605e-08
1.226415111e-08
2.15815751e-08
1.804280347e-08
2.7613666e-08
1.720524207e-08
2.857831711e-08
4.737101373e-08
2.713663452e-08
2.950636557e-08
1.289024596e-08
3.079497926e-08
4.363480314e-08
3.904038553e-08
2.978888857e-08
2.957864453e-08
1.65835997e-08
1.785943784e-08
1.722889641e-08
4.32880543e-08
2.185880798e-08
2.174539603e-08
4.974260608e-08
2.297526633e-08
1.261871696e-08
1.35618449e-08
3.499171742e-08
3.540700919e-08
4.194006027e-08
4.346294136e-08
2.655103907e-08
3.380298188e-08
3.651327319e-08
4.378858545e-08
5.02798213e-08
3.32938666e-08
2.557410252e-08
4.482108062e-08
2.225194149e-08
5.91199622e-08
2.591393975e-08
1.063868057e-08
2.578000353e-08
5.595960179e-08
7.151202933e-08
4.267291117e-08
4.663505922e-08
3.258095169e-08
5.907257324e-08
3.24003733e-08
1.814274086e-08
3.777811758e-08
3.417479454e-08
5.048219608e-08
2.505004978e-08
1.001114031e-07
4.93231586e-08
6.964328031e-08
4.621545056e-08
3.692259772e-08
5.832854402e-08
2.451090642e-08
4.454361509e-08
4.015910637e-08
2.303331241e-08
3.493719451e-08
1.986638779e-08
3.099372896e-08
7.535758337e-08
2.601445935e-08
4.11972119e-08
2.022684214e-08
4.205733725e-08
3.239929181e-08
3.048215451e-08
2.697067618e-08
1.232578708e-08
4.868851178e-08
2.309863467e-08
3.758923672e-08
5.761543109e-08
3.432934349e-08
2.519912277e-08
5.433710955e-08
1.712459373e-08
4.496949175e-08
3.675435967e-08
4.581278074e-08
1.774873186e-08
1.948525788e-08
4.858661975e-08
1.362495378e-08
2.80399922e-08
2.633267037e-08
2.575177999e-08
2.397703656e-08
2.474626621e-08
2.61523186e-08
2.513885003e-08
3.685227931e-08
3.124858837e-08
6.132571345e-08
2.101281518e-08
2.811780799e-08
1.789567028e-08
4.548204757e-08
3.374659627e-08
3.713375708e-08
2.514065857e-08
3.096183976e-08
2.723679469e-08
4.339062964e-08
5.639186146e-08
3.180990675e-08
4.112969857e-08
4.14893875e-08
4.058629196e-08
8.527890096e-08
4.87406627e-08
3.145600358e-08
5.409748161e-08
2.133929229e-08
3.15250526e-08
2.293904126e-08
3.792057895e-08
4.108925816e-08
2.760388774e-08
4.870928768e-08
2.498378262e-08
5.400490415e-08
4.402247042e-08
2.988458136e-08
1.067091002e-08
4.526524548e-08
3.852061084e-08
5.219023134e-08
1.600598335e-08
1.204279348e-08
1.211269611e-08
4.078973272e-08
1.955983384e-08
1.56066852e-08
4.047532216e-08
2.794980144e-08
1.000433066e-08
1.325698378e-08
3.105921244e-08
2.813143761e-08
1.715198722e-08
4.021473913e-08
3.050332373e-08
2.865236526e-08
2.981546824e-08
3.502999674e-08
2.717895266e-08
3.354984005e-08
1.683290693e-08
5.488971602e-08
2.901047696e-08
5.061269032e-08
5.830693857e-08
1.974456852e-08
2.25450111e-08
2.697957324e-08
2.805404166e-08
2.817019778e-08
3.326349422e-08
2.169572505e-08
4.010370225e-08
1.566101829e-08
3.30346749e-08
4.805627795e-08
5.857535216e-09
1.842892662e-08
3.846630786e-08
1.796274483e-08
2.859707933e-08
3.329432952e-08
2.679099782e-08
2.527468042e-08
3.644383661e-08
2.047158117e-08
2.465100629e-08
1.499369418e-08
4.935583886e-08
2.735866383e-08
1.557236408e-08
2.426941884e-08
2.67833165e-08
2.521474509e-08
3.386312342e-08
1.384471342e-08
4.494304149e-09
2.025768164e-08
4.835947017e-08
2.182161416e-08
3.202689784e-08
3.161740436e-08
2.67294167e-08
2.301583963e-08
1.595003368e-08
4.581337592e-09
5.795952651e-09
2.561895268e-08
1.137674893e-08
1.476202481e-08
9.142782077e-09
1.172615001e-08
2.10232104e-08
2.002123645e-08
4.889077563e-09
3.013684457e-08
7.981881042e-09
2.633969674e-08
1.910949119e-08
2.75801117e-08
2.209115831e-08
3.599584281e-08
3.11539291e-09
1.246425958e-08
2.559766321e-08
2.152940319e-08
2.490666475e-08
1.429059397e-08
3.803401811e-08
2.227351112e-08
2.356362332e-08
1.759396017e-08
4.441013683e-08
1.145176883e-08
3.568247825e-08
1.148574235e-08
2.30273952e-08
1.852997232e-08
1.13684596e-08
2.654233616e-08
3.725852072e-08
4.896901616e-08
2.284428082e-08
1.627132918e-08
2.861644301e-08
2.267647563e-08
5.444270549e-09
3.797795362e-08
8.572669746e-09
2.287580333e-08
1.422746478e-08
4.923134401e-09
2.38784502e-08
2.328688229e-08
2.83154013e-08
1.12938173e-08
2.973018639e-08
1.667026144e-08
2.989948943e-08
1.158583324e-08
1.326319837e-08
1.766284763e-08
4.06373527e-08
4.582784898e-08
2.742623397e-08
2.896062635e-08
4.064836872e-08
2.393265004e-08
1.902678716e-08
3.716364271e-08
2.779367664e-08
3.147667835e-08
1.00774109e-08
1.710144592e-08
1.795329057e-08
4.498950395e-08
1.785475261e-08
5.120936192e-08
2.41100613e-08
4.491464034e-08
3.168302988e-08
1.600286177e-08
2.103095159e-08
5.525990934e-09
1.438582532e-08
1.708886465e-08
2.001961626e-08
9.197908667e-09
1.765661905e-08
2.042840285e-08
1.09492317e-08
1.436282489e-08
1.08267406e-08
2.272299439e-08
1.287916724e-08
1.248605418e-08
1.320485222e-08
3.524164718e-08
2.229511104e-08
3.399182787e-08
3.79482213e-08
2.926022148e-08
3.658034196e-08
5.250211222e-08
1.90712698e-08
2.934077482e-08
4.025518439e-08
3.399422272e-08
2.149050412e-08
2.67713177e-08
4.118944552e-08
5.645886917e-08
1.837670244e-08
2.459957323e-08
2.95660518e-08
3.669533863e-08
2.057567643e-08
3.449754066e-08
2.729081489e-08
2.786571436e-08
1.865134195e-08
1.625057998e-08
2.76150645e-08
2.652270387e-08
8.497525853e-09
1.775505013e-08
1.507851501e-08
3.489857825e-08
2.328877825e-08
3.791274305e-08
8.189829769e-08
1.431559619e-08
3.202964313e-08
1.792583734e-08
6.559609805e-09
2.416108883e-08
1.584135149e-08
2.303087072e-08
1.196894313e-08
1.724625807e-08
1.73619499e-08
2.142057988e-08
3.303969435e-08
1.131655233e-08
1.740647785e-08
1.239464932e-08
9.526382154e-09
1.117983152e-08
1.891251169e-08
2.23186312e-08
2.156537109e-08
2.650612936e-08
2.050687888e-08
2.386678187e-08
2.880055572e-08
3.931415166e-08
2.804591382e-08
3.349330553e-08
8.914953016e-09
1.144836607e-08
2.372140765e-08
1.254681921e-08
1.89209628e-08
3.721580566e-08
1.792369756e-08
1.629889515e-08
2.656145428e-08
2.426214924e-08
1.118789487e-08
2.819310498e-08
1.944839618e-08
1.689435373e-08
1.571685177e-08
2.541870238e-08
3.149191254e-08
1.229552409e-08
4.90788287e-08
2.401178084e-08
8.607548692e-09
1.692640549e-08
1.759462092e-08
3.569593294e-08
1.816739239e-08
3.452180072e-08
1.629714076e-08
3.187257312e-08
2.742712277e-08
2.376300832e-08
1.292409677e-08
2.346441813e-08
4.186479818e-08
2.171808429e-08
2.751673712e-08
2.214645439e-08
2.837627388e-08
3.528583361e-08
1.457247678e-08
3.981405301e-08
9.009015442e-09
1.098060559e-08
1.58277454e-08
2.538023113e-08
5.225311401e-08
4.208124473e-08
3.252294919e-08
2.30859849e-08
2.755476579e-08
2.490276706e-08
1.631366642e-08
2.90374939e-08
3.963226988e-08
1.580173058e-08
3.145389296e-08
7.44133615e-09
5.520919016e-08
2.273027897e-08
3.014095629e-08
2.371560115e-08
1.865522177e-08
2.39622459e-08
1.711121371e-08
3.538851057e-08
3.991769964e-08
2.283895938e-08
3.015927049e-08
1.827496726e-08
1.837661581e-08
1.614316577e-08
1.429981634e-08
3.797837581e-08
2.020891408e-08
2.939757839e-08
2.859402552e-08
2.518056202e-08
2.886490135e-08
1.371296675e-08
2.645565069e-08
5.200922388e-08
6.235446766e-08
3.080056882e-08
1.517318794e-08
3.500561283e-08
1.816971199e-08
4.950992265e-08
3.672588725e-08
1.540778175e-08
2.982218393e-08
2.733132201e-08
3.441461011e-08
2.72861723e-08
1.313274669e-08
2.366657238e-08
6.989635941e-09
1.002337027e-08
1.482700151e-08
2.888779088e-08
1.719982642e-08
3.818262737e-08
3.969072587e-08
1.049842197e-08
1.703242257e-08
3.699335379e-08
3.069907843e-08
1.314145533e-08
1.392392761e-08
3.236921994e-08
1.249701908e-08
1.233176341e-08
1.280821923e-08
2.826213645e-08
3.651150268e-08
1.556293439e-08
1.573751238e-08
2.667290636e-08
1.58531127e-08
1.785751072e-08
1.338967734e-08
3.313664934e-08
3.185850422e-08
1.490929828e-08
2.593056975e-08
1.267128472e-08
1.324800711e-08
1.267232043e-08
1.161736414e-08
9.974935211e-09
2.39858114e-08
2.315548827e-08
3.241325573e-08
3.570257041e-08
2.079267628e-08
4.132644867e-08
2.657858492e-08
2.912768648e-08
4.056274917e-08
7.970412483e-09
2.191715263e-08
2.648140723e-08
2.592524572e-08
3.689083013e-08
1.93748062e-08
1.840433874e-08
1.471910448e-08
2.155105021e-08
2.730707361e-08
1.414122224e-08
7.990371037e-09
1.66264766e-08
1.337197012e-08
1.531655094e-08
1.279309445e-08
3.533983491e-08
1.656377597e-08
2.502943432e-08
7.552908713e-09
1.528196361e-08
1.819443925e-08
1.216215496e-08
1.197086488e-08
2.166876554e-08
2.428718008e-08
1.91443987e-08
1.500972439e-08
1.896610409e-08
4.994955785e-09
1.482681687e-08
9.164901629e-09
1.865340267e-08
1.406683374e-08
6.464719343e-09
1.78460275e-08
1.829812004e-08
7.500992737e-08
7.150714602e-08
1.63655752e-08
2.000686783e-08
1.819143312e-08
2.188040842e-08
2.043606653e-08
3.589814001e-08
1.778086163e-08
7.203236621e-09
2.603131102e-09
2.307685789e-08
2.603677913e-09
2.962541257e-08
8.665717458e-09
7.82565426e-09
1.227412118e-08
9.136423363e-09
1.192750212e-08
3.577348961e-08
1.577649117e-08
2.855229289e-08
2.607631439e-08
1.254380351e-08
2.107271789e-08
1.254622191e-08
3.059972333e-08
8.933635133e-09
1.995580368e-08
1.613372584e-08
8.704776369e-09
2.222380865e-08
2.081930193e-08
1.169447893e-08
1.59323975e-08
9.749521658e-09
9.749886826e-09
2.185426101e-08
1.471531795e-08
1.529609729e-08
8.841381849e-09
9.404437659e-09
1.706989841e-09
1.975235418e-08
1.557825553e-08
1.290420521e-08
1.876195794e-08
1.454517118e-08
2.078858021e-08
1.772586882e-08
3.173079017e-08
2.821996918e-08
3.720961335e-08
2.337100386e-08
3.265978918e-08
3.266284786e-08
4.121682323e-08
2.786107953e-08
3.142850523e-08
2.356241043e-08
6.554565318e-09
2.163699516e-08
6.62080458e-09
1.729916894e-08
1.935262416e-08
1.78999707e-08
4.326026679e-09
2.298672017e-09
6.469942711e-09
2.558990365e-08
1.745469188e-08
2.678531261e-09
1.882971013e-08
2.345505842e-08
1.148571747e-08
4.373281646e-09
4.007427106e-09
1.304984906e-08
7.945483835e-09
2.27609259e-08
1.033513095e-08
2.859112005e-08
1.619339892e-08
1.215430165e-08
2.624604777e-08
1.084802531e-08
3.426930543e-08
3.930785711e-08
6.186812002e-09
1.422719799e-08
5.480836456e-09
1.826560006e-08
1.860176323e-08
5.069187123e-09
1.849956661e-08
7.778679548e-09
2.530903856e-08
3.074374316e-08
1.432101231e-08
4.375107474e-08
4.077684792e-08
1.063555584e-08
1.42729622e-08
1.110432233e-08
1.103078775e-08
1.130035372e-08
2.034308459e-08
6.927099445e-09
1.058752159e-08
9.022281211e-09
3.941918989e-08
4.332659669e-09
6.465019576e-09
1.212342266e-08
7.049302223e-09
1.365494949e-08
1.020643272e-08
1.169892552e-08
8.744225141e-09
8.677676203e-09
7.491738718e-09
1.800418211e-08
1.809355021e-08
1.93749544e-08
9.296980413e-09
2.862863947e-09
1.522345819e-08
7.497065659e-09
1.3625925e-08
5.852625011e-09
1.776420875e-08
6.098094159e-09
1.106471367e-08
4.721932772e-09
1.159276517e-08
1.350963347e-08
1.822330881e-08
1.623921217e-08
3.438871018e-09
5.659082419e-09
1.270814431e-08
4.804572988e-08
1.365745741e-09
1.172304623e-08
1.162104081e-09
2.295372299e-08
8.151456876e-09
4.808049076e-09
2.155434788e-08
3.170186813e-08
7.770598014e-09
2.166235089e-08
8.176300161e-09
6.391434299e-09
1.576022378e-08
1.584081435e-08
2.535921667e-08
3.077945861e-08
1.060580979e-08
2.73122864e-08
2.514687386e-08
3.035434415e-08
1.816171669e-08
1.732824949e-08
8.706932174e-09
2.276401249e-08
2.314908578e-08
1.062238259e-08
3.577045118e-08
2.814695313e-08
2.704220714e-08
1.218286624e-08
1.228963572e-08
1.444569627e-08
3.481106694e-08
3.230237545e-08
4.57388313e-08
2.071690917e-08
2.318889248e-08
1.365332021e-08
8.114084872e-09
1.159453244e-08
1.178939046e-08
1.959631068e-08
1.141282289e-08
1.357474499e-08
8.137691536e-09
1.619988379e-09
2.987573479e-09
2.102612182e-08
2.780016684e-09
1.115737451e-08
1.576964245e-08
2.26853433e-08
8.45471487e-09
1.216694865e-08
1.843698437e-08
2.854697447e-09
1.564086492e-08
7.761561292e-09
1.773866203e-08
1.168467669e-08
8.302924028e-09
1.174847296e-08
4.79434705e-09
1.117536001e-08
2.398451104e-08
1.396732145e-08
8.195030042e-09
1.719865423e-09
7.345351057e-09
6.275728192e-09
1.901372897e-08
1.129680248e-08
9.51183986e-09
1.578863071e-08
1.467631858e-08
1.265107866e-08
1.623875856e-09
2.06571843e-08
1.365991636e-08
1.826121581e-08
1.387502706e-08
9.355596019e-09
9.414814438e-10
1.292415458e-08
3.741352337e-09
1.190720462e-08
5.796787553e-09
1.365698067e-08
1.636098755e-08
8.986022217e-09
7.372023094e-09
7.826093124e-09
4.639848673e-09
4.004711401e-09
5.640116359e-09
1.699344777e-08
9.931990456e-09
8.256618291e-09
4.178625503e-09
9.740020189e-09
9.921719162e-09
1.669339282e-08
4.806428635e-09
5.491984318e-09
1.609598045e-09
1.782043962e-08
1.153027453e-08
6.234448272e-08
9.918603555e-09
1.090053119e-08
3.554854499e-09
1.065182073e-08
9.362564751e-09
5.773609142e-09
8.957874188e-09
1.787059822e-08
1.405521454e-08
3.227399753e-08
1.256365746e-08
5.842046166e-09
2.449404632e-08
1.596764055e-08
1.133960642e-08
1.531333505e-08
9.192578275e-09
1.070110456e-08
1.654050611e-08
1.325547563e-08
8.151621615e-09
1.36568791e-08
2.91516815e-08
2.900787272e-08
2.563723563e-08
1.399496221e-08
1.355021625e-08
1.852768635e-08
2.329891634e-08
7.118296394e-09
1.726200606e-08
2.681763603e-08
2.769481173e-08
1.926909009e-08
2.256517102e-08
3.515240304e-08
3.450729316e-08
2.105566146e-08
6.03529206e-08
1.437354893e-08
4.416177864e-08
1.502953712e-08
6.364897247e-09
9.25263294e-09
1.197919504e-08
1.653574172e-08
1.505703238e-08
9.124476412e-09
6.804339361e-09
6.222878662e-09
9.994766858e-09
1.638393106e-08
2.484690851e-09
1.624597941e-09
4.409391617e-09
3.868250288e-09
9.145396174e-09
7.707484044e-09
4.394064474e-09
1.43847333e-08
3.507605146e-09
2.074707032e-08
9.726646191e-09
2.228478394e-08
6.033616759e-09
4.566036763e-09
1.197340999e-08
2.001003853e-08
1.006445237e-08
9.352538588e-09
5.401749633e-08
6.133077929e-09
4.362028509e-09
7.288944191e-09
