#################################### 
# Matrix Size= (25,25,400)
# Resol      = (1,1,4000)
# VoxelSize  = (25,25,0.1)
# nbVal      = 4000
#################################### 
6.219783902e-05
6.46025377e-05
6.420833016e-05
6.455196773e-05
6.470622075e-05
6.468002657e-05
6.502829711e-05
6.499201583e-05
6.44792148e-05
6.513162378e-05
6.558922145e-05
6.511158617e-05
6.555273114e-05
6.527445687e-05
6.446633262e-05
6.492261005e-05
6.569928992e-05
6.540609248e-05
6.568109661e-05
6.529213799e-05
6.586701142e-05
6.606649808e-05
6.505831691e-05
6.574010208e-05
6.570117004e-05
6.602489247e-05
6.579525358e-05
6.61530982e-05
6.588151961e-05
6.658547797e-05
6.571975611e-05
6.643985802e-05
6.607517728e-05
6.634889344e-05
6.634385568e-05
6.672601276e-05
6.674617042e-05
6.679218771e-05
6.672828219e-05
6.664158805e-05
6.676147553e-05
6.59196458e-05
6.658619043e-05
6.638752626e-05
6.661429131e-05
6.691009392e-05
6.737414531e-05
6.715759865e-05
6.680940341e-05
6.704639951e-05
6.750085202e-05
6.698230729e-05
6.762012492e-05
6.691522508e-05
6.754084522e-05
6.806487776e-05
6.777272678e-05
6.727451906e-05
6.744877617e-05
6.805133776e-05
6.773611201e-05
6.752772358e-05
6.782296407e-05
6.774737098e-05
6.811180567e-05
6.806271529e-05
6.794209182e-05
6.82691996e-05
6.809240254e-05
6.802343787e-05
6.904937613e-05
6.903999667e-05
6.833351023e-05
6.802951476e-05
6.804459096e-05
6.80188689e-05
6.910129317e-05
6.898040923e-05
6.830249995e-05
6.956646337e-05
6.875138614e-05
6.899597136e-05
6.890796985e-05
6.891699371e-05
6.915322962e-05
6.907571166e-05
6.887217079e-05
6.855445666e-05
6.852496199e-05
6.904893886e-05
6.897116257e-05
6.900067821e-05
6.901880277e-05
6.867190558e-05
6.904651574e-05
6.886901467e-05
6.902114927e-05
6.888306308e-05
6.954743684e-05
6.902823476e-05
6.907778946e-05
6.927593051e-05
6.960510311e-05
6.980823819e-05
6.973552482e-05
7.028038454e-05
7.086590392e-05
6.99848923e-05
7.034097695e-05
6.922266632e-05
6.97668376e-05
6.965910778e-05
6.991657182e-05
6.985125139e-05
7.032724472e-05
7.066536885e-05
7.004269119e-05
6.953493102e-05
7.012993739e-05
6.958177691e-05
7.089042019e-05
7.048411234e-05
6.998035883e-05
7.033936973e-05
7.092093262e-05
6.988714214e-05
7.010145034e-05
7.050344733e-05
7.054078712e-05
7.074621352e-05
7.071133688e-05
7.01160544e-05
7.071817869e-05
7.066693931e-05
7.052347239e-05
7.028970086e-05
7.101859901e-05
7.116421195e-05
7.127346373e-05
7.095117246e-05
7.073053794e-05
7.112417204e-05
7.229060171e-05
7.106732649e-05
7.088956365e-05
7.145764737e-05
7.13511105e-05
7.146838623e-05
7.170322491e-05
7.169112738e-05
7.131056703e-05
7.169490698e-05
7.133748417e-05
7.060966295e-05
7.228780577e-05
7.207659661e-05
7.163092978e-05
7.205837606e-05
7.206402321e-05
7.226848811e-05
7.166781615e-05
7.203155548e-05
7.145470551e-05
7.184681559e-05
7.19772398e-05
7.216560484e-05
7.287000805e-05
7.231022507e-05
7.238403392e-05
7.233894705e-05
7.219519371e-05
7.271986717e-05
7.249042397e-05
7.275487793e-05
7.294499206e-05
7.248105685e-05
7.306526339e-05
7.201096807e-05
7.234433441e-05
7.274663181e-05
7.317124037e-05
7.312549504e-05
7.257746581e-05
7.330654121e-05
7.285822554e-05
7.271675763e-05
7.286210571e-05
7.35530904e-05
7.410325517e-05
7.374802617e-05
7.330685921e-05
7.310440332e-05
7.367396357e-05
7.349281375e-05
7.33194986e-05
7.353661511e-05
7.333927212e-05
7.311403445e-05
7.364768027e-05
7.321718405e-05
7.403280442e-05
7.445709398e-05
7.439706327e-05
7.395620408e-05
7.412015998e-05
7.464885216e-05
7.381967818e-05
7.369466215e-05
7.402620995e-05
7.495555307e-05
7.459858258e-05
7.46804575e-05
7.458129998e-05
7.483043668e-05
7.465409266e-05
7.463884497e-05
7.490433193e-05
7.544129174e-05
7.477952667e-05
7.485191183e-05
7.474011929e-05
7.520660951e-05
7.538838194e-05
7.483769548e-05
7.543050878e-05
7.503342683e-05
7.481071167e-05
7.54697138e-05
7.575895528e-05
7.554919921e-05
7.478122489e-05
7.6231712e-05
7.526929367e-05
7.549820528e-05
7.634275045e-05
7.594354373e-05
7.575701215e-05
7.608414867e-05
7.632343509e-05
7.6178116e-05
7.553660765e-05
7.564721334e-05
7.583885438e-05
7.567199257e-05
7.67399552e-05
7.614142728e-05
7.559371211e-05
7.592356191e-05
7.672511653e-05
7.614040845e-05
7.671829008e-05
7.649002885e-05
7.663646261e-05
7.74020227e-05
7.696716552e-05
7.646879282e-05
7.714036807e-05
7.738955402e-05
7.664724126e-05
7.683385972e-05
7.723829584e-05
7.77099575e-05
7.66275143e-05
7.653067933e-05
7.720539195e-05
7.762293582e-05
7.746923901e-05
7.658742673e-05
7.792347905e-05
7.760767216e-05
7.765881077e-05
7.721493311e-05
7.735971902e-05
7.813480491e-05
7.786429938e-05
7.844805107e-05
7.839283267e-05
7.796369868e-05
7.836079741e-05
7.876518874e-05
7.782027845e-05
7.817440919e-05
7.849627404e-05
7.850064924e-05
7.895794818e-05
7.848822825e-05
7.866058068e-05
7.826386891e-05
7.933982041e-05
7.871760716e-05
7.914229641e-05
7.890268608e-05
7.932694623e-05
7.837648104e-05
7.933584876e-05
7.877806647e-05
7.943833103e-05
7.915671284e-05
7.939182529e-05
7.923449857e-05
7.980894897e-05
7.904907699e-05
8.013932369e-05
7.985224197e-05
8.005372123e-05
7.95691004e-05
7.953507935e-05
7.989642476e-05
8.03234555e-05
7.993423111e-05
7.990141797e-05
7.93168409e-05
8.016777567e-05
8.034079213e-05
8.061396852e-05
8.063700382e-05
8.074551046e-05
8.070350132e-05
8.041133047e-05
8.062402633e-05
8.062656136e-05
8.14997772e-05
8.108634839e-05
8.078765527e-05
8.102100734e-05
8.131689458e-05
8.152516697e-05
8.04137342e-05
8.097082602e-05
8.058224289e-05
8.134700297e-05
8.122702767e-05
8.197221504e-05
8.101735267e-05
8.178640521e-05
8.104111142e-05
8.157667533e-05
8.235323851e-05
8.187712332e-05
8.225455355e-05
8.304773681e-05
8.213821298e-05
8.161439461e-05
8.232699716e-05
8.250374666e-05
8.251963954e-05
8.345619598e-05
8.213395353e-05
8.224281048e-05
8.25488883e-05
8.235638526e-05
8.380136779e-05
8.283727626e-05
8.288358986e-05
8.305366255e-05
8.375493956e-05
8.321023705e-05
8.326572313e-05
8.270251278e-05
8.295340074e-05
8.314967763e-05
8.267887222e-05
8.34449053e-05
8.368778091e-05
8.435416417e-05
8.425609229e-05
8.420542414e-05
8.413260912e-05
8.359027326e-05
8.392221256e-05
8.458804114e-05
8.464682506e-05
8.47877557e-05
8.438904356e-05
8.492291722e-05
8.422919393e-05
8.403367348e-05
8.442069061e-05
8.470935366e-05
8.536807722e-05
8.424138098e-05
8.515578833e-05
8.440479869e-05
8.608273666e-05
8.461785577e-05
8.615325994e-05
8.629367455e-05
8.626756378e-05
8.510088594e-05
8.505351472e-05
8.58513672e-05
8.47954193e-05
8.579544788e-05
8.653783809e-05
8.575277365e-05
8.606340622e-05
8.542279223e-05
8.622762725e-05
8.604849099e-05
8.664461508e-05
8.651984432e-05
8.65780688e-05
8.584122415e-05
8.684313324e-05
8.711663621e-05
8.655625106e-05
8.738752999e-05
8.672743538e-05
8.70333941e-05
8.739161553e-05
8.73190853e-05
8.806957585e-05
8.749181094e-05
8.764572591e-05
8.867895207e-05
8.72833575e-05
8.697580213e-05
8.802865237e-05
8.873736788e-05
8.801101602e-05
8.830320331e-05
8.840237946e-05
8.810328115e-05
8.821814409e-05
8.84917515e-05
8.932268375e-05
8.84838804e-05
8.905198966e-05
8.917446903e-05
8.963368201e-05
8.883341843e-05
8.927698709e-05
8.942974672e-05
8.983945838e-05
8.958777608e-05
8.899026909e-05
9.020092093e-05
8.997827187e-05
8.971423805e-05
9.013479305e-05
9.066098337e-05
9.037922821e-05
9.076382668e-05
9.106663152e-05
9.065357302e-05
9.094912308e-05
9.09783559e-05
9.210758769e-05
9.162849492e-05
9.068922404e-05
9.069947732e-05
9.204220059e-05
9.085579878e-05
9.113905233e-05
9.162555233e-05
9.211128362e-05
9.173558778e-05
9.135779558e-05
9.146481619e-05
9.204573437e-05
9.21800979e-05
9.166150003e-05
9.212705537e-05
9.23126011e-05
9.23758319e-05
9.274620184e-05
9.312702684e-05
9.291860485e-05
9.288572365e-05
9.267604944e-05
9.407971715e-05
9.383698514e-05
9.299419397e-05
9.380769693e-05
9.410072873e-05
9.379617386e-05
9.380520321e-05
9.433001563e-05
9.408807243e-05
9.520847894e-05
9.512284e-05
9.473000654e-05
9.494022659e-05
9.517067048e-05
9.520393174e-05
9.542948328e-05
9.574725416e-05
9.589658166e-05
9.570523062e-05
9.58037063e-05
9.557611863e-05
9.553105253e-05
9.57077147e-05
9.666998933e-05
9.697991002e-05
9.643172056e-05
9.697162075e-05
9.623911243e-05
9.673081649e-05
9.69577326e-05
9.670925845e-05
9.686879722e-05
9.711096649e-05
9.775602122e-05
9.831175902e-05
9.710754017e-05
9.746758728e-05
9.777652499e-05
9.784751656e-05
9.793656597e-05
9.928188706e-05
9.863946976e-05
9.874558365e-05
9.972136859e-05
9.904534598e-05
9.915361915e-05
9.876721472e-05
0.0001005616065
9.881738896e-05
9.85514099e-05
9.935817227e-05
9.960780068e-05
0.0001007600932
0.0001006281525
0.0001000179793
0.000100411551
0.0001010691663
0.00010035396
9.99423832e-05
0.0001017528129
0.0001005502665
0.0001015862092
0.0001014400141
0.0001017069044
0.0001017435319
0.00010196122
0.0001020209456
0.0001016507485
0.0001026841759
0.0001020777357
0.000103324209
0.0001021174292
0.0001027195101
0.0001029892723
0.0001031142574
0.0001035774556
0.0001044775431
0.0001039580992
0.0001044762698
0.0001046685345
0.0001046391891
0.0001055955961
0.0001043083676
0.0001054473141
0.0001055921702
0.0001056494202
0.0001056731213
0.0001056321741
0.0001060025292
0.0001068527177
0.0001065940996
0.0001065252935
0.0001068114708
0.0001068758399
0.0001075355366
0.0001070266151
0.0001061126178
0.0001064527345
0.0001083149423
0.0001076439191
0.0001085486028
0.0001090715606
0.0001094495003
0.0001093187901
0.0001092104651
0.0001090188487
0.0001090358198
0.0001096507511
0.0001109639777
0.0001119841027
0.0001097988203
0.0001109897094
0.0001109508617
0.0001114497647
0.0001118861992
0.0001107695927
0.000112374013
0.0001121784536
0.0001119109474
0.0001122947816
0.0001132206696
0.0001129326167
0.0001131514565
0.0001137899306
0.0001135710287
0.0001141629781
0.0001158839238
0.0001145176839
0.000114302296
0.0001149143613
0.0001148091401
0.0001159398807
0.0001154546884
0.0001159595085
0.0001164336012
0.0001168894083
0.0001169348301
0.0001181880436
0.0001175416177
0.0001173407327
0.0001179123682
0.0001186542908
0.0001186278998
0.0001192496481
0.0001193506935
0.0001199431089
0.0001190271572
0.0001199620407
0.000119637236
0.0001203181602
0.0001221180191
0.0001213487502
0.0001211410479
0.000122221266
0.0001237605156
0.0001215367226
0.0001228819696
0.0001225930378
0.000122802971
0.0001242927293
0.0001239073848
0.00012472014
0.0001245943534
0.0001260370464
0.0001257678868
0.0001250372259
0.0001254137164
0.0001258831163
0.0001269904064
0.0001273159297
0.000128400113
0.0001280483796
0.0001292887935
0.0001283376901
0.0001288412123
0.000130940816
0.0001302958518
0.0001302892944
0.0001305462526
0.000130692639
0.0001303892474
0.0001321951378
0.0001318856356
0.0001327274977
0.0001327544831
0.0001354637117
0.0001344509635
0.0001350257454
0.0001346798294
0.0001357621574
0.0001365356617
0.0001355570123
0.0001368319576
0.0001382458318
0.0001382787927
0.0001388454156
0.0001389823221
0.0001390256561
0.0001398091495
0.0001416242501
0.0001414077831
0.000141509839
0.0001427259381
0.0001434369102
0.0001432183918
0.0001437448447
0.0001457556983
0.0001453652795
0.0001462851007
0.0001464753332
0.0001471969276
0.0001480003357
0.0001474418594
0.0001491138298
0.0001494416468
0.000151184845
0.0001519880689
0.0001525274409
0.0001547069299
0.0001525723968
0.0001548052441
0.0001560890899
0.0001554554011
0.0001572233943
0.0001584922837
0.0001586391628
0.0001587093839
0.0001605116688
0.0001601209218
0.0001619388825
0.0001633893048
0.0001645321237
0.0001656702184
0.0001652871714
0.0001671282373
0.0001685242862
0.000168619946
0.0001703561949
0.0001710404025
0.0001728993541
0.0001733403978
0.0001755764622
0.0001771114172
0.0001780766024
0.0001773957739
0.0001791739812
0.0001810933593
0.0001831346964
0.0001834220752
0.000186831018
0.000187033332
0.0001894618065
0.0001925162656
0.0001928619271
0.0001942516158
0.0001962322811
0.0001969768283
0.0001989731771
0.0002007944694
0.000203768518
0.0002048169992
0.0002078383517
0.0002093027442
0.0002097857295
0.0002142081804
0.0002154837023
0.0002210648905
0.0002225176888
0.0002254268765
0.0002266296786
0.0002312388532
0.0002346467139
0.0002390763423
0.000241175726
0.0002448297768
0.0002485376905
0.0002513709072
0.0002549597575
0.0002582166376
0.0002636721145
0.0002670204719
0.0002723679979
0.0002745984736
0.000276392447
0.0002813465505
0.0002852876431
0.000287411275
0.0002899400928
0.0002923886975
0.000296123153
0.0002983735827
0.000299642874
0.0003019786929
0.0003006456295
0.0003007548078
0.0002979997716
0.0002971127618
0.0002967547018
0.0002915639072
0.0002865838082
0.000282926973
0.0002786168371
0.0002716916719
0.0002646940719
0.0002574993353
0.0002508583365
0.0002411510212
0.0002324737927
0.0002214660041
0.0002110781782
0.0002012263863
0.0001890385785
0.0001797983205
0.0001672968146
0.0001590905428
0.0001467236888
0.0001370671495
0.0001253028198
0.0001143641297
0.0001066104538
9.627833232e-05
8.778061815e-05
7.862122022e-05
7.151728323e-05
6.333813418e-05
5.621049402e-05
5.008919631e-05
4.421460251e-05
3.976466806e-05
3.371839069e-05
2.952630434e-05
2.564685825e-05
2.221166577e-05
1.880737784e-05
1.568909573e-05
1.356742671e-05
1.149029057e-05
9.916035661e-06
8.516964979e-06
7.069460524e-06
5.553246763e-06
4.535988195e-06
3.886565339e-06
3.123458915e-06
2.54579243e-06
2.144119442e-06
1.67531245e-06
1.459678067e-06
1.1674117e-06
1.087385156e-06
7.645759306e-07
6.472068476e-07
4.894415168e-07
4.549209225e-07
4.846056991e-07
3.881521488e-07
2.897350456e-07
2.570030088e-07
2.58783895e-07
1.91079265e-07
1.783801842e-07
1.783470095e-07
1.357547181e-07
1.461904242e-07
1.199117596e-07
1.168925817e-07
1.334907944e-07
1.288477545e-07
1.060193618e-07
1.274598184e-07
1.364906647e-07
1.639740667e-07
1.319659945e-07
1.272053836e-07
1.267617641e-07
1.389651791e-07
1.128835076e-07
1.091888409e-07
9.663479376e-08
1.125012984e-07
1.061715845e-07
1.392524309e-07
9.421662697e-08
1.229727861e-07
9.437727369e-08
1.112581916e-07
1.106171198e-07
1.140619543e-07
1.495777199e-07
1.618653168e-07
9.446296447e-08
1.24000032e-07
1.144692595e-07
1.072766905e-07
1.695042697e-07
1.258753881e-07
9.394263138e-08
7.956054963e-08
9.358167993e-08
1.206418275e-07
1.343528885e-07
1.185195586e-07
1.237697006e-07
1.178175195e-07
1.702336023e-07
1.097752306e-07
1.125187597e-07
1.097675657e-07
8.742833798e-08
1.416361655e-07
1.550980786e-07
9.168292957e-08
1.046282356e-07
1.090716169e-07
1.431972079e-07
1.136078886e-07
1.21284959e-07
1.180196494e-07
1.359666615e-07
1.034850182e-07
1.154994842e-07
8.094822621e-08
8.873074767e-08
1.044938392e-07
7.666536755e-08
8.249635215e-08
9.78843212e-08
1.140127977e-07
1.097654036e-07
6.733115398e-08
1.061133339e-07
1.348318617e-07
9.911248321e-08
9.693265188e-08
1.173405113e-07
1.235394708e-07
1.016791729e-07
1.247295746e-07
1.101893541e-07
1.410476274e-07
1.059835914e-07
1.014314633e-07
9.445401099e-08
1.204912265e-07
9.361802398e-08
9.904166742e-08
1.22438519e-07
9.111638445e-08
1.07447374e-07
1.197806477e-07
1.153377662e-07
9.934856618e-08
1.040901774e-07
1.040535523e-07
1.147030615e-07
8.697678844e-08
1.14623598e-07
8.684724688e-08
7.228502743e-08
1.269323389e-07
8.462528792e-08
1.088492917e-07
8.422727249e-08
9.050391158e-08
9.870971159e-08
1.011144886e-07
1.173532417e-07
1.315690383e-07
1.218587622e-07
7.034066258e-08
1.250710774e-07
7.752324888e-08
7.055354202e-08
1.261843251e-07
1.027162295e-07
5.850786523e-08
7.145799616e-08
6.305687384e-08
7.979254577e-08
8.59069559e-08
6.772034713e-08
6.953615152e-08
5.535458294e-08
5.022513846e-08
1.120494551e-07
9.299555163e-08
7.874274302e-08
9.671038444e-08
6.818995841e-08
9.771911584e-08
1.049496519e-07
1.099750989e-07
1.038774477e-07
7.522008048e-08
8.41325352e-08
9.818748522e-08
8.373033746e-08
7.418166172e-08
1.057336133e-07
9.270158139e-08
7.987577395e-08
1.109810453e-07
1.141114256e-07
1.257515073e-07
8.998236345e-08
8.721539674e-08
1.156372109e-07
7.92288688e-08
8.904969751e-08
1.185664799e-07
1.100112451e-07
1.15903452e-07
1.261376272e-07
1.198778806e-07
1.843212737e-07
1.257936467e-07
9.058662658e-08
1.297085959e-07
1.129364065e-07
1.102501082e-07
1.00934454e-07
8.932580143e-08
9.757071917e-08
1.376030333e-07
1.09924997e-07
1.066194162e-07
9.165264784e-08
1.684621849e-07
9.452835415e-08
6.349455348e-08
8.996230907e-08
9.353039675e-08
7.345056724e-08
7.167402866e-08
7.712243985e-08
6.399692454e-08
7.369595369e-08
1.098693632e-07
9.3911724e-08
8.632201167e-08
9.297599505e-08
9.089343145e-08
7.783492529e-08
8.533150171e-08
5.420056367e-08
8.009872228e-08
5.541947551e-08
9.2280216e-08
8.583308786e-08
1.238520838e-07
1.636635425e-07
6.571987094e-08
8.896433017e-08
9.669857054e-08
7.254370578e-08
8.569680257e-08
1.062739576e-07
9.905255578e-08
7.293748226e-08
9.123318847e-08
5.51450245e-08
1.497695577e-07
1.338648403e-07
8.854707196e-08
8.663412785e-08
1.307455796e-07
7.363927037e-08
1.031006499e-07
9.537799128e-08
6.599267792e-08
9.524109445e-08
8.556189147e-08
1.074096102e-07
8.627101012e-08
7.612913079e-08
7.014613312e-08
8.274695386e-08
7.646235651e-08
6.646742843e-08
7.972085608e-08
9.20261558e-08
8.151780132e-08
9.10155696e-08
1.132968004e-07
6.364265748e-08
9.337416114e-08
9.678616398e-08
7.744449836e-08
7.897591388e-08
9.572979294e-08
6.034233711e-08
7.792865562e-08
7.313921355e-08
7.364978201e-08
8.780988173e-08
9.839811796e-08
7.35091494e-08
1.031168239e-07
7.522603921e-08
8.153129168e-08
1.083655808e-07
6.810102496e-08
7.646446024e-08
8.456841123e-08
9.377841776e-08
9.952079495e-08
9.273536517e-08
7.130562396e-08
7.44268147e-08
6.156578466e-08
4.345976099e-08
9.774195427e-08
9.632740449e-08
8.302269684e-08
9.812787441e-08
6.66478673e-08
9.40106793e-08
6.715638668e-08
6.351171343e-08
7.364520477e-08
8.81948488e-08
6.896317917e-08
5.194053516e-08
9.071378934e-08
4.672406128e-08
9.030991105e-08
6.514459903e-08
4.94988872e-08
6.381296846e-08
5.744714963e-08
4.831009896e-08
5.528646118e-08
8.74527603e-08
5.86526997e-08
8.114761632e-08
3.350449995e-08
7.08274455e-08
6.411146971e-08
7.770551007e-08
5.877405054e-08
4.452373163e-08
7.327556158e-08
7.247714764e-08
6.951084575e-08
8.624500178e-08
8.053413884e-08
5.301687148e-08
4.406307703e-08
3.930977912e-08
5.751201278e-08
8.296170503e-08
9.993502304e-08
5.988669801e-08
7.993364463e-08
6.87022405e-08
5.908132303e-08
6.389099715e-08
7.469121747e-08
6.512059274e-08
6.898642581e-08
5.919295156e-08
6.187584814e-08
4.917315608e-08
6.253320524e-08
6.294321156e-08
6.416603363e-08
7.021471388e-08
6.227164108e-08
6.405896895e-08
5.167668418e-08
8.124438284e-08
7.614456215e-08
6.892599498e-08
6.189780914e-08
6.661643287e-08
9.406338713e-08
1.03201378e-07
7.44860539e-08
1.074612196e-07
8.478895158e-08
9.863131381e-08
1.022485361e-07
5.861606934e-08
8.821477737e-08
9.719366546e-08
9.222352162e-08
7.878219169e-08
7.00824593e-08
7.485121632e-08
6.335996513e-08
8.535491576e-08
7.312917288e-08
5.44752166e-08
6.868012113e-08
1.091117731e-07
8.7331016e-08
8.17927816e-08
7.175765407e-08
4.884436747e-08
9.978848748e-08
7.794814207e-08
7.190372642e-08
9.060858772e-08
8.094514344e-08
6.315850788e-08
4.486692374e-08
5.481477112e-08
7.278113794e-08
7.419280183e-08
9.624615171e-08
1.0536657e-07
5.101722584e-08
9.212223245e-08
5.946483579e-08
6.967016664e-08
6.523787324e-08
5.295903794e-08
8.739781208e-08
4.826923117e-08
4.938977973e-08
5.202367125e-08
4.479776723e-08
6.082405909e-08
7.527573688e-08
4.341834043e-08
7.954214919e-08
5.115306252e-08
7.876791327e-08
8.742841717e-08
9.308237583e-08
6.02752198e-08
5.606364042e-08
7.826132964e-08
3.974131718e-08
9.09957654e-08
5.9046047e-08
5.097430523e-08
5.137468669e-08
6.539268236e-08
5.170714159e-08
6.147063051e-08
4.488558613e-08
6.317576785e-08
5.016934847e-08
5.073649059e-08
5.499330629e-08
4.902352052e-08
3.048581361e-08
6.632074492e-08
4.911272356e-08
8.777967927e-08
4.200839982e-08
6.155662694e-08
5.390269108e-08
7.285042673e-08
6.781807096e-08
6.918129359e-08
8.163280665e-08
6.586529573e-08
5.447404918e-08
7.468141654e-08
6.056035799e-08
5.396852659e-08
6.328451693e-08
8.062576784e-08
6.503994849e-08
7.618662817e-08
5.282698634e-08
7.361117586e-08
1.006128384e-07
1.005726018e-07
6.145899284e-08
8.37377874e-08
3.642008166e-08
4.067351243e-08
4.915192837e-08
5.586807486e-08
3.403692154e-08
3.117054687e-08
5.650141951e-08
6.997199196e-08
7.551296779e-08
6.901512201e-08
3.82143763e-08
7.656409108e-08
4.99164015e-08
5.303990301e-08
2.210741652e-08
4.067850209e-08
2.073891657e-08
4.511334587e-08
4.645258013e-08
3.791024027e-08
6.422812111e-08
3.842871524e-08
2.263941251e-08
4.221497809e-08
1.751986089e-08
5.282388086e-08
3.405358019e-08
3.615870194e-08
5.962819391e-08
4.800293078e-08
6.36394144e-08
6.37481048e-08
4.484326879e-08
7.559051073e-08
4.992857095e-08
3.946911138e-08
4.752832754e-08
3.698322991e-08
6.442654886e-08
6.516407662e-08
6.47940153e-08
6.669918199e-08
4.529891468e-08
5.442669336e-08
3.369353756e-08
4.825858658e-08
3.719269422e-08
3.816583362e-08
3.701510792e-08
5.505718728e-08
4.819274486e-08
5.335777249e-08
9.593031818e-08
4.663822416e-08
4.090359566e-08
9.906381192e-08
7.254319276e-08
7.352515676e-08
5.543088817e-08
3.366845047e-08
2.743450651e-08
2.978477547e-08
6.363743563e-08
5.687024942e-08
3.931425235e-08
4.784226205e-08
4.451755566e-08
7.003017705e-08
5.317629648e-08
6.374493394e-08
5.796047946e-08
3.584793259e-08
5.965096803e-08
5.116876079e-08
6.402227235e-08
1.733477112e-08
4.499876725e-08
5.67524731e-08
4.742337148e-08
4.207497375e-08
2.349337064e-08
5.018192313e-08
2.287341295e-08
4.15957211e-08
2.494340327e-08
4.951216454e-08
4.147327888e-08
7.874382507e-08
7.826949571e-08
3.6802392e-08
3.729462205e-08
4.104268064e-08
6.352945048e-08
6.112309106e-08
4.020815585e-08
3.62702343e-08
2.872291945e-08
2.212305444e-08
5.430606894e-08
3.449806625e-08
4.169531781e-08
6.173257456e-08
5.412495855e-08
3.906608074e-08
2.915996499e-08
3.206436565e-08
5.269374903e-08
4.196751519e-08
3.0919514e-08
6.568062683e-08
5.625645268e-08
2.419091206e-08
6.0207844e-08
2.717319844e-08
5.660166471e-08
2.883425488e-08
3.926868949e-08
9.776770144e-08
2.352694569e-08
4.441383122e-08
5.844476571e-08
5.902994076e-08
4.757191136e-08
4.45737119e-08
4.163725165e-08
3.989235049e-08
5.75544214e-08
5.000807318e-08
5.055245385e-08
3.3107598e-08
3.34435368e-08
5.94279382e-08
5.259786221e-08
2.427649959e-08
1.954930687e-08
3.273939945e-08
3.034696844e-08
3.711202744e-08
3.157403596e-08
2.020811745e-08
1.829212092e-08
2.170486932e-08
4.066734904e-08
4.595870137e-08
4.599139686e-08
4.98513501e-08
2.923846834e-08
2.205778216e-08
5.875246601e-08
3.193876053e-08
2.881641314e-08
3.874277356e-08
3.471160666e-08
4.41577549e-08
3.284827972e-08
4.345492074e-08
8.20929991e-08
4.027910866e-08
3.099988644e-08
4.069972692e-08
4.732680062e-08
2.46207171e-08
4.882301134e-08
4.447534027e-08
5.748545747e-08
4.172686971e-08
4.841579406e-08
4.875980709e-08
4.037480488e-08
6.15908747e-08
3.669436006e-08
3.230044438e-08
3.87770875e-08
3.865507746e-08
5.546191599e-08
4.420639146e-08
4.868243855e-08
4.57462551e-08
4.124004905e-08
4.018089262e-08
5.268494245e-08
6.879008582e-08
6.055671634e-08
5.893689779e-08
4.618444592e-08
4.689132813e-08
6.369233155e-08
5.076296612e-08
5.404033167e-08
5.403543672e-08
7.524605819e-08
5.68613493e-08
2.487560849e-08
4.365332383e-08
6.789156732e-08
2.884081541e-08
4.032541015e-08
4.360571904e-08
4.595738573e-08
4.436736744e-08
3.846417679e-08
3.024663338e-08
3.035450666e-08
2.539853688e-08
3.301768237e-08
3.653270484e-08
5.918590416e-08
3.884659202e-08
1.993501646e-08
2.752382415e-08
3.167103676e-08
2.312557599e-08
2.802973099e-08
2.957112268e-08
4.64932012e-08
7.059406427e-08
4.134749582e-08
3.370135391e-08
4.692933396e-08
2.441510545e-08
3.415382925e-08
2.811131446e-08
3.50380231e-08
3.635197985e-08
5.826456873e-08
4.517473217e-08
2.62536689e-08
3.424126829e-08
3.736848193e-08
3.496003936e-08
3.879640213e-08
1.86720722e-08
2.461136974e-08
1.81683375e-08
2.756324646e-08
2.512659074e-08
5.105905747e-08
4.5190995e-08
3.077535877e-08
1.973760306e-08
1.616378156e-08
2.193894861e-08
4.794048232e-08
2.121876115e-08
3.262763014e-08
2.254755128e-08
1.999515119e-08
2.831911293e-08
3.610389577e-08
3.888998792e-08
5.33745999e-08
2.661714362e-08
6.159629137e-08
3.380955193e-08
4.977346006e-08
5.715105691e-08
3.958457374e-08
2.11688785e-08
1.403568249e-08
3.316955099e-08
1.646935566e-08
5.212371596e-08
3.496042101e-08
2.782511065e-08
6.631116018e-08
5.856826997e-08
2.008132362e-08
2.649555408e-08
2.026398798e-08
3.166286364e-08
3.002026484e-08
2.334795082e-08
3.10591896e-08
6.873757108e-08
3.183786411e-08
3.206762205e-08
4.370679568e-08
2.804458938e-08
5.873779978e-08
2.093365127e-08
4.085255686e-08
3.498584321e-08
2.582638766e-08
4.622306524e-08
2.029921295e-08
4.205789053e-08
2.796141332e-08
7.31366626e-09
2.056352526e-08
2.256692028e-08
3.353275622e-08
3.632421865e-08
2.8176882e-08
5.552468305e-08
3.768645683e-08
2.27563369e-08
4.595276466e-08
5.268420052e-08
1.707079371e-08
4.16439503e-08
3.998857349e-08
2.127962155e-08
4.082584413e-08
4.181536976e-08
3.053329555e-08
5.846175475e-08
7.056769451e-08
4.103702436e-08
2.162747412e-08
2.50211207e-08
3.808638677e-08
2.774448762e-08
3.64983216e-08
4.300906668e-08
2.993114935e-08
3.530370142e-08
7.081212917e-08
4.616032488e-08
5.681917888e-08
6.330905597e-08
4.720463846e-08
6.852934912e-08
2.076685827e-08
4.168422017e-08
3.572868464e-08
3.756800612e-08
8.682954336e-08
3.795771047e-08
3.588279952e-08
2.542932966e-08
3.305112108e-08
4.270187729e-08
2.933425285e-08
1.914756299e-08
4.24914341e-08
3.356386266e-08
1.526489734e-08
4.256746285e-08
3.393671008e-08
2.812266544e-08
1.99132811e-08
3.867135991e-08
2.381622864e-08
3.446847782e-08
4.489642132e-08
4.03030399e-08
3.763718898e-08
3.443378352e-08
2.756978886e-08
1.384731722e-08
2.45679918e-08
1.269694082e-08
2.574923728e-08
2.90100758e-08
3.321052919e-08
3.28093343e-08
2.541718057e-08
4.375830939e-08
2.612504939e-08
6.212723794e-08
5.873344012e-08
3.206550005e-08
2.463842178e-08
3.866902862e-08
8.924858129e-08
6.5180392e-08
3.405782495e-08
2.630595186e-08
3.642721709e-08
3.362232992e-08
2.863814082e-08
2.140722149e-08
3.868251958e-08
4.243365589e-08
2.662378962e-08
1.610157235e-08
1.334709643e-08
5.001449657e-08
3.543818535e-08
3.381253815e-08
3.814811813e-08
4.650203577e-08
5.104776676e-08
2.891699667e-08
4.36155113e-08
4.910207891e-08
1.748485872e-08
4.988971984e-08
2.203029784e-08
2.641497711e-08
4.396931101e-08
5.30585077e-08
3.385813824e-08
3.390803836e-08
3.013866581e-08
2.11270134e-08
2.725523142e-08
2.153834382e-08
3.627714767e-08
2.170173658e-08
4.763112107e-08
4.829510038e-08
1.625867713e-08
2.011218292e-08
1.662664283e-08
1.780139332e-08
2.333705056e-08
2.763261589e-08
2.024025474e-08
2.194743269e-08
1.802145787e-08
2.324507135e-08
3.056906923e-08
2.491967611e-08
1.201991052e-08
3.444300943e-08
2.393425655e-08
5.43549836e-08
1.606032226e-08
3.594202415e-08
2.433941443e-08
1.606500671e-08
2.504853588e-08
1.647782449e-08
2.722605654e-08
1.461240903e-08
1.784426614e-08
3.389463127e-08
4.072039574e-08
8.695479897e-08
5.053187689e-08
1.226472317e-08
3.822050979e-08
2.866186372e-08
2.10946108e-08
3.960242824e-08
2.142124958e-08
2.765769707e-08
4.560750438e-08
3.32621523e-08
3.221504876e-08
3.795384255e-08
3.665725153e-08
3.653731828e-08
2.734116958e-08
2.214513235e-08
2.95833413e-08
2.299444826e-08
3.363888669e-08
1.261309155e-08
8.369388481e-09
8.798464965e-08
3.376921448e-08
2.861842904e-08
3.113422687e-08
2.137778963e-08
3.170722759e-08
1.433217021e-08
1.917802127e-08
2.687789122e-08
3.042297955e-08
1.561116044e-08
1.763748456e-08
4.707009816e-08
2.954076525e-08
3.545801497e-08
4.006132438e-08
2.782989539e-08
2.700348531e-08
2.029413564e-08
3.485353477e-08
2.861448498e-08
2.006734253e-08
3.033957538e-08
3.107461128e-08
2.26271273e-08
2.159038295e-08
2.653234986e-08
2.200052587e-08
3.057214755e-08
3.084388703e-08
3.402152779e-08
4.75694408e-08
2.889141335e-08
2.307066767e-08
2.351742915e-08
1.478870753e-08
3.266308143e-08
1.888702384e-08
1.373423224e-08
2.278841206e-08
1.184506299e-08
1.644658605e-08
2.312012655e-08
8.07368122e-09
2.632604415e-08
1.065417395e-08
5.937849698e-09
1.02907445e-08
1.326651691e-08
1.005692043e-08
1.092060445e-08
1.219651424e-08
3.269031036e-08
3.64966155e-08
2.375512527e-08
1.407414339e-08
4.44045166e-08
3.590406872e-08
1.776810108e-08
2.058162204e-08
1.416517275e-08
2.071396403e-08
1.914014022e-08
1.022741661e-08
1.129485895e-08
1.723535056e-08
2.588737045e-08
2.634135702e-08
2.078298139e-08
1.17878725e-08
5.555400527e-08
3.268219322e-08
1.308140561e-08
1.594365958e-08
1.073427396e-08
9.85641662e-09
1.34554347e-08
2.058295848e-08
2.217770519e-08
1.540793729e-08
2.483209785e-08
2.116556324e-08
1.844812194e-08
2.640928828e-08
2.971248293e-08
2.910777971e-08
3.066282207e-08
2.300849119e-08
3.038549159e-08
2.330386391e-08
2.303072736e-08
2.286694712e-08
2.552808399e-08
5.201593122e-09
2.87986358e-08
1.831962635e-08
2.245264755e-08
9.25170542e-09
1.4587974e-08
1.15164902e-08
1.678993573e-08
2.662769777e-08
2.746287542e-08
1.720839957e-08
3.407950364e-08
1.176942753e-08
1.818405302e-08
1.578796581e-08
2.217162163e-08
6.944270052e-09
2.150646664e-08
1.380108151e-08
1.151131926e-08
9.761415717e-09
1.964100452e-08
1.340667099e-08
1.220475498e-08
1.656430784e-08
1.630344725e-08
3.082486982e-08
2.201282147e-08
2.033883211e-08
2.749442145e-08
3.143903743e-08
1.920784706e-08
1.326708519e-08
1.554337956e-08
3.843251455e-08
3.573018563e-08
2.527892103e-08
2.129120984e-08
2.424394818e-08
5.570472114e-09
2.14641715e-08
1.839163615e-08
7.331152227e-09
1.938533573e-08
3.357269022e-08
5.31330146e-08
3.427818334e-08
2.068731227e-08
1.795826246e-08
2.387964095e-08
1.536317981e-08
1.585405259e-08
1.736834363e-08
2.456492865e-08
2.725109079e-08
2.281107935e-08
2.874767371e-08
2.243769972e-08
8.663398134e-09
3.496035534e-08
2.285827521e-08
2.657018457e-08
1.503905952e-08
1.879909547e-08
2.626914464e-08
3.190256916e-08
2.627948153e-08
6.621476143e-09
2.859192239e-08
1.759116968e-08
3.587592926e-08
5.223215937e-08
2.816538499e-08
2.4811877e-08
3.597004077e-08
2.29929759e-08
2.439960815e-08
2.391477694e-08
4.587034272e-08
2.211207223e-08
1.651437817e-08
4.315653015e-08
2.320966402e-08
2.732795957e-08
3.39603568e-08
4.102010195e-08
2.531160017e-08
3.519498844e-08
8.424886891e-09
1.611922397e-08
1.841848436e-08
2.469300707e-08
2.651039113e-08
1.93937961e-08
2.336992488e-08
1.012124689e-08
2.104949684e-08
1.535307087e-08
3.158008289e-08
1.403676201e-08
7.830871576e-09
1.92397875e-08
1.322305673e-08
3.010111459e-08
1.890242837e-08
8.793459873e-09
1.052426525e-08
1.453677005e-08
2.126367416e-08
1.874922557e-08
1.283368707e-08
1.595893804e-08
1.253474457e-08
1.269443732e-08
3.099335573e-08
1.0549247e-08
2.532012046e-08
2.17615506e-08
1.897355673e-08
1.855085077e-08
5.200628353e-08
2.75100034e-08
3.743553481e-08
3.108958422e-08
3.015054484e-08
2.265292102e-08
1.879623697e-08
5.056460696e-09
9.734678133e-09
1.372422137e-08
3.305636842e-08
2.398489607e-08
1.033554051e-08
8.742601126e-09
1.122831018e-08
1.077071277e-08
7.524146032e-09
3.000334097e-08
2.615793306e-08
3.619122857e-08
1.516530646e-08
2.000119734e-08
2.123958555e-08
2.246235694e-08
1.367288927e-08
5.557306077e-09
2.422566801e-08
9.429719959e-09
3.975753168e-08
4.245158981e-08
1.177969564e-08
2.156334355e-08
1.884391976e-08
2.96627989e-08
3.870182086e-08
2.611217055e-08
1.679121285e-08
3.684092602e-08
2.928413206e-08
2.627126372e-08
1.673031618e-08
9.967998076e-09
3.828301872e-08
1.397091747e-08
3.485255882e-08
1.180765769e-08
2.324547241e-08
2.560200385e-08
1.813159767e-08
8.288976634e-09
2.49609222e-08
2.760033792e-08
2.78301412e-08
1.396240899e-08
2.966364979e-08
4.909803863e-08
4.618283453e-08
3.557470263e-08
7.210309011e-09
1.117545233e-08
1.453862633e-08
1.557207743e-08
1.359726257e-08
4.770940015e-09
1.878122047e-08
2.077130562e-08
1.942682189e-08
3.193440107e-08
3.187410712e-08
3.362118724e-08
2.482430098e-08
6.708821035e-09
3.517389807e-08
1.668724354e-08
1.948655085e-08
9.334689019e-09
7.562814876e-09
4.363374241e-09
7.546617097e-09
9.154194186e-09
1.340520364e-08
1.005154539e-08
1.97960713e-08
7.37174319e-09
1.243403126e-08
7.961170264e-09
7.161001713e-09
1.723462937e-08
4.132817482e-09
1.47236847e-08
7.300115327e-09
4.060349045e-09
1.558057536e-08
2.73172375e-08
2.639956238e-08
1.511709313e-08
1.137150175e-08
2.496393967e-08
2.250067694e-08
7.607719525e-09
8.812504756e-09
2.561598175e-08
3.843850662e-09
5.689894992e-09
1.793788732e-08
1.554375914e-08
9.596009894e-09
1.985096307e-08
9.1526203e-09
7.755595191e-09
1.623401804e-08
2.13049412e-08
1.692298625e-08
1.731201752e-08
1.01595621e-08
2.266433954e-08
1.578423814e-08
5.804041198e-09
5.088744368e-09
1.629642062e-08
3.037476804e-08
1.349517657e-08
1.15757422e-08
3.053635333e-08
1.119865942e-08
1.24684855e-08
1.607665966e-08
1.101781471e-08
6.565559047e-09
1.260734705e-08
2.630691197e-08
8.118988165e-09
1.477665873e-08
1.644956909e-08
1.382073661e-08
1.434022176e-08
8.705206404e-09
1.402832274e-08
9.167579793e-09
1.806915456e-08
1.025826903e-08
1.547179069e-08
5.170169009e-09
2.783985963e-09
5.999071934e-09
5.449672468e-09
4.258356802e-09
8.488341424e-09
2.732715693e-08
3.396381929e-09
9.647167924e-09
1.439865466e-08
1.666999352e-08
1.359580026e-08
1.164725878e-08
2.499523858e-08
9.982923243e-09
1.483662613e-08
2.867738042e-08
1.379212751e-08
3.774729662e-09
1.229353862e-08
1.392322664e-08
1.210589033e-08
2.206268947e-08
3.010066822e-08
1.75977812e-08
1.284684454e-08
2.022039687e-08
2.990206872e-08
1.100158955e-08
7.079285624e-09
1.060595403e-08
3.620258194e-09
4.520831371e-09
4.822538166e-09
1.249799215e-08
6.287934266e-09
7.505683129e-09
1.069585352e-08
1.047130161e-08
8.250616543e-09
4.617759977e-09
1.75334189e-08
5.787843586e-09
3.810455678e-09
5.498005896e-09
2.464661695e-09
5.348676404e-09
4.410938274e-09
1.901616268e-08
6.636621087e-09
1.534138996e-08
5.729814679e-09
8.727746587e-09
1.083834389e-08
9.002637263e-09
1.017962759e-08
8.166232218e-09
3.229301515e-09
1.029711982e-08
4.503961942e-09
1.414056343e-08
2.390293986e-09
2.114495282e-09
3.408958634e-09
7.705819836e-09
2.129971055e-08
4.809116918e-09
1.626933389e-08
6.394220499e-09
7.457367787e-09
6.903525619e-09
1.387733272e-08
6.927695011e-09
1.439341638e-08
2.268890402e-08
9.416237496e-09
1.86091497e-08
4.819301523e-09
1.581986992e-09
1.319982493e-08
1.140248569e-08
8.102007078e-09
1.947781714e-08
1.707456817e-08
8.714505032e-09
5.523365218e-09
1.650957742e-08
2.189473759e-08
1.393861183e-08
7.953014287e-09
4.705976179e-09
2.299523957e-08
1.459834812e-08
2.174402915e-08
1.3428993e-08
1.430912846e-08
1.728463371e-08
3.207286341e-09
2.169365849e-08
1.911663611e-08
1.355890799e-08
9.59529094e-09
2.831183651e-08
1.97138111e-08
5.160933087e-09
2.370983552e-08
8.183447717e-09
1.219460868e-08
1.337448428e-08
9.837233678e-09
6.668816331e-09
1.687669929e-08
1.69986066e-08
2.02239426e-08
9.047959925e-09
1.082074364e-08
1.57114228e-08
6.113462823e-09
1.890903275e-08
1.476243857e-08
1.195655884e-08
1.201020084e-08
2.641149476e-08
2.926408607e-08
1.358848295e-08
3.303770156e-08
1.901943878e-08
4.636762578e-09
3.132295629e-08
8.047462856e-09
1.146896144e-08
7.30203657e-09
2.339274572e-08
1.525765287e-08
2.054366611e-08
2.459919841e-08
2.88026264e-08
1.441002533e-08
1.996169307e-08
1.314237367e-08
7.87062408e-09
1.297275194e-08
2.172094881e-08
6.458978701e-09
9.997116613e-09
1.07131835e-08
1.044519574e-08
1.533949739e-08
8.726207876e-09
5.331877094e-09
4.869422453e-09
6.401475526e-09
1.926756977e-08
5.185258862e-09
1.096713069e-08
8.471772828e-09
1.045221757e-08
1.959127085e-08
1.071750651e-08
1.340173446e-08
1.093385445e-08
1.151624949e-08
1.117836118e-08
1.534282935e-09
8.782871897e-09
2.897232297e-09
7.213493285e-09
2.813966512e-09
3.272940624e-09
2.178784345e-09
5.431712802e-09
1.850373064e-08
2.944614443e-08
4.795031182e-09
2.731373693e-09
1.217777676e-08
8.421840593e-09
1.057745794e-08
8.916765137e-09
9.436546123e-09
6.388559154e-09
1.101522599e-08
2.499236487e-08
1.295759354e-08
6.117619622e-09
8.239569671e-09
1.043838223e-08
1.507590839e-08
1.135064807e-08
2.466920959e-08
2.524960035e-08
2.137125765e-08
1.037410731e-08
2.892155093e-08
1.399887217e-08
2.126558248e-08
1.290999813e-08
3.510808113e-09
9.792740129e-09
1.953692946e-08
1.140579538e-08
6.290189787e-09
8.975441944e-09
9.838717076e-09
2.408786581e-08
2.138812546e-08
7.05629252e-09
3.54071124e-08
1.638460532e-08
9.240638129e-09
1.824320871e-08
1.620253054e-08
1.269360107e-08
1.883257755e-08
1.654291493e-08
1.044286e-08
1.826479902e-08
1.068861804e-08
1.484191404e-09
8.069445854e-09
8.055310907e-09
3.04395832e-09
7.42358832e-09
1.993841324e-08
9.120526356e-10
9.710589763e-09
3.019849363e-09
9.440105434e-09
5.679554918e-09
4.96005922e-09
2.327405189e-08
2.58536429e-08
2.701402331e-09
1.549639963e-08
2.036382243e-08
1.168711908e-08
1.716322651e-08
2.131248952e-08
2.084011651e-08
3.160321736e-08
6.896754156e-09
2.582548165e-08
2.892939217e-08
1.759334081e-08
1.760268118e-08
1.62979461e-08
2.178851566e-08
1.368238437e-08
3.103784467e-08
1.768387843e-08
9.095448777e-09
2.823329889e-08
1.086885895e-08
2.588102385e-08
1.828554561e-08
2.240265278e-08
6.087874885e-08
1.793894264e-08
6.006172536e-09
1.305795573e-08
2.401096696e-08
1.020320633e-08
2.784168898e-08
4.016330801e-09
1.546065397e-08
1.232688343e-08
1.341145443e-08
1.29608472e-08
1.020393701e-08
1.478074761e-08
2.486654391e-08
9.914776628e-09
2.084957709e-08
1.179182633e-08
5.032838876e-09
3.560119428e-09
7.646763739e-09
8.850345864e-09
1.490373835e-08
1.173048736e-08
1.290687154e-08
1.23541641e-08
6.664596706e-09
1.336923788e-08
6.039730727e-09
3.070677849e-08
1.325446903e-08
2.633373286e-08
2.941149098e-08
3.251693552e-08
1.214227836e-08
1.825006095e-08
1.737333251e-08
9.309426315e-09
3.13767528e-08
1.929788077e-09
2.385977474e-08
1.694133814e-08
1.192189949e-08
1.538144586e-08
8.436215371e-09
3.158965171e-08
2.098065895e-08
2.454984668e-08
1.240380078e-08
1.138144022e-08
1.161499576e-08
8.254336922e-09
1.854001828e-08
1.409707346e-08
1.43919045e-08
2.822492494e-09
9.121352236e-09
1.196295205e-08
8.117737863e-09
3.82780387e-08
2.419791837e-08
1.14386692e-08
1.45417278e-08
3.494953734e-09
5.66225755e-09
1.618186837e-08
1.077639837e-08
1.139633323e-08
1.667182169e-09
1.080176041e-08
1.131810987e-08
1.090220726e-08
1.055208164e-08
1.05459988e-08
6.039777627e-09
2.321450419e-08
2.104963995e-08
2.000755214e-08
3.250470854e-08
1.171788269e-08
2.628239646e-08
2.595826664e-08
2.403747341e-08
2.156239533e-08
2.343214233e-08
3.987310779e-08
1.35894206e-08
1.087264337e-08
2.291194346e-08
1.845206193e-08
1.83906537e-08
5.088306081e-09
9.075091728e-09
1.911441546e-08
1.287769403e-08
7.627466513e-09
6.039231615e-09
1.910200061e-08
1.513186499e-09
8.758610617e-09
1.11953032e-08
6.989398326e-09
3.673179968e-09
1.141031737e-08
7.101883776e-09
6.622870212e-09
1.278271072e-08
2.585695624e-08
1.120729046e-08
1.205971228e-08
9.804202948e-09
1.379248048e-08
6.097627654e-09
8.612616361e-09
1.163103006e-08
1.071620748e-08
2.86666635e-08
8.590110285e-09
9.273570695e-09
1.503446515e-08
6.825618652e-09
7.661264723e-09
2.854833923e-09
1.166766938e-08
1.153822257e-08
7.535466199e-09
1.141011377e-08
3.500637206e-09
1.420500635e-08
6.636689954e-09
5.147382447e-09
6.624826927e-09
7.954009025e-10
2.261604554e-08
5.337800798e-09
6.650115828e-09
4.741915136e-09
6.926771386e-09
1.509399089e-08
1.326451243e-08
1.389075514e-08
2.066639673e-08
1.129171219e-08
1.304805705e-09
2.163148186e-08
1.971236024e-08
4.727369337e-09
7.609089402e-09
6.548551643e-09
1.301622449e-08
1.754844796e-09
4.585951872e-09
5.688261623e-09
1.043535809e-08
2.372294583e-09
7.83314243e-09
9.245331547e-10
1.556771753e-08
6.58724491e-09
3.76253413e-09
1.733886622e-08
1.533625072e-08
7.814972314e-09
2.678753908e-08
6.262769348e-09
1.812228404e-08
3.456098606e-08
1.719085932e-09
7.931174074e-09
1.936466387e-09
1.132394408e-08
1.82160039e-09
6.035936244e-09
2.558506717e-09
6.473996802e-09
4.515325375e-09
1.39110204e-08
5.493596498e-09
1.314299888e-08
2.803886306e-09
6.254700689e-09
6.119761011e-09
4.496389931e-09
8.81849177e-09
1.24381971e-08
1.159755717e-08
5.152480827e-09
9.519906334e-09
4.655478542e-09
8.400211603e-09
8.162928543e-09
2.417227724e-09
1.370905955e-08
2.430838785e-09
1.331989923e-09
7.84801919e-09
1.849657564e-08
2.035383287e-09
7.902913122e-09
2.327785236e-09
3.349330782e-09
2.424546552e-09
7.205588207e-09
1.242648357e-08
5.457540135e-09
2.09761246e-08
2.690152071e-09
4.342340329e-09
1.578595303e-09
7.384495871e-09
2.738033523e-08
2.459622892e-09
1.884013061e-08
1.494498709e-08
9.886065677e-09
1.478722158e-08
7.685498022e-09
8.310294922e-09
8.757934167e-09
5.497826661e-09
1.860420744e-08
7.354217365e-09
9.648037145e-09
5.238629751e-09
1.855037033e-08
3.337889419e-09
3.036485494e-09
1.097210424e-08
6.343813962e-09
5.253792357e-09
7.786818862e-09
1.988899335e-09
9.342605404e-09
9.306585021e-09
7.523412678e-09
1.004016366e-08
7.136729853e-09
1.010063711e-09
3.882655983e-09
9.011622484e-09
1.901097159e-08
1.012291606e-08
1.434141104e-08
7.707582623e-09
1.497549329e-08
1.206248031e-08
2.247966153e-08
7.023138026e-09
1.330038969e-08
2.006730595e-09
1.921959889e-08
6.945307447e-09
3.221579198e-09
3.535996328e-09
6.641293788e-09
2.153910523e-09
1.71125915e-09
3.750956074e-09
7.624814172e-09
7.925682405e-09
6.483542222e-09
3.15697381e-09
1.264308976e-08
8.726249869e-09
1.632833202e-09
9.657806474e-09
7.435835286e-09
1.64739754e-09
5.114677023e-09
1.29947941e-08
7.652801213e-09
7.585436353e-09
1.127160511e-08
7.593404698e-09
1.365592483e-08
2.249166839e-08
1.91292687e-08
9.285491877e-09
1.029472503e-09
9.677167929e-09
2.003871852e-09
1.73686568e-08
1.738012831e-08
9.863911174e-09
1.850554493e-08
7.649861218e-09
1.94758747e-08
1.653492671e-08
8.917335634e-09
1.007108746e-08
1.463353968e-08
1.650108724e-08
1.906703131e-08
2.721970257e-08
1.143185306e-08
1.029972515e-08
1.049148117e-08
1.118906842e-08
3.910369946e-09
1.405710977e-08
9.265374749e-09
2.40877122e-08
1.369180158e-08
1.360140311e-08
2.251803191e-08
2.430836935e-08
2.458127829e-09
7.133096637e-09
1.116071049e-08
1.416198725e-09
6.00476463e-09
1.713982519e-08
1.368783197e-08
6.72510871e-09
3.564107758e-09
2.453279104e-08
1.133996858e-08
1.657762408e-09
5.09648894e-09
5.422778071e-09
9.222529401e-09
1.900365606e-08
7.994539097e-09
4.434046469e-09
1.968987194e-09
2.552546351e-09
3.220697679e-09
6.282367898e-09
1.110859948e-08
1.058298222e-08
7.493058483e-09
1.222277535e-08
1.248836664e-08
6.819823925e-09
8.386910483e-09
1.150660707e-09
8.359844003e-09
8.246101815e-09
1.329142834e-09
9.357255862e-09
3.067784176e-08
3.118584658e-09
7.221823452e-09
1.070970714e-08
1.956329571e-09
2.308356567e-09
6.650200092e-09
3.459760273e-09
1.447481577e-09
2.68622362e-09
5.732107812e-09
1.220935016e-08
5.956879652e-09
1.513484223e-08
8.479330488e-09
8.767184898e-09
1.936481602e-08
8.897376173e-09
9.803167669e-10
2.901214374e-09
1.517093586e-09
2.281842515e-09
2.382537345e-09
1.635401433e-08
1.270569011e-09
8.6542947e-09
1.705770785e-08
1.004670699e-08
2.225711242e-09
8.249710789e-09
1.686311805e-09
2.409258635e-09
1.638431193e-09
1.557310732e-09
2.870342593e-09
1.469479054e-08
7.812294816e-09
2.597089643e-09
4.542824602e-09
5.000552636e-09
8.974344261e-09
3.535050078e-09
7.708698191e-09
2.015496603e-09
2.560721428e-09
1.01812589e-09
8.346692911e-09
1.896491636e-09
3.45469087e-09
3.644321222e-09
3.804923707e-09
7.168200252e-09
1.465358666e-09
1.627634342e-09
1.237977893e-09
5.031690949e-09
1.459793213e-08
3.620537567e-09
4.99402912e-09
1.649037776e-08
9.969871064e-09
7.22900841e-09
1.788752505e-09
7.470694986e-09
1.44161589e-09
6.56454539e-09
3.953678366e-09
5.158157059e-09
8.539288957e-09
1.479007561e-08
5.857014853e-09
7.746559865e-09
5.235975161e-09
9.219838449e-09
3.238879908e-09
2.492483179e-09
3.039981655e-09
7.300479955e-09
3.330835992e-09
5.607536022e-09
1.771067267e-09
6.630987197e-09
1.190155943e-08
1.471755801e-09
1.071505049e-08
1.484741894e-08
1.680970142e-09
3.706356151e-09
6.345690371e-09
2.999262184e-09
2.184293905e-09
2.73368571e-09
8.302364814e-09
2.759377787e-09
8.388924099e-09
9.048439845e-09
8.720262281e-09
7.92900622e-09
2.002024026e-08
1.482755174e-08
8.104444215e-09
1.263266798e-08
8.09793129e-09
8.146704918e-09
8.095462798e-09
2.383234515e-09
2.77052415e-08
9.551870158e-09
2.291749604e-08
2.079394668e-09
1.633034555e-09
9.048702908e-10
2.502228656e-08
1.053417953e-08
1.762523566e-09
4.354183493e-09
1.522392754e-09
6.761398317e-09
2.337614107e-09
3.708380415e-09
2.300114008e-09
6.283502727e-09
3.446675738e-09
1.996614558e-09
7.392398969e-09
1.691047158e-09
1.036509369e-08
2.219179768e-09
7.084001913e-09
2.1324075e-09
2.574980014e-09
5.219399997e-09
2.522680425e-09
7.588750796e-09
1.666340309e-08
4.985914288e-09
8.313512152e-09
1.573353108e-09
1.500123007e-09
3.99391449e-09
1.960494608e-09
2.079233689e-09
2.208436864e-09
1.73747009e-09
9.374405594e-09
1.03279621e-08
2.846959934e-09
6.071369064e-09
5.104313016e-09
5.949839574e-09
6.244062058e-09
1.862760405e-09
3.411135863e-09
1.981520625e-09
1.960280304e-09
1.173191175e-09
2.866762563e-09
1.256303289e-09
1.730342002e-09
4.581534954e-09
1.60942921e-09
2.616928346e-09
1.004873207e-09
8.854740543e-10
8.69034118e-10
1.004910557e-09
1.184374165e-09
4.008425158e-10
7.536545119e-09
5.022203438e-09
5.104923813e-09
1.632165903e-08
5.775980317e-09
5.44710414e-10
7.840301617e-09
1.709961669e-08
1.176393149e-09
9.235755897e-10
1.697506837e-09
2.367904786e-09
1.35745278e-09
3.785253979e-09
1.779124564e-09
1.169348196e-09
5.213443647e-10
4.838860951e-09
2.029136033e-08
2.238019808e-09
4.090438707e-09
1.272445513e-09
1.3833882e-09
1.255250011e-08
7.902032177e-09
9.09136053e-09
5.651491497e-09
4.636076024e-09
6.48521939e-09
1.983887778e-09
8.684879327e-09
2.684718629e-09
1.534483169e-08
4.567226643e-09
4.929157267e-09
2.061999425e-09
1.502118844e-09
1.782213779e-09
2.139305277e-09
7.107731574e-09
5.61117374e-09
1.472364504e-09
9.908438885e-10
2.085152993e-09
2.530308597e-09
1.185636013e-09
5.67122988e-10
2.776047126e-09
1.194011639e-09
4.716880175e-09
2.407594106e-09
6.144395917e-09
1.132024127e-09
1.091343267e-09
1.701725718e-09
4.893789625e-10
3.128139662e-09
6.033436985e-09
8.53057819e-09
8.440212007e-09
9.626551821e-09
6.029898857e-09
6.020669752e-09
4.532763996e-09
1.205561708e-08
1.261523274e-09
2.205662848e-09
3.719432363e-08
3.361633859e-08
1.313308139e-09
4.431040394e-09
1.380048783e-09
6.47341068e-10
8.507988321e-10
1.515581299e-09
2.702036265e-09
7.398992326e-09
3.581155228e-08
4.450209065e-09
1.69627231e-09
1.398744927e-09
6.136065084e-10
1.161684886e-09
1.616572073e-09
9.578965812e-10
4.692904341e-09
4.760805398e-09
5.493572073e-09
4.538510312e-09
3.013822549e-10
4.07416315e-09
2.55046956e-09
8.430266521e-10
6.552054771e-10
1.260921631e-09
1.572917963e-09
9.094615037e-09
3.589354478e-09
4.241696166e-09
1.506118555e-09
5.489271776e-09
1.609624822e-08
1.70865462e-09
5.148471703e-09
6.437077537e-09
1.452766511e-08
4.689368144e-09
1.175073653e-09
1.654921236e-09
9.767376847e-10
1.075284455e-09
1.113220325e-09
3.463077502e-08
9.541837843e-09
1.293990763e-08
2.987667128e-09
3.126316384e-08
3.279404704e-09
8.502599868e-09
1.788081794e-08
1.447758976e-09
4.71888223e-09
6.912668063e-09
1.575972908e-08
7.195930758e-10
7.09520461e-09
7.26140228e-10
1.687178767e-09
2.468582463e-09
6.102414554e-09
2.869869722e-09
6.198281502e-09
1.931002667e-09
2.301303281e-09
2.165206118e-09
2.556337246e-09
6.608411943e-09
1.004165653e-09
2.385949301e-09
2.08362966e-09
2.006397525e-09
1.430134518e-09
3.071070564e-09
4.549443554e-09
1.140350051e-09
1.141823815e-09
3.406418938e-09
1.537566171e-08
2.494495742e-08
7.3979942e-09
1.698545598e-08
5.209810116e-09
1.021649148e-08
9.903004204e-09
6.872028692e-09
7.490392874e-09
4.67748313e-09
5.739247428e-09
1.639599287e-09
7.94822071e-09
7.413372477e-09
2.196079733e-09
1.151756173e-08
3.912173422e-09
2.014166498e-09
8.567047653e-09
1.421069652e-08
1.574137528e-09
1.068652396e-08
8.840885335e-09
1.80681618e-09
7.813887398e-09
1.558803613e-09
3.38190203e-09
2.89935756e-09
1.543825654e-09
1.136516108e-08
9.695655047e-09
7.059009373e-09
2.339613229e-09
8.602272361e-09
9.465879645e-10
4.765321711e-09
1.286179846e-08
7.940103634e-09
5.422209399e-09
7.62358945e-10
7.473374141e-09
1.394151617e-09
5.065769809e-09
5.759217981e-09
5.235225932e-09
1.522608332e-09
8.021577416e-09
1.819861757e-09
8.470341845e-09
1.248886237e-08
2.64484968e-08
1.318769331e-08
2.219989627e-08
1.059501567e-08
1.687034171e-08
8.146948919e-09
2.202391961e-08
3.863235118e-09
4.159222376e-09
5.157644098e-09
6.219515085e-09
6.758598045e-09
4.176045633e-09
7.514464733e-09
1.237359441e-09
1.651687766e-09
3.921149304e-11
1.999510503e-09
3.745560463e-08
1.003469779e-08
8.785837709e-10
1.248144506e-09
7.198740076e-09
6.339164905e-09
2.12905867e-09
6.696575255e-09
5.882473075e-09
1.165091181e-08
2.475664562e-09
3.703239393e-09
1.626783509e-09
7.296266511e-09
8.19082172e-09
2.030701132e-09
1.283631119e-08
2.174991204e-09
1.070368766e-08
6.817672098e-09
1.024262018e-08
7.158875297e-09
1.341562914e-08
6.508765975e-09
1.680277353e-08
8.030576812e-09
1.662776554e-09
8.682332391e-09
2.084055e-09
8.565354941e-09
1.348571767e-08
1.555679426e-08
4.455793235e-09
1.261559041e-08
9.59312678e-09
4.62761491e-09
8.654266428e-09
3.959173981e-09
2.803677256e-09
8.208131132e-09
1.233921391e-08
7.044540511e-10
2.269070053e-09
4.752176682e-09
9.45495017e-09
7.598747713e-09
8.171539931e-09
8.651209654e-10
2.12365536e-09
1.488703433e-09
3.350181834e-09
1.040967714e-09
7.863037589e-09
2.302102831e-09
1.317738711e-09
2.27966479e-09
6.443758293e-10
2.099643527e-09
1.249990328e-09
1.958468397e-09
8.936926347e-09
6.998456207e-10
2.621407019e-09
1.940749965e-09
3.564021098e-09
1.538138965e-09
7.669604612e-09
2.661988785e-09
1.349620199e-09
2.775162353e-09
2.209226585e-09
3.122380902e-09
1.031984009e-08
9.953604047e-09
2.019212572e-09
5.568634918e-09
1.308067043e-08
1.109052127e-08
9.534798622e-09
5.151391392e-09
1.176677846e-09
1.413370413e-08
7.304470887e-09
3.904983431e-09
2.741307769e-09
1.126479283e-08
6.041127055e-09
8.490674621e-09
3.820311241e-09
1.238886103e-08
1.633500813e-08
1.554437309e-08
3.613058303e-08
9.949119305e-09
6.838271899e-09
9.058172784e-11
8.222888559e-10
1.365122552e-09
7.230890302e-09
3.190632623e-10
2.362168841e-09
5.077016852e-09
1.390462693e-09
4.986569221e-09
7.166420382e-09
1.200222335e-08
2.547307638e-09
6.817576077e-09
7.546214403e-10
1.944536261e-09
1.433746691e-09
1.162428907e-09
1.179830591e-09
6.711988384e-09
1.280688073e-09
5.82873298e-09
1.051437635e-08
1.027318801e-08
6.226031097e-09
6.676933424e-10
1.097428198e-08
8.168126998e-09
1.031031885e-08
9.834393467e-10
1.700524762e-09
1.998177711e-09
8.417980911e-10
9.437524011e-10
4.770240156e-10
8.152455091e-10
5.389447765e-09
2.939701601e-09
3.020646739e-10
1.313191691e-09
5.077770249e-09
9.41578537e-09
1.093814038e-08
9.580363055e-09
1.312034115e-08
8.866536813e-09
3.568161935e-10
8.625856687e-09
1.537667821e-08
3.826555871e-09
1.03214581e-08
1.947752245e-08
1.243454945e-09
3.627601062e-09
2.218164716e-10
1.21440488e-08
4.792704939e-09
3.794948629e-09
4.981665818e-09
4.69804563e-09
1.757529531e-09
1.095360295e-09
7.960902037e-10
5.657563906e-10
1.117498181e-09
2.631484523e-09
6.212322282e-09
1.923841934e-09
1.069692608e-10
1.90635533e-09
8.325766899e-09
1.645059469e-08
1.695378809e-08
2.187626728e-08
8.43614247e-09
8.358415751e-09
4.985981988e-09
1.926277109e-08
2.037112002e-09
1.10493023e-09
8.089999803e-10
1.379073231e-09
1.315825451e-09
3.291182369e-09
2.671240802e-09
4.167654509e-09
3.834424384e-09
4.243679743e-09
4.936945017e-09
5.098002721e-09
7.071310278e-09
1.335336292e-08
6.297893808e-09
9.038080644e-10
2.426148519e-09
1.277550716e-09
1.227391691e-09
7.877209491e-10
9.314558325e-09
1.885492458e-09
9.967303418e-09
4.181325141e-09
1.206100352e-09
2.145837332e-09
6.095941924e-09
2.012936578e-09
9.492470781e-10
6.641494149e-09
2.522194578e-09
2.319597263e-09
2.451292972e-09
3.177140851e-09
6.608318026e-09
2.013396311e-09
1.192748771e-09
4.914710242e-09
1.021350914e-09
8.73925088e-10
2.403553591e-09
7.247924162e-09
7.197900244e-09
4.561670247e-09
9.396683467e-09
2.2858602e-09
8.354558705e-10
2.565685842e-09
1.009268427e-09
2.263090072e-09
1.725689243e-09
5.274810288e-09
3.387964766e-09
8.983282768e-10
4.704880774e-09
1.408214666e-08
2.501717843e-08
7.144242013e-09
9.630676057e-10
7.291141755e-09
1.477950454e-08
1.089267432e-08
1.415492695e-08
1.411732551e-09
2.152263964e-09
5.537469991e-10
1.567422713e-09
1.224075214e-09
3.808256844e-10
2.862418725e-09
3.770332468e-09
1.676916197e-09
9.554705645e-10
6.924432645e-09
2.024322339e-09
1.409667283e-09
2.717255527e-09
5.312078179e-10
1.02954707e-09
3.790491193e-09
7.34798047e-09
2.421875268e-09
1.49516401e-09
4.579317597e-09
1.206890565e-09
3.049143671e-09
2.012591981e-09
1.263630495e-09
5.641732518e-09
7.996335107e-09
6.689763924e-09
7.78312972e-09
2.710975733e-09
4.99514822e-09
3.847897287e-09
9.349962939e-09
5.674912569e-09
1.322420941e-08
7.394222084e-09
2.189479211e-09
5.017489497e-09
2.033175122e-09
5.879753305e-09
6.005119796e-09
1.365897923e-09
1.452237015e-09
3.465579591e-09
9.59261155e-09
6.765878991e-09
4.877727452e-09
1.11234452e-08
7.025594467e-09
1.50040253e-08
1.257929594e-09
6.088693421e-09
4.846006532e-09
1.094584445e-09
1.066757421e-08
5.124874609e-09
1.485498344e-08
6.501180935e-09
3.366871192e-10
1.709247538e-09
4.966122107e-09
1.225683447e-09
1.169325129e-09
1.001505819e-09
1.104315451e-08
8.52853697e-10
6.467494875e-09
1.953650534e-09
1.443053942e-09
4.83082344e-09
8.318611062e-09
3.918291078e-09
5.443864559e-09
2.057013339e-09
5.696220271e-09
4.883360529e-09
5.906169409e-09
1.045039205e-08
1.716369416e-09
1.61241186e-09
7.830232508e-10
1.251345943e-09
4.339714958e-09
1.260803268e-08
3.459641367e-08
9.170834434e-09
6.067253994e-09
5.116179593e-09
9.390865726e-09
5.786787703e-09
1.623462195e-09
8.786486361e-09
5.648239898e-10
2.927150691e-09
5.52699961e-10
4.886051916e-09
1.007201353e-09
7.668522816e-10
4.375344954e-10
5.464010264e-09
4.614549126e-09
3.898244486e-09
2.94938023e-10
6.745862682e-09
1.033015807e-09
1.657772965e-09
1.388328227e-09
1.00785526e-09
1.12561785e-09
1.269484758e-09
1.253833612e-09
1.877302894e-09
6.398768252e-10
1.559232209e-08
8.518349303e-10
1.596299206e-09
1.89419282e-09
8.501939926e-09
2.082222372e-09
1.656813408e-09
1.452924055e-09
1.086150134e-09
5.199325866e-09
2.243673308e-10
5.959831692e-09
4.395021865e-09
5.736569104e-09
8.097242035e-09
5.021475072e-09
5.228532578e-09
3.782444722e-09
4.507080147e-09
1.131857393e-08
4.080843638e-09
1.15124049e-08
1.591020448e-08
4.865196593e-09
7.052576717e-09
3.71977387e-10
4.652741623e-09
4.320583512e-09
1.498124786e-09
1.3427242e-08
7.975023889e-09
4.24200369e-09
4.271410161e-10
3.687129377e-10
8.909123257e-11
1.527738492e-09
2.85631019e-10
3.031440841e-10
7.153767537e-09
7.987537368e-10
8.849141017e-09
2.121395559e-08
4.34540765e-09
8.966437361e-09
7.698303748e-09
4.880986759e-09
5.439840792e-09
2.158650237e-09
2.487449636e-10
9.886843455e-10
1.052043971e-09
5.600767582e-10
2.83006863e-10
7.059866165e-09
9.227113268e-10
7.084097851e-09
5.682594883e-10
2.282523345e-09
3.511137617e-10
3.359058023e-10
5.078104827e-09
5.779596159e-10
1.477393965e-10
4.069125016e-09
1.582118448e-09
4.751132674e-09
4.088299849e-09
7.852837661e-10
6.079776505e-10
5.77708404e-09
6.169436823e-10
7.11473644e-09
6.428492307e-09
6.593692878e-09
6.973179464e-09
2.294319163e-10
5.377085294e-09
4.408729437e-09
4.261275119e-09
1.146541241e-08
1.124097641e-08
1.565103487e-09
3.857408474e-09
2.685187477e-09
5.76579609e-10
1.077448011e-09
8.366815228e-10
1.233971779e-09
4.712434948e-10
0
3.834258151e-11
5.847425076e-12
1.841625201e-16
8.863619366e-14
5.387332341e-10
2.542859666e-11
1.185259779e-09
7.300797816e-14
1.977364322e-10
2.365089148e-09
1.502116259e-12
9.96162917e-12
6.272202205e-11
3.280366961e-10
7.294808649e-09
4.465526246e-10
4.817368789e-10
1.090140491e-08
1.452134892e-08
1.365598211e-08
4.615157665e-09
1.300528024e-08
3.441313731e-09
6.914994813e-09
6.827895031e-09
4.988156235e-09
2.523568503e-09
6.174600807e-10
7.672709707e-10
8.521341702e-10
6.149772678e-09
4.871766936e-10
5.245056652e-10
3.079046352e-10
7.171730572e-10
1.187589921e-09
5.861696577e-09
3.620433236e-09
4.10594834e-09
6.549553713e-09
5.220150349e-09
4.489546823e-10
4.560858911e-09
1.643065593e-09
8.77693027e-10
4.514916631e-09
4.413669641e-09
7.324388498e-09
6.604960805e-10
4.464145582e-09
3.885335988e-09
4.230023762e-09
8.35875627e-09
1.402182186e-09
5.727337297e-09
5.61328882e-11
4.740763554e-09
3.666589007e-10
8.924256506e-09
4.086914401e-09
1.021772569e-09
5.795673283e-09
3.695913157e-09
3.029910802e-10
3.69776339e-09
9.069015323e-09
1.046132527e-09
1.692392903e-09
6.625587875e-10
0
0
3.992281679e-10
3.122462519e-09
4.944784384e-09
1.078714711e-08
8.31285767e-10
6.574335893e-10
4.103885237e-09
7.597859601e-10
6.004300492e-09
5.991783287e-09
9.682237552e-10
1.476161882e-09
4.201292951e-09
4.473042246e-09
3.423298363e-09
8.35216277e-10
7.232614572e-09
8.595383705e-09
8.411114699e-10
6.874600227e-10
8.935210732e-10
2.05689947e-10
2.019639721e-10
8.006760869e-10
2.507977962e-10
9.610710332e-10
1.310214794e-09
7.558130427e-10
4.310545788e-10
1.010872224e-09
1.04290098e-09
7.887856973e-09
9.686114641e-10
7.889978962e-10
6.694297286e-10
1.036379651e-09
5.291800975e-09
5.60253222e-09
1.70731178e-09
2.043032105e-10
4.03064768e-10
1.523788179e-09
1.001031047e-09
7.538879713e-10
1.045016756e-09
3.822673586e-09
2.147307733e-09
5.787034433e-10
4.234714785e-10
3.845663167e-10
2.151979909e-10
1.039144115e-09
4.751198468e-10
2.53978158e-09
9.535982132e-10
8.015656799e-10
6.915992366e-10
1.612448894e-09
8.676136719e-10
1.118764265e-09
8.410830343e-10
7.938905654e-10
2.192990467e-10
6.086245851e-10
9.717502015e-10
6.213336894e-10
4.011614979e-10
7.957055363e-10
0
2.800026629e-10
6.506498362e-10
1.0140481e-09
5.496291375e-10
1.698170498e-09
1.59721588e-09
3.007339922e-10
1.853399076e-09
7.720052114e-10
6.906455399e-09
1.547545996e-09
6.843024536e-10
7.786289605e-10
7.130113651e-10
9.851355028e-11
4.312219155e-10
5.34589114e-10
7.537522106e-10
1.132806418e-09
1.051403052e-09
4.945031552e-10
8.225677094e-10
6.79090734e-10
8.919013089e-10
1.070964731e-09
8.475970659e-10
2.654356822e-09
1.18672416e-09
1.011870433e-09
3.905510323e-10
5.777175134e-10
6.168634666e-09
7.37311055e-11
2.519315085e-09
4.298138628e-10
5.076276629e-09
5.53452665e-09
6.527117936e-09
9.977202834e-10
8.504833124e-10
5.776655568e-09
5.73122894e-09
3.430502333e-09
4.198489401e-09
1.35980537e-08
8.742749921e-09
7.501958666e-09
4.615468357e-09
3.858345321e-10
2.526699452e-10
1.813899218e-08
3.676797543e-09
7.453320882e-09
3.657319355e-09
1.157624009e-10
3.854270147e-09
8.191664574e-09
4.191586055e-09
1.908766944e-09
5.136157605e-10
7.723720324e-10
4.638509595e-10
1.444273905e-09
3.466018623e-11
3.492646907e-11
1.064056496e-09
3.256705571e-10
5.668103218e-10
6.679739008e-10
1.961316689e-09
1.100578367e-09
1.644706176e-09
2.797865472e-08
1.190758474e-09
4.960907968e-10
5.581382575e-11
7.076496174e-13
2.506319425e-12
2.138302874e-10
3.22171227e-10
4.513073709e-09
1.755208597e-11
1.272947666e-13
3.195841463e-12
2.111001517e-11
5.482827451e-10
4.524155527e-10
7.109132072e-09
6.081459527e-09
2.557003683e-10
4.50633122e-09
2.502884313e-14
2.031610255e-10
3.550448531e-11
4.213009631e-11
5.532845576e-09
4.791191246e-10
5.404894157e-10
3.836198597e-09
4.808751212e-09
2.82103681e-10
1.637515907e-10
3.410394726e-09
3.860820709e-09
3.457838686e-09
1.986088994e-08
5.911234171e-09
1.655862112e-09
1.022205906e-10
1.541352518e-10
1.964772475e-09
8.192865116e-15
5.410811202e-10
3.859170591e-10
6.09731354e-09
4.270467673e-10
3.789771786e-10
1.185289386e-09
9.662563661e-10
5.658731165e-09
1.177764687e-09
1.61450732e-10
7.77661046e-10
4.209201139e-10
2.421907965e-10
5.495423606e-09
8.250925233e-10
5.661821196e-09
6.465633291e-10
4.845208001e-09
4.304688801e-09
5.842853316e-10
1.886289573e-10
4.040669004e-09
5.49267012e-10
3.398338903e-09
4.081794622e-09
4.164522321e-09
7.064789094e-09
1.098222368e-09
9.34589132e-09
7.1087675e-10
1.394248264e-10
6.261554288e-10
6.728405667e-10
2.019528564e-10
8.052659932e-10
1.484973119e-09
3.500823744e-09
1.094257206e-08
2.034503508e-10
1.781801056e-09
9.974896382e-09
1.749352728e-09
1.306909608e-09
8.20568829e-09
3.060822273e-10
5.89939019e-10
6.301547958e-09
2.774161249e-09
7.429994006e-09
1.173830995e-09
5.807617051e-09
9.963187415e-09
5.695122856e-09
8.178572577e-09
6.914655468e-09
7.249978738e-09
1.715036154e-08
1.112328615e-08
1.108677395e-09
5.017892543e-09
2.34024521e-10
3.484102159e-09
9.721221876e-10
7.562980315e-10
7.930892701e-09
4.468670152e-09
4.292676892e-09
1.200854248e-09
7.225930729e-10
9.572635449e-10
8.468823558e-09
2.53057407e-09
4.245550179e-13
0
3.479617052e-10
4.489471384e-10
8.905524552e-10
1.505653289e-10
4.468010203e-09
7.539779709e-09
1.542680665e-10
7.334619931e-09
7.024461158e-09
3.983939743e-10
3.258343049e-10
7.797760409e-10
4.673594005e-10
4.026986779e-09
4.101550005e-09
4.233218066e-11
3.736892993e-09
3.836458325e-10
5.399956176e-09
4.481317819e-09
4.035030918e-09
3.453704621e-09
3.652313386e-10
2.524009511e-11
0
3.765452415e-09
3.49898976e-09
3.579362525e-09
1.826796881e-08
1.054520807e-14
4.372392847e-10
0
1.019184803e-10
1.06640867e-13
1.40743307e-10
4.940748191e-10
3.503844049e-10
7.167086366e-14
1.070165893e-10
9.350761603e-10
1.901586871e-10
3.042472422e-10
3.379875951e-09
4.88376296e-09
7.073905614e-10
1.941370729e-09
5.546334848e-10
4.376872484e-10
0
5.465491614e-10
7.555600875e-09
6.276661132e-09
7.157614748e-10
9.487313027e-10
9.689806513e-10
1.893504266e-11
4.621561794e-11
7.682017984e-10
4.566187388e-10
1.81939315e-09
9.064868878e-09
5.581915545e-09
1.878909487e-11
9.605868052e-10
5.842822649e-09
2.003995098e-09
2.701889268e-11
2.191824106e-08
4.560205069e-16
1.358218551e-09
1.429826989e-08
2.399654513e-09
2.212322587e-09
1.080843315e-08
7.244956776e-09
1.071605824e-08
4.024924088e-09
7.941678448e-09
4.506869023e-09
7.769877569e-09
6.299994797e-09
4.247004232e-09
5.397626726e-09
8.502107694e-09
3.871458139e-09
4.221861836e-09
2.64036265e-09
5.341719541e-09
9.815133475e-09
3.383306975e-10
8.752188923e-09
3.333190636e-09
8.781402577e-10
7.68229033e-09
2.111698803e-09
6.354507367e-10
1.737502231e-09
4.253091547e-09
7.171147575e-10
6.87618948e-10
5.369984892e-09
8.014279586e-10
1.086215804e-09
3.573530488e-09
7.982026981e-09
5.239799593e-10
1.786845306e-09
1.051441246e-09
6.283144769e-10
0
6.475043708e-10
9.135920149e-10
2.680564354e-10
6.036575305e-10
9.91105143e-10
6.918145564e-09
2.288051571e-09
4.644832445e-09
6.169865559e-09
9.438569187e-10
3.392706715e-10
7.188517408e-10
4.851368013e-09
5.506332139e-09
1.142483852e-09
4.793493406e-09
3.855461975e-09
1.216173322e-08
6.792873567e-09
7.075994107e-10
1.590973882e-09
7.111453043e-09
4.78951063e-10
4.425418092e-09
0
1.138384587e-09
8.497838762e-09
4.449272908e-09
2.4162586e-10
3.357085329e-09
9.0844998e-09
5.124713612e-09
1.674873547e-09
2.632527681e-09
1.696437172e-09
6.703526335e-09
3.286239223e-10
1.063783035e-09
5.748631354e-10
9.9272368e-10
1.213095145e-09
6.365545469e-10
1.334893077e-09
1.038772975e-09
1.166645236e-09
5.491314446e-10
2.050836222e-10
1.380795424e-09
7.208140901e-10
1.814601963e-10
1.392004928e-09
6.927741331e-09
6.098508356e-10
7.314752964e-10
3.437773146e-09
4.552727291e-09
4.852573697e-09
5.147197794e-09
9.902487464e-10
1.90849478e-16
6.783933727e-09
9.905141207e-10
4.685378838e-10
1.268973408e-09
1.145651145e-09
1.97670975e-10
2.735380557e-10
4.811575286e-10
1.551020564e-09
4.781463885e-10
5.958991933e-09
1.128582365e-09
1.255542349e-09
5.285534717e-10
6.114363504e-10
9.438320544e-10
1.243288934e-11
1.073078369e-09
1.135244022e-09
3.292595306e-10
5.350977642e-10
1.011571405e-09
1.673688883e-09
6.627593028e-09
9.369012391e-10
1.136679091e-09
1.636513873e-09
3.195509415e-10
1.447693255e-09
1.229455626e-09
7.726034171e-09
7.39836335e-10
1.378401549e-09
1.451751588e-09
7.894433399e-09
1.82103174e-09
4.480115738e-09
4.823038627e-10
