#################################### 
# Matrix Size= (25,25,400)
# Resol      = (1,1,4000)
# VoxelSize  = (25,25,0.1)
# nbVal      = 4000
#################################### 
24263.02577
25201.08514
25047.30701
25181.35808
25241.53131
25231.31311
25367.17148
25353.01836
25152.97757
25407.47864
25585.9849
25399.66208
25571.75024
25463.19702
25147.95231
25325.94356
25628.92199
25514.54733
25621.82488
25470.09432
25694.3492
25772.16782
25378.88204
25644.84258
25629.65541
25755.93771
25666.35687
25805.95004
25700.00876
25974.61894
25636.90573
25917.81342
25775.55353
25882.32866
25880.36345
26029.44077
26037.30416
26055.25525
26030.32606
25996.50717
26043.2746
25714.88157
25974.89687
25897.3991
25985.85887
26101.24979
26282.27362
26197.79999
26061.97099
26154.42183
26331.70119
26129.41982
26378.22888
26103.25143
26347.30231
26551.72445
26437.758
26243.40998
26311.3867
26546.44257
26423.47479
26342.18363
26457.35529
26427.86685
26570.03076
26550.88088
26503.82635
26631.42924
26562.46171
26535.55898
26935.7717
26932.11283
26656.51646
26537.92954
26543.81068
26533.77665
26956.02425
26908.86811
26644.41952
27137.48451
26819.52749
26914.9388
26880.60991
26884.13007
26976.28436
26946.04504
26866.6449
26742.70641
26731.20071
26935.60113
26905.26104
26916.77492
26923.84521
26788.52257
26934.65588
26865.41372
26924.76056
26870.89392
27130.06237
26927.52457
26946.85558
27024.14929
27152.55766
27231.79951
27203.43443
27415.98113
27644.38894
27300.71128
27439.61789
27003.37123
27215.64937
27173.62458
27274.05984
27248.57871
27434.26102
27566.16134
27323.2583
27125.18392
27357.29255
27143.45824
27653.95259
27495.45419
27298.9428
27438.99092
27665.85532
27262.57949
27346.17991
27502.99667
27517.56271
27597.69839
27584.09321
27351.87687
27586.76216
27566.77397
27510.80833
27419.61538
27703.95443
27760.75721
27803.37572
27677.65171
27591.58343
27745.13787
28200.1555
27722.96274
27653.61846
27875.22471
27833.66528
27879.41388
27971.02313
27966.30395
27817.8495
27967.77835
27828.34973
27544.43078
28199.06482
28116.67332
27942.8212
28109.56558
28111.7685
28191.52911
27957.21037
28099.10303
27874.07711
28027.03704
28077.91479
28151.39492
28426.17864
28207.81046
28236.60288
28219.01474
28162.93737
28367.60953
28278.10504
28381.26703
28455.42948
28274.45097
28502.34665
28091.07199
28221.11632
28378.05026
28543.68767
28525.84267
28312.05956
28596.46776
28421.58235
28366.39651
28423.09598
28692.64521
28907.26138
28768.68855
28596.59181
28517.61491
28739.79715
28669.13162
28601.52237
28686.21829
28609.2359
28521.37196
28729.54418
28561.61004
28879.77894
29045.2919
29021.87426
28849.89758
28913.85585
29120.09568
28796.63959
28747.87155
28877.20647
29239.73797
29100.4858
29132.42475
29093.74396
29190.93078
29122.13997
29116.19193
29219.7569
29429.22189
29171.07107
29199.30811
29155.69847
29337.67367
29408.58207
29193.76239
29425.01551
29270.11609
29183.23616
29440.30917
29553.14064
29471.31598
29171.73354
29737.56037
29362.12641
29451.42354
29780.87584
29625.14755
29552.38264
29679.99675
29773.34103
29716.65287
29466.40409
29509.55074
29584.30883
29519.21698
29935.82317
29702.34081
29488.68021
29617.35276
29930.03469
29701.94337
29927.37173
29838.32831
29895.45129
30194.09196
30024.45663
29830.04426
30092.02197
30189.228
29899.65599
29972.45479
30130.22304
30314.21559
29891.96061
29854.18583
30117.38742
30280.26892
30220.31266
29876.32268
30397.50914
30274.31466
30294.26354
30121.10937
30177.58954
30479.94616
30374.42348
30602.14172
30580.60134
30413.19859
30568.10456
30725.85533
30357.25117
30495.39557
30620.95323
30622.65997
30801.04971
30617.81461
30685.04832
30530.2933
30950.0159
30707.29403
30872.96291
30779.49227
30944.99376
30574.22266
30948.46659
30730.87887
30988.44434
30878.58668
30970.30272
30908.93045
31133.02031
30836.59854
31261.89762
31149.90866
31228.50458
31039.45673
31026.18532
31167.14412
31333.7264
31181.89216
31169.09194
30941.05173
31272.99658
31340.48932
31447.05389
31456.03983
31498.36766
31481.98013
31368.00593
31450.97738
31451.96628
31792.60285
31631.32661
31514.80811
31605.83743
31721.26137
31802.50726
31368.94361
31586.26198
31434.6779
31733.00649
31686.2048
31976.89819
31604.41177
31904.41482
31613.67992
31822.60038
32125.53329
31939.80344
32087.03684
32396.45315
32041.65305
31837.31446
32115.29669
32184.24567
32190.44539
32555.79077
32039.99146
32082.45594
32201.85517
32126.76082
32690.44034
32314.35368
32332.42036
32398.76475
32672.32895
32459.84358
32481.48839
32261.78321
32359.65318
32436.21969
32252.56116
32551.38634
32646.13074
32906.08309
32867.8258
32848.06044
32819.65571
32608.09356
32737.58121
32997.31718
33020.24845
33075.2247
32919.68934
33127.95044
32857.33291
32781.06148
32932.03468
33044.6405
33301.60485
32862.087
33218.79215
32925.83533
33580.38946
33008.9477
33607.90019
33662.67514
33652.48947
33197.37504
33178.89579
33490.13354
33078.21422
33468.31973
33757.92196
33451.67275
33572.84876
33322.94886
33636.91046
33567.03041
33799.57505
33750.90269
33773.61573
33486.17679
33877.01587
33983.70783
33765.10475
34089.38197
33831.88279
33951.23556
34090.97571
34062.68208
34355.44421
34130.06137
34190.10274
34593.15843
34048.74487
33928.76925
34339.48019
34615.94611
34332.60035
34446.58096
34485.26901
34368.59245
34413.39984
34520.13254
34844.27452
34517.06207
34738.67829
34786.4568
34965.59319
34653.41488
34826.44851
34886.03918
35045.86538
34947.68554
34714.60144
35186.86989
35100.01574
34997.01764
35161.07377
35366.33764
35256.42655
35406.45624
35524.5787
35363.44691
35478.73932
35490.14288
35930.64982
35743.75844
35377.35417
35381.35392
35905.14268
35442.33404
35552.82965
35742.61055
35932.09158
35785.53476
35638.16016
35679.90829
35906.52119
35958.93565
35756.63354
35938.24405
36010.62439
36035.29037
36179.76959
36328.32728
36247.02303
36234.19626
36152.40354
36699.96639
36605.278
36276.50993
36593.85283
36708.16289
36589.35775
36592.88005
36797.60641
36703.22573
37140.28999
37106.88272
36953.64061
37035.64626
37125.54112
37138.51615
37226.50253
37350.46316
37408.71497
37334.07001
37372.48482
37283.70416
37266.12412
37335.03904
37710.41694
37831.31525
37617.46964
37828.08165
37542.33429
37734.14527
37822.66396
37725.7356
37787.97077
37882.43964
38134.07185
38350.86202
37881.10305
38021.55539
38142.07025
38169.76366
38204.50133
38729.30349
38478.70013
38520.09456
38900.74276
38637.03015
38679.2669
38528.53272
39228.51482
38548.10541
38444.34848
38759.06192
38856.44056
39305.94335
39254.47404
39016.44893
39169.97902
39426.51101
39147.5131
38986.95931
39693.19771
39224.09115
39628.20653
39571.17667
39675.28907
39689.57725
39774.49613
39797.79478
39653.38297
40056.51716
39819.94824
40306.19044
39835.43248
40070.30083
40175.53356
40224.28953
40404.98054
40756.09956
40553.46745
40755.60288
40830.60424
40819.15677
41192.24574
40690.10518
41134.40178
41190.9093
41213.24221
41222.48787
41206.51461
41350.98804
41682.64177
41581.75633
41554.91543
41666.55158
41691.6616
41949.00557
41750.47815
41393.93299
41526.6106
42253.04732
41991.28498
42344.19699
42548.19987
42695.63199
42644.64268
42602.38571
42527.63725
42534.25759
42774.13881
43286.42109
43684.36607
42831.89975
43296.45888
43281.3046
43475.92387
43646.17449
43210.59258
43836.46787
43760.18126
43655.8286
43805.56018
44166.74383
44054.37604
44139.7442
44388.80934
44303.41694
44534.33308
45205.66427
44672.70181
44588.68021
44827.44343
44786.39723
45227.49274
45038.22195
45235.14943
45420.09031
45597.89809
45615.61687
46104.4884
45852.3213
45773.9572
45996.94899
46286.36881
46276.07383
46518.61433
46558.03157
46789.12945
46431.82186
46796.51466
46669.81017
46935.43486
47637.54963
47337.4622
47256.4387
47677.82569
48278.27827
47410.78917
47935.56243
47822.85177
47904.7455
48485.89182
48335.57112
48652.62233
48603.55366
49166.34007
49061.34243
48776.31574
48923.18255
49106.29278
49538.24041
49665.22522
50088.15898
49950.94978
50434.82824
50063.80818
50260.22934
51079.27289
50827.67598
50825.11799
50925.35594
50982.46044
50864.10909
51568.57676
51447.84168
51776.24733
51786.77417
52843.62898
52448.56162
52672.78079
52537.84092
52960.05094
53261.79059
52880.02498
53377.37398
53928.91829
53941.77618
54162.81255
54216.21901
54233.12335
54538.75971
55246.8202
55162.37763
55202.18908
55676.58246
55953.92866
55868.68587
56074.05219
56858.47483
56706.17464
57064.99172
57139.20031
57420.69023
57734.09519
57516.23673
58168.46294
58296.3425
58976.35429
59289.68738
59500.09337
60350.29971
59517.63042
60388.65154
60889.47254
60642.27411
61331.95826
61826.94486
61884.24155
61911.63442
62614.69559
62462.26736
63171.44357
63737.24513
64183.05233
64627.01666
64477.59216
65195.78157
65740.37238
65777.68872
66454.98964
66721.89514
67447.06166
67619.11032
68491.38643
69090.16371
69466.67699
69201.08963
69894.75826
70643.49682
71439.81088
71551.91574
72881.72506
72960.64662
73907.98081
75099.50806
75234.34866
75776.45838
76549.10474
76839.5484
77618.31276
78328.7886
79488.94819
79897.95478
81076.56734
81647.81858
81836.2284
83561.40152
84058.97543
86236.16543
86802.89383
87937.75154
88406.95782
90204.9708
91534.35802
93262.33104
94081.28877
95506.71337
96953.14957
98058.3714
99458.36161
100728.8522
102857.0029
104163.1782
106249.2179
107119.3139
107819.1328
109751.7006
111289.0985
112117.5153
113103.9929
114059.1798
115515.9698
116393.8497
116888.9931
117800.1828
117280.1623
117322.7522
116248.0281
115902.0106
115762.3334
113737.4337
111794.7252
110368.2145
108686.8548
105985.387
103255.6627
100449.0366
97858.42046
94071.6516
90686.71374
86392.63757
82340.40534
78497.27697
73742.88195
70138.30949
65261.54262
62060.32236
57236.08246
53469.12098
48879.92241
44612.80119
41588.13598
37557.63375
34242.72344
30669.69403
27898.48833
24707.84847
21927.39629
19539.51263
17247.86676
15511.97246
13153.3538
11518.04458
10004.69457
8664.645385
7336.65189
6120.227646
5292.576543
4482.297466
3868.189515
3322.419943
2757.756629
2166.290203
1769.46338
1516.127191
1218.443684
993.0992508
836.4088863
653.5299262
569.412171
455.4007117
424.1828087
298.2567529
252.4717364
190.9283718
177.4620829
189.0419466
151.4159613
113.0240051
100.2554224
100.9501361
74.53894223
69.58510254
69.57216126
52.95714893
57.02805893
46.77690025
45.59913602
52.07400506
50.26278142
41.35755436
49.72135537
53.24423751
63.96535745
51.47918922
49.62210181
49.44904836
54.20953163
44.03521886
42.59395024
37.69668734
43.88612121
41.41693555
54.32158693
36.75337413
47.97098944
36.81604151
43.40119227
43.15111377
44.49492427
58.34942385
63.14274601
36.849469
48.37171223
44.65381171
41.84803116
66.12265843
49.10327809
36.64649
31.03612113
36.50568488
47.06169563
52.41030312
46.23381054
48.28186128
45.95994903
66.40716693
42.82269756
43.89293274
42.81970751
34.10530093
55.25146833
60.50288462
35.76499309
40.81488388
42.54822182
55.86042216
44.3177958
47.31257761
46.03879877
53.03982683
40.36892121
45.05569655
31.57744593
34.6133636
40.7624566
29.90672695
32.18136111
38.18412094
44.47574854
42.8188641
26.26550295
41.39421233
52.59714787
38.66322001
37.81288012
45.77387083
48.19204992
39.66447118
48.65630271
42.9842448
55.02188293
41.34360052
39.56784104
36.8459763
47.00294702
36.51986249
38.63559517
47.76257483
35.54398704
41.91461384
46.72575425
44.99261128
38.75531464
40.60499041
40.59070315
44.74501657
33.92915401
44.7140183
33.87862058
28.197981
49.51558863
33.01184693
42.46149402
32.85658336
35.30506483
38.50610107
39.444191
45.77883688
51.32433888
47.53641499
27.43949526
48.78952103
30.24138161
27.52253832
49.22379266
40.0690211
22.82358783
27.87536077
24.5981304
31.12662151
33.51181837
26.41732499
27.12566003
21.59351022
19.59254289
43.70985968
36.27703954
30.71709939
37.72617484
26.6005177
38.11967526
40.94026656
42.90066503
40.52200576
29.34292862
32.81962688
38.30238351
32.66273181
28.93784733
41.24608546
36.16236341
31.15908835
43.29307905
44.51422275
49.05495288
35.10161185
34.02223376
45.10942295
30.90673431
34.73778413
46.25211425
42.91476547
45.2132821
49.20557608
46.76368425
71.902688
49.07139121
35.33733148
50.5985908
44.05585443
43.00794463
39.37396053
34.84549071
38.06178656
53.67816623
42.88112059
41.59163218
35.75318036
65.71614701
36.87497715
24.76886675
35.09378875
36.4856796
28.6526515
27.95963383
30.08502827
24.96483887
28.74837537
42.85941814
36.63443321
33.67372929
36.26941063
35.45701433
30.36296482
33.28733695
21.14333381
31.24605924
21.61882444
35.99799115
33.48300287
48.31399848
63.84422372
25.63695053
34.70448281
37.72156631
28.29888997
33.42983875
41.45687072
38.63984265
28.45249995
35.58955163
21.51176265
58.42425871
52.21991827
34.54171274
33.79548405
51.00311229
28.72626353
40.2189813
37.20641579
25.74337099
37.15301311
33.37721069
41.89988239
33.65383387
29.69754401
27.36361041
32.27911942
29.82753349
25.92856849
31.09865577
35.8988837
31.79963396
35.50465973
44.19644203
24.82664129
36.42473297
37.75573601
30.21066147
30.80805802
37.34365163
23.53920495
30.39952849
28.53119419
28.73036406
34.254139
38.38455016
28.67550407
40.22529069
29.34525309
31.80489647
42.27280112
26.56582527
29.82835414
32.98965966
36.5824312
38.82250011
36.17554227
27.81592124
29.03348012
24.01646493
16.95340734
38.12858441
37.57677652
32.3866852
38.27912967
25.99895667
36.67303511
26.19732721
24.77556076
28.7285785
34.40431247
26.90214675
20.26170946
35.38693696
18.22679245
35.22938632
25.41254021
19.30923637
24.89307864
22.40980866
18.8454968
21.5669363
34.11482794
22.88008694
31.65522688
13.06991623
27.62938652
25.00952229
30.31248067
22.92742521
17.36845628
28.58438278
28.27292601
27.11578839
33.64368816
31.41591278
20.68158217
17.18875752
15.33452285
22.43511141
32.36289264
38.98408815
23.36146271
31.18166338
26.80035605
23.04729048
24.92351719
29.13662215
25.40317549
26.91121514
23.09083614
24.13741894
19.1821705
24.39385024
24.55379138
25.03080737
27.39036338
24.29181553
24.98904204
20.15878268
31.69297496
29.7035637
26.88764141
24.14598581
25.98669428
36.69359614
40.25827477
29.056589
41.92001491
33.0756912
38.47551854
39.88657653
22.86579764
34.4120865
37.91470004
35.97587499
30.73248809
27.33877161
29.1990368
24.7163646
33.29647063
28.52727738
21.25047437
26.79172741
42.56388654
34.06733618
31.90690221
27.99225563
19.05391192
38.92692546
30.40713004
28.04923763
35.3458984
31.57624335
24.63777726
17.50233358
21.38293267
28.39151091
28.94219302
37.54508028
41.10290395
19.9015317
35.93636266
23.19689664
27.17793857
25.44892595
20.65902164
34.09339295
18.8295545
19.26667416
20.29414037
17.47535602
23.72712197
29.36463987
16.93724942
31.02894322
19.95452083
30.72691816
34.10533183
36.31090917
23.51302286
21.87010953
30.52930275
15.50286341
35.49693423
23.0335295
19.88478862
20.04097516
25.50931611
20.17066394
23.97934583
17.50961368
24.64451028
19.57077953
19.79201847
21.45257824
19.12379852
11.89234373
25.87134808
19.15859612
34.24235719
16.38723955
24.01289256
21.0271354
28.41854008
26.45544651
26.98723196
31.84449689
25.69367992
21.25001897
29.13279886
23.62425366
21.05281746
24.68693269
31.45165674
25.37171662
29.71997342
20.60750905
28.71530401
39.2485001
39.23280403
23.97480605
32.66563799
14.20726819
15.86650751
19.17388969
21.79382051
13.27761088
12.15945431
22.04088469
27.29567893
29.45718231
26.92240937
14.9072124
29.86721957
19.47210635
20.69056665
8.623978342
15.86845395
8.090134242
17.59846147
18.12088919
14.78857065
25.05502735
14.9908248
8.831506975
16.46782456
6.834398799
20.60629763
13.28410933
14.10530544
23.26062172
18.72567222
24.82537618
24.86777569
17.49310592
29.48743137
19.47685358
15.39667747
18.54053218
14.42694914
25.13243289
25.4201383
25.27577947
26.01897424
17.67085081
21.23154573
13.14365873
18.82540211
14.50865999
14.88827617
14.43938457
21.47749785
18.79971762
20.81456574
37.4218754
18.19330787
15.95626168
38.64423361
28.29868984
28.68174845
21.62327645
13.1338724
10.70204606
11.61887272
24.82460428
22.18476315
15.33626783
18.66299626
17.36604707
27.3183766
20.74377297
24.86653876
22.61005573
13.98407607
23.26950578
19.96064463
24.97472691
6.762196325
17.55376499
22.13881927
18.49958941
16.41320966
9.16463122
19.57568483
8.922789223
16.22625591
9.730280759
19.31441579
16.17849189
30.71752149
30.53248828
14.35640529
14.54842146
16.01051795
24.78247988
23.84377266
15.68497454
14.14881358
11.20464868
8.630078606
21.18449082
13.45750083
16.26510802
24.08152873
21.11384069
15.23945749
11.37513768
12.50812797
20.55553393
16.37129068
12.06152781
25.62164162
21.94532451
9.436738188
23.48673995
10.60011126
22.07998977
11.24808
15.31849402
38.13862823
9.177728654
17.32558475
22.79897306
23.02724654
18.55753398
17.3879533
16.24245674
15.56178065
22.45165477
19.50786695
19.72022678
12.91508702
13.04613485
23.1825031
20.51812902
9.470125401
7.626074215
12.77145484
11.83818102
14.47719233
12.31685313
7.8830725
7.135653074
8.466946951
15.86410321
17.92822987
17.9409842
19.44673016
11.40576139
8.604616258
22.91900521
12.45913012
11.24112004
15.11333718
13.54080174
17.22569083
12.81392842
16.95151919
32.02401537
15.71265283
12.09288064
15.87673364
18.46191767
9.604402707
19.04558102
17.34957908
22.42475233
16.27741624
18.88672786
19.0209254
15.74998338
24.02625241
14.31426265
12.60022095
15.12672286
15.07912743
21.63538023
17.24466367
18.99074436
17.84535578
16.08751025
15.67433931
20.55209854
26.83462402
23.62283308
22.99095101
18.01629155
18.29204231
24.84601887
19.80234642
21.08082822
21.07891872
29.35306238
22.18129126
9.703834398
17.02891511
26.48411703
11.25063922
15.73071478
17.01034475
17.92771665
17.30745949
15.00465815
11.79904088
11.84112164
9.90782581
12.88001144
14.25120185
23.08808699
15.15383618
7.776537349
10.73688837
12.35469259
9.021156603
10.93423977
11.53552797
18.13673524
27.53834582
16.12942463
13.14670785
18.30686817
9.524194764
13.32321592
10.96606502
13.66813495
14.18070206
22.72867924
17.62240792
10.24140798
13.3573254
14.57723378
13.63771393
15.13425739
7.283869921
9.600756352
7.08736586
10.75226679
9.801741157
19.91784999
17.62875195
12.00529367
7.699527495
6.305399909
8.558259962
18.70131143
8.277318902
12.72785427
8.795672427
7.799995565
11.04712603
14.08392586
15.17076467
20.82113001
10.38319742
24.02836543
13.18891528
19.4163457
22.29430457
15.44171868
8.257859961
5.475240481
12.93925453
6.424602641
20.33316725
13.63786281
10.85441853
25.86760912
22.84715138
7.833610945
10.33576602
7.904867278
12.3515043
11.71073579
9.107903767
12.11601447
26.81413831
12.419771
12.50939827
17.04977418
10.94003595
22.913284
8.166099147
15.93635173
13.64777987
10.07472798
18.03135673
7.918608342
16.40654559
10.90758944
2.853019908
8.021715081
8.803228166
13.08093884
14.16987257
10.99164255
21.65986531
14.70127399
8.877118518
17.925914
20.55180911
6.659220227
16.24506985
15.5993167
8.3010602
15.92593125
16.31193961
11.91086617
22.80560039
27.52805913
16.00831146
8.436755522
9.760597891
14.8572844
10.82296794
14.23778915
16.77759404
11.67597234
13.77177456
27.62341171
18.00688207
22.16484082
24.69650523
18.4142629
26.7329121
8.10103414
16.26077889
13.93755812
14.65506704
33.87171453
14.80708851
13.99767746
9.919837899
12.89305569
16.65776119
11.44312639
7.469356193
16.57566849
13.09307329
5.954750252
16.60532688
13.23851896
10.97049298
7.768058506
15.08547912
9.2905763
13.44595855
17.51384043
15.72198827
14.68205488
13.4324245
10.75481894
5.40176025
9.583834866
4.953004912
10.04463206
11.31666675
12.95523989
12.79873603
9.915098607
17.06986939
10.19123424
24.23548468
22.91158332
12.50857049
9.611309203
15.0845697
34.81536757
25.42650284
13.28576519
10.26180327
14.21005168
13.11588104
11.17157701
8.350836217
15.08983245
16.55312954
10.38578999
6.281132449
5.206626947
19.51037268
13.82423598
13.19008019
14.88136546
18.14018156
19.91344554
11.28035711
17.01416466
19.1544437
6.820744648
19.46169798
8.593894781
10.3043334
17.15217993
20.69782423
13.20786853
13.22733428
11.75692334
8.24152862
10.63211187
8.401986295
14.15151045
8.46572489
18.58063135
18.83964593
6.342418133
7.845648983
6.485959475
6.94422301
9.103651636
10.77932742
7.895609077
8.561569554
7.030068949
9.067771066
11.92482128
9.721024927
4.688899217
13.43602348
9.33661832
21.20357216
6.26504102
14.02078066
9.494668122
6.266868396
9.771292397
6.427906283
10.62073091
5.700218246
6.960947452
13.22210426
15.88479643
33.92057604
19.71219982
4.78439925
14.90960504
11.18083118
8.228888552
15.44868362
8.356308493
10.78911144
17.79122991
12.97537778
12.5669086
14.80557965
14.29978682
14.25300153
10.66563586
8.638691075
11.54029438
8.970004413
13.12233974
4.920295788
3.264851184
34.32231498
13.17317987
11.16388756
12.14528608
8.339355015
12.36881043
5.590898662
7.481237799
10.48491359
11.86783252
6.089825531
6.880283127
18.36177948
11.52368571
13.83197141
15.62769641
10.85628504
10.53390713
7.916627711
13.59616709
11.162349
7.828157001
11.83529703
12.12203038
8.826714585
8.422286467
10.35011985
8.582280905
11.92602212
12.03202615
13.27160587
18.55657023
11.2703772
8.999737176
9.174016308
5.768991296
12.74168362
7.367721343
5.35764644
8.889630856
4.620692182
6.415720345
9.019030808
3.149497451
10.26964116
4.156133092
2.316321636
4.014361318
5.17519333
3.923147868
4.260066128
4.757791332
12.75230547
14.23712361
9.26674022
5.490243857
17.32195117
14.00597446
6.931235893
8.028774534
5.525753898
8.080400393
7.466460614
3.989657464
4.406060693
6.723412923
10.09851703
10.27561462
8.107323676
4.598382497
21.67130374
12.74913902
5.102982458
6.219531567
4.187379653
3.844932464
5.248889094
8.02929587
8.651397557
6.010549328
9.686861142
8.256566696
7.196508189
10.30211422
11.5906718
11.35478049
11.96139374
8.975482482
11.85320868
9.090705714
8.984156688
8.920266942
9.958361408
2.029112103
11.2341852
7.146382785
8.758651017
3.609038039
5.690686278
4.492517792
6.549659113
10.38731453
10.71311262
6.712899494
13.29422192
4.591187217
7.093496399
6.158796309
8.649024393
2.708920533
8.389551188
5.38372396
4.490500638
3.807873148
7.661844951
5.229866644
4.761005997
6.461642949
6.359882706
12.02460765
8.587077349
7.934063553
10.72541855
12.26419096
7.49287267
5.175415013
6.063384593
14.9923069
13.93814364
9.861164343
8.305580727
9.457427277
2.173009715
8.373052094
7.174473402
2.859841084
7.562109999
13.09651687
20.72688895
13.37172575
8.070003692
7.005416775
9.315313085
5.993089688
6.184576388
6.775292769
9.582639947
10.63049663
8.89847324
11.21430517
8.752819952
3.379542689
13.6378372
8.916884078
10.36487896
5.866652194
7.333420982
10.24744498
12.44501207
10.25147734
2.583000452
11.15354747
6.862215953
13.99499741
20.37547041
10.98715763
9.678973104
14.03170978
8.969430058
9.518149353
9.329019438
17.89376166
8.625794511
6.442165667
16.8351187
9.053958867
10.6604827
13.24774341
16.00171013
9.873912289
13.72936624
3.286500801
6.288018245
7.184946738
9.632602615
10.34155387
7.565410342
9.116475726
3.948241255
8.21128985
5.989146246
12.319212
5.475661594
3.05477878
7.505332455
5.158239759
11.74227482
7.373730562
3.430279039
4.105456444
5.670711906
8.294839215
7.313967019
5.006348854
6.225491609
4.889733072
4.952028311
12.09033305
4.115201681
9.877236009
8.489058001
7.401477334
7.236582129
20.28735752
10.73149698
14.60339073
12.12787124
11.76155728
8.836776569
7.332305897
1.972496763
3.797442967
5.353741254
12.89510265
9.356372514
4.031835988
3.410439329
4.380100396
4.201594228
2.935126878
11.70413388
10.20406197
14.11799389
5.91590041
7.802354136
8.285442384
8.762438597
5.333716895
2.167873718
9.450296287
3.678480506
15.5091886
16.56012546
4.595192748
8.41173855
7.350906685
11.57129035
15.09736177
10.18621027
6.55015731
14.3714372
11.42357455
10.24827162
6.526401866
3.88845976
14.93398942
5.449976012
13.59578638
4.606100587
9.06792752
9.987197124
7.073033862
3.233482977
9.737114793
10.76673596
10.85638092
5.446656901
11.57162227
19.15286761
18.01566295
13.87749061
2.812700828
4.359480847
5.671436029
6.074579467
5.304215345
1.861116758
7.326448045
8.102769024
7.578293514
12.45742952
12.43390919
13.11543528
9.683819629
2.617073201
13.72113901
6.509599472
7.601593445
3.641409473
2.950211376
1.702127651
2.943892713
3.570999458
5.229294239
3.921051095
7.722335626
2.87567539
4.85044538
3.105607563
2.79346633
6.723131594
1.612188761
5.743626255
2.847733765
1.583919234
6.077894464
10.65630009
10.2983202
5.897092664
4.435958618
9.738291892
8.777387013
2.967728425
3.43770834
9.992649826
1.499464437
2.219595905
6.997468546
6.063532665
3.743349271
7.743748593
3.570385494
3.025413888
6.332798762
8.310937251
6.601561373
6.753320272
3.963187802
8.841230868
6.157342162
2.264123696
1.985090442
6.357141656
11.84902548
5.264392172
4.515631662
11.91205899
4.368533802
4.863885784
6.271414147
4.297987301
2.561187508
4.918054891
10.2621778
3.167171435
5.764291126
6.416884009
5.391391306
5.59403953
3.395851859
5.472369482
3.576221107
7.048675158
4.00169282
6.035458177
2.016853734
1.086017203
2.340204085
2.125886455
1.661160941
3.311254056
10.6601696
1.324909411
3.763305729
5.616833872
6.502870337
5.303644906
4.543529879
9.750501421
3.894281983
5.78768407
11.18688416
5.380231058
1.472500725
4.795639993
5.431372086
4.722439453
8.606530572
11.74210069
6.864795071
5.011481509
7.887862633
11.66462815
4.291657959
2.761589345
4.137322776
1.412242278
1.763550789
1.881244906
4.875396161
2.452887649
2.927924604
4.172392059
4.084795624
3.218518922
1.80136209
6.839687701
2.257805099
1.486437242
2.144741053
0.9614506092
2.086488461
1.720682112
7.418097677
2.588908409
5.984589592
2.23516835
3.404644657
4.227976747
3.511877958
3.971015239
3.185601073
1.259732285
4.016848294
1.75697012
5.51615394
0.9324401857
0.8248526689
1.329815513
3.005996803
8.308896804
1.876009352
6.346575278
2.494349308
2.909077061
2.693026359
5.413469127
2.702454703
5.614790448
8.850813331
3.673221073
7.259324211
1.879982309
0.6171241919
5.149177165
4.448045278
3.160547209
7.598186476
6.660692622
3.399479202
2.154633581
6.44029292
8.541013492
5.437373764
3.102425962
1.835774733
8.970313101
5.694733164
8.482222981
5.238574334
5.581910207
6.742638002
1.25114429
8.462573672
7.457291794
5.289253441
3.74306881
11.04428754
7.690246386
2.013250853
9.249072946
3.192316742
4.757047983
5.217310791
3.837449306
2.601467592
6.583505088
6.631060442
7.889245803
3.529558072
4.221110988
6.128937312
2.384827324
7.376306896
5.758743923
4.664186084
4.685111527
10.30297496
11.41575472
5.300790463
12.88782081
7.419375666
1.808774897
12.21890837
3.139269816
4.473977092
2.848483231
9.125378005
5.951924223
8.013968139
9.596008386
11.23574191
5.621269507
7.78694374
5.126765753
3.070286008
5.060597272
8.47321947
2.519611117
3.899818736
4.179152384
4.074611874
5.98385131
3.404044415
2.079935145
1.899534201
2.497179453
7.516170161
2.022740201
4.27821575
3.30479074
4.077351049
7.642444124
4.180838767
5.227940932
4.265234877
4.492423895
4.360615571
0.5985151087
3.42614873
1.130193958
2.813942995
1.097712446
1.276755655
0.8499314691
2.118880491
7.218200831
11.48677466
1.870514586
1.065493453
4.750481947
3.285312457
4.12620661
3.478379727
3.681143354
2.49214085
4.296977457
9.749380402
5.054684066
2.386448868
3.214209599
4.07195396
5.881026729
4.427823715
9.623319354
9.849726509
8.336806926
4.046880677
11.2821337
5.46088098
8.295583639
5.036117367
1.369546419
3.820092624
7.621245858
4.44933637
2.453767515
3.501269218
3.838027971
9.396540426
8.343386962
2.752619865
13.8121146
6.391542011
3.604720752
7.116572697
6.320515667
4.951702097
7.346482153
6.453297697
4.073700714
7.124994956
4.169569537
0.5789746853
3.147845259
3.142331296
1.187430951
2.895899882
7.777862412
0.3557865827
3.78804623
1.178026183
3.682531821
2.215562301
1.934891092
9.079076214
10.0853601
1.053801794
6.045057985
7.943812134
4.559079156
6.69527774
8.31388181
8.129611766
12.32823663
2.69038485
10.07437456
11.28519252
6.863062899
6.866706527
6.35773674
8.49957692
5.337420878
12.10768793
6.898381115
3.548083205
11.01365046
4.239880499
10.09604125
7.133088082
8.739148342
23.74845614
6.997880222
2.342973989
5.093834792
9.36654262
3.980213172
10.86088565
1.566747965
6.031113807
4.808647614
5.231732636
5.055953301
3.980498204
5.765886176
9.700298356
3.867698373
8.133302283
4.599924862
1.963282025
1.388782485
2.982959353
3.452469943
5.81386417
4.575996876
5.0348977
4.819289652
2.59982154
5.2152642
2.35606485
11.97854089
5.170493519
10.27264048
11.47325654
12.68467292
4.736634222
7.119245716
6.777238905
3.631554635
12.23989408
0.7527994314
9.307563389
6.608720338
4.650665667
6.000215171
3.290919976
12.32294475
8.184436576
9.576756556
4.838652641
4.439835558
4.530944254
3.219970221
7.232356436
5.499188749
5.614200672
1.101038383
3.558187999
4.666680041
3.166683699
14.93204674
9.439471309
4.46216026
5.672645897
1.363361716
2.208814695
6.31245547
4.20381215
4.445645236
0.6503583496
4.213705737
4.415130745
4.252889488
4.116307459
4.113934579
2.356083145
9.055846989
8.211345676
7.804833105
12.67990324
4.571079868
10.25261444
10.12617323
9.376882637
8.411368656
9.140746402
15.55427418
5.301156237
4.241356779
8.937819758
7.19804516
7.174090156
1.984919468
3.540142036
7.456425533
5.02351572
2.975431614
2.355870149
7.451582567
0.5902855083
3.416684541
4.367224558
2.726524817
1.432886763
4.451100372
2.770404756
2.58354427
4.986463267
10.08665261
4.37190072
4.704425657
3.824564205
5.380368748
2.378650114
3.359733006
4.537199143
4.180332024
11.18270355
3.350953513
3.61756756
5.864859955
2.662635291
2.988616105
1.113654592
4.551491939
4.500995466
2.939542811
4.45102095
1.365578806
5.541292761
2.588935273
2.007964825
2.584307574
0.3102814004
8.822391649
2.082245948
2.594172631
1.849794317
2.702094402
5.888080611
5.174411395
5.418705139
8.061844659
4.404833162
0.5089973372
8.438318918
7.689680412
1.844120083
2.968262807
2.554553016
5.07755567
0.6845550452
1.788953928
2.218958737
4.070774261
0.9254187204
3.055664628
0.3606551628
6.072878697
2.569647041
1.467743317
6.763793799
5.982584801
3.048576568
10.44966772
2.443070957
7.069400665
13.48204549
0.6706057144
3.093906219
0.7554046023
4.417406637
0.7105960254
2.354584643
0.9980590222
2.525469593
1.76140293
5.426610501
2.143020971
5.127009642
1.093780214
2.439923418
2.387284212
1.754016321
3.440043841
4.852070448
4.524141561
2.009953674
3.713661701
1.81607589
3.27687511
3.184312328
0.9429468849
5.347826713
0.9482564831
0.519601747
3.061467968
7.215409707
0.7939915265
3.082881781
0.9080558754
1.306555024
0.9458019185
2.810859269
4.847501069
2.128955588
8.182667752
1.049413131
1.693922441
0.6158011133
2.880650139
10.68091416
0.9594850006
7.349428559
5.829955067
3.856498393
5.768411636
2.998069378
3.24179912
3.416420662
2.144671134
7.257396263
2.868838665
3.763644807
2.043559883
7.23639471
1.302091813
1.184515844
4.280155903
2.474686003
2.04947473
3.037594065
0.775858399
3.64449761
3.630446262
2.934840801
3.916611148
2.783998014
0.3940201496
1.514602173
3.515383042
7.416072662
3.948892391
5.594503459
3.006684456
5.841855365
4.70550545
8.76918902
2.739686484
5.188406911
0.7828142731
7.497456992
2.709325215
1.256719853
1.379372199
2.590731203
0.8402283318
0.667552531
1.463226783
2.974396951
3.091763949
2.529193208
1.231517656
4.931997919
3.404060796
0.6369590114
3.767455767
2.900677355
0.6426404775
1.995206624
5.069195796
2.985314537
2.959035886
4.396989503
2.962144292
5.327099159
8.773872828
7.462219695
3.622217946
0.40159141
3.775008562
0.7816990933
6.775414935
6.779889908
3.847856047
7.218908575
2.984167662
7.59742874
6.450181537
3.478602274
3.928674346
5.708461192
6.436980948
7.437941242
10.61825226
4.459501323
4.017864618
4.09266756
4.364792404
1.525413234
5.483599142
3.614370367
9.396480504
5.341094477
5.305830544
8.784157087
9.482557612
0.958901785
2.782580717
4.353730138
0.5524511253
2.342424773
6.686149016
5.339545955
2.623426931
1.39033831
9.570103247
4.423657704
0.6466837537
1.988111555
2.115395103
3.597656639
7.413218912
3.118624556
1.729696488
0.7680907853
0.9957339172
1.256375977
2.45071624
4.333401925
4.128361603
2.922999801
4.768035641
4.871641302
2.660374801
3.271686418
0.4488662438
3.261127937
3.216757752
0.5184911139
3.650212671
11.96725283
1.216542264
2.817192547
4.177796278
0.7631531181
0.9004768613
2.594205502
1.349632945
0.5646543894
1.047880665
2.236062888
4.762798551
2.323745114
5.904016488
3.30773894
3.42002932
7.554105375
3.470816201
0.3824160349
1.131747344
0.5918096407
0.8901338796
0.9294143638
6.379608638
0.4956417964
3.375991491
6.654115507
3.919163662
0.8682373868
3.218165592
0.6578207124
0.9398381883
0.639142756
0.6074981224
1.119704437
5.732354807
3.047532091
1.013110004
1.772130224
1.950687345
3.500841018
1.379003073
3.007119633
0.7862338433
0.9989229687
0.3971651603
3.25599777
0.7398106775
1.347655399
1.421629129
1.484279251
2.796274439
0.5716281406
0.6349309654
0.4829281853
1.962834225
5.694570891
1.41235126
1.948142558
6.432803242
3.889190401
2.819995358
0.6977822509
2.914275927
0.5623662177
2.560792086
1.542307604
2.01216794
3.3311284
5.769524976
2.284788419
3.021889258
2.042524343
3.596606914
1.263468762
0.9723036128
1.185879677
2.847876004
1.299340311
2.187468136
0.6908833394
2.58671066
4.642731123
0.5741236268
4.179880687
5.791894285
0.6557369599
1.445828605
2.475417979
1.169995241
0.8520807174
1.066395358
3.23870563
1.076417693
3.272471918
3.529745287
3.401725072
3.093060551
7.809782671
5.784144203
3.161497922
4.92793244
3.158957267
3.177983583
3.157994322
0.9296863262
10.80765826
3.726130609
8.939985791
0.8111601177
0.6370375582
0.3529847906
9.761052684
4.109323948
0.6875504902
1.698542392
0.5938768165
2.637583302
0.9118900626
1.446618258
0.8972614855
2.451158931
1.344528742
0.778868064
2.883733092
0.659667947
4.043364516
0.8656894958
2.763429143
0.831840124
1.004485162
2.036058464
0.984083388
2.960328831
6.500299447
1.944977008
3.243054144
0.6137561626
0.5851895138
1.558003489
0.7647778755
0.8110973204
0.8614987496
0.6777772704
3.656902684
4.028879692
1.110582993
2.368406787
1.991163683
2.320998819
2.435773348
0.7266523149
1.330664837
0.772980006
0.7646942768
0.4576552523
1.118307887
0.4900768187
0.6749966438
1.787230913
0.6278292462
1.02084897
0.3919953636
0.3454184282
0.3390053019
0.3920099336
0.4620176735
0.1563664018
2.939963692
1.959133201
1.991401952
6.36698702
2.253177304
0.2124884565
3.058457386
6.670463907
0.4589043241
0.3602816221
0.6621878313
0.9237062855
0.5295346637
1.476606202
0.6940264457
0.4561561278
0.2033734926
1.887612332
7.915545078
0.8730388889
1.595657041
0.4963738089
0.5396519248
4.896659407
3.082538129
3.546488403
2.204614919
1.808507077
2.529847462
0.7739034192
3.387922381
1.047293576
5.985932188
1.781649322
1.922836415
0.8043743317
0.5859680784
0.6952315309
0.8345309079
2.772685949
2.188887189
0.5743610784
0.3865226056
0.8134064077
0.9870590949
0.4625099132
0.2212314751
1.082920307
0.4657771976
1.84002832
0.9391888648
2.39689415
0.4415962193
0.4257268457
0.663833593
0.1909039697
1.220269617
2.353609697
3.327730379
3.292479042
3.755263504
2.352229493
2.348629271
1.768205638
4.702828145
0.4921131055
0.8604166214
14.50929561
13.11354385
0.5123140888
1.728523836
0.5383492369
0.252524095
0.3318918199
0.5912197063
1.054049089
2.886305124
13.96988432
1.736001426
0.6617062493
0.5456424974
0.2393644338
0.4531667141
0.6306156366
0.373670047
1.830675482
1.857163301
2.143011443
1.770447243
0.1175675157
1.589308038
0.9949237727
0.3288599364
0.2555919566
0.4918784077
0.6135864152
3.547757968
1.400186913
1.654661721
0.5875283432
2.141333922
6.279055532
0.6665365184
2.008389738
2.511067597
5.667160123
1.829296032
0.4583895963
0.6455754287
0.3810198551
0.4194623936
0.4342609625
13.50926977
3.722217059
5.047784894
1.165472075
12.19558367
1.279277256
3.316816194
6.975206104
0.564762601
1.84080931
2.696592775
6.147781318
0.2807091953
2.767799251
0.2832632024
0.6581589095
0.9629800787
2.380517457
1.119519972
2.417914612
0.7532732357
0.8977254142
0.8446346798
0.9972127239
2.577904181
0.3917193505
0.9307453487
0.8128121641
0.7826843443
0.5578873992
1.198007285
1.774712239
0.4448441153
0.4454190223
1.328824791
5.997958807
9.730887022
2.885915761
6.625930458
2.032317506
3.985395632
3.863106017
2.680739586
2.921959962
1.824659755
2.238848012
0.6395984228
3.100556015
2.891914739
0.8566783023
4.49293579
1.52611676
0.7857149769
3.341956911
5.543512464
0.6140621603
4.168752649
3.448779444
0.7048287888
3.048153348
0.6080804867
1.319260884
1.131023011
0.6022376696
4.433485156
3.782220282
2.753679694
0.9126699087
3.355697871
0.3692586195
1.858925089
5.01731495
3.09738959
2.115173267
0.2973919194
2.91532105
0.543850673
1.976128196
2.246638412
2.042232072
0.593960912
3.129172052
0.7099177944
3.304232521
4.871834686
10.31740925
5.144444687
8.660054171
4.133055781
6.581025035
3.178078767
8.59140667
1.507026204
1.622489162
2.011967837
2.426197713
2.636490931
1.629051819
2.931350258
0.4826869304
0.6443140705
0.015296182
0.7799977561
14.61121985
3.914478941
0.3427305676
0.4868941233
2.808187852
2.472872432
0.8305337643
2.612296191
2.294719528
4.544954903
0.9657427656
1.444612775
0.6345990603
2.846232363
3.195193299
0.792165044
5.007372507
0.8484517866
4.17544811
2.659535386
3.995588291
2.792636827
5.233361169
2.539032851
6.554667069
3.132682665
0.648639744
3.386928836
0.8129780868
3.341296593
5.260702309
6.068617592
1.738179779
4.921270579
3.742224584
1.805206444
3.375980462
1.544451412
1.093698665
3.201945603
4.813457666
0.2748035473
0.8851514141
1.853797288
3.688322669
2.964228572
3.187671582
0.3374788032
0.8284259637
0.5807348025
1.306887015
0.4060756267
3.06732656
0.8980373141
0.5140424296
0.8892843612
0.2513673722
0.8190590831
0.4876141684
0.7639874622
3.486244501
0.2730058246
1.022596075
0.7570756017
1.390304504
0.6000193243
2.991869448
1.038426793
0.5264792182
1.082575162
0.8618068153
1.218023158
4.025711343
3.88284473
0.7876834218
2.172293035
5.102695667
4.326349719
3.719471099
2.009528692
0.459015383
5.513478166
2.849432844
1.523311985
1.06936868
4.39433207
2.35660955
3.312164222
1.490281842
4.832824729
6.372194427
6.063772164
14.09433641
3.881095258
2.667571252
0.03533542051
0.3207702392
0.5325265985
2.820729473
0.1244647768
0.9214687258
1.980515604
0.5424116446
1.945232494
2.795580122
4.681999553
0.9936903249
2.659497928
0.2943735625
0.7585526146
0.5592964875
0.4534569522
0.4602452511
2.618308766
0.4995891851
2.27375582
4.10159884
4.007512628
2.428739572
0.2604634024
4.28100543
3.186340216
4.021997161
0.3836341356
0.6633651066
0.7794778412
0.3283806817
0.3681524822
0.1860843747
0.3180226694
2.102393138
1.146760994
0.1178337235
0.5122686629
1.9808095
3.673044701
4.266906793
3.737245527
5.11817099
3.458785941
0.1391919821
3.364897983
5.998355336
1.492717837
4.02634252
7.598071517
0.4850647521
1.415106689
0.08652935295
4.737324859
1.869607132
1.48038803
1.943319704
1.83268107
0.6856023451
0.4272938655
0.3105502929
0.2206983731
0.4359297297
1.026527252
2.423391841
0.7504798744
0.04172810459
0.743658449
3.247834651
6.41728409
6.613576995
8.533808329
3.290891538
3.260570784
1.945003417
7.514298223
0.7946658881
0.4310270433
0.3155863239
0.5379686795
0.5132960778
1.283871657
1.042035952
1.625778489
1.495787299
1.655435503
1.925874372
1.988702073
2.758478208
5.209071468
2.45677281
0.3525704221
0.9464268368
0.4983653197
0.4787985676
0.3072854939
3.633556603
0.7355199605
3.888188777
1.631111325
0.4704929364
0.8370790257
2.37799252
0.785235192
0.3702959247
2.590809363
0.9838938618
0.9048617932
0.9562355457
1.239384704
2.577867545
0.7854145313
0.4652845599
1.917200712
0.398423224
0.3409132417
0.9376126827
2.827374286
2.807860238
1.779481803
3.665593157
0.8917011556
0.3259066172
1.000859559
0.393709914
0.8828186573
0.6731816285
2.057673706
1.321625923
0.3504327879
1.835347421
5.49336589
9.759060031
2.786928465
0.3756872345
2.844233225
5.765401262
4.249170739
5.52175707
0.5507088958
0.8395860184
0.2160135773
0.6114427488
0.4775048284
0.148557949
1.11661338
1.470785404
0.6541555389
0.3727236716
2.701182072
0.7896767129
0.5499032466
1.059986037
0.20722117
0.4016204981
1.478649209
2.866405687
0.9447598657
0.5832550371
1.786365935
0.470801194
1.189453727
0.7851007667
0.4929351201
2.200807996
3.119325169
2.609639129
3.036154952
1.057536324
1.948579113
1.501043002
3.647367743
2.213751347
5.158689414
2.88444428
0.8541034762
1.957294319
0.7931301336
2.293658561
2.342563321
0.5328290663
0.5665094586
1.351903028
3.742023596
2.639331187
1.902773934
4.339193157
2.740644728
5.852985541
0.490711231
2.37516492
1.890399782
0.4269912108
4.161360461
1.999184644
5.794845154
2.53607397
0.1313397439
0.6667678125
1.93725619
0.4781321913
0.4561471297
0.3906817646
4.307872212
0.3326934111
2.522933228
0.7621080409
0.5629271939
1.884476944
3.2450432
1.528503223
2.123620823
0.8024292875
2.222063361
1.904971366
2.303963334
4.076638926
0.6695460166
0.6289927612
0.3054529484
0.4881429859
1.692898299
4.918322349
13.4958656
3.577490724
2.366801521
1.995792768
3.663323689
2.257393205
0.6333034345
3.427558712
0.2203346488
1.141864955
0.2156051336
1.90602126
0.3929035601
0.2991447446
0.1706797359
2.131479548
1.800109556
1.52068316
0.1150536572
2.631522938
0.4029736327
0.6466878723
0.5415790016
0.3931586455
0.4390971668
0.4952188353
0.4891134114
0.7323252578
0.2496123361
6.082476795
0.3322959959
0.6227073057
0.7389139225
3.316558754
0.8122631887
0.6463135544
0.566777469
0.4237010338
2.028227659
0.08752442874
2.324896688
1.714473211
2.237803213
3.158688392
1.958849069
2.039621033
1.475510326
1.758186514
4.415311774
1.591914058
4.49092414
6.206480922
1.897885717
2.751170351
0.1451062781
1.815008233
1.685435229
0.5844100189
5.23789128
3.111011784
1.654781685
0.1666252983
0.1438328349
0.03475398672
0.5959621587
0.1114230475
0.1182547953
2.790644318
0.3115893221
3.451999939
8.27544428
1.695118986
3.49775658
3.003064819
1.904045372
2.122051174
0.8420772675
0.09703400562
0.38568018
0.4103964122
0.2184827806
0.1103993791
2.754013924
0.359944478
2.763466567
0.2216748174
0.8903994674
0.1369674957
0.1310349566
1.980940017
0.2254587824
0.0576323043
1.58734269
0.6171754723
1.853390026
1.594822684
0.3063347626
0.2371686482
2.25360786
0.2406662465
2.775418508
2.507718547
2.572162357
2.720197931
0.08950009494
2.097570608
1.719820457
1.66229936
4.472592635
4.38504142
0.610538032
1.504753263
1.047476471
0.2249204495
0.4203063847
0.3263847373
0.4813654226
0.1838294262
0
0.01495722453
0.002281047501
7.184075912e-08
3.457647861e-05
0.2101567924
0.009919551959
0.4623631465
2.848e-05
0.07713586558
0.9226079209
0.0005859670699
0.003885975285
0.02446750661
0.1279652627
2.84566366
0.1741976571
0.187922836
4.252576495
5.664696209
5.327121506
1.800346943
5.073286379
1.342437053
2.697500427
2.663523294
1.945851579
0.9844298222
0.2408676907
0.2993080729
0.3324127278
2.398991594
0.1900448771
0.2046066981
0.1201118594
0.2797651597
0.463272122
2.286614733
1.412310561
1.601707261
2.554943918
2.036351173
0.1751346863
1.779165306
0.6409506093
0.3423830935
1.761243482
1.721747603
2.857202592
0.2576557912
1.741437982
1.515647628
1.650108382
3.260703618
0.5469833524
2.234201937
0.0218971227
1.849345091
0.1430315666
3.481302067
1.594282229
0.3985877091
2.260859419
1.441754851
0.1181951094
1.442476617
3.537771664
0.4080903913
0.6601929146
0.2584604415
0
0
0.1557366538
1.218054996
1.928932465
4.208005173
0.3242798834
0.2564611306
1.600902456
0.2963882125
2.342243715
2.337360824
0.3776986193
0.5758424143
1.638900655
1.744908521
1.33540936
0.3258131531
2.821402101
3.353010645
0.3281128346
0.2681742727
0.3485575249
0.08023848679
0.078785005
0.31233922
0.09783480402
0.3749083828
0.5111073922
0.2948383999
0.168151957
0.3943355462
0.406829783
3.077008462
0.3778498624
0.3077836238
0.2611407568
0.4042858493
2.064301677
2.185516181
0.6660126839
0.07969752872
0.1572332899
0.5944211637
0.3904965585
0.2940874404
0.4076551351
1.491203379
0.8376526208
0.2257489453
0.1651938324
0.1500171485
0.08394752103
0.4053642512
0.1853415692
0.9907544522
0.371993278
0.3126862452
0.2697889567
0.6290072078
0.3384511939
0.4364236222
0.3281017421
0.3096922264
0.08554731972
0.2374210137
0.3790742661
0.2423787635
0.1564908349
0.3104002363
0
0.1092274576
0.2538148269
0.3955744376
0.2144072227
0.6624467216
0.6230648953
0.1173146321
0.7230005133
0.3011548734
2.69416925
0.6036889539
0.2669425229
0.3037387605
0.2781417071
0.03842957965
0.1682172341
0.2085401945
0.2940344809
0.4419013864
0.4101463932
0.1929028884
0.3208790184
0.2649094605
0.347925664
0.4177772937
0.330642829
1.035449607
0.4629343932
0.3947249417
0.1523517522
0.2253643396
2.406349549
0.02876208789
0.9827705879
0.1676679607
1.980226847
2.158987592
2.546191848
0.3892050484
0.3317687374
2.253440716
2.235720045
1.338219588
1.637807006
5.304523958
3.410497373
2.926471711
1.800468142
0.1505118722
0.09856511879
7.075918416
1.434297959
2.907498387
1.426699627
0.04515825889
1.503529019
3.195522092
1.63511405
0.744599206
0.2003586078
0.3012979682
0.1809456399
0.5634030943
0.01352074292
0.01362461835
0.4150824302
0.1270422452
0.2211095057
0.2605728466
0.7650985647
0.429329406
0.6415905915
10.91431521
0.4645081564
0.1935222184
0.02177265824
0.0002760501196
0.0009777010542
0.0834139876
0.1256771763
1.760524568
0.006846969621
4.965696962e-05
0.001246679708
0.008234897709
0.2138820027
0.1764847523
2.773232276
2.372343019
0.09974726974
1.757894361
9.763610365e-06
0.07925196878
0.01385009923
0.01643471266
2.158331815
0.1869016649
0.2108418689
1.496479409
1.875866693
0.1100470529
0.06387857083
1.330375724
1.506084356
1.348883345
7.74762101
2.305939069
0.6459424592
0.03987567514
0.06012729132
0.7664466474
3.195990416e-06
0.2110726895
0.1505440655
2.37852758
0.1665885324
0.1478368573
0.462374696
0.3769311519
2.207439072
0.4594393536
0.06298101881
0.3033611825
0.1641985595
0.09447726206
2.143733716
0.321863934
2.208644476
0.2522207035
1.89008828
1.679234792
0.2279264084
0.07358309104
1.57624216
0.2142659596
1.325672815
1.592285032
1.62455664
2.75593433
0.4284103442
3.645779427
0.2773090058
0.05438883744
0.2442596968
0.2624713055
0.07878066884
0.3141297166
0.5792796281
1.365651573
4.268635567
0.07936483293
0.69507053
3.89115075
0.6824126207
0.5098180581
3.200992664
0.1194009484
0.2301318799
2.458198273
1.082184638
2.898398704
0.4579048423
2.265518616
3.886583148
2.221635266
3.190414977
2.697368051
2.828175765
6.690259188
4.339131113
0.432488791
1.957451545
0.09129164408
1.359128577
0.3792193758
0.2950275912
3.093796456
1.743202991
1.674549015
0.468446461
0.2818794772
0.3734231031
3.303640246
0.9871626544
0.000165616515
0
0.1357378963
0.1751317434
0.3473994838
0.05873468455
1.742945549
2.941225487
0.06017910158
2.861193816
2.74020263
0.1554112396
0.1271061223
0.3041862301
0.1823142629
1.570904802
1.599991495
0.01651354462
1.457740854
0.1496580728
2.10649241
1.748136775
1.574042775
1.347270669
0.1424746827
0.009846018569
0
1.468881723
1.364936146
1.396289108
7.126231472
4.113626119e-06
0.1705645758
0
0.03975782363
4.16e-05
0.05490316929
0.1927357969
0.1366829777
2.795839918e-05
0.04174656714
0.3647679297
0.07417982999
0.1186851311
1.318470522
1.905128352
0.2759490633
0.7573177585
0.2163593904
0.170739324
0
0.2132057415
2.947397234
2.448490063
0.2792145094
0.3700947236
0.3779938802
0.007386453216
0.01802845158
0.2996711835
0.1781243914
0.7097349937
3.53615416
2.177473733
0.007329519804
0.3747194882
2.279252121
0.7817471711
0.01053991746
8.550182064
1.778910246e-07
0.5298333869
5.577674341
0.9360916744
0.8630145481
4.216308735
2.826216726
4.180273807
1.570100158
3.098003915
1.758104155
3.030985363
2.457592394
1.656732368
2.105583705
3.3166242
1.510233958
1.646924461
1.02999056
2.083774628
3.828828142
0.1319808945
3.414179475
1.300258844
0.3425575556
2.996818076
0.8237617782
0.2478857439
0.6777898087
1.659106995
0.2797424173
0.2682362686
2.094800782
0.3126325209
0.4237266511
1.394014064
3.11374365
0.2044016232
0.6970382634
0.4101612927
0.2451019293
0
0.2525877985
0.3563870859
0.1045673017
0.2354833938
0.3866245195
2.698729517
0.8925559971
1.811922907
2.406829713
0.368193254
0.1323475731
0.2804200047
1.892491266
2.147989073
0.4456764991
1.869914709
1.503993944
4.744223453
2.649861619
0.2760305343
0.6206299271
2.774137673
0.186836105
1.726330607
0
0.4440773989
3.314958913
1.735636236
0.09425688351
1.309580029
3.543812071
1.999121841
0.6533587126
1.026934183
0.6617705611
2.615007768
0.1281943363
0.4149757547
0.2242508628
0.3872559016
0.4732215656
0.2483163341
0.5207342511
0.4052194715
0.4551017185
0.2142130756
0.08000196291
0.5386404974
0.2811855061
0.07078659786
0.5430132616
2.702472772
0.2378993671
0.2853443824
1.341055891
1.775993207
1.892961597
2.007892793
0.386290444
7.444930361e-08
2.646374238
0.386393965
0.1827739826
0.4950193606
0.4469120421
0.0771103311
0.1067056508
0.1876968348
0.6050443634
0.1865222061
2.324569102
0.4402536074
0.4897799803
0.2061857245
0.2385178675
0.3681835545
0.004849999922
0.418601812
0.4428522821
0.1284422835
0.2087386161
0.3946082927
0.6528965817
2.585386614
0.3654798826
0.4434120945
0.6383948202
0.1246550177
0.5647369635
0.4796036969
3.013882301
0.2886059764
0.5377066602
0.5663200964
3.079573889
0.7103741984
1.74766785
0.1881440133
