#################################### 
# Matrix Size= (25,25,400)
# Resol      = (1,1,4000)
# VoxelSize  = (25,25,0.1)
# nbVal      = 4000
#################################### 
7.922720396e-05
8.10558948e-05
8.108546164e-05
8.226497412e-05
8.256408852e-05
8.258133703e-05
8.319479484e-05
8.179139267e-05
8.303725426e-05
8.296049335e-05
8.308985602e-05
8.348427381e-05
8.311650352e-05
8.313480117e-05
8.291804021e-05
8.339438543e-05
8.302802526e-05
8.330323502e-05
8.296693222e-05
8.32644409e-05
8.40548203e-05
8.401490029e-05
8.342352296e-05
8.34642544e-05
8.375800757e-05
8.420452079e-05
8.333397693e-05
8.370058022e-05
8.393782708e-05
8.437991593e-05
8.447861797e-05
8.519109548e-05
8.440589958e-05
8.462994821e-05
8.432057738e-05
8.41443857e-05
8.489831519e-05
8.475510186e-05
8.481978262e-05
8.529334562e-05
8.438303916e-05
8.428664715e-05
8.444840602e-05
8.511457935e-05
8.524021535e-05
8.565381369e-05
8.627592553e-05
8.519403034e-05
8.565390031e-05
8.584009809e-05
8.516572036e-05
8.556266904e-05
8.534676441e-05
8.587016067e-05
8.595340739e-05
8.614974162e-05
8.627111955e-05
8.546977509e-05
8.631007439e-05
8.598343199e-05
8.640622878e-05
8.577662646e-05
8.675941557e-05
8.671630128e-05
8.654444038e-05
8.633925761e-05
8.745982381e-05
8.663857236e-05
8.676592682e-05
8.653135995e-05
8.636934006e-05
8.756343151e-05
8.707680793e-05
8.670071025e-05
8.711714902e-05
8.703508625e-05
8.716280047e-05
8.753987859e-05
8.797938403e-05
8.764544351e-05
8.736864078e-05
8.756454501e-05
8.765151147e-05
8.764627397e-05
8.721449465e-05
8.712175289e-05
8.771370625e-05
8.692771247e-05
8.798422988e-05
8.824484371e-05
8.655178244e-05
8.788321942e-05
8.736632222e-05
8.751424036e-05
8.828135823e-05
8.833785073e-05
8.820914598e-05
8.755858058e-05
8.802331598e-05
8.778797313e-05
8.888906353e-05
8.86905404e-05
8.84089505e-05
8.86473493e-05
8.919377288e-05
8.881735814e-05
8.944158613e-05
8.847988997e-05
8.899298372e-05
8.923979003e-05
8.860192434e-05
8.900899917e-05
8.956680795e-05
8.919458706e-05
8.926785778e-05
8.966314857e-05
8.907101894e-05
8.938435093e-05
8.874159168e-05
8.914034193e-05
8.967060481e-05
8.915128767e-05
8.934082908e-05
8.971060904e-05
8.953299845e-05
9.00562687e-05
8.967850755e-05
8.929329887e-05
9.01810016e-05
8.970285169e-05
8.984318449e-05
8.953397047e-05
9.087501596e-05
9.006159753e-05
9.032675912e-05
9.015496958e-05
8.981220782e-05
9.060489415e-05
9.004732614e-05
9.026623244e-05
8.986563063e-05
9.060439042e-05
9.039491967e-05
8.995517498e-05
9.087109079e-05
9.085572836e-05
9.049760484e-05
9.168415483e-05
9.1485318e-05
9.063545788e-05
9.057392999e-05
9.106327644e-05
9.139221663e-05
9.170928978e-05
9.147476579e-05
9.114388794e-05
9.185731234e-05
9.136322097e-05
9.136358906e-05
9.135536405e-05
9.147804961e-05
9.161390483e-05
9.168593881e-05
9.235228871e-05
9.110714082e-05
9.195332557e-05
9.266781902e-05
9.242444735e-05
9.239426935e-05
9.205531853e-05
9.252424619e-05
9.219545077e-05
9.217675561e-05
9.220923509e-05
9.281869535e-05
9.265615614e-05
9.255686671e-05
9.288566201e-05
9.217815858e-05
9.196347435e-05
9.309572125e-05
9.324410982e-05
9.308887672e-05
9.342663482e-05
9.265455068e-05
9.267932173e-05
9.285948413e-05
9.359851805e-05
9.358347727e-05
9.32918871e-05
9.404758862e-05
9.30472725e-05
9.365788233e-05
9.393160836e-05
9.359975692e-05
9.395589237e-05
9.344695007e-05
9.298282381e-05
9.422879074e-05
9.384191545e-05
9.377627895e-05
9.373693821e-05
9.498982134e-05
9.397569765e-05
9.475239699e-05
9.473559495e-05
9.464448308e-05
9.457398899e-05
9.440319729e-05
9.445570591e-05
9.494983616e-05
9.524420562e-05
9.426829282e-05
9.536588049e-05
9.543085947e-05
9.561300962e-05
9.467274906e-05
9.489536827e-05
9.518637507e-05
9.599179455e-05
9.580018622e-05
9.575839959e-05
9.547815366e-05
9.544760477e-05
9.626545015e-05
9.61555496e-05
9.603913634e-05
9.610547218e-05
9.594505746e-05
9.628283631e-05
9.507081082e-05
9.608535685e-05
9.572221031e-05
9.658198393e-05
9.662902681e-05
9.574288843e-05
9.599124388e-05
9.68047721e-05
9.6946773e-05
9.704618514e-05
9.610662667e-05
9.731858276e-05
9.625123892e-05
9.731089275e-05
9.752667331e-05
9.758010689e-05
9.718576463e-05
9.724917012e-05
9.642795283e-05
9.768256785e-05
9.856822541e-05
9.76549398e-05
9.767795768e-05
9.796980927e-05
9.76911931e-05
9.873170352e-05
9.813894246e-05
9.844550557e-05
9.715520075e-05
9.792069502e-05
9.803535992e-05
9.815578562e-05
9.713026622e-05
9.793546934e-05
9.848653159e-05
9.905792708e-05
9.788568856e-05
9.930238128e-05
9.933850084e-05
9.846473726e-05
9.891581887e-05
9.836601484e-05
9.860371602e-05
9.91238765e-05
9.888980694e-05
9.923415837e-05
9.963128448e-05
9.954187846e-05
9.963543487e-05
9.971970575e-05
0.0001005453337
9.99328575e-05
9.934720926e-05
9.952048676e-05
0.0001002224179
9.978122262e-05
0.0001001260218
0.000100210095
9.983482579e-05
0.0001002888404
0.0001003309121
0.0001007492445
0.0001001517266
0.0001010418662
0.0001006359773
0.0001003706652
0.0001007677727
0.0001008945688
0.0001013766927
0.0001013885306
0.0001008874935
0.0001016640697
0.0001016791885
0.000101622417
0.0001010917191
0.0001009108279
0.000101865361
0.0001023527018
0.0001020086243
0.0001018166254
0.0001014458846
0.0001031795185
0.0001019225228
0.0001023730813
0.0001023546498
0.0001033876535
0.0001025847442
0.0001021652973
0.0001018374008
0.0001035006377
0.0001023965943
0.0001027806097
0.0001031672514
0.0001018228153
0.0001031249583
0.0001033132427
0.0001037281794
0.0001031043895
0.0001030014527
0.0001030026628
0.0001034946262
0.000103912628
0.0001037306078
0.0001040507484
0.0001044003997
0.0001040413735
0.0001037512595
0.0001041724358
0.0001043713757
0.000104802582
0.0001044586058
0.0001043892948
0.0001044180323
0.0001042779943
0.0001052697472
0.0001052661691
0.0001055798187
0.000104554017
0.0001053970854
0.0001059751241
0.0001056243928
0.0001060500941
0.0001049590922
0.0001053426437
0.0001053616618
0.0001051361015
0.0001063464133
0.0001060359354
0.0001061171625
0.0001063029697
0.0001052635947
0.000107046288
0.0001070575464
0.0001060741769
0.0001068898855
0.0001079044948
0.00010729387
0.0001065213458
0.0001069044057
0.0001071400752
0.0001073370533
0.0001083879469
0.0001075986961
0.0001074301871
0.0001071501587
0.0001074988543
0.0001075610554
0.0001075746888
0.0001072086001
0.0001084026246
0.0001083267808
0.0001073517206
0.000107297102
0.0001086419289
0.0001082077354
0.000108610777
0.0001098086492
0.0001085603083
0.0001101358082
0.0001092245129
0.0001081051678
0.0001091814398
0.0001091306019
0.0001087116426
0.0001101140206
0.0001089167366
0.0001102448303
0.0001092137986
0.0001104215131
0.0001091904516
0.0001101474527
0.0001107336774
0.0001105457991
0.00011079726
0.0001108728138
0.0001113690325
0.0001101315181
0.0001112649051
0.0001105860259
0.0001103860867
0.0001118256244
0.0001104017214
0.0001120423387
0.0001116422046
0.0001116823436
0.0001124590851
0.0001118793134
0.0001122725256
0.0001107808836
0.0001116047557
0.0001127347257
0.0001122236944
0.0001127632439
0.0001131486217
0.0001124268815
0.0001127489555
0.0001129747686
0.0001133155974
0.0001129995619
0.0001139528591
0.0001127613567
0.0001144692847
0.000113849146
0.0001136665766
0.0001143088254
0.0001144930729
0.0001146104774
0.0001143169236
0.000114298487
0.0001149332978
0.000115023153
0.0001152609407
0.0001153885819
0.0001157635825
0.000115796398
0.0001159394678
0.0001150502118
0.0001153024532
0.0001170245567
0.0001161658408
0.0001154050112
0.0001163506992
0.0001150939369
0.0001161153173
0.0001172393836
0.0001173044673
0.0001163562573
0.000116608203
0.000116685143
0.0001174489747
0.0001192191774
0.0001181084002
0.0001183011594
0.000117193641
0.0001174262583
0.0001183125736
0.0001177227344
0.0001185442204
0.0001190391597
0.0001187526119
0.0001195265043
0.0001188083082
0.0001200292502
0.0001179455857
0.0001197443143
0.0001194720648
0.0001203144529
0.0001203801633
0.000119367586
0.0001204049606
0.0001207565245
0.0001211799124
0.0001197489923
0.0001219080005
0.0001214833319
0.0001202682934
0.0001225025243
0.0001205126815
0.0001223287216
0.0001220447072
0.0001225758965
0.00012172147
0.0001228220169
0.0001234242683
0.0001228131705
0.0001222625803
0.0001228872745
0.00012330795
0.0001231639459
0.0001231891115
0.0001236619258
0.0001232987209
0.0001242120348
0.0001238428975
0.0001243302197
0.0001244043703
0.0001240437132
0.0001239485311
0.0001264943693
0.0001252622863
0.0001254472296
0.0001251632383
0.0001256853788
0.0001258912014
0.0001262958981
0.000124813846
0.0001257092072
0.0001257692305
0.0001276844569
0.0001276528771
0.0001270741245
0.0001278320336
0.0001268182676
0.0001268961008
0.0001280639571
0.0001272636787
0.0001276779469
0.0001282641695
0.0001285578943
0.0001286571924
0.000127692331
0.0001299637545
0.0001288516648
0.0001284009102
0.0001296651235
0.0001302460432
0.0001295664466
0.0001299578719
0.0001299016367
0.0001287084404
0.0001309667197
0.0001322069869
0.0001314323291
0.0001323313985
0.0001311074327
0.0001330570618
0.0001326006923
0.0001320245346
0.0001328302199
0.0001329286578
0.0001322205902
0.0001342532401
0.0001327905516
0.0001338476462
0.0001339820435
0.0001346295328
0.0001333323226
0.0001349987737
0.0001355778583
0.000134247882
0.0001349692582
0.0001355945077
0.0001349352689
0.000136774643
0.0001366143846
0.0001375070143
0.0001365076794
0.0001372641856
0.0001378837626
0.0001378029192
0.0001366728541
0.0001396496774
0.0001395625969
0.0001388630559
0.000139805267
0.0001381633152
0.000138915066
0.0001399175981
0.0001416375906
0.0001395813646
0.0001405113193
0.000140319788
0.0001417748809
0.0001419721656
0.0001414793621
0.0001419808908
0.000142598112
0.0001431933785
0.0001432537919
0.0001435187885
0.0001437418757
0.0001438886489
0.000143688382
0.0001436868582
0.0001444479615
0.0001456492038
0.0001460632717
0.0001452763346
0.0001466585783
0.0001462595348
0.0001472877961
0.0001472979881
0.0001483160514
0.0001485715419
0.0001474219087
0.0001478197228
0.0001485954239
0.0001494718143
0.0001490849672
0.0001494685432
0.0001495878474
0.0001512257479
0.0001510492934
0.0001523383348
0.0001520964679
0.0001518863771
0.000152731378
0.0001529003423
0.0001543583333
0.0001534757065
0.0001526723366
0.0001554072787
0.0001538253551
0.0001537633548
0.0001560939893
0.0001569488054
0.0001566486682
0.0001574534398
0.0001573943992
0.0001587530396
0.0001571566059
0.0001597091784
0.0001585508987
0.0001594041695
0.0001584207228
0.0001597091459
0.0001598199494
0.0001604794146
0.0001614567525
0.0001634257503
0.0001625434625
0.000164368573
0.0001638983427
0.000165581958
0.0001632752831
0.0001667631388
0.0001639911716
0.0001652938503
0.0001656390216
0.0001658465052
0.0001676366894
0.0001687087946
0.000169456662
0.0001684463582
0.0001698247859
0.0001703435602
0.0001706026622
0.0001710214787
0.0001720430092
0.0001719272107
0.0001737898164
0.0001737585785
0.0001749668007
0.0001742711032
0.0001772830903
0.0001750034731
0.0001767978494
0.0001781882639
0.0001802366938
0.0001782651864
0.0001788558782
0.0001800728914
0.0001814990519
0.000180749113
0.0001824683339
0.0001824451257
0.0001848136843
0.0001845736187
0.0001881200517
0.0001867815573
0.000187992006
0.0001876274725
0.0001895743096
0.0001903605343
0.0001906072809
0.0001919154215
0.0001931322828
0.0001931691882
0.000195115254
0.0001959484909
0.0001982435023
0.0001967459704
0.0001981817759
0.0001989029726
0.0002003286021
0.000202011139
0.0002048949583
0.0002047642514
0.0002048032089
0.0002063930561
0.0002078162735
0.0002085543465
0.0002104662157
0.000210302705
0.0002131787334
0.0002151148901
0.0002140726574
0.0002161845934
0.0002184277716
0.0002207371643
0.0002204977906
0.0002239433298
0.000223483416
0.0002267873367
0.0002266673616
0.0002289901618
0.0002321060488
0.0002319346674
0.0002348740561
0.0002365554746
0.0002381155375
0.000243065127
0.0002420378557
0.0002429937265
0.0002483604554
0.0002490131196
0.000252962998
0.0002538736363
0.000255467808
0.0002594480353
0.0002608900243
0.000263752344
0.0002691293538
0.0002700498808
0.0002724606862
0.00027257796
0.0002786459682
0.0002831060416
0.0002878924808
0.0002917757243
0.0002931953202
0.0002990811303
0.0003028231712
0.0003080693891
0.0003110145689
0.0003149310697
0.0003199758399
0.000325972309
0.0003303330979
0.0003358949887
0.0003376594548
0.0003477722833
0.0003488490475
0.0003529140851
0.0003573784504
0.0003626945576
0.0003651313597
0.0003697235577
0.0003736989011
0.0003781765217
0.0003804681562
0.0003815216306
0.0003823666351
0.0003840624623
0.0003821280473
0.0003807108239
0.0003805535293
0.0003743698354
0.0003726515956
0.0003656102897
0.0003609314515
0.0003551339505
0.0003451861485
0.0003381192894
0.0003291457012
0.0003186286053
0.0003056413801
0.0002953333204
0.0002825590432
0.0002689457783
0.0002554987746
0.0002404379635
0.0002289788607
0.0002147560345
0.0001995873472
0.0001862832277
0.0001740523282
0.0001595472788
0.0001466397781
0.0001340470701
0.0001218807844
0.0001121651557
9.965181319e-05
9.050280927e-05
8.005302949e-05
7.239261228e-05
6.325071541e-05
5.661826157e-05
4.895952931e-05
4.326357042e-05
3.768173401e-05
3.24392155e-05
2.833702511e-05
2.390247679e-05
1.980456325e-05
1.764219799e-05
1.453398592e-05
1.239155661e-05
1.088604312e-05
8.854838851e-06
7.089952136e-06
5.975296124e-06
5.073789665e-06
4.114453317e-06
3.317525435e-06
2.631776006e-06
2.267333117e-06
1.85795722e-06
1.443954118e-06
1.347210684e-06
9.968434218e-07
8.288067029e-07
6.639115703e-07
5.988636288e-07
5.935431419e-07
4.473838386e-07
3.684423356e-07
2.855715849e-07
3.197137163e-07
2.821965669e-07
1.922074037e-07
1.878963717e-07
2.088198643e-07
1.836667025e-07
1.400657376e-07
1.625966388e-07
1.309807144e-07
1.280409587e-07
1.621836297e-07
1.861871536e-07
1.449408899e-07
2.235336549e-07
1.822316236e-07
1.497241676e-07
1.681734179e-07
1.528647688e-07
1.359574517e-07
1.092949441e-07
1.768630795e-07
1.253206771e-07
1.100531119e-07
1.633411641e-07
1.414238669e-07
1.781957058e-07
1.388558033e-07
1.347226332e-07
1.136940695e-07
1.618785782e-07
1.647568668e-07
1.647653322e-07
1.535008857e-07
1.684465107e-07
1.132061262e-07
1.180913745e-07
2.18735498e-07
1.88315993e-07
9.746241461e-08
9.939782588e-08
1.178098498e-07
1.472098148e-07
1.914232677e-07
1.355253459e-07
1.53301936e-07
1.37241903e-07
1.741532748e-07
1.823399519e-07
1.351731822e-07
1.170052314e-07
1.173941168e-07
1.388296632e-07
1.557682981e-07
1.201248222e-07
1.199542032e-07
1.247768314e-07
1.470935628e-07
1.676037785e-07
1.408002408e-07
1.39592554e-07
1.562556554e-07
1.328762577e-07
1.139919381e-07
1.046799157e-07
1.097809641e-07
1.308930557e-07
9.735861978e-08
1.12864836e-07
1.047710643e-07
1.363492291e-07
1.525028914e-07
1.074361747e-07
1.226484053e-07
1.184768058e-07
1.323793952e-07
1.196286498e-07
1.301376966e-07
1.680917066e-07
1.284072617e-07
1.653758581e-07
1.784224035e-07
1.405485921e-07
1.304080016e-07
1.407133149e-07
1.26592379e-07
1.52734492e-07
1.307965212e-07
1.460265651e-07
1.482423296e-07
1.072472805e-07
1.448152065e-07
1.225841064e-07
1.621741206e-07
1.250408448e-07
1.217809235e-07
1.030510919e-07
1.312970621e-07
1.150898036e-07
1.289986512e-07
1.339007647e-07
1.114401509e-07
1.228512468e-07
1.307041287e-07
1.32348348e-07
1.18336864e-07
1.100951673e-07
1.041716554e-07
1.32106295e-07
1.298621528e-07
1.352334703e-07
1.30534648e-07
1.267098739e-07
1.655216637e-07
7.9140317e-08
1.567625642e-07
1.135846496e-07
1.22288814e-07
7.884931293e-08
1.058677542e-07
9.680286338e-08
1.311107002e-07
1.239196767e-07
1.010144104e-07
9.336153621e-08
8.281134962e-08
9.329803906e-08
1.624946117e-07
1.004622124e-07
8.937760421e-08
1.265857204e-07
1.263837465e-07
1.167782058e-07
1.235828494e-07
1.283864064e-07
1.296235146e-07
1.550415156e-07
9.446775902e-08
1.269303831e-07
9.537030403e-08
1.149305947e-07
1.291742581e-07
1.339221532e-07
1.325726721e-07
1.646208852e-07
1.379290017e-07
1.644099706e-07
1.224992174e-07
9.528620956e-08
1.647728253e-07
9.599050806e-08
1.304293158e-07
1.033740935e-07
1.360843488e-07
1.741355154e-07
1.309180267e-07
1.327829616e-07
1.869119254e-07
1.606938817e-07
1.51731439e-07
1.457227411e-07
1.392325823e-07
1.30444932e-07
1.382650723e-07
1.148906263e-07
1.212954096e-07
1.618397615e-07
1.338176726e-07
1.066106954e-07
1.541578814e-07
1.999194714e-07
1.226252485e-07
1.756134701e-07
1.559512252e-07
1.281800289e-07
1.293899122e-07
8.155325976e-08
8.200714387e-08
9.518867451e-08
1.143771104e-07
1.16611716e-07
1.150540242e-07
1.206460437e-07
1.035751005e-07
9.814479984e-08
6.646754911e-08
1.162078565e-07
7.728718676e-08
8.206410677e-08
6.258402912e-08
1.125233926e-07
1.35293541e-07
1.158483215e-07
1.794397182e-07
1.049421925e-07
9.601462397e-08
1.284081471e-07
1.024333004e-07
1.079051862e-07
1.336343707e-07
8.501717314e-08
8.624424592e-08
1.349122957e-07
7.47660611e-08
1.880846889e-07
1.309221007e-07
1.279554746e-07
1.217496911e-07
1.600853045e-07
1.137862457e-07
1.146181385e-07
1.050402278e-07
1.008778298e-07
1.212008696e-07
1.144260205e-07
1.376821179e-07
9.857561901e-08
1.088450816e-07
8.793580454e-08
6.423857988e-08
8.968263958e-08
8.609206633e-08
7.985373494e-08
1.009022621e-07
1.231482592e-07
1.320144181e-07
1.00276691e-07
8.666120433e-08
8.975353005e-08
1.098066701e-07
8.167119295e-08
1.263965104e-07
9.904088889e-08
8.712082967e-08
5.877887568e-08
1.010877068e-07
1.00575518e-07
9.50502287e-08
1.081236006e-07
1.066878016e-07
8.844268088e-08
1.138285617e-07
8.452542733e-08
1.560614794e-07
7.228379214e-08
9.553863166e-08
1.086529845e-07
1.229772008e-07
9.597001022e-08
9.414980994e-08
1.16720331e-07
8.254957508e-08
6.973037127e-08
6.215666878e-08
1.029181266e-07
1.340119315e-07
7.545141206e-08
1.290145323e-07
9.589321804e-08
1.087094303e-07
8.549659934e-08
6.585751037e-08
1.088855891e-07
8.922816265e-08
1.098134772e-07
5.183866085e-08
9.132022912e-08
6.618570966e-08
8.750746545e-08
7.066383174e-08
7.224980502e-08
8.471452131e-08
5.598382172e-08
9.732974307e-08
1.176560532e-07
7.138152348e-08
7.609168815e-08
1.12335975e-07
3.455092419e-08
1.011278564e-07
8.910302579e-08
9.813708093e-08
5.42763154e-08
5.7725073e-08
1.42993698e-07
8.023766439e-08
6.301492649e-08
1.076725533e-07
9.830527524e-08
7.807323148e-08
8.63248332e-08
6.889409911e-08
6.369824525e-08
1.140670762e-07
1.042006864e-07
7.463428897e-08
8.919331497e-08
6.576613511e-08
7.028249969e-08
9.318733492e-08
8.685888676e-08
9.170024343e-08
7.019597976e-08
8.211497831e-08
8.579884179e-08
5.590197183e-08
7.697998326e-08
9.717031969e-08
4.58604894e-08
9.623598213e-08
6.098288889e-08
8.956193464e-08
6.359776848e-08
9.198001075e-08
8.910168233e-08
8.033160946e-08
7.425372733e-08
1.093796365e-07
8.843908215e-08
1.203334468e-07
7.773736945e-08
1.201191515e-07
9.300459965e-08
9.412867773e-08
1.078215307e-07
7.228029693e-08
1.283945688e-07
1.1749768e-07
1.128462713e-07
8.746275969e-08
1.057150612e-07
9.023323613e-08
8.814104726e-08
1.006799345e-07
9.555080525e-08
9.073191711e-08
9.87962678e-08
8.828958895e-08
1.066883536e-07
9.479300958e-08
8.955715527e-08
7.086054122e-08
1.55737152e-07
1.06178367e-07
6.527527151e-08
1.134448951e-07
1.097590434e-07
6.285097604e-08
6.005559006e-08
1.404593411e-07
7.432443302e-08
8.384816852e-08
1.049691523e-07
9.062105887e-08
8.461354434e-08
9.724596773e-08
7.544236814e-08
9.968145177e-08
8.065865092e-08
9.158884317e-08
8.984638183e-08
7.347829425e-08
5.769055904e-08
7.244483636e-08
5.356088884e-08
9.045829601e-08
1.000288161e-07
5.731435746e-08
9.986376377e-08
8.224970429e-08
1.01539751e-07
9.449295e-08
9.714573297e-08
7.412520915e-08
8.092847527e-08
9.788344647e-08
9.343857108e-08
1.042509089e-07
1.10780046e-07
5.503589693e-08
8.623157515e-08
8.095978538e-08
6.549001878e-08
5.202752623e-08
1.011991237e-07
7.830954019e-08
7.29557529e-08
1.033786143e-07
5.066456053e-08
4.490604879e-08
6.011140631e-08
1.028269951e-07
5.259435319e-08
6.96678126e-08
8.006802349e-08
5.942890307e-08
6.942503809e-08
1.021222419e-07
6.264319984e-08
9.749009108e-08
1.145634189e-07
8.222111733e-08
8.212280336e-08
6.628006841e-08
7.104125522e-08
6.087420717e-08
9.264958582e-08
1.078100538e-07
7.224215814e-08
8.541500318e-08
5.235421796e-08
8.746579868e-08
1.09748002e-07
9.65008809e-08
1.042633484e-07
1.062359879e-07
6.284449988e-08
6.172754014e-08
5.423754719e-08
8.300677782e-08
6.512857742e-08
3.813759889e-08
8.868623696e-08
6.639647427e-08
1.011049104e-07
6.291334783e-08
6.076502741e-08
8.192001862e-08
8.382092345e-08
6.842362083e-08
4.916649911e-08
4.397729469e-08
4.086628202e-08
4.763838357e-08
4.435808459e-08
4.836529622e-08
7.15371326e-08
5.471712799e-08
5.88830929e-08
4.284540011e-08
4.972453797e-08
5.788379026e-08
5.896958051e-08
3.771651539e-08
5.255162236e-08
7.157961152e-08
1.085616843e-07
6.571625572e-08
6.51034495e-08
1.049951716e-07
4.894529198e-08
6.816123208e-08
4.392312299e-08
7.517886236e-08
7.802754143e-08
1.063297174e-07
9.407774991e-08
7.406870301e-08
7.822243022e-08
6.662103079e-08
5.562335194e-08
6.206912225e-08
7.656315446e-08
4.718828093e-08
4.393104806e-08
7.651103524e-08
4.62169682e-08
6.07216814e-08
1.186659284e-07
6.128541739e-08
6.44897812e-08
1.057514543e-07
9.292093952e-08
9.906165188e-08
6.141733225e-08
5.148729158e-08
5.012294685e-08
6.005341672e-08
7.598205528e-08
7.040703667e-08
7.368307662e-08
7.360520563e-08
6.813458393e-08
1.037698141e-07
9.202758669e-08
6.329043073e-08
5.817788719e-08
4.161606331e-08
5.562539236e-08
6.074481515e-08
7.699074367e-08
2.394330776e-08
5.86176861e-08
8.64987781e-08
7.589245278e-08
4.144548229e-08
7.445611358e-08
4.808152325e-08
4.598037407e-08
6.929633881e-08
4.988163002e-08
6.826638664e-08
6.707147024e-08
1.077261441e-07
6.915422055e-08
4.947867521e-08
4.480696224e-08
4.81128601e-08
8.781831009e-08
7.859796121e-08
4.527385176e-08
3.684697448e-08
4.295953712e-08
5.137248256e-08
7.514585962e-08
4.507347149e-08
5.60076327e-08
8.808595056e-08
5.612453244e-08
6.391113129e-08
3.644929927e-08
6.45752292e-08
4.825034017e-08
6.011512642e-08
4.538396369e-08
8.209727556e-08
7.127356113e-08
6.757503404e-08
6.52702915e-08
6.063377359e-08
4.233582337e-08
6.577494489e-08
4.431745769e-08
1.22534904e-07
4.262990338e-08
6.913752873e-08
8.710888789e-08
5.017779852e-08
8.522993587e-08
5.492549298e-08
6.377580218e-08
5.792094652e-08
8.763352482e-08
6.779776855e-08
3.708756054e-08
5.515028118e-08
5.121273739e-08
7.908554889e-08
6.840270583e-08
3.948155256e-08
3.401854277e-08
4.080475876e-08
4.975296702e-08
4.690625868e-08
2.755546092e-08
2.990539439e-08
4.119722948e-08
4.041548724e-08
4.368722621e-08
5.84134282e-08
6.297035461e-08
6.343013927e-08
6.736092515e-08
3.463308636e-08
4.282524355e-08
3.24219884e-08
4.837621152e-08
5.279344815e-08
7.107819922e-08
6.639206086e-08
4.714316812e-08
3.628257433e-08
8.56976689e-08
4.554166426e-08
5.83564906e-08
3.729714161e-08
6.008795719e-08
4.289560031e-08
6.51888724e-08
6.88996221e-08
4.763116484e-08
4.766734608e-08
6.431622481e-08
2.79627145e-08
5.935911745e-08
6.030653516e-08
5.468219134e-08
4.173425147e-08
5.154121897e-08
5.131067327e-08
6.91255591e-08
5.265716351e-08
5.923609567e-08
7.629193105e-08
5.921337019e-08
6.20261908e-08
4.23466806e-08
8.690969887e-08
7.648758177e-08
4.584420371e-08
5.40927145e-08
5.615691817e-08
7.152212197e-08
4.910032557e-08
7.102463567e-08
5.965889198e-08
8.010397222e-08
7.370214228e-08
3.084374705e-08
5.467053185e-08
4.951538684e-08
4.57742193e-08
5.491040139e-08
5.408966411e-08
6.201966539e-08
6.050621147e-08
6.168563896e-08
4.16841539e-08
4.561826292e-08
2.785055643e-08
5.092899638e-08
3.617292842e-08
5.251246998e-08
3.797493669e-08
3.427526997e-08
4.503532434e-08
5.402165425e-08
2.897245547e-08
4.110324586e-08
4.097327207e-08
7.427772742e-08
8.081692382e-08
4.730961188e-08
5.423033942e-08
4.830717589e-08
6.035025038e-08
2.619614092e-08
3.695494204e-08
4.366078364e-08
5.714077182e-08
7.005037321e-08
3.708147662e-08
4.516588141e-08
2.689337872e-08
2.748136016e-08
3.952545844e-08
5.692951387e-08
2.043880317e-08
3.196019268e-08
2.74626936e-08
3.015774367e-08
2.705585968e-08
6.525306733e-08
4.707634268e-08
4.49028064e-08
2.311947444e-08
3.556534642e-08
2.702090522e-08
5.327839812e-08
3.500729358e-08
4.612344545e-08
3.666869798e-08
3.001604335e-08
2.42647797e-08
5.508903463e-08
4.306098581e-08
4.427357928e-08
4.462062291e-08
8.032241849e-08
4.654448376e-08
6.092156695e-08
3.780364119e-08
3.405741394e-08
4.842879806e-08
4.275379447e-08
4.178097608e-08
4.226624857e-08
3.650517698e-08
4.721948247e-08
3.017784293e-08
7.814322111e-08
4.848452767e-08
3.834326267e-08
2.658320206e-08
3.075166908e-08
2.774207131e-08
5.174177166e-08
3.862710903e-08
3.840057209e-08
7.992432684e-08
2.211230844e-08
3.195729487e-08
3.685658875e-08
6.952697862e-08
6.189607252e-08
2.349995814e-08
4.943135284e-08
3.181937795e-08
3.024540211e-08
5.652027392e-08
3.267415745e-08
5.397763873e-08
2.63788623e-08
2.304454294e-08
3.21624329e-08
2.916165087e-08
1.541411868e-08
3.140016683e-08
3.129259451e-08
7.023038695e-08
3.841337365e-08
4.083201492e-08
5.464060334e-08
7.448385569e-08
4.898388364e-08
4.534428374e-08
2.514811779e-08
4.716204714e-08
5.309159682e-08
4.612271239e-08
3.71556619e-08
5.708431934e-08
7.029431966e-08
4.864929854e-08
4.950515727e-08
4.610143279e-08
4.069633913e-08
4.09571569e-08
1.169758128e-07
6.815549938e-08
4.103884108e-08
3.862459117e-08
9.748248564e-08
5.645296242e-08
8.11401375e-08
4.126274349e-08
5.702262123e-08
5.754276116e-08
5.023982113e-08
5.180097297e-08
3.233383419e-08
6.115953196e-08
8.578711263e-08
5.247990077e-08
4.680008994e-08
3.150122458e-08
5.732942197e-08
4.429500047e-08
3.550046111e-08
3.93836017e-08
5.331192724e-08
4.217287482e-08
3.925657479e-08
3.764201448e-08
3.754580834e-08
3.260553246e-08
3.591497696e-08
3.957600731e-08
3.607222926e-08
3.937527026e-08
5.313060473e-08
6.425347017e-08
5.989903583e-08
3.482831426e-08
2.841632845e-08
1.06176085e-08
3.24670029e-08
3.166911469e-08
2.135939184e-08
4.602357942e-08
6.237251353e-08
3.567640735e-08
2.683108953e-08
3.504638176e-08
2.944199039e-08
6.493789946e-08
7.106093307e-08
2.844585564e-08
3.328542452e-08
3.254630374e-08
1.152940177e-07
1.014127737e-07
2.74011835e-08
4.698015993e-08
4.820595218e-08
2.609473381e-08
4.763218183e-08
2.686406905e-08
5.255888848e-08
5.261871277e-08
2.778240359e-08
3.369724258e-08
1.248891111e-08
6.349610958e-08
3.631511865e-08
5.323943194e-08
2.941560939e-08
6.948936067e-08
3.320897769e-08
4.595017288e-08
4.563610148e-08
4.479921921e-08
4.64993946e-08
4.213082199e-08
3.506185729e-08
5.07457998e-08
3.36078468e-08
6.207052281e-08
3.355864395e-08
5.264160081e-08
3.958462681e-08
4.011632773e-08
3.039831944e-08
2.591540992e-08
4.175711397e-08
4.13531507e-08
3.514182446e-08
3.954027769e-08
1.215327585e-08
2.353497421e-08
4.079732619e-08
2.122718987e-08
5.685699161e-08
2.213067728e-08
1.973190323e-08
2.861888081e-08
2.842105966e-08
4.299244917e-08
4.722161739e-08
3.660965226e-08
2.885483416e-08
4.960636329e-08
3.777602634e-08
4.606588432e-08
1.769782932e-08
4.439156933e-08
1.779108122e-08
2.333314189e-08
2.44710322e-08
1.891018723e-08
2.892836134e-08
2.098301569e-08
2.33659529e-08
1.357001662e-08
6.241163709e-08
8.646996087e-08
5.237477259e-08
2.181842805e-08
4.51015153e-08
4.146083911e-08
3.042198737e-08
4.483308837e-08
1.884141417e-08
4.164447896e-08
5.21078366e-08
3.479692908e-08
3.797194349e-08
4.58811244e-08
4.455953868e-08
3.622964103e-08
4.033158382e-08
2.615309358e-08
3.520419043e-08
1.726048492e-08
4.247965008e-08
3.267847986e-08
2.588316509e-08
1.055675381e-07
5.173057729e-08
3.224461327e-08
3.990050445e-08
3.939637343e-08
2.481599421e-08
3.256576183e-08
3.099515198e-08
2.576549354e-08
3.006366392e-08
3.709523209e-08
1.933883409e-08
6.423740734e-08
3.451008136e-08
4.371671377e-08
4.942740346e-08
2.958772358e-08
2.751759508e-08
6.472933136e-08
2.856020632e-08
2.61266249e-08
4.004778559e-08
1.883040411e-08
2.80477109e-08
4.227946601e-08
1.261276563e-08
3.183582742e-08
4.088007566e-08
4.044540284e-08
3.186808544e-08
3.249277996e-08
4.426461809e-08
2.109837851e-08
4.046782624e-08
1.80997525e-08
2.574429701e-08
3.429611255e-08
2.163290886e-08
1.984143463e-08
2.497437619e-08
2.231901662e-08
2.232289169e-08
2.106890273e-08
2.401259853e-08
2.140770745e-08
9.363123989e-09
2.525248507e-08
7.164301822e-09
1.441587374e-08
7.521078576e-09
2.403566902e-08
1.482633086e-08
4.24136872e-08
3.250395415e-08
3.747717864e-08
2.035502301e-08
3.836878113e-08
3.158398964e-08
2.972425246e-08
2.128225283e-08
1.181197791e-08
2.581596847e-08
2.799720807e-08
1.907208747e-08
1.46383872e-08
1.725520582e-08
3.110721119e-08
3.475329666e-08
3.486255798e-08
8.994093212e-09
7.824570002e-08
4.068333027e-08
2.256410373e-08
1.905573811e-08
2.311233491e-08
1.955854547e-08
1.367430105e-08
2.735616045e-08
2.551994837e-08
1.994953901e-08
4.265894523e-08
3.142366681e-08
3.120841221e-08
4.080224864e-08
4.065826934e-08
2.86469569e-08
3.558426909e-08
2.333816779e-08
3.387935347e-08
3.252718159e-08
3.024072876e-08
4.732925618e-08
2.474286882e-08
1.842768372e-08
2.876052639e-08
2.055283925e-08
1.312530703e-08
8.345750759e-09
2.203272294e-08
9.906038332e-09
2.644450316e-08
2.550835089e-08
3.361803543e-08
3.169458395e-08
4.180234897e-08
1.693715792e-08
2.417965924e-08
1.596030814e-08
2.343909076e-08
2.092773622e-08
1.397711805e-08
1.084790843e-08
1.125503217e-08
1.272852038e-08
1.742888952e-08
1.877106603e-08
1.767917362e-08
1.852149243e-08
1.755010466e-08
3.064136011e-08
3.423845509e-08
2.872055822e-08
2.553698019e-08
3.346150709e-08
2.17749316e-08
2.952708786e-08
1.987946069e-08
3.56858833e-08
3.077786317e-08
3.287855711e-08
2.001165393e-08
1.874407499e-08
1.676902297e-08
1.647594114e-08
2.372126833e-08
1.943418739e-08
1.607374111e-08
4.773727323e-08
6.317410523e-08
2.935630157e-08
2.589538423e-08
3.409720269e-08
2.408719213e-08
1.786235156e-08
1.063014068e-08
1.541905185e-08
3.132332093e-08
2.564406495e-08
3.998937236e-08
3.123467641e-08
2.334084812e-08
2.518570964e-08
2.349177995e-08
3.416764353e-08
1.948499959e-08
4.547914821e-08
1.734613865e-08
2.514341559e-08
3.718219507e-08
2.699507986e-08
1.726757721e-08
2.779031714e-08
2.524710008e-08
3.261995083e-08
8.343793561e-08
4.079949027e-08
2.773007366e-08
3.825029348e-08
2.328791727e-08
2.606378048e-08
4.138093021e-08
5.63657069e-08
3.915076605e-08
1.945093561e-08
4.65847312e-08
2.715300046e-08
2.816090655e-08
4.25272184e-08
3.379781348e-08
3.450411281e-08
4.734501319e-08
2.608155269e-08
2.202776715e-08
2.907962354e-08
2.004179597e-08
2.744877481e-08
1.881178122e-08
2.750049016e-08
8.789598796e-09
2.066294508e-08
2.855797725e-08
4.711651588e-08
2.860148545e-08
1.05375837e-08
3.03075057e-08
2.955049937e-08
3.185265729e-08
7.420164496e-09
1.888242006e-08
3.100396675e-08
1.582410732e-08
2.680039264e-08
1.109372187e-08
1.722346507e-08
2.034762608e-08
2.444714885e-08
1.333582337e-08
3.239566242e-08
1.876783647e-08
2.294064346e-08
3.381034723e-08
3.761091195e-08
2.469362376e-08
6.240510609e-08
3.847080227e-08
3.548311525e-08
1.616431294e-08
3.927969432e-08
2.853029486e-08
2.552628771e-08
8.903242835e-09
1.601521228e-08
1.08560135e-08
3.794061475e-08
2.635807064e-08
1.690838638e-08
1.261988512e-08
1.274014529e-08
2.00281918e-08
1.777664559e-08
2.258078723e-08
2.433096937e-08
3.3993759e-08
2.75846883e-08
1.374691391e-08
3.139016098e-08
1.50386003e-08
1.934668099e-08
1.719272479e-08
1.912510183e-08
3.1789472e-08
2.775849991e-08
3.985351887e-08
1.785560327e-08
2.05134961e-08
2.919365278e-08
3.617238615e-08
4.807542657e-08
2.584319029e-08
2.811704315e-08
3.716871474e-08
1.883614834e-08
2.474249229e-08
2.750359918e-08
1.502162232e-08
3.714050682e-08
1.745723464e-08
3.465416741e-08
1.8505797e-08
3.692128123e-08
2.543275404e-08
1.689840842e-08
1.289385708e-08
3.815616237e-08
3.300971619e-08
3.120221535e-08
3.546117081e-08
3.181969388e-08
4.537638036e-08
4.816608241e-08
4.510643339e-08
1.139863134e-08
8.404483971e-09
3.221367641e-08
1.571851274e-08
1.98190969e-08
6.112691329e-09
4.26391246e-08
1.479384239e-08
2.227666232e-08
3.132668035e-08
2.917085033e-08
3.036989437e-08
3.867320418e-08
3.740392636e-08
3.82205095e-08
2.192137081e-08
2.319526531e-08
2.072922209e-08
1.153053536e-08
2.008153125e-08
7.46616454e-09
2.235072267e-08
2.647798603e-08
1.026558779e-08
1.685054884e-08
2.028040118e-08
1.316783282e-08
1.279116837e-08
2.480071102e-08
1.605147564e-08
6.848068864e-09
1.839562331e-08
1.203287068e-08
1.883272552e-08
2.115097988e-08
2.227591967e-08
1.541568046e-08
1.257841385e-08
1.770270429e-08
3.165181713e-08
3.3463254e-08
1.837542442e-08
1.927164239e-08
3.552474276e-08
1.94893812e-08
1.012786485e-08
3.018170841e-08
1.716789697e-08
1.445045192e-08
1.587298526e-08
1.872465969e-08
2.198816983e-08
6.31650903e-09
2.212349875e-08
1.170337932e-08
1.617514011e-08
1.475848574e-08
2.75949721e-08
2.667275781e-08
1.274488078e-08
1.395835147e-08
1.893681077e-08
3.182997788e-08
1.166768729e-08
1.756944449e-08
4.128066698e-08
1.557753473e-08
1.584064696e-08
2.615368738e-08
1.219568717e-08
1.399910028e-08
1.647645765e-08
4.894558635e-08
1.349136316e-08
1.15124818e-08
2.129202228e-08
3.914239533e-08
2.391424848e-08
1.609993738e-08
1.063999822e-08
2.208620225e-08
2.696986437e-08
2.033536994e-08
1.851792088e-08
1.316847161e-08
1.150540097e-08
1.053934304e-08
1.108435883e-08
1.71495677e-08
1.663528824e-08
3.987714238e-08
8.161878106e-09
9.642160486e-09
1.407265064e-08
1.938653367e-08
1.35710493e-08
1.890703883e-08
1.611619925e-08
2.683228755e-08
1.323128991e-08
4.088581277e-08
2.095487489e-08
2.428944239e-08
3.673342594e-08
1.376681431e-08
1.978982709e-08
2.955692469e-08
3.260671515e-08
1.266487948e-08
1.946796154e-08
1.745259031e-08
3.853491782e-08
1.740293066e-08
1.410563583e-08
1.579866488e-08
6.071212266e-09
7.29055015e-09
4.821311502e-09
1.505796879e-08
7.151303622e-09
1.043371149e-08
1.001389987e-08
4.636251262e-09
1.328924643e-08
1.796572532e-08
1.369405624e-08
7.449488851e-09
3.944355255e-09
5.225565642e-09
8.947480171e-09
8.445860277e-09
1.488069265e-08
2.160339501e-08
6.268005947e-09
1.029701827e-08
9.471165132e-09
1.495516365e-08
1.229941566e-08
2.805545333e-09
1.408359e-08
1.464286099e-08
8.075209896e-09
2.035114823e-08
1.637823598e-08
8.229858171e-09
4.086587637e-09
1.252776469e-08
1.863115419e-09
1.054669473e-08
1.29251265e-08
9.478281749e-09
6.217019821e-09
1.221941005e-08
8.772895217e-09
1.356048376e-08
1.621417452e-08
6.962873148e-09
1.781715827e-08
3.253141833e-08
2.163145079e-08
2.104381812e-08
4.400992638e-09
3.483457377e-09
1.34181672e-08
1.779305939e-08
9.721520039e-09
1.817326193e-08
1.551815189e-08
1.653574033e-08
1.163557381e-08
1.891578835e-08
2.661270044e-08
1.428282693e-08
8.120105926e-09
2.069544145e-08
1.007477075e-08
1.71953414e-08
2.616225104e-08
2.512743386e-08
1.772455684e-08
1.686896218e-08
1.651808408e-08
1.809293706e-08
1.512250783e-08
2.040024162e-08
1.035708753e-08
3.551591187e-08
2.902395246e-08
1.449143366e-08
1.068646128e-08
9.442477051e-09
2.469442741e-08
2.160031292e-08
1.265157909e-08
1.385186357e-08
1.915341394e-08
1.712371391e-08
2.586343498e-08
1.029877931e-08
1.375505396e-08
8.799585301e-09
1.179701737e-08
2.145032402e-08
2.494876299e-08
1.438827197e-08
1.088250888e-08
2.200171796e-08
3.049512333e-08
2.937728222e-08
1.494899418e-08
1.899464281e-08
1.262375401e-08
3.152829085e-08
9.256600936e-09
1.935562162e-08
3.14587642e-09
1.878423769e-08
2.03985338e-08
3.502171543e-08
1.569135797e-08
3.562868556e-08
1.479125615e-08
2.120366656e-08
2.179388773e-08
6.137746638e-09
1.137695602e-08
2.029960377e-08
1.368457515e-08
1.471602912e-08
1.47185119e-08
1.17420539e-08
1.279692073e-08
1.886543345e-08
1.201518765e-08
4.612935983e-09
3.478203812e-09
2.474734171e-08
1.181468646e-08
1.055178464e-08
2.967101489e-08
1.647165253e-08
1.79982801e-08
1.621092113e-08
1.547520798e-08
1.25901146e-08
1.348718975e-08
8.337991206e-09
3.748205075e-09
1.304571598e-08
4.337279142e-09
1.162344373e-08
5.527363141e-09
2.768505772e-09
8.888476729e-09
1.333666078e-08
1.315479969e-08
2.612986392e-08
1.073640777e-08
7.545270017e-09
1.472782284e-08
1.79389108e-08
8.90421948e-09
1.27010565e-08
4.91578382e-09
1.557625924e-08
9.490800487e-09
2.68364689e-08
1.651154036e-08
1.140133651e-08
1.313563214e-08
2.651920903e-08
2.017821519e-08
1.90001842e-08
3.593734024e-08
3.514948092e-08
1.369247489e-08
1.360510903e-08
2.701925019e-08
1.157788485e-08
4.321926641e-08
1.251352005e-08
1.588478333e-08
1.495741726e-08
1.073018834e-08
2.272218953e-08
1.620424926e-08
3.589017867e-09
1.151936988e-08
2.397714387e-08
2.470913754e-08
1.704552752e-08
3.942792697e-08
9.586689838e-09
3.254197207e-08
3.925860117e-08
3.088934177e-08
1.125813537e-08
1.935203493e-08
1.829336572e-08
2.136184089e-08
1.885281353e-08
1.135194038e-08
2.956702708e-09
1.049966146e-08
4.802659032e-09
1.124444188e-08
3.089186801e-08
8.345092675e-09
4.420732056e-09
2.692082759e-09
1.308703015e-08
9.770012675e-09
1.482728495e-08
1.1801074e-08
2.012094683e-08
2.015143665e-08
1.1197008e-08
1.904551149e-08
1.715734279e-08
2.490719774e-08
1.598634513e-08
2.447925168e-08
3.038137703e-08
3.090391009e-08
7.255336836e-09
1.585934955e-08
2.500919916e-08
1.732523144e-08
2.744078151e-08
2.289941858e-08
4.204526071e-08
1.991562727e-08
1.881891547e-08
2.229792319e-08
1.75340875e-08
2.8554781e-08
3.484739335e-08
2.440110964e-08
2.81589722e-08
1.978011359e-08
4.573150848e-08
1.837121352e-08
1.102741286e-08
2.341693925e-08
1.692429284e-08
1.04980763e-08
2.623426805e-08
1.648683573e-08
1.595135284e-08
2.370860877e-08
7.659568716e-09
1.803401168e-08
2.076299131e-08
6.751134521e-09
1.058175139e-08
1.538244123e-08
1.322912026e-08
2.743939591e-08
1.065208786e-08
1.152445733e-08
3.188674621e-09
1.519871651e-08
1.095705377e-08
6.809822515e-09
2.503265472e-08
1.683152415e-08
1.248501424e-08
1.487001004e-08
8.237049822e-09
2.65241857e-08
2.086821659e-08
2.604233576e-08
2.468201834e-08
1.455955556e-08
1.011916826e-08
1.81084948e-08
2.785938861e-08
1.120169671e-08
3.738643559e-08
1.248503653e-08
2.797690919e-08
1.468620748e-08
6.776436022e-09
1.471801115e-08
2.690447224e-08
3.139489035e-08
1.494892168e-08
3.300012701e-08
1.446737309e-08
1.721700708e-08
7.212018063e-09
7.956861311e-09
3.35968016e-09
8.009392483e-09
1.944354923e-08
1.067047491e-08
9.372633037e-09
2.177463207e-08
1.198993008e-08
5.425938479e-08
1.1984383e-08
5.263675931e-09
1.955966023e-08
4.048851201e-09
1.583934349e-08
2.240737836e-08
1.316983625e-08
1.946480023e-08
1.207055828e-08
5.91074433e-09
1.614359135e-08
1.483172701e-08
1.239942257e-08
2.301836957e-08
3.114341932e-08
1.012327112e-08
1.39268359e-08
4.340943934e-08
2.106267787e-08
2.073667043e-08
2.516074387e-08
2.259309575e-08
1.815546557e-08
2.408986269e-08
3.248435751e-08
2.710963944e-08
2.798757167e-08
1.501857441e-08
1.623061925e-08
2.922538253e-08
6.141896768e-09
1.709878942e-08
2.557859731e-08
1.165988541e-08
1.811525423e-08
2.138378037e-08
7.902311224e-09
2.10085693e-08
8.027016997e-09
3.771727889e-09
3.234200046e-09
1.240646198e-08
1.163702292e-08
8.122718882e-09
8.970144432e-09
7.287909009e-09
1.05789025e-08
2.96659583e-08
2.071068749e-08
1.749190396e-08
5.122684017e-09
9.603502905e-09
7.291371648e-09
1.192987707e-08
1.864370237e-08
1.398778995e-08
2.485409525e-08
1.407178898e-08
1.713862085e-08
8.96317612e-09
1.684213207e-08
5.288287416e-09
1.04128833e-08
1.196596328e-08
8.275779054e-09
9.302856795e-09
9.531509922e-09
5.770925332e-09
1.042538082e-08
1.221961156e-08
2.298195268e-09
1.631280839e-08
6.460181063e-09
2.220739154e-08
3.654147816e-09
2.900966005e-09
1.762816438e-08
6.301296644e-09
1.534901564e-08
1.074540322e-08
2.087426786e-08
1.351284665e-08
1.60767595e-08
1.516924246e-08
1.836278637e-08
1.994348776e-08
5.270746862e-09
9.654672315e-09
1.589280216e-08
9.021255481e-09
1.681143879e-09
5.660370405e-09
6.887598493e-09
3.385336764e-09
1.206314408e-08
1.051371841e-08
1.32098287e-08
5.247954179e-09
1.279007873e-08
1.5422322e-08
3.137369314e-08
1.693004257e-09
1.512414605e-08
1.953173024e-08
2.068786206e-08
1.593437372e-08
2.985300998e-08
8.192059371e-09
3.173228096e-09
1.714781137e-09
1.765606238e-08
1.600591793e-09
1.69258434e-08
1.53592932e-09
7.522296547e-09
6.203961079e-09
8.452743766e-09
5.920745464e-09
1.358774929e-08
1.979173323e-08
7.201959006e-09
2.864642612e-09
1.034511566e-08
7.815886206e-09
1.323789121e-08
9.927228204e-09
6.531584528e-09
7.627663862e-09
1.330092823e-08
9.66714318e-09
1.671493474e-08
8.661215117e-09
1.319575764e-08
2.238226667e-09
9.63062525e-09
2.225668879e-09
1.989784104e-08
3.267276692e-09
7.886902467e-09
8.582676217e-09
3.691833922e-09
1.295876086e-09
6.561673597e-09
5.174677975e-09
1.319922243e-08
1.822330708e-08
5.091215116e-09
6.207692032e-09
9.105613038e-09
1.524178726e-08
2.803718743e-08
1.463866857e-08
1.312815628e-08
6.535132652e-09
7.358777073e-09
1.646342523e-08
7.138172855e-09
2.681181334e-09
1.534636693e-08
1.159662143e-08
5.256192103e-09
1.187610014e-08
1.946372561e-09
1.106232325e-08
1.284992602e-08
9.86612963e-09
8.079049297e-09
7.346663039e-09
1.334518975e-08
4.488329333e-09
1.284877968e-08
5.780637034e-09
7.412632627e-09
1.336372765e-08
1.381642384e-08
1.143819377e-08
3.88863586e-09
4.716760961e-09
9.836682756e-09
5.686383649e-09
2.389131037e-08
1.250538951e-08
9.645872061e-09
1.281086652e-08
1.385591136e-08
1.894703167e-08
2.477054298e-08
1.233072606e-08
7.478666222e-09
9.345852026e-09
2.430493013e-08
3.059580758e-09
2.288293058e-09
4.222382555e-09
5.07653306e-09
3.428136785e-09
2.039388372e-09
9.195273948e-09
3.324616593e-09
7.431387196e-09
8.095754163e-09
4.194077448e-09
1.680958776e-08
4.486627097e-09
8.034656639e-09
1.138158237e-08
3.392374415e-09
2.252306092e-09
1.177135768e-08
9.896916028e-09
6.888190885e-09
8.546060955e-09
2.160266052e-08
8.567155955e-09
1.852414792e-08
2.491617338e-08
1.896008561e-08
3.03169487e-09
9.848785684e-09
1.269922417e-08
1.858304963e-08
9.090956117e-09
1.693214705e-08
1.251907211e-08
2.192304555e-08
3.218443517e-09
1.846495488e-08
3.034226684e-08
5.291861135e-09
7.473926537e-09
1.86861716e-08
1.944053006e-08
1.653758019e-08
2.793146545e-08
7.865972511e-09
1.647902728e-08
5.246065034e-09
1.609556425e-08
6.723664958e-09
9.435171915e-09
1.766618591e-08
2.939539399e-08
1.16717842e-08
1.477620897e-08
2.274376874e-08
2.358270443e-08
2.008127791e-09
1.007589216e-08
2.640468161e-08
1.191712613e-08
1.346955322e-08
1.911886942e-08
9.058409611e-09
1.066982003e-08
7.427750863e-09
1.514498791e-08
1.469646021e-08
6.416953206e-09
1.241159598e-08
7.028119031e-09
9.752627496e-09
1.07957575e-08
1.189224442e-08
2.965475545e-09
2.862835261e-09
3.77334785e-09
1.536764599e-08
5.306200434e-09
2.847598165e-09
5.599713824e-09
1.679639174e-08
1.45251944e-08
1.234410879e-08
1.191851949e-08
6.210393484e-09
5.156441333e-09
1.466659159e-08
4.523554775e-09
5.885123681e-09
5.324237732e-09
3.542521178e-08
8.162919093e-09
1.054691086e-08
1.622805637e-09
7.703926053e-09
3.457163003e-09
7.177444763e-09
4.249301052e-09
2.931036926e-09
2.902073521e-09
5.831703406e-09
6.641509162e-09
7.195027717e-09
1.784240921e-08
4.726812247e-09
9.734050313e-09
1.057808205e-08
1.462239462e-08
9.749656124e-09
2.743388014e-09
2.293386223e-09
1.586388243e-08
6.297504685e-09
2.364495126e-08
1.381136234e-08
1.379556384e-08
2.998346282e-08
1.110887655e-08
9.501332533e-09
1.577080387e-09
2.407276755e-09
3.101923212e-09
7.317526266e-10
1.919580897e-09
3.999478709e-09
1.417912556e-08
1.452696526e-08
4.057553574e-09
5.734511868e-09
1.369627114e-08
7.289842155e-09
6.438287458e-09
2.066003641e-08
1.22155779e-08
1.616877151e-08
2.921659479e-09
8.16978901e-09
2.706462809e-09
4.456186137e-09
5.785464866e-09
4.024633709e-09
2.228170565e-09
2.040653997e-09
1.626691847e-08
6.834161322e-09
1.465911966e-08
1.0551766e-08
2.448488276e-08
5.475689386e-09
9.065565647e-09
1.705301951e-08
6.287583892e-09
2.260716401e-09
8.505764237e-09
5.418786963e-09
5.041549963e-09
3.333277874e-09
8.753263374e-09
9.665140371e-09
1.519662755e-08
1.05088914e-08
8.140838063e-09
1.145348491e-08
8.680156472e-09
7.049278446e-09
7.224298038e-09
6.792705191e-09
1.470838083e-08
7.762881718e-09
1.105089783e-08
3.178301267e-09
2.24801703e-09
1.214368942e-08
1.442065436e-09
1.782375945e-08
1.105900879e-08
3.26186283e-09
4.615688228e-09
7.216084384e-09
4.318304922e-09
2.085352264e-09
1.100578564e-08
1.685766608e-09
4.205598979e-09
5.957692467e-09
7.513629984e-09
9.729142428e-09
1.073776955e-08
2.818077222e-08
1.514084236e-08
1.267047524e-08
3.61218908e-09
1.564768342e-08
1.049576935e-08
1.520190676e-08
1.220699542e-08
1.930840853e-08
1.880705822e-08
1.670779984e-08
2.226025995e-09
2.327871406e-09
7.592068705e-09
3.32173332e-08
9.389529987e-09
2.975449308e-09
3.869205223e-09
2.85640728e-09
9.090962453e-09
9.548260088e-09
2.076717693e-09
7.333560557e-09
7.266889808e-09
1.38158987e-09
3.762410755e-09
1.741654534e-08
2.353895711e-09
6.426909807e-09
1.977565639e-09
5.520912633e-09
4.827721303e-09
6.550325872e-09
3.312498054e-09
5.989027996e-09
8.98742318e-09
1.960702296e-08
8.483508141e-09
9.204534122e-09
5.07455242e-09
1.601887056e-09
1.608222105e-09
4.399736996e-09
4.283747876e-09
1.638486342e-09
3.767516489e-09
2.542159133e-08
3.279172769e-08
5.974273261e-09
5.639694839e-09
9.850274315e-09
8.167523212e-09
1.030452744e-08
1.094419111e-08
7.484389987e-09
2.29919194e-09
9.56659183e-09
7.777600592e-10
3.25665474e-09
6.515405724e-10
8.013247534e-09
2.277962895e-09
1.75130521e-09
1.954125479e-09
7.726787806e-09
2.283214267e-09
1.410252519e-09
3.878804841e-09
2.492212001e-09
4.926001675e-09
3.828046958e-09
3.787485701e-09
1.454074075e-08
4.619889794e-09
1.375824758e-08
7.94652917e-10
1.083133851e-08
1.338060279e-08
1.052180723e-09
1.461992372e-09
4.058723718e-09
2.779414411e-09
1.115191096e-09
2.461933146e-09
3.007289559e-09
3.35838153e-09
4.68732465e-09
9.65060353e-09
1.983118233e-08
8.470540702e-09
5.823191714e-09
1.577443743e-09
4.204530844e-09
1.276172626e-08
5.529112021e-09
7.422215038e-09
6.644245059e-09
1.080097161e-08
9.528203103e-09
2.394039485e-09
9.262001444e-09
2.813439524e-09
1.551001681e-08
5.790663127e-09
6.980622926e-09
3.265303779e-09
5.429250702e-09
2.210425789e-09
1.930851972e-09
6.682361141e-09
4.015974246e-09
2.68665109e-09
5.639712927e-09
1.006665871e-09
6.943983504e-09
6.49803596e-10
3.057416824e-09
4.901164572e-09
1.795792422e-09
9.830579303e-09
2.316917156e-09
2.751158054e-09
5.100566206e-09
2.231894647e-09
2.069671165e-09
2.019384354e-09
7.887562666e-09
2.019830882e-09
9.99164003e-09
9.089103815e-09
1.360916968e-08
2.964843373e-09
7.245385787e-09
4.808623944e-09
1.172162629e-08
6.936824303e-09
4.299939842e-09
3.730679248e-08
3.106584828e-08
2.842123876e-08
8.893967305e-09
1.696179266e-09
4.064985461e-09
6.333985241e-09
8.419031356e-09
6.740637366e-09
8.166188315e-09
4.311501037e-08
3.929575182e-09
2.719028553e-09
4.910543653e-09
9.470502415e-10
1.536824881e-09
5.778651965e-10
1.04864557e-09
6.055136018e-09
8.79018409e-09
5.116184972e-09
4.443598163e-09
3.117827819e-09
8.017573434e-09
1.745340574e-09
1.482243285e-09
7.26508938e-10
4.08237004e-09
4.960600464e-09
5.44814815e-09
5.945195824e-09
9.829969197e-09
1.554595425e-09
2.945700752e-09
1.638661477e-08
1.215295718e-09
5.54729895e-09
6.072066973e-09
2.020776605e-08
6.219105735e-09
1.512200621e-09
7.37205562e-09
4.857383474e-09
7.577939078e-09
5.19748156e-09
3.00995175e-08
1.571908335e-08
1.11768945e-08
1.014049261e-08
2.275991019e-08
1.07336818e-08
6.167346787e-09
1.424598428e-08
1.652227374e-08
5.950260862e-09
1.437356312e-08
1.334180313e-08
1.733374403e-09
2.630513848e-09
3.094384683e-09
7.89900478e-09
2.522246878e-09
6.860220403e-09
8.820106599e-09
6.121780541e-09
2.539568407e-09
2.342524697e-09
2.575693412e-09
2.806173509e-09
2.946168648e-09
1.28807542e-08
2.369530976e-09
1.022419953e-09
5.701015816e-09
5.792750136e-09
7.227315792e-09
6.021448852e-09
1.227717057e-09
1.568761975e-09
1.301407649e-08
1.712088368e-08
2.606903812e-08
1.775365988e-08
8.655365529e-09
2.459789379e-08
1.685440566e-08
1.301426723e-08
9.329817687e-09
1.383403868e-08
6.02663991e-09
8.226838793e-09
1.582571667e-08
1.566728752e-09
1.632283484e-08
2.440250218e-09
6.113939871e-09
1.485935053e-09
1.239722947e-08
4.65950925e-09
1.859297395e-08
1.999705821e-09
1.295560909e-08
3.757939216e-09
3.775370212e-09
9.840760485e-09
1.862916371e-09
9.575895674e-09
5.191462807e-09
1.317745518e-08
3.294044143e-09
5.67278064e-09
9.427391737e-09
2.002542012e-09
1.183197322e-09
7.405273455e-09
5.074814625e-09
1.880422284e-08
7.816159281e-09
7.100821866e-09
1.435098836e-08
2.398632137e-09
1.575557271e-09
1.034102238e-08
2.260665848e-09
9.89763006e-10
6.098596484e-10
2.380393811e-09
1.190638713e-08
5.2639837e-09
1.620663751e-08
3.415813759e-08
1.873007272e-08
1.474441261e-08
1.676874875e-08
1.790730854e-08
5.002203423e-09
1.785462959e-08
1.326772968e-08
3.59279547e-09
6.03336745e-09
1.36528772e-08
1.096514423e-08
5.323208608e-09
5.361435103e-09
2.639162515e-09
2.246919783e-09
2.10691557e-09
7.602607054e-09
3.558426739e-08
1.360652425e-08
1.37037043e-09
4.286513539e-09
2.448992097e-09
1.168233259e-08
4.92690273e-09
8.443194269e-09
9.729325676e-09
1.382367319e-08
4.895716131e-09
4.475402204e-09
6.994949896e-09
5.920506903e-09
8.696457855e-09
2.291816131e-09
6.359816577e-08
5.498683528e-09
6.368525174e-09
6.533658241e-09
1.063620854e-08
1.108924811e-08
9.021526385e-09
1.166481052e-08
1.35560196e-08
9.187032751e-09
1.461385996e-08
2.699827258e-09
4.703819895e-09
4.799642563e-09
1.043400719e-08
1.305745737e-08
4.679662394e-09
1.243712745e-08
9.225003981e-09
7.813445828e-09
1.474797339e-08
6.890638134e-09
6.470284511e-09
1.057404214e-08
8.318740888e-09
1.591805371e-08
2.59037141e-09
5.198186051e-09
2.08867058e-09
5.525733569e-09
9.264950989e-09
2.252123568e-09
1.340367612e-09
8.454818181e-09
1.772068371e-08
1.103149293e-09
1.911602674e-09
1.334916996e-09
1.975637074e-09
1.026441055e-09
1.918521683e-09
7.623212487e-09
2.785227895e-09
1.616939265e-09
9.075399496e-09
3.77771972e-09
2.545260572e-09
2.013045251e-09
1.949900117e-09
1.159978089e-08
1.336179474e-09
2.825079789e-09
1.15229863e-09
4.549208428e-09
2.864548818e-09
2.709273693e-09
9.256632554e-09
1.005987207e-08
1.670860454e-08
6.952820734e-09
8.345356341e-09
5.684657945e-09
1.371286713e-08
2.706876875e-09
8.604821663e-09
4.605003441e-09
9.213858858e-09
1.773311575e-08
2.617857102e-09
1.756102346e-08
4.605613028e-09
5.402098729e-09
1.527531151e-09
1.562430546e-08
1.763243461e-08
2.612310841e-08
4.275281597e-08
1.110203268e-08
1.128988368e-08
7.492037013e-10
1.158911745e-08
1.285783373e-09
1.857795285e-09
1.515148802e-09
2.485011871e-09
6.119850805e-09
5.147645207e-09
1.230350966e-08
1.676318929e-08
1.646349112e-08
3.038450205e-09
4.326365083e-09
5.690981583e-09
4.763101251e-09
9.139152007e-09
7.039745076e-09
1.067224819e-09
6.637736122e-09
2.20010948e-09
6.380600379e-09
1.643907274e-08
1.173730405e-08
6.133692931e-09
9.156104004e-10
1.192287047e-08
4.699909001e-09
1.244808639e-08
1.141026521e-09
9.068384229e-10
8.800226926e-09
5.782516484e-09
6.536230669e-10
4.158813741e-09
1.802104486e-09
1.240233733e-09
5.587102707e-09
1.666991248e-08
8.413103016e-09
1.643725219e-08
4.96745893e-09
1.190500732e-08
1.127524933e-08
1.968751124e-08
2.106786518e-09
1.557487178e-08
7.633345304e-09
2.38396219e-08
3.728376217e-09
3.821214304e-08
2.040147278e-08
1.977136308e-09
9.799154425e-09
3.606616717e-09
1.893549764e-08
1.41904836e-08
4.773860445e-09
5.013908905e-09
4.265413868e-09
8.211039864e-09
1.630688961e-08
1.210447021e-09
1.007133907e-09
1.321959063e-09
2.186217625e-09
5.976182541e-09
1.696245797e-09
1.405299221e-09
1.339202492e-09
7.859327311e-09
1.039147457e-08
2.249278869e-08
2.921786646e-08
1.486929183e-08
4.63076169e-09
1.164152651e-08
1.908709249e-08
1.392965214e-08
1.612379919e-09
1.227558362e-09
1.886765269e-09
1.543303526e-09
2.77625356e-09
2.594067866e-09
1.127177899e-09
3.947594663e-09
4.791496381e-09
8.618537865e-09
4.290656215e-09
8.887732632e-09
1.453419739e-08
5.70731762e-09
7.716400968e-10
2.016678047e-09
2.710611579e-09
1.996063576e-09
1.537274447e-09
2.474422089e-08
5.767296987e-09
9.744563172e-09
5.026607694e-09
1.637851637e-09
1.183195662e-09
1.323823505e-09
2.154411115e-09
2.223089239e-09
7.954434874e-09
1.184313594e-09
2.75906556e-09
8.701271054e-09
3.568577391e-09
3.023559949e-09
9.625738636e-10
1.18312691e-09
5.257974354e-09
1.071319877e-09
2.289297387e-09
2.552138845e-09
2.906004129e-09
6.742885072e-09
8.499314073e-09
1.244500457e-08
2.528542932e-09
3.500026909e-09
2.914457084e-09
1.294393814e-09
3.308408008e-09
2.506093648e-09
1.49713672e-09
3.967906129e-09
8.033932253e-09
4.551938906e-09
1.821811264e-08
2.274501508e-08
8.421989467e-09
1.543721543e-09
1.061074144e-08
1.136909973e-08
9.349515391e-09
1.189126594e-08
4.650440711e-09
6.230325615e-09
3.966954981e-09
1.500649228e-09
7.139636695e-09
7.601432168e-10
2.505004191e-09
4.160905004e-09
2.124297103e-09
1.732675789e-09
1.161421599e-09
1.62569771e-09
1.721631122e-09
2.18556762e-09
1.45483049e-09
8.120709857e-09
2.971654674e-09
2.879607759e-09
2.862280822e-09
1.301508992e-08
3.584688505e-09
2.683752831e-09
8.65520861e-09
2.505576673e-09
3.481164525e-09
1.160651269e-09
7.71860911e-09
8.356615383e-09
6.46679864e-09
4.759001346e-09
9.371827145e-09
1.125956533e-08
6.412238287e-09
8.613302875e-09
7.900769206e-09
8.881192233e-09
2.936406522e-09
6.549193192e-09
7.615499646e-09
4.11606943e-09
8.013136097e-09
2.644002751e-09
1.712772952e-09
6.048886686e-09
3.925658918e-09
2.948115743e-09
1.097692993e-08
2.163796274e-08
8.769984441e-09
7.475564339e-10
4.588343494e-09
1.302827054e-09
9.717892981e-09
6.155867664e-09
1.05118012e-08
5.670037694e-09
5.162077208e-09
6.61301266e-09
4.788329523e-09
1.022387844e-08
5.749591899e-09
5.304438686e-09
2.840884099e-09
1.621192467e-09
5.416598754e-09
5.358371951e-09
1.408963526e-08
6.93936886e-09
8.612374838e-09
1.114931609e-09
1.304581753e-09
7.991006559e-09
5.901214196e-09
2.157164937e-09
6.905240502e-09
9.737961197e-09
6.798590899e-09
8.817165922e-09
2.666877369e-09
1.539947888e-09
1.7602974e-09
2.945894653e-09
5.398907309e-09
1.823494292e-08
3.079066232e-08
1.065645578e-08
8.630968352e-09
1.051878683e-08
1.030110755e-08
6.252638912e-09
2.39583272e-09
7.667274553e-09
1.050928234e-09
5.090745504e-09
2.315796928e-09
5.159265458e-09
6.97936996e-10
6.117992501e-09
1.426155938e-09
5.765889e-09
4.692432181e-09
4.444423439e-09
4.221027764e-10
1.260628694e-08
2.14998551e-09
1.132998317e-09
4.279438811e-09
3.430951482e-09
2.255588306e-09
1.403662983e-09
1.929693774e-09
1.151839513e-09
1.118504859e-08
9.981172385e-09
6.990830349e-09
8.339283265e-09
2.339820352e-09
3.069375096e-09
2.039382591e-09
2.394568863e-09
8.327332916e-09
1.213880071e-09
5.190445561e-09
1.081208808e-08
6.942915721e-10
4.630946618e-09
1.643654942e-09
8.177667509e-09
1.017367737e-08
6.402894261e-09
8.851073373e-09
8.827645268e-09
4.082369097e-09
2.694461722e-08
2.152227121e-08
1.43509757e-08
4.886760741e-09
1.422638685e-08
8.756590936e-10
4.762658396e-09
1.015330185e-08
1.020928858e-09
4.927086855e-09
1.062667799e-08
5.157079656e-09
1.175679004e-09
1.033875116e-10
8.909454431e-11
1.654650182e-09
1.097486836e-09
9.731301556e-10
4.759861042e-10
7.576768668e-09
1.535694472e-08
2.235226823e-08
4.376071055e-09
1.074136753e-08
3.987496175e-09
1.357513365e-08
6.191772968e-09
1.061614933e-09
1.486487995e-09
1.016579283e-09
6.755951046e-09
6.523709097e-10
1.092692113e-09
1.665589753e-09
4.630377659e-09
1.702051228e-08
1.392874345e-09
2.405100725e-09
1.377232272e-09
6.753205392e-09
8.280527974e-10
5.64695221e-10
7.857682101e-10
5.630177687e-09
5.534251143e-09
5.253950238e-09
1.373129359e-09
4.823449085e-09
9.153818285e-09
1.938887488e-09
7.379315604e-10
8.75458305e-09
5.156075367e-09
1.693830018e-08
1.661300565e-09
6.256973438e-09
9.659176114e-09
8.082274473e-09
5.072460259e-09
1.114496207e-08
1.450941545e-08
4.821026874e-09
5.120067411e-09
6.546607996e-09
9.726583766e-10
1.627834578e-09
4.406027552e-10
7.822763891e-10
1.761743306e-09
1.523074469e-09
1.905882602e-11
8.365416638e-12
0
5.063013885e-10
5.150238394e-10
5.641322755e-10
6.465274483e-10
1.109336801e-10
2.626525763e-12
2.335291122e-09
2.674199246e-10
3.552973087e-10
7.04065489e-11
5.436008833e-10
7.494552344e-09
5.808217674e-10
0
1.520594427e-08
1.122144077e-08
2.883590426e-08
7.75579481e-09
9.463764582e-09
4.083661931e-09
1.064548349e-08
3.643697274e-09
7.703666111e-09
3.136681803e-09
1.959288976e-10
8.571482071e-10
7.146208073e-10
1.416413303e-11
1.043165838e-09
2.390947465e-10
2.79871567e-10
7.015018076e-09
6.214279515e-10
1.661823323e-09
3.421772009e-09
8.781000586e-09
1.160312747e-08
2.742338962e-10
5.521390797e-10
3.428983685e-10
2.082925964e-09
5.035837984e-09
5.075782691e-09
1.082309375e-09
5.531142105e-09
6.502366639e-09
4.909645529e-09
4.848871857e-09
8.517446592e-09
5.393457512e-09
1.318512392e-09
6.067947396e-09
7.442892502e-10
5.002557006e-09
5.097924934e-09
4.834138834e-09
8.81263686e-10
7.839962269e-09
9.005222908e-09
7.132316042e-09
4.131422079e-09
3.970733491e-09
1.472844575e-08
8.317577321e-10
1.072391314e-09
2.618427991e-10
6.066573364e-10
2.528497572e-09
7.175484268e-10
2.978065971e-09
5.072751137e-09
1.059102545e-08
9.446935814e-10
9.901098463e-10
3.951085015e-09
1.009415352e-09
6.246026886e-09
5.990086672e-09
9.021605198e-10
1.277787023e-09
4.492825767e-09
4.112815262e-09
3.741719967e-09
4.072347051e-09
4.351888679e-09
8.346333539e-09
8.785865634e-10
7.623534942e-10
1.084208324e-09
1.353272077e-10
4.256319488e-10
3.835113879e-10
8.868527756e-10
3.847264376e-10
3.768956857e-09
1.01413462e-09
2.093948038e-09
1.107793793e-09
1.398973801e-09
7.896959656e-09
7.088282622e-10
2.6066182e-09
1.232367464e-09
4.253337544e-09
5.800251198e-09
2.435274422e-09
4.731269276e-10
1.013950813e-09
1.540252897e-09
1.50572777e-09
1.08715462e-09
2.247879159e-09
1.737774793e-09
4.906801958e-09
2.182729062e-09
8.380550716e-10
4.850866953e-09
8.476053754e-10
2.151979909e-10
2.696969047e-10
5.347188815e-10
2.734514036e-09
5.824074279e-10
1.910133036e-09
4.806695763e-10
1.292858904e-09
1.22165516e-09
6.814684136e-10
1.606939002e-09
1.397998646e-09
2.192974443e-10
6.086248539e-10
5.751146028e-10
5.824367709e-10
4.800273796e-10
5.712704807e-10
0
3.851436093e-09
4.726475247e-09
7.767570053e-10
3.712741719e-09
5.473688174e-09
6.87596968e-09
7.346747418e-11
2.196434986e-09
1.065718902e-10
7.635742247e-09
1.547572359e-09
1.133223797e-09
1.709694386e-08
9.591586604e-10
4.425027687e-10
7.436673636e-10
4.05745771e-10
8.341759018e-10
1.185319247e-09
4.543342731e-10
1.361123907e-09
1.103834849e-09
1.075778541e-09
1.715867802e-09
6.480343195e-10
1.275755656e-09
3.731968875e-09
8.116341759e-09
1.400556065e-09
4.816853632e-10
8.352130594e-10
1.9394934e-10
1.534964102e-10
3.431909348e-09
9.979587471e-10
9.03732432e-09
8.061457225e-09
2.054106135e-09
4.009805131e-09
2.48478192e-09
2.079314382e-09
1.304337806e-08
2.370836502e-10
3.815026213e-09
1.393935125e-08
5.569140961e-09
1.241510525e-08
6.560771573e-10
3.108328001e-10
4.674701367e-09
1.860083359e-08
4.773959705e-09
7.811853039e-09
2.658780135e-10
1.403785373e-08
1.652609748e-09
4.156007094e-09
1.672406043e-08
9.309871236e-10
1.697841911e-09
1.900166567e-09
5.766683582e-09
1.8040161e-09
1.751623147e-09
4.341097434e-10
1.212475967e-09
5.379705007e-09
3.613586621e-10
1.438150382e-09
1.504289928e-09
1.28611744e-09
6.436215934e-09
2.813808921e-08
1.925392422e-09
3.42775044e-12
4.008478117e-09
2.512735924e-12
3.572705795e-09
5.657813629e-10
3.387709814e-09
8.139797784e-09
4.928357824e-09
3.847328069e-10
5.514141054e-12
5.608237237e-10
1.052209784e-09
4.07814962e-09
3.726329818e-09
5.809660026e-09
1.011975163e-09
3.741374622e-11
4.337131095e-09
3.444017897e-10
5.385752046e-10
3.374726754e-10
1.330544223e-09
4.549656316e-09
8.429464262e-10
4.340231195e-09
4.810636298e-09
5.400729104e-10
5.602691992e-10
3.567974177e-09
1.977303248e-10
7.462346844e-09
2.378833429e-08
1.945795607e-09
1.876264227e-09
5.200044992e-10
1.635200514e-09
7.070604984e-10
5.847847681e-10
3.886605282e-09
1.024783994e-08
1.028962407e-09
7.850578492e-10
1.109765682e-09
4.674874195e-10
8.054067041e-10
6.102557219e-09
1.541749436e-09
7.610286097e-10
7.440225442e-10
4.209199631e-10
4.551614393e-10
5.765470791e-09
5.223635168e-09
5.751754771e-09
7.624136768e-10
3.889027203e-09
1.020596468e-09
9.454773572e-10
5.077344042e-09
2.202367002e-10
4.261643308e-10
4.62881549e-09
4.502132596e-09
3.765094581e-09
6.544327543e-09
1.620452061e-09
8.957026876e-09
1.361658864e-09
8.510156081e-10
5.222939829e-10
1.453998571e-09
7.836485784e-10
1.132715399e-09
2.935098196e-09
3.69405012e-09
1.111736289e-08
1.041899711e-09
1.033333132e-08
1.517033144e-09
2.676906005e-09
8.539359402e-10
4.3210224e-10
5.738033382e-10
1.348934356e-08
1.451593558e-15
2.932275244e-09
7.762003631e-09
1.743422316e-09
6.717660511e-09
9.804517842e-09
3.200040461e-10
8.656417317e-09
5.268231959e-09
1.401706557e-08
2.062127339e-08
2.172221182e-08
8.668591723e-09
8.820383087e-09
7.082977221e-09
8.118900827e-10
3.82640084e-09
4.043797999e-09
6.969959444e-10
4.640372022e-09
9.199998371e-09
1.347783869e-09
1.502403207e-09
5.321212523e-09
4.243062494e-09
3.509681794e-09
4.727972836e-10
9.704275982e-11
4.83169702e-10
2.997410627e-11
1.751421785e-09
6.069973507e-10
8.630302348e-09
2.114100434e-10
4.304543047e-09
5.404399851e-09
9.9612809e-09
9.07307289e-10
5.687202462e-11
1.317237395e-09
1.145173644e-09
4.821563982e-09
3.578023046e-10
4.305786254e-09
5.081489973e-09
6.252021738e-10
2.285425862e-09
5.376829659e-09
4.23646695e-09
7.067469715e-09
3.749659629e-10
4.952167448e-10
2.747740415e-10
7.427829184e-09
4.502977763e-10
8.656194876e-09
1.46614339e-08
1.413145461e-12
1.392312694e-09
4.39002897e-10
3.482788995e-10
8.538359886e-10
5.449792552e-09
4.01522018e-10
1.008285856e-09
1.052170421e-10
1.101720568e-09
9.177251821e-10
1.799503901e-10
2.660318227e-10
3.513050185e-09
3.982203913e-09
6.891330506e-10
1.60307265e-09
8.893465195e-10
7.117087059e-09
9.438811826e-10
8.979978168e-10
7.184208206e-09
4.951259525e-10
0
5.086699776e-10
3.500240907e-10
5.542157079e-10
1.434705627e-09
7.699637319e-10
5.603694358e-09
7.972548456e-11
3.69969501e-09
5.757232242e-09
5.820392891e-09
5.307380524e-10
1.039365153e-09
6.578927207e-09
5.637501508e-09
1.724294552e-08
4.850125742e-09
5.971881992e-09
7.778140867e-10
1.229089113e-08
7.546399373e-10
1.190610052e-08
1.235039327e-08
5.454725054e-09
1.196938326e-08
7.748110607e-09
3.93076677e-09
4.74542338e-09
5.741085777e-09
5.389452185e-09
7.510703775e-09
5.625258764e-09
1.113609565e-09
4.692255727e-09
6.279518594e-09
2.220410837e-09
9.118464633e-09
4.159051533e-09
1.175904335e-08
4.124659427e-09
9.853076947e-10
8.324330487e-09
4.38657043e-09
1.282373982e-09
1.215792733e-09
1.397300548e-10
2.726401946e-10
8.0300844e-10
6.465982057e-09
7.707533816e-09
1.080838626e-09
1.523999536e-09
1.253070823e-09
7.553592783e-09
1.154112808e-09
2.29561597e-09
1.081403143e-09
1.078317402e-08
1.104121201e-09
1.348589543e-09
4.497241814e-09
1.143633167e-09
8.80301851e-10
1.784038358e-09
1.526217158e-09
6.64345809e-09
9.175171776e-10
9.19319522e-10
1.135415719e-09
1.978305179e-09
4.773136443e-09
2.095610416e-09
7.629943701e-09
5.051610415e-09
7.803492762e-09
4.904816167e-09
2.613300625e-09
6.002717839e-09
6.790679138e-10
8.056736372e-09
4.235821515e-09
6.206067707e-11
3.860718674e-09
8.045806794e-10
3.873875665e-09
1.229108798e-09
4.136294819e-09
4.997154749e-09
9.418585795e-09
5.173785166e-09
1.532952928e-09
2.708676135e-09
1.508045114e-09
3.719556113e-10
7.35206256e-10
6.070675088e-10
1.75949996e-09
7.659100963e-10
5.418817781e-09
2.402048025e-09
1.541715917e-09
6.056871927e-09
1.012879461e-10
6.829070774e-10
7.899779765e-10
2.17229624e-09
6.003638142e-10
5.579672814e-10
1.576638508e-09
1.909476932e-09
1.833887789e-10
5.696970112e-10
4.015487092e-09
5.540127012e-09
4.622781571e-09
6.643268009e-10
6.033037117e-09
1.131561894e-09
9.150308655e-10
7.617834745e-09
7.489798405e-09
2.945381821e-09
3.681715958e-10
1.335659947e-09
5.491918833e-09
1.091274578e-09
1.592755536e-09
1.408448916e-09
4.161411713e-10
1.223003748e-09
1.642148691e-09
9.360618373e-10
1.302666391e-09
1.497408787e-09
6.06781192e-09
1.721003525e-09
1.11450344e-09
6.298972697e-10
5.563557529e-10
8.646701425e-09
1.402643744e-09
1.389424066e-09
2.189216387e-09
8.526057099e-09
2.02397912e-09
4.71043068e-10
3.137236614e-09
1.836277001e-09
9.798293484e-10
7.769474232e-10
8.280721774e-10
4.947755293e-09
4.868297894e-09
5.734251887e-09
1.185386006e-09
5.671190087e-10
