#################################### 
# Matrix Size= (25,25,400)
# Resol      = (1,1,4000)
# VoxelSize  = (25,25,0.1)
# nbVal      = 4000
#################################### 
1.407754706e-13
1.504738728e-13
1.464296127e-13
1.579451001e-13
1.525422676e-13
1.65168646e-13
1.671688191e-13
1.605921485e-13
1.622412101e-13
1.617422478e-13
1.443159451e-13
1.554920881e-13
1.517481228e-13
1.606060779e-13
1.5980068e-13
1.567528893e-13
1.57056306e-13
1.712065359e-13
1.580070121e-13
1.67562377e-13
1.644355402e-13
1.596272584e-13
1.566402997e-13
1.578600201e-13
1.605042604e-13
1.724418307e-13
1.571032053e-13
1.667913436e-13
1.64222458e-13
1.685429535e-13
1.595825733e-13
1.727676329e-13
1.619634038e-13
1.643525322e-13
1.683801289e-13
1.557211517e-13
1.806225357e-13
1.73892226e-13
1.746742925e-13
1.650498259e-13
1.592308627e-13
1.704031759e-13
1.628763596e-13
1.633025985e-13
1.599344775e-13
1.660722641e-13
1.834519263e-13
1.659606954e-13
1.793994876e-13
1.767655014e-13
1.699702635e-13
1.610970612e-13
1.772754895e-13
1.78127467e-13
1.832367489e-13
1.890301032e-13
1.797438537e-13
1.858381528e-13
1.868677421e-13
1.767489992e-13
1.708963149e-13
1.691020312e-13
1.848051505e-13
1.778465413e-13
1.813105099e-13
1.938494074e-13
1.875679854e-13
1.836995177e-13
1.820749301e-13
1.82360646e-13
1.822365385e-13
2.032138266e-13
1.883881064e-13
1.786912327e-13
1.801233313e-13
1.809292472e-13
1.839702368e-13
1.85388656e-13
1.767723207e-13
1.994288825e-13
1.790666541e-13
1.889384188e-13
1.899577969e-13
1.794681371e-13
1.825698216e-13
1.812605649e-13
1.78738845e-13
1.769367476e-13
1.944626176e-13
1.808414404e-13
1.784192442e-13
1.918001836e-13
1.838096906e-13
1.78823737e-13
1.77492804e-13
1.822778735e-13
1.930453101e-13
1.862578525e-13
1.82522248e-13
1.771013677e-13
1.847607311e-13
1.860131073e-13
1.810410039e-13
1.824941124e-13
1.930107761e-13
1.945540307e-13
2.108615357e-13
1.878241783e-13
2.050259728e-13
1.90793081e-13
1.801473276e-13
1.966099483e-13
2.017014336e-13
1.845644967e-13
1.873314527e-13
1.916763542e-13
1.90019338e-13
1.875135203e-13
1.845839475e-13
1.884526283e-13
1.948417599e-13
1.866699509e-13
1.863691827e-13
1.993433406e-13
1.805719519e-13
1.818482996e-13
1.903933402e-13
1.850463051e-13
1.971990944e-13
1.98363772e-13
1.93584117e-13
1.98900217e-13
1.924861649e-13
1.962739161e-13
1.977915574e-13
1.930888913e-13
1.964509403e-13
1.884452445e-13
1.900182293e-13
1.856698437e-13
1.815338698e-13
1.949572974e-13
2.045409875e-13
1.871881297e-13
1.952475453e-13
2.088549987e-13
1.959050572e-13
2.020569186e-13
2.011062308e-13
1.889893392e-13
1.957619168e-13
1.999986454e-13
2.03264966e-13
1.937939732e-13
1.979862802e-13
1.963752881e-13
1.878302669e-13
2.028833703e-13
2.15349836e-13
1.964340603e-13
2.003555954e-13
1.967504474e-13
1.951063606e-13
1.981433259e-13
1.923845851e-13
1.987861692e-13
2.002578683e-13
2.000988842e-13
2.007312591e-13
2.128087431e-13
2.06939887e-13
1.944033473e-13
2.006516657e-13
2.072739471e-13
2.065034213e-13
2.048969133e-13
2.028640971e-13
2.013874073e-13
1.97887382e-13
1.904531402e-13
2.027697189e-13
2.09789301e-13
2.12398122e-13
2.056339981e-13
2.030381503e-13
2.022100096e-13
2.000693991e-13
2.208144325e-13
2.02725686e-13
2.022382686e-13
2.100299067e-13
2.042903877e-13
2.059240788e-13
2.080566073e-13
1.965377574e-13
2.173101042e-13
2.005947474e-13
2.054874137e-13
2.07110962e-13
2.08462197e-13
2.057514556e-13
2.083839774e-13
2.125054424e-13
2.097863878e-13
2.276397796e-13
2.18112532e-13
2.118315148e-13
2.141934187e-13
2.1478489e-13
2.085480159e-13
2.083264873e-13
2.155623964e-13
2.18604758e-13
2.190566572e-13
2.183001765e-13
2.107398892e-13
2.180047577e-13
2.217498496e-13
2.141077765e-13
2.133368909e-13
2.176563964e-13
2.183965552e-13
2.203280028e-13
2.184920325e-13
2.186381867e-13
2.28365435e-13
2.244450633e-13
2.395599421e-13
2.281967137e-13
2.177575232e-13
2.129023667e-13
2.192037003e-13
2.193500104e-13
2.339582448e-13
2.250735098e-13
2.212889892e-13
2.149119999e-13
2.157799212e-13
2.196242824e-13
2.194947571e-13
2.199019288e-13
2.343931796e-13
2.142258951e-13
2.264413155e-13
2.337100219e-13
2.255590195e-13
2.262203044e-13
2.26677733e-13
2.293491346e-13
2.320191882e-13
2.283585942e-13
2.282123923e-13
2.265534447e-13
2.402717554e-13
2.250991786e-13
2.293610904e-13
2.380150458e-13
2.403040425e-13
2.284681693e-13
2.302845251e-13
2.2804324e-13
2.287243864e-13
2.181418971e-13
2.266884171e-13
2.187055225e-13
2.243145316e-13
2.261237595e-13
2.290815628e-13
2.555309151e-13
2.280391047e-13
2.333630492e-13
2.396059416e-13
2.238530446e-13
2.332143211e-13
2.355470851e-13
2.322007102e-13
2.467360346e-13
2.336328766e-13
2.456920074e-13
2.336876971e-13
2.38407587e-13
2.369669243e-13
2.401531801e-13
2.318781186e-13
2.447107944e-13
2.455659296e-13
2.413447252e-13
2.331504083e-13
2.299710649e-13
2.357783958e-13
2.380947889e-13
2.4102856e-13
2.350766859e-13
2.4758438e-13
2.389365878e-13
2.361445786e-13
2.455426425e-13
2.387584292e-13
2.534922567e-13
2.492988089e-13
2.457301257e-13
2.411623082e-13
2.373186389e-13
2.472765066e-13
2.487355708e-13
2.352095114e-13
2.500126604e-13
2.525134206e-13
2.619824783e-13
2.484635978e-13
2.472895925e-13
2.547803209e-13
2.505773652e-13
2.537882811e-13
2.562223214e-13
2.579642906e-13
2.468191222e-13
2.513225172e-13
2.433740254e-13
2.487483048e-13
2.485569016e-13
2.693986377e-13
2.5524854e-13
2.530918544e-13
2.577822265e-13
2.608080977e-13
2.556364759e-13
2.480521209e-13
2.49032374e-13
2.487206075e-13
2.549624991e-13
2.503158043e-13
2.522680357e-13
2.552655308e-13
2.506530453e-13
2.631549453e-13
2.577490271e-13
2.572736668e-13
2.672817551e-13
2.556473585e-13
2.688252794e-13
2.529900414e-13
2.565463983e-13
2.552884487e-13
2.574899938e-13
2.593945989e-13
2.736053778e-13
2.545955861e-13
2.84708151e-13
2.651272491e-13
2.605510281e-13
2.729284659e-13
2.609507252e-13
2.589609654e-13
2.651800099e-13
2.645983698e-13
2.675551588e-13
2.69293685e-13
2.669446388e-13
2.635056995e-13
2.702767539e-13
2.711279977e-13
2.737651349e-13
2.620591994e-13
2.717805021e-13
2.743568862e-13
2.693158549e-13
2.742761099e-13
2.680721911e-13
2.755800497e-13
2.717329471e-13
2.939241629e-13
2.860706496e-13
2.706836001e-13
2.72220282e-13
2.830105576e-13
2.728449231e-13
2.790926009e-13
2.658717057e-13
2.828891041e-13
2.763528749e-13
2.759935476e-13
2.706650593e-13
2.799307522e-13
2.891681624e-13
2.840770868e-13
2.867361144e-13
2.837556466e-13
2.856924377e-13
2.817978611e-13
2.720863108e-13
2.843827787e-13
2.826291955e-13
2.834955029e-13
2.808216558e-13
2.831368455e-13
2.806208097e-13
2.855740325e-13
2.897232675e-13
2.868159873e-13
2.82748662e-13
2.861646523e-13
2.900200586e-13
2.96682449e-13
2.89570413e-13
2.974919714e-13
2.887445587e-13
2.887400007e-13
2.855426386e-13
2.937854964e-13
3.0208612e-13
2.900203336e-13
2.939320773e-13
2.941187792e-13
3.117555361e-13
3.005267216e-13
2.975389337e-13
3.007804368e-13
2.894203895e-13
2.917804496e-13
2.948015347e-13
2.972586213e-13
3.184791959e-13
3.001359033e-13
2.974163918e-13
2.986350025e-13
3.042480343e-13
2.96962454e-13
3.134096727e-13
3.179503607e-13
2.981580665e-13
3.10019116e-13
3.116332441e-13
3.178136913e-13
3.084664232e-13
3.082025795e-13
3.088124328e-13
3.10129824e-13
3.165405472e-13
3.117757358e-13
3.228043868e-13
3.227538676e-13
3.262082656e-13
3.169507289e-13
3.22391973e-13
3.190520184e-13
3.212139091e-13
3.312848418e-13
3.232183476e-13
3.303461613e-13
3.200953359e-13
3.219515002e-13
3.13745107e-13
3.185010186e-13
3.218960834e-13
3.289621652e-13
3.276878476e-13
3.24381872e-13
3.229472473e-13
3.27986951e-13
3.280639386e-13
3.241982038e-13
3.328294883e-13
3.315670501e-13
3.278651858e-13
3.332433547e-13
3.298644146e-13
3.396748101e-13
3.4218271e-13
3.414631433e-13
3.417500525e-13
3.386433981e-13
3.526356902e-13
3.446525414e-13
3.516873374e-13
3.396396594e-13
3.471780147e-13
3.454588245e-13
3.371508977e-13
3.577661073e-13
3.626043213e-13
3.621728378e-13
3.455674829e-13
3.646531137e-13
3.611520855e-13
3.479109769e-13
3.595140303e-13
3.48452446e-13
3.655140902e-13
3.632342403e-13
3.611989951e-13
3.570128484e-13
3.668029609e-13
3.66937781e-13
3.611802135e-13
3.662455677e-13
3.610090961e-13
3.644649579e-13
3.705700423e-13
3.756534648e-13
3.758281418e-13
3.646007927e-13
3.803158864e-13
3.711053077e-13
3.759154989e-13
3.728342503e-13
3.640367443e-13
3.725614492e-13
3.791935409e-13
3.862544074e-13
3.921290238e-13
3.894116184e-13
3.764150691e-13
3.994438646e-13
3.90534755e-13
3.846301504e-13
3.829448757e-13
3.947641786e-13
3.926996042e-13
3.95832825e-13
3.884412102e-13
4.01316518e-13
3.915976352e-13
3.918818788e-13
3.954783297e-13
3.957725719e-13
3.97329364e-13
3.952454432e-13
4.006296018e-13
3.958380987e-13
3.919214309e-13
4.164312509e-13
4.107855083e-13
3.99511509e-13
4.054951611e-13
4.16082684e-13
4.074869506e-13
4.066169236e-13
4.123969923e-13
4.083196973e-13
4.195613393e-13
4.247713687e-13
4.237006049e-13
4.412219415e-13
4.173299972e-13
4.315863555e-13
4.385828969e-13
4.284595766e-13
4.354920859e-13
4.325217565e-13
4.335555353e-13
4.380993781e-13
4.252107629e-13
4.343620252e-13
4.362593339e-13
4.405303642e-13
4.427472066e-13
4.531366954e-13
4.597367455e-13
4.451586854e-13
4.500489315e-13
4.564318363e-13
4.513992485e-13
4.615681465e-13
4.481355715e-13
4.723736295e-13
4.694179194e-13
4.678781573e-13
4.616858819e-13
4.674474917e-13
4.62216399e-13
4.789350248e-13
4.772378544e-13
4.765000304e-13
4.879946861e-13
4.815448249e-13
4.85070086e-13
4.888525762e-13
4.999436348e-13
4.851588048e-13
4.963047623e-13
4.912622916e-13
4.930590208e-13
5.100051021e-13
5.064868508e-13
5.031291125e-13
5.108861242e-13
5.174121518e-13
5.213447687e-13
5.094330687e-13
5.258228099e-13
5.192129814e-13
5.262574885e-13
5.313150679e-13
5.231742283e-13
5.207031616e-13
5.299835256e-13
5.333164555e-13
5.519149534e-13
5.50443881e-13
5.548126258e-13
5.581449271e-13
5.467104079e-13
5.591441878e-13
5.462255861e-13
5.602517342e-13
5.659799832e-13
5.648499593e-13
5.623552973e-13
5.754898427e-13
5.808215673e-13
5.807977431e-13
5.86035866e-13
5.855870844e-13
5.933912175e-13
5.930669229e-13
5.951334294e-13
5.98705073e-13
5.980210785e-13
6.038274925e-13
6.071060782e-13
6.302815945e-13
6.096235226e-13
6.134975323e-13
6.251237951e-13
6.401057843e-13
6.28640357e-13
6.315957636e-13
6.408515208e-13
6.411016634e-13
6.484091819e-13
6.603718791e-13
6.547584465e-13
6.5631917e-13
6.502667944e-13
6.532530479e-13
6.643273225e-13
6.668929415e-13
6.738395769e-13
6.920567413e-13
6.872309202e-13
6.991596444e-13
6.966099353e-13
7.103614555e-13
6.987128037e-13
7.155780972e-13
7.079604672e-13
7.101859883e-13
7.106736111e-13
7.175191685e-13
7.322575402e-13
7.439008593e-13
7.435113383e-13
7.370616638e-13
7.491753688e-13
7.551108298e-13
7.547584791e-13
7.70386083e-13
7.653612429e-13
7.768606008e-13
7.87829528e-13
7.844406757e-13
7.893608801e-13
7.882105875e-13
8.1333037e-13
7.993460116e-13
8.118977266e-13
8.278572476e-13
8.33494424e-13
8.242713247e-13
8.303624992e-13
8.415033217e-13
8.548073467e-13
8.502625383e-13
8.67387847e-13
8.579339175e-13
8.774574595e-13
8.860901422e-13
9.073803086e-13
9.003487847e-13
9.171562344e-13
9.116760018e-13
9.347348044e-13
9.353896211e-13
9.448593187e-13
9.533459471e-13
9.65294238e-13
9.700462397e-13
9.872597134e-13
9.921247229e-13
1.013222714e-12
1.007739885e-12
1.014929519e-12
1.030758782e-12
1.039177833e-12
1.05390081e-12
1.071909656e-12
1.078855575e-12
1.085955657e-12
1.108182051e-12
1.115227088e-12
1.120185897e-12
1.136962654e-12
1.141614787e-12
1.176939392e-12
1.182750768e-12
1.185907783e-12
1.205662975e-12
1.21889259e-12
1.238803539e-12
1.246402577e-12
1.273865619e-12
1.273841025e-12
1.299268517e-12
1.306204784e-12
1.322929166e-12
1.34921732e-12
1.358146513e-12
1.3798916e-12
1.39234209e-12
1.406154419e-12
1.44492255e-12
1.440110855e-12
1.446288747e-12
1.485684348e-12
1.486241557e-12
1.516517034e-12
1.519806028e-12
1.537720973e-12
1.560112048e-12
1.564049736e-12
1.58121158e-12
1.612393558e-12
1.614635473e-12
1.623277064e-12
1.617590806e-12
1.644873774e-12
1.667399659e-12
1.683286851e-12
1.697492366e-12
1.695215691e-12
1.71895123e-12
1.728505022e-12
1.741184899e-12
1.748396504e-12
1.749483084e-12
1.761851407e-12
1.783154707e-12
1.791005422e-12
1.797241516e-12
1.787651608e-12
1.833983956e-12
1.820136668e-12
1.814204002e-12
1.827272087e-12
1.832278585e-12
1.827033731e-12
1.827923611e-12
1.835975518e-12
1.841361458e-12
1.838622565e-12
1.831088089e-12
1.821628031e-12
1.817892096e-12
1.796646481e-12
1.777013035e-12
1.768249848e-12
1.725740626e-12
1.715035555e-12
1.672949446e-12
1.643923913e-12
1.610626465e-12
1.558983877e-12
1.525645463e-12
1.482507733e-12
1.428868141e-12
1.367731164e-12
1.318160944e-12
1.262004833e-12
1.197071721e-12
1.136157102e-12
1.069392128e-12
1.01801976e-12
9.547327857e-13
8.833695404e-13
8.259576306e-13
7.71420086e-13
7.092725617e-13
6.515310355e-13
5.952080806e-13
5.403278399e-13
4.988438041e-13
4.435962365e-13
4.042082565e-13
3.555900556e-13
3.206015623e-13
2.825528203e-13
2.541404363e-13
2.17812255e-13
1.952342673e-13
1.693765674e-13
1.463679874e-13
1.280809822e-13
1.067721406e-13
8.760290081e-14
7.863240162e-14
6.505235009e-14
5.583731122e-14
4.990511769e-14
4.007547051e-14
3.180716549e-14
2.667221477e-14
2.260711702e-14
1.846074055e-14
1.506187071e-14
1.183608987e-14
9.836562392e-15
8.414235851e-15
6.250373819e-15
6.358809107e-15
4.563479047e-15
3.883415199e-15
2.8582582e-15
3.256154791e-15
5.454523132e-15
2.670900884e-15
1.673550109e-15
1.19428458e-15
2.36219715e-15
1.17001371e-15
6.96147935e-16
8.312261886e-16
1.243646703e-15
7.620366148e-16
4.844699783e-16
5.635025603e-16
4.062403404e-16
5.315529922e-16
7.353949409e-16
1.280983581e-15
5.432709458e-16
1.088865747e-15
1.632784592e-15
5.901744681e-16
9.004696562e-16
6.466102082e-16
4.633044911e-16
2.280384926e-16
7.949120712e-16
4.434369132e-16
3.716108798e-16
9.93792355e-16
5.807217187e-16
8.741770129e-16
5.882236098e-16
4.148606969e-16
3.986139969e-16
5.628024255e-16
6.285856923e-16
8.82468815e-16
7.501340575e-16
7.774605878e-16
4.032607801e-16
4.043855931e-16
5.058222219e-15
8.661624603e-16
4.31683336e-16
2.111942069e-16
3.312823961e-16
6.301380108e-16
1.975429097e-15
5.342862685e-16
5.514015866e-16
5.481504436e-16
1.455751201e-15
1.401151229e-15
5.963027801e-16
5.016561648e-16
3.784023317e-16
7.046110756e-16
1.0563118e-15
4.262827875e-16
3.893048373e-16
4.977982468e-16
9.182936425e-16
7.927647507e-16
1.011061893e-15
5.482922978e-16
1.125208968e-15
4.516799718e-16
5.260964527e-16
4.065103685e-16
3.119207229e-16
1.027003075e-15
3.81447982e-16
5.905206049e-16
4.373790349e-16
4.373372146e-16
9.19799757e-16
4.069303358e-16
4.697195637e-16
6.949911663e-16
5.416577848e-16
4.07718088e-16
5.400183672e-16
2.23667776e-15
7.428506799e-16
6.765387233e-16
1.052046708e-15
4.657191728e-16
5.385448614e-16
8.537047875e-16
3.948483667e-16
5.736120916e-16
4.773547715e-16
5.607673729e-16
7.892250439e-16
4.143680886e-16
9.755702273e-16
5.040487881e-16
7.272102043e-16
4.640603672e-16
3.931216914e-16
2.85790351e-16
5.317665533e-16
3.190811204e-16
5.339947866e-16
3.63126394e-16
4.062394125e-16
6.742627166e-16
7.355833805e-16
1.083704106e-15
4.409042347e-16
2.9743268e-16
5.277680569e-16
4.969946713e-16
4.995319857e-16
3.939525657e-16
1.31093589e-15
4.710215248e-16
1.570082056e-15
2.137126351e-16
9.297608639e-16
4.889876908e-16
1.074337148e-15
1.919911047e-16
3.144538491e-16
2.657416805e-16
6.467412466e-16
4.521315884e-16
5.149401195e-16
2.393050299e-16
2.776102864e-16
3.294753849e-16
1.168975821e-15
2.938149658e-16
1.847330127e-16
5.464724938e-16
4.40966211e-16
3.414206162e-16
4.319668435e-16
5.88285303e-16
4.929730603e-16
6.345902245e-16
2.285252624e-16
4.158198569e-16
2.814313615e-16
3.564257674e-16
7.508201252e-16
7.1587994e-16
4.141869063e-16
6.323494436e-16
4.923483298e-16
6.541772406e-16
4.203593035e-16
2.996956889e-16
6.152663731e-16
3.455860172e-16
4.65632978e-16
4.647253026e-16
8.817892834e-16
1.045011634e-15
5.104442521e-16
5.563513267e-16
2.444410438e-15
7.384180768e-16
7.338148299e-16
7.599085778e-16
7.508420996e-16
4.807719665e-16
6.376033861e-16
3.334247926e-16
3.590386319e-16
1.272221086e-15
6.632363308e-16
3.044779655e-16
5.672883366e-16
3.047519504e-15
5.014381881e-16
1.179952364e-15
8.6353388e-16
5.720415708e-16
6.731260532e-16
2.2851999e-16
3.396120191e-16
5.069338829e-16
5.962148098e-16
5.464274165e-16
5.316240296e-16
4.314256575e-16
3.467395378e-16
3.157412467e-16
1.800840468e-16
4.701205476e-16
1.683829875e-16
1.952482077e-16
1.608175096e-16
1.038881564e-15
5.656376749e-16
4.516671705e-16
3.383578658e-15
5.221086695e-16
6.04094101e-16
7.798063903e-16
4.037352727e-16
4.436820861e-16
8.647816056e-16
2.944999702e-16
3.020525566e-16
6.861750081e-16
1.68445113e-16
2.875649455e-15
8.610772038e-16
4.416870463e-16
4.55466262e-16
1.267303867e-15
3.992507894e-16
5.091936071e-16
5.329850935e-16
3.898924817e-16
4.99817281e-16
4.781882654e-16
8.780370995e-16
3.507172837e-16
7.202994708e-16
3.226887085e-16
1.652598721e-16
4.332479789e-16
3.774152371e-16
4.496243877e-16
5.565010255e-16
5.756338561e-16
5.430445007e-16
9.139590231e-16
3.196604928e-16
2.773314157e-16
9.365600828e-16
3.205300806e-16
4.93970055e-16
7.008442727e-16
2.677889888e-16
1.471546452e-16
3.831888426e-16
3.619679191e-16
3.620785333e-16
4.224417977e-16
4.419917291e-16
3.285268651e-16
4.108554329e-16
2.914862391e-16
1.575087505e-15
1.726296136e-16
4.346051889e-16
3.413413853e-16
1.151773119e-15
4.989778282e-16
3.447959419e-16
5.644408715e-16
2.549616346e-16
1.980157393e-16
1.846383873e-16
4.449388069e-16
6.347280248e-16
2.537026784e-16
5.910601991e-16
4.155607924e-16
5.389494333e-16
3.136771571e-16
1.472482673e-16
4.308139749e-16
3.384785379e-16
5.053319701e-16
1.682729182e-16
4.438362747e-16
2.043706672e-16
8.229304837e-16
2.782763175e-16
2.434827369e-16
4.494940485e-16
1.090267969e-16
8.223975647e-16
2.82089923e-15
2.576430876e-16
2.792163559e-16
5.580792399e-16
7.521423728e-17
4.840035611e-16
4.091025129e-16
6.365465403e-16
1.593804674e-16
1.222911798e-16
2.186763083e-15
4.26632385e-16
2.205219478e-16
5.503466055e-16
5.036808041e-16
2.43079596e-16
3.980884278e-16
2.152597478e-16
1.73186933e-16
1.180648534e-15
9.259037147e-16
2.248739906e-16
3.633121446e-16
1.519826773e-16
3.520745136e-16
2.962777486e-16
4.790841543e-16
4.036656789e-16
3.657953043e-16
2.823103896e-16
3.512834343e-16
1.474337696e-16
3.098422222e-16
4.024417836e-16
8.349060567e-17
4.121574463e-16
1.812171786e-16
3.043970314e-16
1.692315605e-16
4.621584825e-16
9.374498655e-16
2.923638235e-16
2.659020521e-16
4.879376762e-16
3.690198586e-16
9.431036252e-16
2.302476916e-16
5.69268225e-16
4.18812141e-16
4.140914076e-16
4.901150022e-16
3.187460416e-16
6.114887493e-16
9.965737987e-16
4.144442021e-16
2.827183087e-16
4.79784774e-16
4.061278876e-16
3.851564482e-16
3.962953716e-16
3.858023667e-16
3.869412909e-16
6.298644645e-16
3.683221499e-16
5.836301202e-16
3.513842782e-16
3.220617007e-16
2.134327595e-16
2.447991155e-15
5.83439346e-16
3.013631727e-16
7.881538791e-16
7.782186401e-16
4.727796444e-16
1.554628291e-16
1.745655852e-15
2.561638861e-16
3.281972254e-16
4.531771921e-16
3.740815097e-16
5.361200676e-16
4.028227174e-16
3.026599495e-16
4.302905463e-16
3.048194271e-16
7.941053317e-16
1.067848001e-15
4.112093238e-16
1.833648983e-16
2.305223749e-16
1.483037603e-16
3.827250028e-16
4.399437181e-16
1.569227322e-16
4.788892715e-16
4.006748391e-16
8.817106165e-16
4.316683835e-16
6.657614261e-16
3.688127848e-16
2.712186172e-16
5.498304958e-16
4.237068894e-16
1.349204163e-15
9.622684915e-16
1.588728595e-16
4.391770639e-16
3.495403128e-16
2.238797585e-16
2.621935513e-16
6.732893585e-16
9.294184231e-16
2.72703077e-16
5.202252393e-16
1.520741248e-16
1.521549356e-16
2.486582454e-16
4.672259177e-16
1.894741838e-16
3.416807252e-16
3.270365747e-16
2.348134121e-16
2.8720233e-16
1.035038813e-15
2.683563035e-16
5.335308248e-16
8.724049346e-16
5.388224235e-16
3.258904668e-16
2.316898201e-16
2.684354845e-16
2.144774596e-16
5.018881088e-16
1.261516602e-15
5.371803847e-16
2.911923041e-16
1.077080691e-16
3.41046055e-16
6.894250586e-16
4.81335241e-16
6.690549926e-16
9.364693674e-16
2.009198637e-16
1.941065924e-16
1.911232128e-16
3.465061751e-16
2.727780793e-16
1.022650414e-16
3.511517463e-16
2.545293613e-16
4.535049081e-16
2.912452489e-16
3.364146702e-16
4.573996011e-16
5.791453856e-16
4.439295604e-16
1.681391706e-16
1.178725118e-16
1.237122858e-16
1.882836438e-16
1.456535975e-16
1.770541111e-16
3.838802414e-16
2.123484827e-16
3.62860083e-16
1.008979506e-16
1.417554321e-16
2.078005124e-16
1.76199748e-16
1.066296423e-16
2.004776318e-16
6.815407495e-16
9.024764737e-16
2.390285321e-16
4.015296039e-16
7.417036381e-16
1.992113143e-16
2.782523712e-16
1.455206812e-16
2.667098177e-16
4.242184081e-16
5.538145242e-16
5.068680968e-16
2.706984313e-16
3.999668227e-16
2.510577063e-16
1.409269048e-16
3.858147035e-16
4.894065996e-16
2.101101844e-16
1.681357242e-16
3.40971861e-16
1.740404099e-16
2.284486496e-16
1.679492911e-15
5.08673517e-16
2.354911941e-16
1.971402784e-15
8.32951143e-16
7.255253941e-16
3.101568431e-16
2.140304176e-16
1.655820273e-16
1.896783595e-16
6.747922437e-16
2.476246762e-16
2.682402743e-16
2.677223757e-16
2.673879482e-16
5.384508381e-16
4.649120033e-16
3.243058518e-16
3.098772531e-16
1.028685151e-16
3.295123533e-16
2.660560636e-16
7.889943581e-16
1.94268145e-17
5.115614865e-16
6.532292217e-16
3.761979474e-16
1.562764447e-16
3.28553729e-16
2.304311804e-16
3.86422767e-16
4.760176904e-16
1.57261932e-16
1.480820118e-15
4.850914457e-16
2.073472633e-15
4.417740053e-16
1.883164052e-16
1.621106322e-16
1.731066293e-16
4.117188919e-16
9.839451776e-16
1.48590824e-16
1.227393661e-16
1.690034478e-16
1.834151339e-16
8.062364028e-16
1.583314757e-16
2.196793164e-16
3.563602617e-16
2.531573847e-16
2.633198275e-16
7.912274506e-17
2.099911539e-16
1.639527915e-16
1.962967349e-16
1.604786633e-16
4.765449737e-16
2.256554331e-16
2.320536002e-16
5.732957804e-16
2.326194305e-16
1.256117811e-16
3.296372021e-16
1.325678461e-16
1.800675251e-15
1.265513306e-16
2.464331474e-16
7.907447253e-16
1.486807569e-16
6.152140377e-16
1.864019387e-16
2.858625984e-16
2.406438898e-16
3.595466866e-16
3.418723986e-16
1.462378073e-16
1.952145558e-16
1.65705915e-16
5.00471405e-16
2.223817176e-16
1.151582311e-16
1.132057883e-16
1.034298968e-16
2.852996295e-16
1.605664623e-16
7.884514757e-17
6.946976819e-17
1.562417499e-16
1.634183868e-16
1.267691985e-16
2.674237399e-16
5.593175799e-16
3.25022595e-16
3.009368558e-16
1.031513814e-16
1.268577503e-16
8.039659055e-17
1.516876623e-16
1.971904792e-16
6.400390571e-16
2.457337123e-16
2.412658512e-16
1.297051038e-16
2.701639386e-15
2.285807329e-16
2.338369316e-16
9.474003136e-17
3.412337962e-16
1.328144825e-16
2.656233225e-16
3.922108548e-16
1.617069291e-16
1.437253544e-16
2.239527953e-16
5.124214445e-17
3.027313744e-16
6.61856743e-16
2.630945777e-16
1.356480328e-16
2.22845617e-16
2.212259306e-16
4.047155951e-16
1.504057318e-16
2.592494497e-16
2.884364724e-16
2.045562781e-16
2.55920722e-16
1.702447865e-16
6.314844203e-16
4.021550985e-16
1.51265032e-16
2.438934657e-16
2.038663291e-16
2.740787606e-16
1.796444173e-16
2.817285714e-16
2.38842527e-16
4.729310872e-16
4.609031908e-16
1.172353548e-16
3.511256721e-16
1.596817285e-16
1.952629939e-16
4.654991338e-16
2.134840894e-16
3.202517185e-16
2.751424255e-16
2.748052191e-16
1.642502237e-16
1.307557533e-16
7.966067786e-17
1.749793678e-16
1.095700798e-16
2.183627935e-16
1.164035624e-16
1.246028728e-16
1.244534511e-16
2.539669991e-16
1.030936015e-16
9.515555624e-17
1.737204218e-16
2.980885041e-16
3.852610309e-16
2.209014359e-16
2.003715915e-16
3.061234944e-16
3.106487499e-16
7.06682708e-17
1.756808622e-16
1.648797273e-16
2.441723448e-16
4.431910121e-16
1.9335653e-16
1.665741042e-16
6.477221662e-17
6.606612145e-17
1.257968462e-16
3.921023962e-16
5.98509023e-17
7.852865312e-17
7.535298265e-17
7.464805297e-17
6.943223463e-17
2.608451281e-16
1.950370996e-16
1.362286135e-16
5.587268897e-17
1.349536309e-16
6.113137724e-17
1.951860871e-16
2.105966626e-16
1.81528282e-16
1.499556174e-16
8.813375366e-17
4.699486438e-17
1.853768602e-16
2.054937393e-16
1.516368904e-16
1.353224478e-16
7.03829627e-16
1.240659917e-16
3.080937492e-16
1.304355162e-16
1.23034508e-16
1.850763543e-16
1.652857049e-16
1.396929628e-16
2.873220471e-16
1.024714012e-16
2.037254502e-16
8.796732112e-17
7.205136039e-16
5.481163904e-16
1.385001348e-16
5.127314816e-17
8.76807426e-17
5.386121018e-17
2.176072411e-16
1.126116824e-16
1.739328341e-16
4.85192809e-16
4.034305447e-17
1.02588471e-16
1.255410471e-16
3.775619754e-16
4.532916823e-16
5.923110284e-17
1.946390049e-16
6.652394083e-17
1.470010507e-16
2.153522212e-16
1.123528584e-16
4.122338981e-16
5.836460864e-17
6.607410276e-17
1.212861741e-16
7.528003038e-17
2.5041708e-17
2.304267207e-16
5.394526927e-17
3.641006932e-16
8.63281977e-17
2.278064435e-16
3.804886715e-16
6.474666463e-16
2.636936837e-16
1.618236365e-16
7.314352071e-17
1.859292577e-16
4.879400786e-16
2.36177764e-16
1.143353351e-16
2.335285833e-16
8.223661651e-16
2.242992239e-16
2.347534432e-16
1.723805601e-16
1.604950126e-16
1.062716673e-16
2.722525679e-15
4.308462881e-16
1.568728983e-16
1.597307249e-16
9.829575537e-16
2.920539766e-16
5.05221069e-16
1.685229422e-16
3.457194879e-16
4.449751864e-16
2.207714049e-16
1.990406886e-16
1.01655031e-16
2.876241678e-16
7.932116731e-16
1.931811904e-16
2.361290941e-16
1.181743427e-16
5.289935255e-16
1.86944497e-16
1.316104517e-16
1.333411965e-16
2.050181247e-16
1.768297272e-16
1.276069872e-16
1.22807145e-16
2.297012952e-16
1.037585211e-16
1.138164589e-16
1.379720323e-16
1.241939253e-16
1.309519295e-16
2.411155501e-16
2.910229373e-16
2.55766637e-16
1.087941535e-16
1.14487513e-16
1.352002516e-17
1.021732428e-16
1.030081868e-16
6.077201108e-17
6.396304824e-16
4.949081813e-16
1.602759057e-16
8.51910583e-17
1.122178122e-16
9.013957889e-17
8.463322841e-16
5.050654756e-16
7.617994739e-17
1.236226268e-16
1.076966263e-16
2.904898172e-15
1.021597712e-15
1.006417285e-16
1.624421934e-16
2.433381249e-16
6.437431444e-17
1.930917513e-16
5.526013496e-17
1.944220884e-16
2.56258077e-16
5.955526807e-17
1.520510201e-16
8.704301091e-18
4.70493667e-16
1.011908649e-16
2.530575529e-16
1.041114038e-16
4.555639438e-16
1.535251394e-16
2.027099171e-16
1.527043301e-16
2.406728237e-16
2.215989127e-16
2.054545289e-16
1.259765612e-16
2.643869329e-16
2.101263626e-16
6.345609407e-16
1.912962013e-16
3.543809813e-16
2.116092581e-16
1.885781467e-16
1.126225913e-16
8.297211648e-17
2.615998146e-16
1.573602191e-16
1.836213236e-16
3.327813875e-16
1.407106921e-17
6.184377978e-17
1.662267414e-16
7.362080178e-17
3.017195242e-16
6.343896836e-17
5.64246936e-17
1.088513314e-16
1.164731471e-16
1.337719195e-16
2.4850937e-16
1.426861736e-16
1.031590699e-16
3.403934731e-16
6.468519765e-16
6.051421754e-16
3.98859019e-17
3.183328944e-16
3.504281152e-17
7.536540642e-17
7.112675194e-17
5.794594722e-17
1.204460973e-16
6.234887724e-17
6.936182639e-17
2.442759672e-17
4.126585646e-16
8.3943389e-16
4.561547665e-16
4.785186479e-17
1.931424388e-16
2.330588864e-16
1.11483072e-16
2.3294314e-16
5.151173062e-17
1.71219175e-16
2.973115884e-16
1.709882392e-16
1.439467319e-16
1.609905695e-16
2.683369385e-16
1.32512171e-16
1.75992493e-16
8.660016588e-17
1.474392125e-16
4.692603028e-17
3.037808939e-16
1.751653724e-16
7.59846716e-17
4.738959199e-15
3.297538959e-16
9.586739673e-17
2.715626523e-16
2.013001705e-16
6.188111827e-17
1.282304573e-16
8.925192734e-17
5.576486964e-17
8.013567023e-17
1.326161377e-16
5.948604127e-17
5.593978264e-16
1.373098252e-16
2.336868403e-16
3.421060321e-16
1.042348908e-16
7.883842929e-17
3.032576669e-16
1.059691848e-16
8.007082077e-17
1.34641272e-16
4.00537182e-17
9.445682648e-17
1.727504318e-16
1.575289971e-17
1.38993628e-16
1.812220723e-16
1.443604373e-16
6.581453318e-17
1.041060357e-16
2.491028954e-16
7.091563963e-17
1.509942686e-16
4.093506894e-17
8.090968721e-17
1.677038362e-16
5.120214068e-17
6.381138898e-17
9.036539479e-17
8.619599126e-17
7.104184531e-17
1.26639161e-16
8.220303924e-17
3.922663557e-17
4.38806543e-18
6.727642199e-17
3.940133809e-18
3.258363124e-17
2.460382467e-18
8.413587444e-17
2.97574767e-17
3.480591495e-16
1.703848019e-16
1.612634657e-16
4.410502322e-17
3.988042749e-16
1.038770722e-16
1.264854716e-16
5.31461685e-17
1.5597008e-17
8.937202066e-17
8.311307148e-17
5.627764658e-17
2.138474596e-17
2.515883305e-17
2.119784318e-16
3.758929256e-16
3.151422369e-16
3.805554125e-18
2.502629994e-15
2.348195032e-16
4.208337109e-17
6.864873241e-17
6.039290128e-17
4.9198035e-17
4.632853457e-17
8.849331586e-17
8.456784755e-17
6.157678653e-17
2.611287699e-16
1.100253622e-16
1.004324311e-16
2.189562913e-16
1.785272561e-16
7.539038719e-17
1.624460507e-16
6.489055964e-17
1.344803039e-16
9.004631872e-17
1.305355987e-16
5.135518613e-16
6.944589256e-17
5.411820472e-17
9.2090994e-17
9.388006239e-17
2.046024995e-17
7.151028318e-18
4.485688852e-17
1.146904779e-17
9.264411891e-17
1.820791139e-16
3.50109482e-16
2.026147218e-16
1.49304806e-16
4.928880012e-17
1.037510095e-16
3.309186978e-17
7.584057468e-17
7.671925789e-17
2.788505389e-17
1.781410353e-17
1.973902485e-17
3.799372179e-17
4.466496698e-17
5.481637071e-17
4.689503894e-17
6.125993134e-17
5.003855408e-17
1.128370129e-16
1.262064953e-16
1.245615238e-16
1.486386638e-16
1.835662956e-16
8.585817932e-17
9.965835872e-17
5.233745744e-17
3.406793262e-16
2.064458123e-16
3.423546703e-16
6.143141935e-17
5.533767618e-17
6.013484262e-17
4.43265199e-17
6.192173235e-17
5.01133851e-17
5.481675057e-17
2.292806873e-16
1.131937237e-15
1.162353555e-16
8.679093154e-17
1.545147091e-16
8.9167511e-17
5.861877487e-17
1.909545539e-17
3.634161533e-17
1.193382912e-16
9.086670133e-17
2.076875914e-16
1.626834546e-16
6.06060811e-17
1.046562186e-16
7.467853988e-17
2.353512024e-16
6.685745074e-17
2.061581222e-16
5.940304746e-17
1.005133032e-16
1.695324482e-16
9.989980682e-17
5.802296823e-17
8.711741625e-17
7.822721081e-17
1.170220667e-16
1.963241725e-15
1.790404235e-16
1.702034148e-16
2.093100904e-16
5.722572388e-17
9.54034813e-17
2.112111763e-16
3.620028104e-16
1.927153552e-16
5.119767179e-17
4.097984152e-16
9.993338813e-17
9.779468605e-17
1.795877531e-16
2.597000765e-16
1.396784437e-16
7.37442687e-16
1.572942405e-16
6.962827101e-17
9.443904506e-17
1.179230878e-16
2.43056159e-16
5.748803456e-17
9.512341878e-17
2.257685352e-17
7.655489629e-17
1.145121078e-16
5.923393279e-16
1.152437861e-16
1.991224584e-17
7.395118248e-17
1.20064305e-16
2.909063681e-16
3.62826641e-18
5.049391131e-17
1.883589283e-16
4.212086734e-17
7.410383975e-17
1.410137333e-17
7.046623036e-17
8.778308803e-17
1.324459288e-16
2.736412975e-17
1.324603077e-16
6.651126526e-17
5.243389808e-17
1.603552971e-16
1.483610038e-16
6.514355675e-17
8.488576088e-16
1.450331143e-16
2.089805947e-16
3.612983634e-17
1.897761865e-16
1.066786981e-16
7.970038717e-17
1.177839967e-17
4.188587087e-17
1.40208518e-17
3.227284063e-16
1.016697096e-16
4.602130276e-17
3.710275087e-17
2.188189417e-17
5.005723143e-17
5.077095823e-17
8.286378907e-17
1.152308019e-16
5.497627302e-16
1.153774606e-16
3.555306318e-17
1.426715679e-16
3.661397772e-17
4.462028273e-17
6.354160276e-17
6.517068069e-17
1.670000798e-16
2.899272623e-16
1.926448927e-16
5.172208645e-17
6.992571384e-17
1.151966772e-16
2.171513769e-16
8.208938347e-16
1.011370313e-16
1.049209049e-16
1.329780021e-16
6.391042734e-17
9.063888025e-17
8.519555937e-17
4.318426443e-17
2.217338235e-16
4.941632273e-17
1.255291573e-16
3.916430357e-17
1.389869989e-16
9.487926038e-17
9.39071281e-17
2.47771157e-17
2.292307834e-16
1.485743522e-16
1.409448001e-16
1.472288119e-16
1.756074736e-16
3.725543352e-16
2.567367079e-16
3.622840945e-16
1.961796781e-17
5.508498737e-18
1.341581091e-16
3.826591086e-17
4.183130558e-17
2.683281776e-18
3.076946278e-16
2.7014565e-17
8.291677382e-17
3.119258908e-16
1.091074412e-16
1.369514459e-16
1.928723628e-16
1.730377585e-16
2.240050214e-16
1.374608303e-16
7.836053313e-17
9.138255487e-17
1.625161537e-17
5.658180369e-17
3.954226139e-18
1.337524648e-16
1.003111946e-16
2.096910823e-17
4.318467234e-17
6.396168247e-17
4.447082503e-17
4.760382473e-17
7.220015696e-17
3.333064006e-17
3.318253594e-18
5.887316352e-17
2.820551095e-17
8.600261513e-17
7.500968161e-17
1.462580737e-16
4.360070891e-17
2.530339658e-17
6.312100634e-17
1.510119345e-16
1.376638723e-16
5.369787776e-17
4.960002392e-17
1.921270389e-16
5.237870735e-17
1.539117242e-17
1.435312326e-16
6.140286597e-17
5.448879733e-17
5.502472561e-17
6.689573937e-17
7.421821887e-17
3.06198717e-18
7.581980064e-17
2.650334138e-17
4.657777882e-17
5.112367212e-17
1.135270832e-16
1.13191645e-16
3.222243699e-17
3.509585856e-17
7.038592717e-17
5.093455659e-16
2.4532177e-17
3.923787512e-17
3.478514839e-16
4.636288383e-17
6.31732362e-17
8.975549881e-17
3.401267146e-17
3.020587184e-17
4.623434379e-17
3.184495607e-16
5.757336738e-17
1.482612671e-17
8.006187228e-17
2.17911738e-16
1.120704384e-16
8.241794683e-17
1.518723336e-17
6.818249905e-17
9.645048511e-17
7.534195487e-17
1.34079229e-16
2.951670087e-17
3.204925348e-17
1.323714586e-17
4.110961484e-17
6.505529549e-17
4.191574218e-17
2.668145438e-16
8.488329348e-18
3.319145635e-17
3.858215236e-17
1.431901734e-16
3.060241587e-17
4.197371792e-17
5.146715933e-17
1.12028586e-16
1.896440633e-17
1.985451788e-16
5.106347036e-17
9.721297494e-17
6.542791539e-16
3.500208839e-17
7.154611821e-17
1.249481106e-16
2.98467569e-16
4.644443827e-17
6.109671055e-17
5.563437886e-17
5.47985012e-16
4.316373763e-17
5.625975308e-17
4.429920717e-17
1.712554997e-18
1.058979246e-17
1.75899646e-18
6.43184448e-17
5.700228907e-18
2.112892135e-17
1.842287921e-17
1.893588704e-18
5.072981912e-17
3.981869027e-17
6.664644214e-17
6.611368537e-18
1.330531225e-18
2.965242434e-18
1.363811988e-17
4.54734195e-18
5.583184026e-17
8.572879496e-17
6.273757397e-18
1.245100566e-17
1.341932099e-17
6.363709059e-17
4.106131018e-17
8.244506766e-19
6.917956973e-17
6.979554988e-17
2.576923672e-17
6.242534949e-17
8.822064711e-17
1.546545848e-17
1.21728058e-18
4.376716472e-17
4.954955139e-19
3.484517098e-17
2.88773738e-17
1.956630888e-17
5.470133303e-18
2.238869826e-17
1.713443804e-17
2.37735953e-17
4.853154465e-17
1.292453434e-17
7.274555734e-17
1.555822519e-16
1.998828873e-16
1.096023112e-16
4.093660769e-18
1.122343708e-18
3.193403919e-17
6.567608443e-17
1.376820525e-17
7.418438441e-17
7.739804936e-17
6.891869107e-17
4.228068096e-17
1.023629295e-16
2.356938806e-16
5.88580585e-17
2.57018785e-17
1.020067376e-16
2.473168646e-17
8.246944231e-17
9.607080502e-17
8.210214246e-17
7.249856849e-17
6.587600825e-17
4.953395138e-17
3.916305339e-17
5.10659245e-17
6.596888103e-17
1.346383222e-17
1.567723056e-16
1.26691025e-16
4.114175583e-17
1.889274897e-17
2.833137838e-17
1.080755082e-16
1.039833356e-16
2.864257948e-17
2.508132287e-17
4.100719619e-17
5.170770962e-17
8.808326522e-17
2.195799282e-17
3.597030913e-17
1.526875066e-17
2.837697798e-17
8.332535912e-17
9.005518887e-17
2.933780167e-17
1.696770419e-17
9.67934124e-17
1.72136697e-16
1.4553097e-16
4.476778004e-17
6.999514962e-17
4.424622572e-17
5.84973956e-16
1.284761403e-17
7.122202969e-17
1.045203957e-18
5.223221039e-17
7.698081849e-17
2.293875973e-16
4.31887559e-17
2.624488183e-16
3.825167033e-17
8.315431008e-17
9.435003133e-17
1.381213497e-17
2.851931667e-17
7.125797413e-17
7.504556384e-17
3.698078889e-17
4.600120181e-17
2.542764895e-17
2.787505578e-17
1.083685641e-16
2.747777903e-17
3.267828982e-18
1.583836517e-18
2.038866546e-16
1.990121103e-17
2.385088561e-17
1.57827627e-16
6.092426269e-17
1.086557279e-16
6.154940613e-17
4.814150906e-17
2.531937717e-17
3.155838144e-17
1.344918554e-17
1.602643471e-18
4.728188528e-17
1.734075955e-18
4.031749543e-17
2.050809927e-18
1.147258525e-18
2.108522489e-17
4.954587157e-17
1.827702022e-17
1.290975818e-16
2.193099108e-17
1.925769619e-17
2.70175416e-17
6.504852638e-17
1.390099265e-17
2.593579099e-17
1.79367242e-18
6.117312221e-17
1.378749591e-17
9.904564736e-17
7.194791314e-17
3.118574802e-17
2.830666694e-17
9.823800885e-17
5.082174792e-17
4.97693377e-17
2.92310417e-16
1.897704242e-16
4.030602806e-17
5.647155668e-17
1.805741495e-16
4.836554845e-17
8.48768001e-16
6.803278649e-17
8.868036742e-17
4.974953576e-17
3.101993411e-17
9.876542076e-17
6.31275841e-17
1.186418795e-18
2.86537838e-17
1.180959206e-16
9.147787875e-17
8.29865232e-17
5.43762964e-16
1.630818433e-17
1.320307465e-16
2.325546412e-16
1.996454157e-16
2.449685729e-17
4.856397505e-17
5.850575805e-17
9.125103716e-17
8.760483755e-17
4.624565517e-17
9.032766571e-19
1.22138415e-17
5.808005876e-18
3.443295264e-17
1.416184008e-16
1.777838801e-17
4.761468897e-18
9.095207275e-19
4.590355552e-17
3.114847044e-17
4.445471763e-17
3.436357101e-17
7.966238263e-17
1.008548359e-16
2.876527916e-17
5.50175439e-17
5.680307026e-17
7.909786621e-17
5.665694763e-17
1.478149427e-16
2.624838546e-16
2.127013687e-16
1.716505539e-17
4.412103215e-17
1.317339057e-16
8.122948669e-17
1.362077014e-16
9.777674501e-17
2.480114977e-16
8.391781292e-17
7.316699308e-17
1.017959287e-16
7.121017006e-17
1.151076496e-16
2.710264929e-16
9.949956664e-17
1.265673131e-16
1.011763505e-16
1.153241481e-15
9.402681739e-17
2.899059965e-17
1.719179301e-16
5.753700159e-17
5.219174085e-17
1.006441669e-16
6.200950971e-17
3.573834426e-17
1.184855466e-16
1.287094978e-17
8.492195288e-17
8.918922247e-17
1.389977434e-17
4.822430012e-17
5.238937441e-17
5.541302653e-17
2.269974872e-16
3.421866057e-17
4.655126491e-17
1.071500303e-18
6.5205784e-17
3.644919916e-17
1.642132921e-17
1.79885104e-16
6.999267051e-17
5.535359514e-17
6.551905983e-17
4.083846939e-17
1.026029493e-16
6.75052558e-17
1.552261208e-16
1.281295282e-16
4.110906961e-17
2.450039437e-17
6.441351728e-17
1.377461438e-16
3.161732852e-17
2.490267806e-16
4.511026371e-17
1.545839583e-16
3.403726212e-17
1.290841493e-17
5.843945687e-17
1.190790324e-16
1.285638902e-16
4.524638492e-17
1.432897087e-16
4.701278729e-17
8.966336742e-17
6.712050398e-18
3.196163312e-17
1.184863346e-18
2.332808768e-17
8.115192079e-17
4.149556499e-17
1.87326164e-17
7.738816909e-17
5.851486814e-17
7.388079793e-16
9.307279855e-17
1.126265096e-17
1.371537378e-16
1.222072802e-18
5.018433297e-17
7.922132454e-17
4.661409784e-17
7.127858354e-17
4.914121955e-17
1.210424235e-17
6.176386187e-17
6.156295664e-17
5.688888841e-17
9.470758435e-17
2.62858108e-16
4.454239663e-17
4.27346705e-17
2.29518909e-16
1.397112587e-16
9.077995437e-17
9.363857204e-17
1.118820482e-16
6.918357054e-17
8.27667389e-17
1.816347557e-16
1.386503419e-16
1.455279013e-16
9.028048968e-17
6.749649251e-17
2.950129849e-16
5.22797275e-18
7.91288511e-17
1.593126565e-16
3.704931751e-17
7.805118701e-17
1.123263367e-16
1.258725296e-17
1.086697762e-16
2.60775834e-17
2.489270642e-18
1.088091979e-18
3.686180948e-17
8.005577401e-17
1.820646659e-17
1.730015389e-17
1.617754066e-17
2.639357975e-17
3.323160089e-16
9.680903729e-17
9.167190447e-17
1.210492162e-17
3.706471689e-17
1.307279811e-17
3.019040652e-17
6.624044676e-17
5.866467455e-17
3.722240951e-16
9.314954637e-17
6.104044401e-17
2.669692758e-17
1.143818589e-16
1.964933763e-18
2.752783768e-17
1.97219531e-17
2.407627702e-17
2.290249137e-17
2.177443943e-17
1.228696139e-17
3.635876566e-17
5.277847681e-17
7.692557984e-19
7.767448623e-17
1.473217745e-17
4.174384969e-16
1.343112851e-18
8.838105439e-19
1.035760689e-16
2.825433332e-18
6.640482723e-17
2.582906001e-17
9.512560662e-17
6.970755942e-17
1.094642362e-16
8.266877693e-17
2.445494082e-16
3.121783728e-16
1.23854912e-17
3.252604044e-17
7.476145669e-17
2.711431267e-17
3.636807797e-19
5.29410446e-18
4.039770441e-18
1.785640443e-18
4.074480558e-17
5.345702609e-17
6.539766228e-17
4.599550349e-18
4.778063223e-17
6.799534887e-17
2.699973722e-16
5.269375055e-19
6.591940344e-17
1.924795785e-16
1.068657952e-16
5.937628353e-17
7.312034863e-16
2.674361676e-17
1.107442471e-18
4.644720119e-19
6.700501258e-17
4.582258349e-19
6.829707158e-17
4.356598175e-19
1.601743501e-17
1.404154868e-17
2.117395488e-17
1.138150709e-17
7.459556901e-17
1.040515435e-16
1.288360726e-17
9.859932099e-19
2.920191767e-17
1.529859929e-17
4.188897544e-17
1.885497938e-17
1.953031693e-17
1.817143871e-17
4.488400303e-17
4.676346751e-17
7.784569152e-17
4.422951682e-17
7.813174894e-17
7.684804934e-19
4.146666428e-17
9.43925838e-19
1.635927232e-16
1.304277703e-18
3.694062086e-17
3.053286131e-17
2.120217105e-18
3.186631397e-19
9.898222868e-18
4.799155472e-18
1.368715947e-16
9.210460347e-17
2.997924401e-18
6.951668258e-18
4.386504404e-17
6.60944453e-17
5.599262602e-16
6.528613715e-17
3.564676896e-17
1.317974637e-17
1.328303994e-17
7.1689521e-17
1.640168383e-17
8.263322734e-19
5.58834554e-17
3.573119506e-17
1.11791087e-17
5.54003205e-17
6.586294218e-19
3.539979336e-17
9.444593987e-17
3.440291517e-17
1.888472898e-17
3.18094731e-17
4.431345705e-17
5.86995159e-18
4.181829841e-17
1.344662168e-17
1.833218501e-17
6.491483623e-17
5.54866789e-17
3.506687477e-17
1.131918231e-18
1.952911586e-17
2.278544282e-17
8.349852144e-18
1.35688068e-16
3.071788168e-17
4.287513779e-17
4.065945015e-17
8.66310924e-17
6.836947412e-17
2.378885377e-16
3.550490039e-17
2.483304472e-17
6.840502176e-17
1.710925601e-16
1.05854259e-18
6.747485831e-19
2.122810481e-18
1.01262176e-17
1.690569638e-18
8.892207477e-19
3.422191818e-17
1.970681194e-18
2.644073607e-17
2.44400461e-17
3.847050554e-18
7.590924817e-17
3.286984982e-18
3.834875399e-17
2.490787365e-17
1.214622025e-18
1.081009166e-18
4.198178195e-17
2.262957911e-17
1.600200424e-17
1.496496421e-17
1.472282674e-16
4.259004383e-17
8.332681775e-17
1.752722695e-16
9.925967798e-17
9.970232045e-19
4.794383191e-17
5.202328404e-17
9.228141881e-17
1.739024667e-17
1.03539977e-16
4.033189183e-17
1.908896366e-16
1.303071189e-18
7.451480903e-17
1.458637972e-16
6.6797077e-18
1.58548895e-17
8.549045851e-17
9.115899298e-17
6.217266507e-17
1.869019275e-16
1.945893135e-17
5.437350999e-17
4.008753802e-18
7.046477962e-17
1.602148323e-17
2.435185835e-17
8.622585195e-17
1.743546751e-16
2.819823312e-17
5.014797187e-17
1.392102051e-16
1.457836545e-16
9.793621087e-19
3.571263169e-17
3.231404115e-16
4.664957555e-17
5.648582312e-17
7.892679565e-17
4.515214878e-17
3.442442788e-17
1.782141302e-17
1.061870404e-16
5.555212555e-17
1.458981668e-17
4.255600667e-17
1.301468817e-17
1.978499253e-17
5.131577719e-17
3.325033275e-17
1.513838355e-18
1.584713991e-18
5.676129597e-18
4.43876232e-17
5.304863647e-18
9.401008504e-19
2.685702838e-18
5.124450208e-17
6.179043911e-17
4.433133209e-17
2.815512723e-17
1.271617314e-17
1.312998234e-17
1.120824478e-16
1.250293456e-17
2.096517102e-17
1.141820688e-17
3.734747871e-16
2.460535059e-17
2.171268833e-17
8.312915002e-19
2.830714008e-17
1.813385521e-18
1.689069412e-17
2.160982959e-18
1.240690219e-18
9.887192119e-19
1.472435887e-17
1.370328383e-17
1.764583093e-17
4.910187186e-17
4.822304189e-18
5.147882084e-17
5.341658211e-17
5.232163467e-17
4.017684289e-17
9.506591675e-19
7.865842444e-19
1.684056269e-16
1.349460309e-17
1.320846421e-16
4.344004747e-17
4.600566098e-17
1.787836745e-16
8.163018257e-17
4.205919013e-17
6.122383445e-19
9.589336215e-19
2.840836325e-18
2.193376686e-19
8.765812914e-19
3.876264576e-18
1.546947702e-16
7.826881417e-17
6.103490113e-18
7.742208424e-18
8.702885316e-17
1.715196343e-17
1.646840909e-17
1.622560186e-16
6.219735678e-17
9.728688708e-17
1.000423917e-18
1.269597732e-17
1.164880987e-18
4.825039199e-18
2.356777196e-18
3.743385581e-18
6.958479698e-19
5.803261053e-19
1.122660021e-16
1.412084552e-17
5.964566505e-17
1.867336022e-17
2.635703883e-16
1.127366911e-17
1.699827659e-17
7.684541915e-17
3.729532109e-18
9.492062663e-19
1.674555001e-17
1.447892255e-17
2.483944736e-18
2.202203032e-18
1.772588888e-17
2.077983199e-17
9.202606847e-17
1.924312213e-17
1.67111243e-17
2.831584501e-17
3.401710846e-17
1.609344775e-17
1.42519397e-17
1.265730664e-17
8.337038553e-17
2.461399616e-17
2.590231357e-17
9.934381124e-19
7.11285893e-19
6.204095414e-17
4.369490938e-19
1.28278739e-16
5.889644679e-17
9.510144418e-19
7.438790614e-18
2.001473965e-17
3.208611054e-18
6.862791508e-19
4.881551908e-17
5.217553875e-19
1.870722907e-18
1.291570203e-17
2.507151352e-17
3.389776135e-17
5.596195167e-17
1.829223266e-16
5.694347068e-17
5.596033282e-17
1.853759481e-18
7.904463873e-17
4.771377816e-17
7.951658718e-17
6.619202335e-17
1.512489789e-16
8.169946516e-17
1.993190709e-16
1.155510094e-18
9.506875959e-19
2.631997622e-17
9.451355139e-16
4.464746277e-17
1.061623085e-18
4.635408366e-18
8.244973406e-19
3.762078968e-17
3.764662029e-17
6.505821338e-19
2.249561211e-17
1.954367966e-17
3.011345593e-19
1.750334146e-18
8.226163926e-17
7.769051825e-19
1.304845515e-17
1.231827373e-18
1.451699034e-17
8.262735712e-18
1.362471698e-17
1.535405466e-18
1.163160753e-17
2.273039965e-17
8.333392444e-17
2.61729856e-17
2.803577676e-17
8.742821718e-18
7.249701999e-19
4.743725797e-19
1.581473688e-17
3.523057436e-18
5.326767861e-19
1.716404621e-18
1.767767567e-16
4.192787342e-16
1.504164316e-17
1.186643657e-17
2.097808137e-17
2.289880032e-17
3.362399049e-17
5.398873392e-17
1.245532828e-17
9.453353302e-19
4.506467924e-17
2.985068244e-19
1.373332797e-18
2.642740947e-19
3.429166428e-17
7.333709111e-19
9.694987903e-19
5.996719327e-19
3.307325968e-17
8.777609298e-19
3.887874423e-19
7.746652359e-18
1.015113732e-18
1.088117245e-17
1.190220255e-17
1.130800084e-17
7.166198711e-17
1.129594479e-17
6.789150295e-17
2.723411158e-19
1.037161298e-16
4.548011184e-17
2.983458941e-19
4.526082112e-19
5.331559481e-18
1.881296698e-18
2.571012757e-19
9.52215271e-19
1.268708632e-18
7.706006757e-18
1.259644545e-17
4.181774289e-17
3.523589946e-16
2.213476379e-17
1.409836487e-17
5.404957651e-19
5.437938298e-18
6.065942243e-17
8.358833545e-18
1.543251579e-17
1.209108861e-17
5.045626303e-17
2.996851782e-17
8.324767323e-19
2.438226646e-17
1.266577414e-18
1.574027144e-16
6.593012938e-18
1.547643432e-17
1.830923288e-18
1.034141998e-17
9.550336068e-19
7.849846855e-19
2.544694467e-17
1.683895893e-18
1.250332872e-18
1.141200303e-17
4.697830276e-19
2.377839349e-17
1.648305768e-19
1.073231516e-18
1.132239238e-17
4.939968068e-19
2.266252255e-17
1.657910168e-18
1.9928365e-18
1.25574914e-17
6.78914125e-19
7.311248319e-19
7.605133559e-19
1.827579756e-17
7.20397792e-19
3.784017186e-17
2.679268223e-17
4.013111582e-17
1.147731492e-18
1.428993218e-17
1.10807707e-17
6.117707594e-17
2.35212215e-17
2.232151253e-18
1.26237983e-15
7.152772995e-16
5.39512671e-16
2.058039115e-17
5.17799277e-19
3.412510991e-18
1.376959655e-17
4.653575766e-17
2.174756708e-17
2.937323429e-17
1.003818489e-15
4.402933317e-18
7.899857443e-19
1.420631298e-17
1.711808434e-19
4.057559512e-19
1.747293438e-19
2.805616904e-19
1.681296132e-17
3.380185406e-17
2.000488327e-17
5.147036349e-18
5.534574683e-18
2.911140705e-17
6.322865596e-19
4.762165247e-19
1.613689716e-19
2.391322188e-18
1.130619652e-17
1.431816263e-17
1.16011942e-17
4.014636464e-17
4.944540556e-19
1.225380493e-18
1.944251264e-16
2.980077849e-19
1.291539437e-17
2.456037359e-17
1.998908129e-16
1.747832857e-17
3.868958269e-19
3.172543382e-17
6.782133673e-18
2.386283284e-17
1.691874825e-17
4.030788696e-16
8.683763736e-17
4.780865151e-17
4.880396596e-17
2.499081002e-16
3.015746811e-17
1.273815372e-17
6.348423549e-17
7.088421924e-17
1.224901376e-17
6.538253374e-17
5.243747045e-17
5.521067988e-19
2.228508769e-18
1.828474453e-18
3.777356094e-17
1.082168794e-18
1.481319518e-17
3.370303683e-17
1.867790388e-17
9.839141399e-19
1.314967379e-18
7.618932675e-19
1.539937279e-18
1.287177687e-18
5.263992149e-17
8.964681148e-19
1.725743506e-19
1.918567023e-17
1.750270753e-17
1.769326638e-17
1.820137421e-17
3.143355029e-19
4.492460946e-19
4.762334935e-17
7.672723338e-17
1.342151307e-16
6.714584821e-17
2.028768787e-17
2.664913454e-16
5.920114399e-17
5.118313933e-17
3.769407557e-17
6.877393752e-17
1.268643314e-17
2.29965346e-17
1.33614976e-16
4.356563876e-19
7.561804925e-17
2.145564231e-18
3.182068164e-17
3.658064427e-19
3.964624488e-17
1.201894293e-17
8.384265695e-17
1.009558947e-18
4.34160926e-17
1.485785557e-18
1.975824951e-18
4.498822607e-17
6.046018836e-19
3.380318526e-17
2.55810746e-18
5.02733022e-17
1.424724565e-18
1.294323081e-17
2.758943078e-17
7.520941039e-19
4.872568179e-19
3.714681612e-17
1.143861495e-17
1.635188415e-16
2.886830533e-17
2.17558018e-17
8.218041369e-17
1.099878446e-18
5.374545316e-19
4.128331535e-17
6.53765565e-19
2.310771179e-19
1.133502778e-19
8.169637972e-19
4.876062775e-17
7.323909031e-18
1.470277754e-16
4.031144241e-16
1.668169354e-16
1.755314582e-16
6.321681042e-17
1.140691343e-16
1.448216971e-17
2.863389965e-16
4.655459751e-17
4.34689642e-18
1.160672269e-17
5.651756662e-17
4.50533096e-17
1.060482943e-17
1.927424577e-17
9.068543485e-19
2.155590801e-18
1.103872958e-18
2.13693365e-17
9.899918572e-16
5.53002474e-17
4.536659411e-19
1.28509812e-17
1.086534107e-18
5.813714191e-17
1.220397441e-17
4.381728185e-17
2.885760858e-17
7.349960803e-17
2.142870952e-18
9.746978662e-18
2.525036274e-17
2.378868773e-17
3.499364986e-17
1.245505345e-18
2.646364299e-15
1.823561237e-17
1.982715109e-17
1.763919468e-17
4.25430988e-17
3.289975889e-17
1.890327036e-17
3.317930468e-17
6.429967913e-17
2.527269266e-17
6.78128292e-17
8.34458243e-19
1.207908329e-17
1.151188317e-17
2.717220608e-17
5.634838807e-17
1.400343454e-17
6.594853499e-17
3.379450221e-17
1.387973792e-17
7.283407625e-17
1.570376232e-17
1.663488854e-17
3.259076857e-17
3.581665603e-17
9.090927214e-17
8.616721253e-19
1.258992333e-17
9.755565663e-19
1.114399974e-17
5.865322995e-17
9.621800353e-19
4.744944836e-19
3.793460023e-17
2.032052082e-16
3.301085192e-19
6.859136128e-19
4.128188223e-19
7.455409149e-19
1.975268918e-19
5.121291315e-19
4.248418402e-17
9.852398012e-19
5.523546379e-19
4.232262798e-17
7.836373375e-18
8.858863247e-19
5.443846644e-19
8.629891245e-19
3.731538568e-17
3.066136791e-19
9.129789388e-19
2.834454984e-19
3.587336543e-18
1.830621514e-18
1.196048959e-18
4.872497134e-17
2.76047757e-17
7.229373454e-17
2.99631964e-17
2.378443857e-17
1.286850044e-17
5.715488039e-17
2.416377701e-18
3.411796926e-17
1.154315002e-17
3.221215273e-17
9.487648698e-17
1.992586348e-18
1.442424789e-16
1.234249388e-17
1.570788919e-17
8.465887986e-19
7.193189536e-17
9.441031939e-17
2.765120855e-16
8.489451769e-16
4.706757799e-17
5.937617794e-17
1.840127692e-19
5.884206523e-17
4.051648734e-19
5.471127626e-19
4.883100973e-19
1.926311915e-18
1.453677685e-17
1.991304842e-17
6.484771986e-17
9.200757065e-17
8.351052352e-17
1.303114454e-18
1.311000897e-17
1.266585826e-17
1.131575955e-17
6.003035213e-17
3.832168294e-17
3.137939527e-19
1.676477084e-17
9.219259581e-19
1.305150496e-17
8.315227673e-17
4.408753276e-17
3.168917114e-17
1.766223231e-19
8.090752029e-17
1.164016612e-17
3.750462129e-17
3.061721059e-19
5.843722493e-19
3.733688883e-17
1.657871896e-17
2.57064166e-19
1.367037445e-17
8.155829082e-19
4.110258094e-19
1.436370443e-17
7.380532064e-17
5.209404172e-17
9.383424167e-17
1.25742019e-17
5.625830422e-17
3.82019738e-17
1.293995455e-16
8.936310805e-19
7.728553838e-17
2.378556293e-17
1.387251736e-16
1.044432121e-17
2.989180229e-16
1.165792843e-16
7.258487024e-19
2.710398529e-17
1.179139483e-17
9.771495741e-17
9.33157577e-17
1.112987405e-17
1.439910328e-17
9.98936463e-18
5.158633122e-17
1.555491225e-16
4.107914147e-19
3.726156705e-19
5.722036046e-19
1.546904029e-18
2.155266477e-17
6.015007382e-19
3.220651579e-19
3.687372473e-19
3.877988886e-17
3.606804205e-17
2.211209183e-16
5.705729624e-16
6.879062849e-17
1.113387763e-17
5.724879894e-17
2.03027622e-16
6.600563589e-17
4.218240653e-19
6.653419412e-19
7.563556177e-19
4.424335522e-19
2.023505524e-18
9.519933325e-19
2.751499972e-19
2.709622071e-18
3.349834469e-18
2.683452135e-17
1.216004661e-17
3.639801293e-17
1.347242412e-16
2.251287841e-17
1.280427161e-19
6.632052746e-19
8.756107212e-19
1.394259693e-18
9.050128466e-19
2.92500128e-16
1.890581819e-17
5.278180917e-17
7.376119855e-18
4.059444727e-19
3.389905151e-19
3.500764062e-19
6.533117607e-19
7.023633849e-19
4.4748139e-17
4.199114462e-19
1.244541675e-18
2.135562742e-17
2.287207768e-18
1.348438318e-18
3.162835472e-19
2.901174631e-19
6.763370068e-18
2.976328086e-19
6.611534024e-19
1.063478775e-18
1.089585832e-18
1.23263766e-17
4.380577969e-17
6.997976965e-17
7.952480423e-19
1.215632246e-18
1.462734717e-18
3.947520506e-19
2.08962792e-18
7.785915214e-19
6.034626728e-19
4.509062394e-18
2.909521488e-17
1.126413137e-17
1.635794475e-16
4.210865755e-16
1.658945752e-17
4.455905904e-19
4.603993388e-17
2.89634725e-17
2.756989058e-17
4.332725959e-17
1.193043042e-17
1.667595321e-17
1.715270089e-18
3.846893527e-19
3.172395942e-17
2.162983121e-19
1.252007727e-18
4.137473148e-18
1.082929912e-18
6.077949917e-19
2.608927301e-19
5.063346344e-19
6.331158651e-19
7.907322549e-19
4.797639738e-19
3.498572022e-17
2.990043834e-18
1.184221988e-18
1.224258416e-18
5.442594444e-17
1.661394994e-18
1.325990251e-18
1.593056886e-17
7.247415386e-19
1.165314562e-18
1.932860372e-19
3.794092458e-17
4.117789392e-17
1.289331575e-17
1.161672698e-17
2.768201863e-17
5.163167167e-17
1.537581361e-17
2.033453909e-17
1.330810931e-17
2.920100017e-17
1.44597888e-18
2.556526374e-17
1.859304099e-17
8.88240996e-18
2.331995715e-17
1.43796126e-18
4.46719374e-19
2.26558481e-17
2.020334935e-18
1.262052156e-18
3.226156657e-17
1.53350211e-16
3.581572395e-17
1.764426675e-19
1.483017447e-17
4.91914172e-19
4.325683501e-17
1.225534728e-17
3.467878016e-17
1.163445666e-17
1.33360875e-17
2.382832508e-17
1.712490659e-17
4.131022709e-17
1.632631422e-17
2.0765369e-17
1.200024485e-18
4.718017724e-19
2.042565294e-17
1.238122668e-17
4.263867714e-17
1.572637215e-17
2.762105948e-17
5.135911832e-19
5.575773016e-19
2.526484129e-17
1.429379931e-17
7.2056917e-19
1.465839553e-17
3.277812715e-17
1.406533673e-17
3.412220994e-17
1.069701018e-18
4.840929952e-19
9.019696399e-19
1.397154662e-18
1.377024182e-17
1.605219778e-16
6.711487119e-16
3.736280454e-17
2.822408935e-17
3.835945003e-17
3.389127403e-17
2.357378544e-17
1.093365656e-18
5.084644584e-17
2.334421876e-19
7.83582936e-18
1.020807881e-18
1.322019043e-17
2.07825092e-19
3.009145377e-17
4.70889234e-19
1.708092728e-17
1.015279621e-17
1.513316148e-17
8.874526548e-20
6.898441993e-17
1.516533599e-18
3.251293221e-19
6.240875836e-18
3.852584812e-18
9.224837204e-19
4.338051507e-19
6.908765142e-19
3.256208775e-19
5.365762065e-17
7.361538784e-17
2.307612776e-17
4.246081498e-17
1.574826444e-18
3.627114943e-18
2.226991428e-18
1.370837262e-18
3.742539722e-17
4.626579147e-19
1.897937543e-17
5.337500703e-17
1.886981502e-19
1.482554223e-17
4.554775348e-19
2.86633727e-17
4.503254255e-17
1.865415483e-17
3.911883062e-17
3.219259814e-17
1.43063308e-17
3.904389528e-16
1.259002284e-16
8.352480013e-17
1.153535303e-17
8.428803503e-17
1.74586988e-19
1.606959427e-17
4.985406351e-17
2.281185704e-19
1.329232062e-17
1.045499152e-16
1.332583001e-17
3.235096973e-19
1.068897756e-20
6.377348724e-21
4.813278757e-19
3.048707431e-19
3.642874622e-19
1.147853467e-19
4.07125598e-17
8.87962063e-17
4.348390335e-16
1.417038849e-17
6.107859895e-17
1.173669154e-17
7.554411621e-17
1.583931518e-17
2.46268186e-19
2.839070875e-19
2.800469727e-19
3.093614937e-17
1.095248533e-19
1.983893316e-19
1.686337274e-18
1.384618409e-17
7.290287608e-17
4.117962e-19
2.999780189e-18
4.380120156e-19
2.099944525e-17
1.281140003e-19
9.557909252e-20
1.990443604e-19
2.824009887e-17
1.697403253e-17
2.191977492e-17
4.178396735e-19
1.315820916e-17
3.595657138e-17
1.641637513e-18
2.295307061e-19
3.13267078e-17
1.228413151e-17
9.526876426e-17
2.119559578e-18
2.848661189e-17
4.086112135e-17
3.066272825e-17
1.677701889e-17
1.132808617e-16
1.25255111e-16
1.201748421e-17
2.246660633e-17
1.298084245e-17
3.015220847e-19
9.473161826e-19
1.131847756e-19
2.780774556e-19
8.813374027e-19
7.293210501e-19
3.632351211e-22
4.053266152e-23
0
1.361849849e-19
1.495311455e-19
2.905609205e-19
3.561198416e-19
1.229009395e-20
6.898637583e-24
3.685862056e-18
5.236114081e-20
1.192932412e-19
3.972067063e-21
1.502072721e-19
5.325409361e-17
9.254027591e-20
0
1.374839303e-16
5.971550638e-17
3.207541886e-16
2.961322278e-17
4.404313432e-17
1.225235926e-17
5.667534642e-17
1.072675188e-17
4.988941214e-17
5.586051386e-18
1.954550082e-20
2.825264089e-19
3.58541896e-19
1.976495398e-22
2.330948625e-19
5.645388657e-20
6.37317852e-20
3.614852245e-17
2.011070958e-19
5.159296916e-19
1.101019024e-17
3.788218821e-17
6.579816754e-17
3.919790322e-20
1.216555875e-19
3.316838854e-20
2.012884962e-18
1.982673355e-17
1.691482464e-17
2.69209471e-19
1.591828166e-17
3.004725373e-17
1.316253423e-17
9.661415739e-18
4.753516367e-17
2.095909549e-17
4.718328386e-19
2.601099199e-17
1.747346964e-19
2.085772762e-17
1.629271798e-17
1.883954878e-17
4.419273462e-19
2.725150367e-17
4.922360029e-17
4.606760254e-17
1.0896702e-17
1.204869129e-17
1.012836583e-16
3.02697894e-19
6.165530272e-19
1.998865753e-20
1.628774123e-19
4.610944638e-18
1.703086771e-19
3.883105398e-18
1.572219804e-17
1.05773386e-16
3.100814224e-19
2.779445369e-19
1.068240758e-17
2.412275735e-19
2.778202777e-17
2.212052029e-17
1.320189449e-19
8.563663345e-19
1.61075844e-17
1.450756452e-17
1.136530535e-17
1.170257187e-17
1.122550835e-17
6.358588358e-17
2.273857441e-19
1.450545751e-19
4.44267933e-19
1.207900153e-20
6.27130613e-20
3.68158236e-20
2.255451736e-19
5.328718935e-20
1.052954736e-17
2.52937487e-19
1.20646167e-18
4.266612345e-19
4.141229479e-19
4.415526646e-17
1.198881367e-19
3.350224836e-18
3.237947358e-19
1.184485056e-17
1.401222273e-17
1.933425758e-18
1.148710408e-19
3.419010207e-19
3.248902738e-19
4.628691211e-19
2.792170567e-19
1.553772161e-18
8.217970509e-19
1.186320022e-17
8.318767462e-19
2.03878155e-19
1.944816756e-17
2.812777733e-19
2.42024704e-20
4.041239656e-20
8.672777722e-20
4.620590752e-18
1.450987987e-19
7.466586134e-19
4.656488e-20
4.66282637e-19
9.253477522e-19
2.807231372e-19
6.486190738e-19
7.133293451e-19
2.619288729e-20
1.743330174e-19
1.352542463e-19
1.201241399e-19
2.256309101e-19
3.136112764e-19
0
1.197244993e-17
1.28988367e-17
1.776550338e-19
1.11178143e-17
1.4411739e-17
2.775611515e-17
2.717087734e-21
1.862829042e-18
1.134201724e-20
3.314313252e-17
1.02048145e-18
2.81892643e-19
1.15393869e-16
3.241069245e-19
4.449143205e-20
2.161072971e-19
5.898913757e-20
1.714243744e-19
3.221138846e-19
1.256088213e-19
6.042199621e-19
2.838592023e-19
4.396787648e-19
9.411790446e-19
3.288073934e-19
4.166643321e-19
5.65369517e-18
4.901740789e-17
6.318698372e-19
5.427202881e-20
1.748684024e-19
1.391452939e-20
8.623711971e-21
3.468683012e-18
3.134719705e-19
6.342617142e-17
3.163790088e-17
1.143346746e-18
6.462964483e-18
1.293592663e-18
2.486669486e-18
7.595180127e-17
2.921575323e-20
1.112584646e-17
9.707501468e-17
1.418578153e-17
6.895285647e-17
1.248729662e-19
4.723451457e-20
1.680214592e-17
2.136607841e-16
1.324521027e-17
2.70911364e-17
5.773762014e-20
9.13376643e-17
7.515750974e-19
1.186600142e-17
6.94311864e-17
2.726813291e-19
7.862616206e-19
6.733308901e-19
2.751093749e-17
1.971376566e-18
1.747074499e-18
7.138488556e-20
6.617751534e-19
2.512936742e-17
5.875797948e-20
7.461422309e-19
9.267060945e-19
4.726968158e-19
2.102791482e-17
7.199355072e-16
1.493026311e-18
1.120447481e-23
1.562534293e-17
6.281655222e-24
1.276422667e-17
1.679315536e-19
1.104314016e-17
2.652318081e-17
1.239546649e-17
1.285558017e-19
3.040575156e-23
1.839473717e-19
4.684875637e-19
1.169245999e-17
1.207815851e-17
3.213955544e-17
4.084201754e-19
8.659096012e-22
1.880476927e-17
5.153447006e-20
1.065096137e-19
6.210824091e-20
1.042452394e-18
1.622251422e-17
2.485265697e-19
1.367517533e-17
1.407304446e-17
1.460609413e-19
1.062887325e-19
1.16536739e-17
3.257145687e-20
4.759135827e-17
4.066568856e-16
2.342708417e-18
2.319670307e-18
1.848634147e-19
2.231399881e-18
2.511179298e-19
1.899815797e-19
1.260052328e-17
4.96183316e-17
3.032409157e-19
1.777621636e-19
5.912870278e-19
2.185444874e-19
3.015727177e-19
2.732548173e-17
1.011345245e-18
2.365234052e-19
2.632537066e-19
7.345280243e-20
1.016544507e-19
2.308578883e-17
2.011980348e-17
2.405038944e-17
1.394665585e-19
1.475238582e-17
3.293145285e-19
4.005247798e-19
1.347873256e-17
4.638283287e-20
8.019766804e-20
1.229077884e-17
1.136908504e-17
1.115622899e-17
3.777304452e-17
7.662709121e-19
6.300383534e-17
2.906633373e-19
2.205527738e-19
1.521548467e-19
9.507927359e-19
2.793606442e-19
4.990308146e-19
3.09064345e-18
8.689363498e-18
5.612682902e-17
3.234143105e-19
7.465223627e-17
5.257808337e-19
1.271565116e-18
3.593264472e-19
9.967521114e-20
1.65339486e-19
8.688932495e-17
2.107123859e-30
6.449252714e-18
4.85657113e-17
6.563037315e-19
2.622317148e-17
5.483486743e-17
5.974524411e-20
4.339974737e-17
2.132208982e-17
8.90251982e-17
1.405199383e-16
1.463114155e-16
2.904476794e-17
2.45597581e-17
4.687948024e-17
2.706989524e-19
1.225611255e-17
1.188104077e-17
3.787607002e-19
1.194645789e-17
6.133254937e-17
5.095811776e-19
5.474502185e-19
1.448279905e-17
7.530071671e-18
5.945312622e-18
1.121678605e-19
9.417297233e-21
1.0203888e-19
7.549062988e-22
6.405736327e-19
1.318581174e-19
5.679332954e-17
2.145412605e-20
1.161531349e-17
1.323514136e-17
8.382315296e-17
3.200372437e-19
3.234427184e-21
5.902433369e-19
3.376046101e-19
1.65321252e-17
1.09779832e-19
1.364039335e-17
1.414606118e-17
1.549708629e-19
4.397779795e-18
1.227683075e-17
1.149391894e-17
4.552296617e-17
1.405994733e-19
1.146202818e-19
7.034155609e-20
3.805301866e-17
1.042809111e-19
4.762202969e-17
1.169593952e-16
1.977403479e-24
5.3960349e-19
9.064500588e-20
4.13475136e-20
3.284335045e-19
2.436702683e-17
8.111296972e-20
3.063308265e-19
6.991354038e-21
4.28626023e-19
2.703247214e-19
3.238214291e-20
7.07729307e-20
7.395682324e-18
1.485364965e-17
2.37200191e-19
2.56891216e-18
2.362402957e-19
4.614029061e-17
2.690102525e-19
4.221563694e-19
3.884009046e-17
1.490280413e-19
0
1.428262309e-19
5.574842101e-20
2.86796528e-19
6.489201681e-19
3.00815236e-19
3.115825543e-17
6.356152888e-21
8.824024641e-18
3.305018928e-17
2.675129233e-17
2.020495743e-19
3.864241053e-19
2.892803565e-17
2.66511267e-17
1.556543855e-16
1.832357448e-17
2.086720597e-17
1.984461099e-19
4.64551094e-17
2.186163431e-19
6.081320392e-17
6.824574098e-17
1.473172241e-17
3.923779319e-17
2.311238378e-17
1.169664692e-17
1.178543092e-17
2.193087117e-17
1.557497805e-17
2.724350008e-17
1.60114285e-17
3.791579624e-19
5.839674353e-18
1.450548161e-17
9.697728763e-19
4.345664455e-17
9.988580842e-18
5.850605972e-17
6.083555452e-18
3.763809815e-19
4.812308227e-17
1.430773187e-17
4.822261695e-19
6.968333641e-19
1.073490618e-20
4.314529595e-20
2.895928081e-19
2.527706989e-17
4.47048834e-17
2.95229859e-19
1.008033013e-18
3.655869141e-19
4.667360422e-17
3.674985582e-19
1.004281082e-18
2.940684222e-19
4.803874012e-17
3.557367294e-19
4.382611539e-19
1.166534359e-17
5.24400434e-19
3.256061523e-19
9.833004868e-19
7.328798718e-19
3.144000319e-17
3.110775955e-19
2.327307969e-19
3.672853454e-19
1.550043002e-18
1.739358887e-17
1.367751316e-18
4.914624668e-17
2.339804184e-17
4.584803016e-17
1.593443642e-17
2.280155689e-18
2.197937907e-17
4.431180728e-19
2.531151403e-17
1.745353358e-17
3.823352514e-21
1.241633787e-17
3.05725171e-19
1.175479554e-17
3.560333597e-19
1.242235026e-17
1.154897992e-17
6.447684939e-17
2.049812621e-17
1.058528542e-18
5.758968768e-18
5.59448928e-19
7.951597315e-20
1.799344751e-19
1.599244442e-19
7.945497888e-19
3.395679317e-19
2.052487979e-17
1.121699123e-18
5.776438905e-19
2.042770333e-17
1.02592418e-20
1.662358507e-19
3.725737197e-19
1.033866105e-18
2.009939311e-19
3.113274871e-19
9.269266012e-19
1.068021925e-18
1.682025367e-20
1.572718652e-19
1.114657979e-17
1.271365016e-17
2.051820602e-17
1.433972082e-19
2.677989197e-17
2.576965342e-19
3.94858142e-19
2.808823101e-17
4.595656233e-17
2.551398028e-18
1.21651716e-19
5.156932808e-19
2.728024958e-17
2.848696083e-19
5.780661206e-19
4.474794552e-19
6.086385763e-20
4.505542141e-19
8.820840308e-19
2.611013901e-19
3.945937459e-19
5.308870266e-19
3.133575265e-17
1.231457238e-18
7.130598961e-19
1.329252709e-19
1.683580439e-19
3.773086304e-17
7.707083642e-19
4.984702709e-19
1.343245303e-18
4.665228265e-17
1.049766609e-18
1.127109837e-19
3.288233742e-18
1.318865959e-18
3.532047279e-19
2.073211516e-19
2.450875506e-19
1.530337195e-17
1.336132507e-17
1.946904273e-17
2.686797571e-19
8.289778015e-20
