#################################### 
# Matrix Size= (25,25,400)
# Resol      = (1,1,4000)
# VoxelSize  = (25,25,0.1)
# nbVal      = 4000
#################################### 
1.126799328e-13
1.220613953e-13
1.201924346e-13
1.218867267e-13
1.209497198e-13
1.257872356e-13
1.297307718e-13
1.316113323e-13
1.232480141e-13
1.29155393e-13
1.135141302e-13
1.174986929e-13
1.194859677e-13
1.261175638e-13
1.190219388e-13
1.251760112e-13
1.236866854e-13
1.338836652e-13
1.233845851e-13
1.297598091e-13
1.307802084e-13
1.281606674e-13
1.221881994e-13
1.225203476e-13
1.247461425e-13
1.344535453e-13
1.19617749e-13
1.311987039e-13
1.300840367e-13
1.304984252e-13
1.22210357e-13
1.335394821e-13
1.255203569e-13
1.310627307e-13
1.314923719e-13
1.245305644e-13
1.375744747e-13
1.349013899e-13
1.392590278e-13
1.316381378e-13
1.269728241e-13
1.304018662e-13
1.280644192e-13
1.292110582e-13
1.254488228e-13
1.310524586e-13
1.422238702e-13
1.338653706e-13
1.374094684e-13
1.384055118e-13
1.341723109e-13
1.276590862e-13
1.433821629e-13
1.384068862e-13
1.45737062e-13
1.544109224e-13
1.423929073e-13
1.401661146e-13
1.465104068e-13
1.405746368e-13
1.299717051e-13
1.353051263e-13
1.388471001e-13
1.390824406e-13
1.45164344e-13
1.536895945e-13
1.497669701e-13
1.429308275e-13
1.424647641e-13
1.460825753e-13
1.494933475e-13
1.61769415e-13
1.511107955e-13
1.401322512e-13
1.374550385e-13
1.397530596e-13
1.438836904e-13
1.43538973e-13
1.401230103e-13
1.592213112e-13
1.421445326e-13
1.525507426e-13
1.539147503e-13
1.427320773e-13
1.455547834e-13
1.451357175e-13
1.444908544e-13
1.414561314e-13
1.504290508e-13
1.440884073e-13
1.431077629e-13
1.52961018e-13
1.474030417e-13
1.422026376e-13
1.383408023e-13
1.374647249e-13
1.491242351e-13
1.43864943e-13
1.409284846e-13
1.402675559e-13
1.386019384e-13
1.460813598e-13
1.424944391e-13
1.445576289e-13
1.492654556e-13
1.586441066e-13
1.692403196e-13
1.499094788e-13
1.631135294e-13
1.428811732e-13
1.428690454e-13
1.566243661e-13
1.533351598e-13
1.454297645e-13
1.472715754e-13
1.515024751e-13
1.486014688e-13
1.479463785e-13
1.442708493e-13
1.463143069e-13
1.567179328e-13
1.494457233e-13
1.446275479e-13
1.564989566e-13
1.435660913e-13
1.401008018e-13
1.538052395e-13
1.440515148e-13
1.531183375e-13
1.572638655e-13
1.474023658e-13
1.600462005e-13
1.505520704e-13
1.512519997e-13
1.561412226e-13
1.508555221e-13
1.533890006e-13
1.489376044e-13
1.515146578e-13
1.475609446e-13
1.435060558e-13
1.568782271e-13
1.62101322e-13
1.475723054e-13
1.523017631e-13
1.611383832e-13
1.536188125e-13
1.626102558e-13
1.502196222e-13
1.501019342e-13
1.480067975e-13
1.547049608e-13
1.563552759e-13
1.495587685e-13
1.546930822e-13
1.585165994e-13
1.474211118e-13
1.56305843e-13
1.665007634e-13
1.561975728e-13
1.613183951e-13
1.527907711e-13
1.523761988e-13
1.52972401e-13
1.502965409e-13
1.52108509e-13
1.570979117e-13
1.56369186e-13
1.59033635e-13
1.716504006e-13
1.636331118e-13
1.543468892e-13
1.585962254e-13
1.619028802e-13
1.63214802e-13
1.618713558e-13
1.607448481e-13
1.514298111e-13
1.556688441e-13
1.511210481e-13
1.596770419e-13
1.644376039e-13
1.639648674e-13
1.559883625e-13
1.620044898e-13
1.578648698e-13
1.603221386e-13
1.733785043e-13
1.609208069e-13
1.613085766e-13
1.642173033e-13
1.596131644e-13
1.653212843e-13
1.612803783e-13
1.547375328e-13
1.753881613e-13
1.580660929e-13
1.6009759e-13
1.627273958e-13
1.648648979e-13
1.635060908e-13
1.686182111e-13
1.693968016e-13
1.650276238e-13
1.759227809e-13
1.718611661e-13
1.648219068e-13
1.677514303e-13
1.639732156e-13
1.672478556e-13
1.646693052e-13
1.674423246e-13
1.746457668e-13
1.742883902e-13
1.690474942e-13
1.673141338e-13
1.726983434e-13
1.713107533e-13
1.684283383e-13
1.660554762e-13
1.7174541e-13
1.741120757e-13
1.751831674e-13
1.709259104e-13
1.768879014e-13
1.799283721e-13
1.756253674e-13
1.858092129e-13
1.799165879e-13
1.717801002e-13
1.672336457e-13
1.75396321e-13
1.728003139e-13
1.80601634e-13
1.782000129e-13
1.757722411e-13
1.710598397e-13
1.663364965e-13
1.757300143e-13
1.718545682e-13
1.71746247e-13
1.863302536e-13
1.703909965e-13
1.77706589e-13
1.851540128e-13
1.750907063e-13
1.756467368e-13
1.761541186e-13
1.79298287e-13
1.775614284e-13
1.790934377e-13
1.776081512e-13
1.748937039e-13
1.869608543e-13
1.747088904e-13
1.797174298e-13
1.879570926e-13
1.937700695e-13
1.812537783e-13
1.805385002e-13
1.789745703e-13
1.83545585e-13
1.73450444e-13
1.795133866e-13
1.726088919e-13
1.761789946e-13
1.81805639e-13
1.70244843e-13
1.926385989e-13
1.802260455e-13
1.795109755e-13
1.812104916e-13
1.76947027e-13
1.851748582e-13
1.870701413e-13
1.842717013e-13
1.918033537e-13
1.845865292e-13
1.962203586e-13
1.881183933e-13
1.819284479e-13
1.845836614e-13
1.939665162e-13
1.810165338e-13
1.9442673e-13
1.941766501e-13
1.929282987e-13
1.834816462e-13
1.841644544e-13
1.855668265e-13
1.881732857e-13
1.89144694e-13
1.878804298e-13
1.914615398e-13
1.890268825e-13
1.868745911e-13
1.967416473e-13
1.900879105e-13
1.948112733e-13
1.922854191e-13
1.945570221e-13
1.88316741e-13
1.867531493e-13
1.905849428e-13
1.966365059e-13
1.853841461e-13
1.929481719e-13
1.947669021e-13
1.984346572e-13
1.924476535e-13
1.976505373e-13
1.958581591e-13
1.981245938e-13
2.001244139e-13
2.031769867e-13
2.031092837e-13
1.947426497e-13
1.976224872e-13
1.927162039e-13
1.954732177e-13
1.980593323e-13
2.106359314e-13
2.014413798e-13
2.034217057e-13
2.027615403e-13
2.087026257e-13
2.004314656e-13
1.91245774e-13
1.947751939e-13
1.944511172e-13
2.036344628e-13
1.971609099e-13
1.982918886e-13
1.977229683e-13
1.967716993e-13
2.096892479e-13
2.030899578e-13
2.021140118e-13
2.105375126e-13
2.01304933e-13
2.166172021e-13
2.013529156e-13
2.014085216e-13
2.042574858e-13
2.03281086e-13
2.045454338e-13
2.157552618e-13
2.040938538e-13
2.216691605e-13
2.05727756e-13
2.000350196e-13
2.186106307e-13
2.06489801e-13
2.059267997e-13
2.070379481e-13
2.109028126e-13
2.055494819e-13
2.088977731e-13
2.055273737e-13
2.052378219e-13
2.126150527e-13
2.090457607e-13
2.066874014e-13
2.090636786e-13
2.172641882e-13
2.165534179e-13
2.136693136e-13
2.145701043e-13
2.114102273e-13
2.141849805e-13
2.143841704e-13
2.256183374e-13
2.269704038e-13
2.130640515e-13
2.173485325e-13
2.212331308e-13
2.1173338e-13
2.201617452e-13
2.108431839e-13
2.213015432e-13
2.142689585e-13
2.17345077e-13
2.158450816e-13
2.215976453e-13
2.27096539e-13
2.24442995e-13
2.24734983e-13
2.228385038e-13
2.177801697e-13
2.194451884e-13
2.172970308e-13
2.154229253e-13
2.240121387e-13
2.266725271e-13
2.184990124e-13
2.231633839e-13
2.137104264e-13
2.230077969e-13
2.248786146e-13
2.288953177e-13
2.208188223e-13
2.232558586e-13
2.280601015e-13
2.271319024e-13
2.264858824e-13
2.279631322e-13
2.274159905e-13
2.285440169e-13
2.224623336e-13
2.346243441e-13
2.367968234e-13
2.349841544e-13
2.300767562e-13
2.289762788e-13
2.525624519e-13
2.308913386e-13
2.304857409e-13
2.378706182e-13
2.350154258e-13
2.272200308e-13
2.279918304e-13
2.335195323e-13
2.520572569e-13
2.355095785e-13
2.381020047e-13
2.385707608e-13
2.369311002e-13
2.321211048e-13
2.51081639e-13
2.509718088e-13
2.356937408e-13
2.4277201e-13
2.410220323e-13
2.477757673e-13
2.429213343e-13
2.402113536e-13
2.461400651e-13
2.443821089e-13
2.492666393e-13
2.440680476e-13
2.545493135e-13
2.47993767e-13
2.540666891e-13
2.506557664e-13
2.513174221e-13
2.507940949e-13
2.565406646e-13
2.617815145e-13
2.543378454e-13
2.593761391e-13
2.502626388e-13
2.536266859e-13
2.467998599e-13
2.470883987e-13
2.491254791e-13
2.608580461e-13
2.567218023e-13
2.553395116e-13
2.549245622e-13
2.620501047e-13
2.55002314e-13
2.510294716e-13
2.603108805e-13
2.633609813e-13
2.552717364e-13
2.588439864e-13
2.608759406e-13
2.641867074e-13
2.652574972e-13
2.639872042e-13
2.680484654e-13
2.704217753e-13
2.725736074e-13
2.774378381e-13
2.745501062e-13
2.642176074e-13
2.705976895e-13
2.701364236e-13
2.643627728e-13
2.809581769e-13
2.837094903e-13
2.830874084e-13
2.730641089e-13
2.868312358e-13
2.815448272e-13
2.786941889e-13
2.80305528e-13
2.748430929e-13
2.899403878e-13
2.849370144e-13
2.816345695e-13
2.784636763e-13
2.871362933e-13
2.916151572e-13
2.885417438e-13
2.888652841e-13
2.851168107e-13
2.857418796e-13
2.930794832e-13
2.959457479e-13
2.989073391e-13
2.898341184e-13
2.968714541e-13
2.940017708e-13
2.984114357e-13
2.899254415e-13
2.855536636e-13
2.902733336e-13
2.934444702e-13
2.989161251e-13
3.066765677e-13
3.096874443e-13
2.956579369e-13
3.129768538e-13
3.089908993e-13
3.059306691e-13
3.049554883e-13
3.147860035e-13
3.048692085e-13
3.030874668e-13
3.035015598e-13
3.110084484e-13
3.172365036e-13
3.11059424e-13
3.081728796e-13
3.091713627e-13
3.19752711e-13
3.096539361e-13
3.133078401e-13
3.139588555e-13
3.085080217e-13
3.219823534e-13
3.268289444e-13
3.148586705e-13
3.166941181e-13
3.224062721e-13
3.207383692e-13
3.185030843e-13
3.278128511e-13
3.255015123e-13
3.343944088e-13
3.284208769e-13
3.312785414e-13
3.406556657e-13
3.293768352e-13
3.370089821e-13
3.470153671e-13
3.394578333e-13
3.458611945e-13
3.372428973e-13
3.465483431e-13
3.477520146e-13
3.330028371e-13
3.410171705e-13
3.454547759e-13
3.510598572e-13
3.500438221e-13
3.530084795e-13
3.579423778e-13
3.56922753e-13
3.566986021e-13
3.561432004e-13
3.590479954e-13
3.585812035e-13
3.539020809e-13
3.721773996e-13
3.624206593e-13
3.620294798e-13
3.621819906e-13
3.600468517e-13
3.623527014e-13
3.742109371e-13
3.761425007e-13
3.723794332e-13
3.801897689e-13
3.811726218e-13
3.798251518e-13
3.835624918e-13
3.919021697e-13
3.911466812e-13
3.84101866e-13
3.905879555e-13
3.876239981e-13
3.971995283e-13
3.991452683e-13
3.930414627e-13
3.993262955e-13
4.082029984e-13
4.105948265e-13
4.009577945e-13
4.167631686e-13
4.0908666e-13
4.12214098e-13
4.163811229e-13
4.134577747e-13
4.101240894e-13
4.193468393e-13
4.216917788e-13
4.318413136e-13
4.332120671e-13
4.306864536e-13
4.433342681e-13
4.264327251e-13
4.365146463e-13
4.292068895e-13
4.485848918e-13
4.402308644e-13
4.501016875e-13
4.429949133e-13
4.56203052e-13
4.654173852e-13
4.55287184e-13
4.557517645e-13
4.603731157e-13
4.698519652e-13
4.707244368e-13
4.657879255e-13
4.70988808e-13
4.626497454e-13
4.718193971e-13
4.831390517e-13
4.951969654e-13
4.806046369e-13
4.867724554e-13
4.951706357e-13
4.910039275e-13
4.916843339e-13
4.901778823e-13
5.037616287e-13
5.013363441e-13
5.047926041e-13
5.178690183e-13
5.148164333e-13
5.158825309e-13
5.166299104e-13
5.123579256e-13
5.21438009e-13
5.244617961e-13
5.316805546e-13
5.418184825e-13
5.452039975e-13
5.469807199e-13
5.496200146e-13
5.5152466e-13
5.510955676e-13
5.603811548e-13
5.61548969e-13
5.614935719e-13
5.596708226e-13
5.630471133e-13
5.688666556e-13
5.858581295e-13
5.767260511e-13
5.785116862e-13
5.836911931e-13
6.016213529e-13
5.981552325e-13
6.090387385e-13
5.957837152e-13
6.110420467e-13
6.198360987e-13
6.115558598e-13
6.200414896e-13
6.265149045e-13
6.376252103e-13
6.308114745e-13
6.423162656e-13
6.426908154e-13
6.513257872e-13
6.560024329e-13
6.576289904e-13
6.603458547e-13
6.715263174e-13
6.769848404e-13
6.791726534e-13
6.776097372e-13
6.909836708e-13
6.995248274e-13
7.085878393e-13
7.066366624e-13
7.185376082e-13
7.197163004e-13
7.298378576e-13
7.336391201e-13
7.42442632e-13
7.511671282e-13
7.610123132e-13
7.677440546e-13
7.874447208e-13
7.721415121e-13
7.932646967e-13
7.969790399e-13
7.94133236e-13
8.12490666e-13
8.231391664e-13
8.30624664e-13
8.31779577e-13
8.494975018e-13
8.49100386e-13
8.65650598e-13
8.77642805e-13
8.833751659e-13
8.939962522e-13
8.973726044e-13
9.234220627e-13
9.298684291e-13
9.345582941e-13
9.485295739e-13
9.540133982e-13
9.705621142e-13
9.780097012e-13
1.000097718e-12
1.010713376e-12
1.020746183e-12
1.02274958e-12
1.035164252e-12
1.04827787e-12
1.072718351e-12
1.076545277e-12
1.100486153e-12
1.105137159e-12
1.128249542e-12
1.146942343e-12
1.147448621e-12
1.165115529e-12
1.171515186e-12
1.179703768e-12
1.191381195e-12
1.205158353e-12
1.227127839e-12
1.229272856e-12
1.245041023e-12
1.257030852e-12
1.252295161e-12
1.27832716e-12
1.278075942e-12
1.304008757e-12
1.312277093e-12
1.316694085e-12
1.317880721e-12
1.336681528e-12
1.350687245e-12
1.367392566e-12
1.363128765e-12
1.374287793e-12
1.382717063e-12
1.382460588e-12
1.39296702e-12
1.39800942e-12
1.415462049e-12
1.415622368e-12
1.431719518e-12
1.429736767e-12
1.420958446e-12
1.434048582e-12
1.443243057e-12
1.435500914e-12
1.434225876e-12
1.43378557e-12
1.442883725e-12
1.441869458e-12
1.437976564e-12
1.436317109e-12
1.420877296e-12
1.415975002e-12
1.391268927e-12
1.377965013e-12
1.37214214e-12
1.340428859e-12
1.309965972e-12
1.290184832e-12
1.260777867e-12
1.228504293e-12
1.194672933e-12
1.158972115e-12
1.126114083e-12
1.078503335e-12
1.038778272e-12
9.877859352e-13
9.389612265e-13
8.945835795e-13
8.420348843e-13
8.003094328e-13
7.434100832e-13
7.036096281e-13
6.512952861e-13
6.077591681e-13
5.555265239e-13
5.081372259e-13
4.742662638e-13
4.284386326e-13
3.907475899e-13
3.503838277e-13
3.185176665e-13
2.810022759e-13
2.498407839e-13
2.229488039e-13
1.978766192e-13
1.787111695e-13
1.517665505e-13
1.317482708e-13
1.158224883e-13
9.968288731e-14
8.516079657e-14
7.00232798e-14
6.051410014e-14
5.092901159e-14
4.455938107e-14
3.85211691e-14
3.23384586e-14
2.441402139e-14
2.019722136e-14
1.780607485e-14
1.39786404e-14
1.170038356e-14
9.67447196e-15
7.240855256e-15
6.869981512e-15
5.26552473e-15
5.132730976e-15
3.312017622e-15
2.806567787e-15
2.073904108e-15
2.641119286e-15
5.063887052e-15
2.469696147e-15
1.408622823e-15
1.082203393e-15
1.93707799e-15
6.736807362e-16
7.089159099e-16
8.867620829e-16
4.997304765e-16
7.578557954e-16
4.808128176e-16
4.026154552e-16
5.265777e-16
4.953274789e-16
3.209632988e-16
8.388206882e-16
5.1381604e-16
7.426313494e-16
5.683217102e-16
5.649227436e-16
5.051262668e-16
5.815025514e-16
3.763156419e-16
3.040513525e-16
3.197900633e-16
4.75701973e-16
3.917344102e-16
9.976281426e-16
3.354591343e-16
7.004057072e-16
3.364560214e-16
5.038974326e-16
4.500082292e-16
3.421574508e-16
5.928673962e-16
1.029899133e-15
3.335200834e-16
6.22532863e-16
4.552436283e-16
3.820879146e-16
4.82762044e-15
6.645129508e-16
4.702415897e-16
1.916546016e-16
3.041326469e-16
5.371203197e-16
1.739102565e-15
5.375148695e-16
5.136609636e-16
5.36400085e-16
1.386176188e-15
4.782241449e-16
5.375783654e-16
3.897875164e-16
3.579979842e-16
9.214243832e-16
1.029730876e-15
3.33922725e-16
3.787839467e-16
4.562929498e-16
1.003539721e-15
5.236064688e-16
1.016805286e-15
4.884653981e-16
1.054018681e-15
3.394821468e-16
5.792586363e-16
2.885284895e-16
2.578665231e-16
9.450143733e-16
3.079255124e-16
4.609156816e-16
4.385830519e-16
4.164305762e-16
5.315135456e-16
2.529788659e-16
4.927933459e-16
8.513952918e-16
3.864402422e-16
3.664423128e-16
5.370474259e-16
8.802068126e-16
3.877959988e-16
4.741409826e-16
6.207476218e-16
5.085401136e-16
4.505282817e-16
6.373553281e-16
3.266610535e-16
4.005012136e-16
3.269580631e-16
2.653994317e-16
5.748050595e-16
3.192566416e-16
6.228016401e-16
6.295832478e-16
4.683789054e-16
3.738122725e-16
3.919428108e-16
3.517225648e-16
4.666844347e-16
2.254368931e-16
4.698928438e-16
2.295992718e-16
1.671473095e-16
5.180762203e-16
3.339703575e-16
1.00648202e-15
2.71788363e-16
2.179835821e-16
4.668671153e-16
3.533009431e-16
5.027039558e-16
5.548198409e-16
1.325390987e-15
1.693268006e-16
1.105095895e-15
2.076480989e-16
2.856394837e-16
7.176121787e-16
8.642419934e-16
1.742480377e-16
1.961969493e-16
1.665790767e-16
2.713983531e-16
3.498092393e-16
2.102016307e-16
1.385892607e-16
1.473267575e-16
1.077249451e-16
7.752710784e-16
3.370296018e-16
2.011786593e-16
3.012890508e-16
1.521274847e-16
3.185698015e-16
4.271398245e-16
4.758837842e-16
4.795540964e-16
1.930352441e-16
2.232332718e-16
3.564105284e-16
2.439325184e-16
2.067332826e-16
6.965305935e-16
2.586239124e-16
2.280265615e-16
3.520166493e-16
5.076240319e-16
5.613672951e-16
3.253305825e-16
2.93906184e-16
4.23357808e-16
2.126306571e-16
2.819806115e-16
5.574222897e-16
7.756805282e-16
4.801477058e-16
5.995182297e-16
5.37314947e-16
2.500343634e-15
5.485647811e-16
2.727502607e-16
7.333491868e-16
6.617283146e-16
6.02650697e-16
4.130052664e-16
2.914602742e-16
2.979211814e-16
1.496439512e-15
4.113611334e-16
3.904149586e-16
2.632586809e-16
2.973389955e-15
3.401498119e-16
1.842073091e-16
3.312658592e-16
3.552493871e-16
3.655259861e-16
2.217994503e-16
3.056691336e-16
2.052391739e-16
4.038788969e-16
5.757306033e-16
4.581127211e-16
2.989692384e-16
2.977661874e-16
2.903068421e-16
2.5872315e-16
4.127362632e-16
9.171829905e-17
2.127542056e-16
1.563504777e-16
7.578208315e-16
3.867022744e-16
5.115016351e-16
3.315774694e-15
3.05300278e-16
6.621764765e-16
5.347341305e-16
3.022466241e-16
2.843976975e-16
7.916759349e-16
4.090216365e-16
2.074731174e-16
3.628405308e-16
1.696322623e-16
2.691853125e-15
1.004479414e-15
2.913312394e-16
3.503723976e-16
1.094610016e-15
2.911647646e-16
4.074369267e-16
3.992871517e-16
2.042775766e-16
3.257507822e-16
3.304393679e-16
7.453345547e-16
3.376153657e-16
5.364143591e-16
3.398111705e-16
3.004566192e-16
4.008308691e-16
2.10216967e-16
4.653830526e-16
4.667024282e-16
3.907614684e-16
4.065275021e-16
9.89775352e-16
1.993250581e-16
3.773554605e-16
8.194493381e-16
3.460358133e-16
3.293406318e-16
6.756044715e-16
1.80502546e-16
2.745927276e-16
3.350986111e-16
2.629428696e-16
3.490778412e-16
4.56826553e-16
2.589478145e-16
4.579593158e-16
2.782902893e-16
2.848027017e-16
1.301729734e-15
1.558205365e-16
3.771968042e-16
2.540223911e-16
5.348030786e-16
5.148268205e-16
3.730734374e-16
3.553588976e-16
2.690462853e-16
1.921890538e-16
1.067258489e-16
4.855516059e-16
5.066170618e-16
2.653287998e-16
4.496370937e-16
2.672073013e-16
5.06300662e-16
2.185477048e-16
2.016110293e-16
2.474064181e-16
3.684964142e-16
3.203442026e-16
2.026724094e-16
3.277351323e-16
1.231714639e-16
8.736552776e-16
2.679612577e-16
1.246846876e-16
3.527262873e-16
1.590791375e-16
1.865168056e-16
1.726759273e-16
3.720826586e-16
2.151207231e-16
4.22424978e-16
1.095872551e-16
4.037205691e-16
3.151564538e-16
5.670361309e-16
1.649885334e-16
9.502891261e-17
3.02990333e-16
4.429183793e-16
2.168839133e-16
4.119703149e-16
4.708653195e-16
1.399980983e-16
1.393742993e-16
7.781865007e-17
2.037888342e-16
1.008269764e-15
9.974809132e-16
2.147835489e-16
3.225767812e-16
2.016991587e-16
2.135432572e-16
2.843101065e-16
4.279991667e-16
2.244986168e-16
3.629293366e-16
2.022527086e-16
2.387797996e-16
1.337527983e-16
1.714188858e-16
2.257836034e-16
1.967960301e-16
2.260891796e-16
2.892695019e-16
2.597090053e-16
1.653215373e-16
4.55230579e-16
8.589772843e-16
2.495802477e-16
2.173384471e-16
2.659842396e-16
4.153298706e-16
8.112893824e-16
2.435978048e-16
5.551168325e-16
4.098086149e-16
4.24171806e-16
4.693843578e-16
2.364602859e-16
3.992318594e-16
9.623548651e-16
4.289828001e-16
2.80068668e-16
3.397737222e-16
3.365077066e-16
1.992718316e-16
3.592132379e-16
3.391949491e-16
2.258677581e-16
2.874136154e-16
5.641066995e-16
5.294727446e-16
3.619999963e-16
2.885614982e-16
1.24514488e-16
5.828380165e-16
5.515840689e-16
2.525095722e-16
7.405087646e-16
6.855574066e-16
1.927363302e-16
1.070538021e-16
2.047101729e-16
2.980255717e-16
2.988733538e-16
4.495286976e-16
5.654101156e-16
3.472295122e-16
4.637454302e-16
2.067365561e-16
2.733095699e-16
2.104596732e-16
1.802581605e-16
1.114820334e-15
2.648771459e-16
1.237439037e-16
2.231981798e-16
1.298059111e-16
2.292571787e-16
2.621982752e-16
1.237727395e-16
3.563715816e-16
2.573201579e-16
7.36167581e-16
3.949996065e-16
6.178305115e-16
3.405950129e-16
1.673719174e-16
4.84023488e-16
1.106740252e-16
1.354221081e-15
7.333388713e-16
1.438496147e-16
2.573629202e-16
2.860022899e-16
2.072330568e-16
2.963451815e-16
2.117879973e-16
8.622931176e-16
1.846681534e-16
1.752744367e-16
1.687067498e-16
2.683540294e-16
8.138786221e-17
2.905712618e-16
1.940493207e-16
5.535993976e-16
1.410567692e-16
2.661210723e-16
1.982820997e-16
7.068626998e-16
3.095895082e-16
4.318639424e-16
3.906287295e-16
3.112872812e-16
3.372446221e-16
2.650172422e-16
2.390232449e-16
1.883064324e-16
3.959640287e-16
1.045344033e-15
4.68075031e-16
3.419544466e-16
1.587514096e-16
2.935155463e-16
6.70479167e-16
5.491158696e-16
5.138512978e-16
8.486947342e-16
1.260486498e-16
1.219044875e-16
1.278830995e-16
2.236078164e-16
1.025422848e-16
6.708027083e-17
2.173036245e-16
2.551159288e-16
2.948849574e-16
3.015073781e-16
2.276700556e-16
5.784296401e-16
2.009599986e-16
6.483079883e-16
3.02095038e-17
1.359148202e-16
4.01385259e-17
1.76909047e-16
1.954842481e-16
1.561444749e-16
3.902314825e-16
1.354188727e-16
6.379273421e-17
1.274743426e-16
2.437202747e-17
2.658574899e-16
8.492738261e-17
9.795381324e-17
3.564077822e-16
2.444238674e-16
3.31003287e-16
2.498491227e-16
1.738264819e-16
5.727272622e-16
1.387377211e-16
2.013006215e-16
1.664128794e-16
1.050223451e-16
3.576684206e-16
2.562532039e-16
3.684892735e-16
2.344943341e-16
1.30746442e-16
2.256885654e-16
7.391936114e-17
3.67132931e-16
1.388833748e-16
1.8504853e-16
1.389806213e-16
2.928074008e-16
1.932504977e-16
2.344859709e-16
1.355914147e-15
4.085336375e-16
1.558337532e-16
1.970448522e-15
7.334006906e-16
6.06959223e-16
2.57696413e-16
1.094033867e-16
8.2630253e-17
8.661158539e-17
6.559056528e-16
2.08320455e-16
1.121064946e-16
1.561836106e-16
1.832437281e-16
3.44727225e-16
2.060949647e-16
3.91574175e-16
3.05634036e-16
1.143893769e-16
2.777154729e-16
2.026949159e-16
7.224265691e-16
2.220133866e-17
4.909441074e-16
3.015712383e-16
2.092924932e-16
1.882975759e-16
7.689753522e-17
2.839012243e-16
7.899607891e-17
1.457098304e-16
5.52121853e-17
1.997729602e-16
2.158434198e-16
1.90877625e-15
4.914489259e-16
1.247528143e-16
1.597815824e-16
1.238273044e-16
3.550759834e-16
8.601953987e-16
1.431733089e-16
1.21303115e-16
1.035009422e-16
4.646503059e-17
7.640208892e-16
1.19676635e-16
1.360656874e-16
2.286606558e-16
2.898941793e-16
1.254281827e-16
9.340021793e-17
7.727058679e-17
2.138388978e-16
1.40596323e-16
6.807060182e-17
3.3491089e-16
2.236324157e-16
4.162265407e-17
5.548639642e-16
5.690897408e-17
1.87863142e-16
7.047485243e-17
1.571292784e-16
1.72855038e-15
4.192894927e-17
1.349908549e-16
6.451690694e-16
2.365565463e-16
3.385551963e-16
1.640133331e-16
1.9350863e-16
1.153497648e-16
2.664893746e-16
2.443105736e-16
1.724855622e-16
1.000200534e-16
8.264864006e-17
3.580793193e-16
2.254969267e-16
3.707558326e-17
3.975036888e-17
9.357489755e-17
7.142549985e-17
1.165554784e-16
1.351330407e-16
3.263176086e-17
2.692258998e-17
7.30208579e-17
1.242514059e-16
2.471568555e-16
3.91865075e-16
3.098455082e-16
7.607349702e-17
3.990582696e-17
2.829922645e-16
7.293836774e-17
6.389645076e-17
1.360003594e-16
9.630909394e-17
1.42635198e-16
1.124118653e-16
1.974479437e-16
2.672903651e-15
2.424899704e-16
9.811172665e-17
1.522694223e-16
2.834631235e-16
6.356185636e-17
2.268590803e-16
1.260413462e-16
2.36924276e-16
1.172960892e-16
2.044767115e-16
2.054995346e-16
2.167982727e-16
7.649272744e-16
1.641032874e-16
1.169832125e-16
1.851546126e-16
1.092494839e-16
3.175800334e-16
1.771949554e-16
2.407849565e-16
1.571365038e-16
1.284482976e-16
2.097435401e-16
2.252110892e-16
5.105866025e-16
3.291311053e-16
2.05321375e-16
2.065477052e-16
1.685327454e-16
2.739592486e-16
2.131661076e-16
2.162756175e-16
2.047371775e-16
5.455060286e-16
3.415050192e-16
7.95262408e-17
1.498357771e-16
4.468417929e-16
7.37317801e-17
3.858777889e-16
2.570812995e-16
2.803763847e-16
2.107287253e-16
1.157773714e-16
1.054341528e-16
8.861332597e-17
8.75400795e-17
1.125316349e-16
1.267831239e-16
2.553923358e-16
1.618102131e-16
5.721737105e-17
5.070207798e-17
1.771102025e-16
7.755244404e-17
6.902737531e-17
1.066871801e-16
1.597611002e-16
3.154228328e-16
1.7830515e-16
1.182600749e-16
3.014784547e-16
6.357647173e-17
1.120567147e-16
8.385928344e-17
1.010637683e-16
1.779015897e-16
3.562370347e-16
2.417805722e-16
8.928579179e-17
1.396142753e-16
1.242794312e-16
1.327448193e-16
2.978128397e-16
3.987101092e-17
5.910413819e-17
3.942944549e-17
8.155104473e-17
4.873078897e-17
1.883320384e-16
2.072392928e-16
1.255423801e-16
9.30995943e-17
2.79835661e-17
4.904362427e-17
2.31825963e-16
6.357059882e-17
1.019753676e-16
8.11164589e-17
4.007522279e-17
7.766171905e-17
8.19590118e-17
1.317040307e-16
2.15951631e-16
6.253989593e-17
7.20959953e-16
1.102789693e-16
2.768865678e-16
2.983876056e-16
1.731862097e-16
4.430520205e-17
2.36809296e-17
1.078507272e-16
2.000617899e-17
2.772190301e-16
1.626187038e-16
9.819711303e-17
5.958926597e-16
6.097603144e-16
5.646242257e-17
7.591372826e-17
3.81862686e-17
7.909988895e-17
7.692314082e-17
6.006524438e-17
1.283403965e-16
4.182344035e-16
1.029379522e-16
1.345958474e-16
1.482557915e-16
1.280395073e-16
4.480593673e-16
3.78083663e-17
1.338885434e-16
1.153433727e-16
5.684066922e-17
2.523694297e-16
4.566654341e-17
3.732550043e-16
9.719461403e-17
1.091913847e-17
5.936493329e-17
5.815017861e-17
1.389314584e-16
2.64011134e-16
4.828927894e-17
3.01435885e-16
1.289227574e-16
5.800890197e-17
4.391246604e-16
2.238375954e-16
4.199219415e-17
1.609940529e-16
1.354654152e-16
6.334256449e-17
4.077622846e-16
2.525208544e-16
1.057437368e-16
2.550023485e-16
8.189376904e-16
1.743708703e-16
1.130055991e-16
8.412668852e-17
1.362015669e-16
8.94709156e-17
1.470208113e-16
2.074707203e-16
7.872489906e-17
1.328576929e-16
4.664916127e-16
2.614584572e-16
2.925619257e-16
4.217043917e-16
2.221024576e-16
6.617399641e-16
4.896817961e-17
1.930951211e-16
1.200739353e-16
1.468102498e-16
1.191170642e-15
1.147422004e-16
2.172132842e-16
6.474180454e-17
1.570109706e-16
1.729581186e-16
1.418129727e-16
4.790157365e-17
1.805822651e-16
1.656090939e-16
3.062615222e-17
1.659306928e-16
1.821287036e-16
9.119631235e-17
6.363761494e-17
1.723515008e-16
5.657336974e-17
1.07712547e-16
2.134084598e-16
1.716628817e-16
1.492971057e-16
1.703965068e-16
1.238570092e-16
2.952181686e-17
8.962195037e-17
1.188514722e-17
1.190817484e-16
4.027163554e-16
1.468978979e-16
1.645425972e-16
9.637068237e-17
1.584132174e-16
7.799422392e-17
8.732101362e-16
3.524010372e-16
1.271121685e-16
9.490931212e-17
1.298331112e-16
2.712599199e-15
8.729943741e-16
1.242351208e-16
6.703680541e-17
1.65644512e-16
1.277806579e-16
9.878419514e-17
4.830007081e-17
1.133445189e-16
2.225612102e-16
8.349566399e-17
4.020792448e-17
2.0636122e-17
3.921096823e-16
9.587007677e-17
1.362613169e-16
1.649769368e-16
2.142702113e-16
3.783054011e-16
1.063697801e-16
1.769078872e-16
2.671401665e-16
6.602251014e-17
2.206125874e-16
9.044025112e-17
8.507012182e-17
2.164511807e-16
7.450664931e-16
2.015169613e-16
2.861019877e-16
1.718455512e-16
9.435123196e-17
1.205719768e-16
4.704416474e-17
2.766803943e-16
6.506929944e-17
3.236996228e-16
4.892142855e-16
3.911398526e-17
7.498762511e-17
4.166013646e-17
4.122843684e-17
1.294208417e-16
9.204653556e-17
6.436863373e-17
7.690547424e-17
6.359913844e-17
7.062349361e-17
1.381573388e-16
6.088157354e-17
1.713458573e-17
1.263748552e-16
3.424919312e-16
9.825279195e-16
3.818724241e-17
2.817832927e-16
9.994795165e-17
4.578907418e-17
9.649563085e-17
4.800696858e-17
1.294070969e-16
1.81475329e-17
4.573478518e-17
1.460648308e-16
3.218157754e-16
8.992767269e-16
4.140550234e-16
1.567802485e-17
1.663240969e-16
1.74558755e-16
9.207051113e-17
1.790095913e-16
1.013424e-16
1.348812168e-16
2.772330382e-16
1.582668708e-16
1.419780342e-16
1.676168721e-16
1.921201132e-16
1.347643484e-16
1.081205918e-16
1.011306027e-16
1.366174589e-16
8.707091886e-17
2.168332609e-16
3.419627357e-17
4.276355489e-18
4.632001067e-15
2.702149279e-16
1.154343255e-16
1.211266621e-16
8.620559096e-17
1.448113877e-16
3.991907685e-17
5.324467075e-17
8.015233457e-17
1.393469705e-16
3.276669364e-17
6.312562177e-17
2.787439751e-16
1.140505567e-16
2.045460121e-16
3.314432488e-16
1.007318851e-16
1.101139796e-16
6.053811426e-17
1.669715158e-16
8.470658549e-17
6.549006635e-17
1.271768531e-16
1.133459668e-16
7.959699407e-17
5.510295503e-17
1.069673599e-16
6.004044195e-17
8.78156932e-17
7.236599004e-17
1.490632879e-16
3.495090529e-16
1.280214605e-16
1.057440963e-16
6.793648983e-17
3.299843305e-17
1.908817816e-16
4.720592539e-17
4.470157598e-17
1.038361474e-16
2.299955069e-17
3.484278806e-17
1.36620947e-16
1.209973991e-17
9.027759308e-17
2.226187194e-17
2.795897308e-18
2.041474609e-17
3.545186196e-17
1.663580797e-17
2.462932299e-17
2.837312066e-17
2.999539152e-16
2.152460559e-16
1.062510028e-16
2.229541525e-17
4.485706944e-16
1.561044845e-16
3.969277925e-17
7.070561799e-17
4.916230783e-17
1.131899785e-16
6.747138842e-17
2.414825851e-17
1.257859371e-17
4.901957519e-17
3.851153817e-16
1.689913593e-16
1.232263935e-16
3.727472615e-17
2.338034339e-15
1.861613309e-16
2.244901074e-17
4.784347604e-17
1.650606435e-17
1.41071825e-17
4.650941473e-17
7.325509586e-17
5.920950836e-17
2.952121712e-17
7.507373917e-17
4.784862796e-17
5.274939578e-17
1.099703856e-16
1.094314885e-16
1.334287536e-16
1.232014108e-16
8.956382625e-17
1.376076086e-16
6.456420861e-17
1.044850712e-16
1.040439584e-16
8.162596338e-17
2.855822611e-18
1.402523445e-16
5.701938159e-17
6.447482593e-17
7.976305003e-18
3.513546144e-17
2.166256249e-17
4.908595276e-17
1.929756219e-16
3.26061838e-16
1.454110932e-16
1.238620636e-16
3.396111266e-17
8.828008341e-17
7.308648259e-17
9.113716641e-17
4.841964153e-18
7.697028484e-17
4.294732135e-17
1.944209084e-17
2.038187852e-17
5.558098766e-17
3.354566178e-17
3.349878773e-17
5.891199457e-17
4.250170564e-17
1.152276259e-16
8.291994078e-17
1.012176994e-16
1.809352541e-16
1.832435422e-16
8.222261543e-17
4.914784114e-17
4.14593672e-17
5.015594717e-16
2.395020156e-16
2.263763418e-16
8.493376553e-17
9.574472502e-17
2.446542247e-18
6.277709449e-17
5.318727421e-17
6.855102156e-18
6.589997968e-17
1.555105935e-16
9.981595005e-16
1.710743484e-16
7.469580932e-17
7.845534585e-17
8.88056461e-17
6.08349981e-17
5.320951645e-17
5.810404173e-17
8.207570988e-17
1.284653488e-16
6.084896657e-17
1.360720576e-16
5.910767668e-17
1.240795868e-17
1.863323967e-16
1.857199905e-16
1.135405726e-16
4.986082534e-17
7.703781804e-17
1.112410434e-16
1.210175037e-16
1.077937548e-16
2.610280628e-18
1.059130106e-16
8.735208238e-17
1.593298907e-16
6.307110912e-16
9.281203735e-17
1.175022607e-16
1.521647514e-16
7.922137481e-17
8.052672083e-17
1.121505108e-16
2.77478065e-16
1.108540847e-16
5.770770259e-17
4.279545474e-16
7.986768494e-17
9.738035155e-17
1.390696549e-16
2.9449669e-16
8.741698553e-17
6.651766542e-16
1.564717649e-17
5.886512681e-17
5.884172251e-17
1.307463294e-16
1.297629542e-16
9.056340944e-17
9.775659185e-17
2.463823356e-17
1.033358311e-16
3.579836504e-17
5.230416962e-16
4.854122989e-17
3.391519876e-18
5.152969319e-17
5.019977699e-17
2.912209527e-16
5.981281626e-17
2.608012216e-17
2.139076609e-17
4.065873291e-17
7.715899386e-17
7.774990636e-17
3.485761183e-17
8.644105616e-17
4.094667182e-17
2.436102906e-17
1.380090738e-16
1.591313394e-17
9.263824272e-17
1.073750978e-16
5.964667368e-17
5.043120237e-17
7.821401643e-16
1.06605123e-16
2.649808691e-16
1.474646886e-16
1.628743301e-16
6.237482915e-17
3.842822149e-17
1.909709843e-18
1.225732445e-17
2.959962073e-17
3.06068155e-16
1.149109e-16
3.144753106e-17
4.259868743e-18
2.038277529e-17
1.459510806e-17
1.373983891e-17
1.996033856e-16
1.096138462e-16
7.527390439e-16
5.82803409e-17
7.38478853e-17
8.288997739e-17
7.347311582e-17
4.401756631e-17
6.153586457e-18
8.383985494e-17
1.354295217e-17
5.695778562e-16
2.103015662e-16
2.994247136e-17
7.011265299e-17
6.919460983e-17
1.743269174e-16
7.839576243e-16
1.128548642e-16
4.535005365e-17
1.726208115e-16
1.032279932e-16
7.222590663e-17
4.043884027e-17
1.484671606e-17
2.348782991e-16
2.741253606e-17
1.415932379e-16
2.596689264e-17
9.3327256e-17
7.736074334e-17
1.054000057e-16
2.479022352e-17
1.717460786e-16
1.375280956e-16
1.157582252e-16
4.340938314e-17
1.748914029e-16
3.457397506e-16
2.702920794e-16
3.250793284e-16
8.667576111e-18
2.170598308e-17
4.140022153e-17
3.839572328e-17
3.156469858e-17
2.229461861e-18
9.555302983e-17
7.010667507e-17
8.857198555e-17
2.44421367e-16
1.22812549e-16
1.558556864e-16
1.158149211e-16
1.213615712e-17
1.951822176e-16
6.255558904e-17
6.646831295e-17
2.014594454e-17
1.488130335e-17
2.410156622e-18
1.814971519e-17
1.629778728e-17
9.021907534e-17
1.867042958e-17
8.116560924e-17
1.316231371e-17
4.327834018e-17
3.380306813e-18
1.917130425e-17
4.80554318e-17
2.459336315e-18
5.652847994e-17
5.451791878e-18
1.222269402e-18
5.863064115e-17
2.008381811e-16
1.048551149e-16
5.260458362e-17
2.500546271e-17
1.11574848e-16
9.94546769e-17
9.100207379e-18
1.718281565e-17
1.263980138e-16
1.834573584e-18
2.410118915e-18
8.505359252e-17
5.356124272e-17
3.604765892e-17
1.054904354e-16
1.350502482e-17
1.327230312e-17
5.668218051e-17
7.493294052e-17
4.456638447e-17
7.746573525e-17
2.714936386e-17
1.838275855e-16
6.891688701e-17
3.284633729e-18
2.069368617e-18
5.581233137e-17
5.081585047e-16
3.756521062e-17
2.31673497e-17
2.887990473e-16
3.485944104e-17
6.120165249e-17
4.782334482e-17
2.729309788e-17
1.208243808e-17
3.282338699e-17
1.054570247e-16
1.484920224e-17
7.268750154e-17
6.810681701e-17
6.343790814e-17
6.432547751e-17
1.425587459e-17
9.423645834e-17
1.715611002e-17
6.917880975e-17
5.148989329e-17
1.218927653e-16
6.216946731e-18
1.11605336e-18
5.940117801e-18
1.545484829e-17
1.479627095e-18
1.573602948e-17
1.929111963e-16
2.697078301e-18
3.472757007e-17
3.586603311e-17
1.418510197e-16
2.97923735e-17
3.070744082e-17
9.471437614e-17
1.537665181e-17
5.141928306e-17
1.529862796e-16
3.381783402e-17
1.128316534e-18
4.934780552e-17
3.509487932e-17
2.865633696e-17
8.183949254e-17
2.965349969e-16
4.683393542e-17
4.819675123e-17
9.079168235e-17
4.785999565e-16
2.790444767e-17
5.985410766e-18
4.120906896e-17
1.246381589e-18
1.146929332e-18
2.178083625e-18
6.342870067e-17
3.235455584e-18
3.296747267e-18
1.954082877e-17
3.24548893e-17
1.487037556e-17
4.268038501e-18
1.292115558e-16
6.12316143e-18
1.120161539e-18
4.23621202e-18
1.221279237e-18
3.825750379e-18
2.168897133e-18
8.741887379e-17
6.368911627e-18
5.302854053e-17
2.843867596e-18
2.313475964e-17
4.013655954e-17
2.369423347e-17
5.697566634e-17
1.507920314e-17
1.221454679e-18
2.360384368e-17
1.198890878e-17
7.264420528e-17
1.128425129e-18
8.46743197e-19
1.131660284e-18
1.930287776e-17
7.593539568e-17
2.49961323e-18
8.723077711e-17
3.515489121e-18
1.326422269e-17
7.774445793e-18
7.467968997e-17
1.224029184e-17
5.903738559e-17
9.41202262e-17
1.950503641e-17
1.138516419e-16
4.242121182e-18
5.13633213e-19
6.165985518e-17
2.492584683e-17
1.279779072e-17
1.170771768e-16
7.931073145e-17
3.646501722e-17
9.671122674e-18
5.979118881e-17
2.313010871e-16
5.873359293e-17
3.34063546e-17
7.396104172e-18
1.019682525e-16
8.358190051e-17
9.534538081e-17
4.397974596e-17
4.201928418e-17
5.567671259e-17
9.259243636e-19
1.006722331e-16
4.872076486e-17
4.977989263e-17
1.268105712e-17
1.17850397e-16
7.382876787e-17
2.207225527e-18
1.529898324e-16
1.40541188e-17
4.19075938e-17
4.810460022e-17
4.037753787e-17
3.305819832e-18
4.928490988e-17
6.148029852e-17
8.52282303e-17
4.223519393e-17
2.717978193e-17
8.719234289e-17
1.147270988e-17
7.922451734e-17
6.698312278e-17
3.073078692e-17
2.783240408e-17
8.979765196e-17
1.665654312e-16
5.652325662e-17
1.769397744e-16
8.490456422e-17
1.959120621e-18
5.877180323e-16
2.303804607e-17
3.526380398e-17
2.089055686e-17
6.903556956e-17
5.537791912e-17
1.384315936e-16
9.759151659e-17
2.45426509e-16
5.440431036e-17
5.534663439e-17
4.366145728e-17
2.527354689e-17
3.794346303e-17
8.669579204e-17
1.411468159e-17
2.548143299e-17
3.40347891e-17
2.418939221e-17
1.107359443e-16
3.498916354e-17
7.160486512e-18
3.863489037e-18
2.041273833e-17
1.835952465e-16
6.976470144e-18
1.484187839e-17
4.655755096e-17
2.662538914e-17
1.496705368e-16
1.652441032e-17
4.571418817e-17
5.47843247e-17
3.053252806e-17
4.585542864e-17
3.20478352e-19
4.264773948e-17
8.198745784e-19
2.049898188e-17
1.006521634e-18
1.192792875e-18
7.808118012e-19
1.249879631e-17
4.693508967e-17
1.46853377e-16
5.394133547e-18
9.028646865e-19
2.570226265e-17
1.552009536e-17
1.473601777e-17
1.330382421e-17
2.295652977e-17
1.178170276e-17
2.372862285e-17
9.803831136e-17
3.845129786e-17
1.219328595e-17
1.829323267e-17
1.78155907e-17
4.802846568e-17
2.847915597e-17
1.111378953e-16
1.540489176e-16
1.062739972e-16
2.291698369e-17
2.455750505e-16
6.318752208e-17
1.50612953e-16
4.762343636e-17
1.293510008e-18
2.181771935e-17
9.878889102e-17
2.50060309e-17
5.585699122e-18
2.281045443e-17
2.894788423e-17
1.178970215e-16
9.863469378e-17
2.145887422e-17
5.296659208e-16
8.064554377e-17
2.862685609e-17
1.205605218e-16
4.944982172e-17
6.217804976e-17
4.740288569e-17
6.580593968e-17
2.649451397e-17
8.773880002e-17
4.595199283e-17
3.75906403e-19
1.073926678e-17
3.537660253e-17
1.544386725e-18
1.305309596e-17
7.36435621e-17
2.431491519e-19
3.51237994e-17
9.668625396e-19
4.02817088e-17
4.46930038e-18
1.177713137e-17
1.108049022e-16
1.635714041e-16
8.26342106e-19
4.718507187e-17
7.085016684e-17
3.026641304e-17
8.252564978e-17
1.472377142e-16
1.927275617e-16
2.27133511e-16
1.324174744e-17
1.452358966e-16
1.702836082e-16
5.658093312e-17
4.583160466e-17
5.122995291e-17
9.022526042e-17
4.112998772e-17
1.798091177e-16
6.775182026e-17
2.216249799e-17
1.245679555e-16
3.967434878e-17
1.835737625e-16
5.559904853e-17
1.095257848e-16
8.285380144e-16
8.834174325e-17
7.402175196e-18
1.329693712e-16
9.335399572e-17
3.644338371e-17
1.426089823e-16
2.628145494e-18
7.138246904e-17
3.186402438e-17
5.198481574e-17
4.608465181e-17
4.655015796e-17
8.579254438e-17
1.212425846e-16
1.813235131e-17
1.249692964e-16
5.154348196e-17
3.03896217e-18
5.420397301e-18
3.195913058e-17
3.093156953e-17
7.02686903e-17
4.016918377e-17
1.203742679e-16
4.541857627e-17
2.495481407e-17
6.073019614e-17
1.908668818e-17
2.268328797e-16
5.019477154e-17
1.502098022e-16
1.728277333e-16
1.369583907e-16
4.571733652e-17
6.262423496e-17
8.324118041e-17
2.341734268e-17
2.007234313e-16
7.183531608e-19
1.256452957e-16
6.392252881e-17
3.558106111e-17
5.626346273e-17
2.313867781e-17
1.379175701e-16
8.414567365e-17
1.045892669e-16
4.972120267e-17
5.280896315e-17
3.858932452e-17
4.174919659e-17
8.584011683e-17
5.514882394e-17
5.51424841e-17
7.839675965e-19
2.850254624e-17
2.711508738e-17
3.692034042e-17
5.483556019e-16
1.665411301e-16
5.111007959e-17
7.567588976e-17
1.422153558e-18
7.5624017e-18
5.9716415e-17
2.919571171e-17
3.999826278e-17
4.903998641e-19
3.606286824e-17
4.16043569e-17
3.711939858e-17
3.866267623e-17
4.465623019e-17
1.389976981e-17
1.206979189e-16
7.581430379e-17
7.101054588e-17
2.115964668e-16
5.400765002e-17
1.053362061e-16
1.485958116e-16
9.492261346e-17
9.566521951e-17
1.339940353e-16
2.29954376e-16
5.296200451e-17
4.407243937e-17
1.687906551e-16
2.466818598e-16
9.135544479e-17
5.385441295e-18
2.704167766e-17
1.063021241e-16
4.447680607e-17
1.576707313e-17
1.139932356e-17
9.938967758e-17
5.141434231e-19
3.491565326e-17
3.582684623e-17
2.382320477e-17
2.711482655e-18
3.396796877e-17
1.66629849e-17
1.577378149e-17
4.36444923e-17
3.13966568e-16
3.823824025e-17
5.638538957e-17
2.641091592e-17
6.059589439e-17
1.288983617e-17
2.517081507e-17
5.735500089e-17
4.194170193e-17
6.245997192e-16
2.147219657e-17
3.20037602e-17
1.029696732e-16
1.737572341e-17
1.276246118e-17
1.03952761e-18
2.374206614e-17
5.621955e-17
2.212084891e-17
5.486098634e-17
2.252022809e-18
7.495926013e-17
1.284756368e-17
1.756799891e-17
2.474423457e-17
2.226907826e-19
4.175574671e-16
1.426852305e-17
1.458303245e-17
2.239606227e-18
1.296251867e-17
6.644329205e-17
5.727446156e-17
4.907209414e-17
1.247491257e-16
9.389497449e-17
4.200879935e-19
3.909493889e-16
3.126411024e-16
1.239238204e-17
1.947089169e-17
1.304864791e-17
5.40377193e-17
4.669351363e-19
4.745956886e-18
3.742238948e-18
4.932485757e-17
8.659213516e-19
2.322085882e-17
2.524167619e-19
7.281229392e-17
1.470569691e-17
2.362195295e-18
2.130337348e-16
6.195724755e-17
1.613055356e-17
2.401387652e-16
1.295298654e-17
9.462270819e-17
7.562847007e-16
8.010710552e-19
3.187954727e-17
4.371769094e-19
3.595200691e-17
7.163427009e-19
1.856091913e-17
9.756407654e-19
1.51128613e-17
1.345555776e-17
4.318135683e-17
1.103259535e-17
7.431586311e-17
2.299273758e-18
1.249986138e-17
1.744632934e-17
1.160398046e-17
1.578606152e-17
4.160619432e-17
3.832870938e-17
1.225117553e-17
3.8655192e-17
6.425312665e-18
4.609078906e-17
2.28831763e-17
8.276199996e-19
5.820990554e-17
1.000439227e-18
5.561233902e-19
2.918546877e-17
1.630260275e-16
9.267088143e-19
3.682219228e-17
1.948523177e-18
2.09206854e-18
1.022528383e-18
1.042671556e-17
7.105964455e-17
2.211712304e-17
1.196938682e-16
1.278661857e-18
5.874839002e-18
3.565219423e-19
3.140415495e-17
5.59372873e-16
7.349929286e-19
6.695052698e-17
7.742829693e-17
4.837635094e-17
7.11287138e-17
1.687714651e-17
4.019394754e-17
1.610824226e-17
1.137060618e-17
6.873500407e-17
1.771681357e-17
3.235712474e-17
1.149787904e-17
1.25966551e-16
1.420800626e-18
1.539281259e-18
4.543411248e-17
1.507116384e-17
5.988230583e-18
1.447201208e-17
6.911563797e-19
4.075467973e-17
4.4274906e-17
2.287591697e-17
5.64685601e-17
2.029310069e-17
2.702047997e-19
6.569317706e-18
2.644838617e-17
1.024007455e-16
2.920224181e-17
1.296438448e-16
1.669185687e-17
8.712393921e-17
2.917858272e-17
2.368245096e-16
1.265037751e-17
6.290573891e-17
6.637457149e-19
1.120404882e-16
3.227328981e-17
1.429844338e-18
1.371725252e-18
1.08491419e-17
8.769035306e-19
4.434686429e-19
1.729669668e-18
2.690516498e-17
3.362898944e-17
2.388445728e-17
3.597408366e-18
5.56498578e-17
2.372934418e-17
5.044102368e-19
4.443059623e-17
1.847502722e-17
4.911181361e-19
2.980576326e-18
3.719563236e-17
3.926040236e-17
1.344408196e-17
3.397548674e-17
4.549098568e-17
6.889281776e-17
1.659546194e-16
9.941794123e-17
4.138471357e-17
2.504038284e-19
4.844352066e-17
1.119909523e-18
9.2630671e-17
9.630549774e-17
3.767599204e-17
1.105426771e-16
2.272887466e-17
8.49356222e-17
5.810598911e-17
3.909532376e-17
3.881334825e-17
6.158350824e-17
7.976807297e-17
1.134427263e-16
1.069012159e-16
2.952195793e-17
3.211391983e-17
3.026537025e-17
3.393548672e-17
2.017350597e-18
4.251325391e-17
5.07576768e-17
1.610443376e-16
5.528406273e-17
5.833995531e-17
2.111105076e-16
1.19762155e-16
1.303503617e-18
3.368710746e-17
4.707915524e-17
5.508915005e-19
1.532925831e-17
7.818981373e-17
6.017604008e-17
1.930073255e-17
2.331230036e-18
1.62839824e-16
2.713669146e-17
9.198018653e-19
1.188361759e-17
1.204271194e-17
2.019640667e-17
1.296694349e-16
2.475384644e-17
2.018535979e-18
6.515069431e-19
5.182982338e-18
2.283347796e-18
2.249421145e-17
4.136879751e-17
3.31923355e-17
1.799434594e-17
5.06399726e-17
4.514797046e-17
1.460069052e-17
2.479085341e-17
2.611733708e-19
5.021859087e-17
2.302454518e-17
5.108651062e-19
4.579917908e-17
3.258312648e-16
4.230740665e-18
2.329820131e-17
3.842605956e-17
7.81198545e-19
1.187468968e-18
1.690390538e-17
1.954759476e-18
5.917324719e-19
1.064916708e-18
1.491345672e-17
4.178817105e-17
1.708150659e-17
4.45626362e-17
1.607727338e-17
3.848877108e-17
1.034639211e-16
2.60450829e-17
1.890666878e-19
1.219894345e-18
4.191319947e-19
9.727689027e-19
1.333003053e-18
1.078086078e-16
4.312501699e-19
2.514620326e-17
7.388697389e-17
8.097814805e-17
1.022008988e-18
4.158888823e-17
7.010492185e-19
2.479485e-18
7.134295822e-19
5.180873885e-19
3.47455597e-18
1.549712891e-16
4.10095433e-17
5.681789642e-18
7.338676957e-18
1.336071655e-17
4.091205121e-17
1.429632449e-18
3.445775893e-17
6.260448636e-19
8.429526062e-19
3.308482023e-19
1.325261905e-17
4.79972138e-19
4.466812386e-18
1.786271564e-18
3.878821053e-18
2.814314127e-17
3.933805813e-19
1.224631665e-18
2.261441603e-19
3.773464067e-18
4.217370403e-17
1.63786177e-18
1.30340629e-17
6.759990092e-17
5.276251974e-17
8.846853994e-18
6.735665724e-19
1.658685468e-17
3.534511253e-19
1.582349675e-17
2.504762733e-18
6.675779911e-18
1.747196869e-17
9.173245898e-17
1.173921009e-17
1.661297741e-17
1.101100737e-17
3.406369161e-17
1.657327683e-18
1.057338409e-18
1.697087369e-18
2.884322128e-17
1.721671052e-18
2.210377178e-17
5.299560623e-19
1.782075234e-17
6.192359447e-17
4.461629455e-19
4.954813058e-17
1.155060291e-16
4.100618826e-19
6.76856182e-18
1.960884091e-17
2.83902333e-18
7.748691814e-19
8.187071066e-19
4.313477497e-17
1.417206374e-18
1.81834475e-17
2.587459269e-17
4.518601422e-17
5.178549502e-17
1.37061945e-16
5.723997126e-17
1.870475136e-17
5.878838483e-17
1.565939251e-17
4.643295427e-17
4.676174205e-17
3.345901305e-18
1.870349692e-16
5.449564507e-17
2.504606208e-16
7.947556778e-19
7.421908188e-19
2.361004484e-19
5.557504048e-16
3.390882764e-17
5.604429102e-19
4.802157474e-18
4.338049919e-19
2.217864521e-17
8.249856295e-19
2.370416956e-18
8.651714027e-19
1.889620964e-17
8.087264181e-18
8.230410728e-19
3.445919756e-17
5.408060137e-19
2.891816984e-17
6.395397885e-19
1.514956926e-17
7.8297517e-19
1.321999046e-18
1.319034203e-17
7.552433653e-19
1.987036935e-17
9.323383634e-17
1.219031868e-17
4.463211615e-17
5.607805476e-19
4.962939994e-19
8.388340133e-18
7.63998213e-19
2.375688282e-18
8.226358718e-19
1.033869772e-18
3.316876798e-17
7.958397505e-17
1.703852279e-18
1.195736206e-17
9.043712534e-18
1.236858235e-17
2.482557742e-17
8.968575155e-19
1.413206053e-18
6.72956514e-19
5.421642478e-19
3.501919428e-19
1.555865284e-18
4.33981009e-19
5.042948897e-19
7.419558674e-18
8.061170102e-19
1.255640553e-18
3.04225337e-19
2.082156878e-19
2.289702826e-19
3.639343709e-19
3.336953846e-19
9.18920972e-20
1.987563905e-17
1.197953632e-17
1.433473489e-17
1.500730944e-16
1.624155803e-17
2.156510621e-19
4.419315801e-17
8.420236871e-17
4.017818776e-19
2.280290782e-19
6.584561002e-19
1.641275148e-18
5.182382251e-19
8.002267853e-18
6.876473995e-19
3.312227658e-19
1.298261152e-19
1.731188384e-17
3.526028002e-16
3.247426187e-18
2.88408074e-18
3.339825259e-19
5.215343833e-19
6.053254212e-17
1.551509603e-17
4.804740133e-17
1.047095446e-17
1.228274232e-17
2.017334448e-17
6.967236206e-19
2.44782516e-17
2.013620003e-18
1.57680369e-16
6.040434733e-18
2.420076486e-18
1.23462462e-18
1.236061037e-18
6.915368368e-19
7.080019757e-19
2.565843375e-17
1.011798767e-17
4.248695336e-19
2.738436259e-19
8.647429655e-19
9.341202325e-19
3.32771767e-19
1.356013118e-19
1.447223365e-18
4.350766378e-19
1.295962313e-17
1.796349186e-18
1.021170411e-17
3.775699512e-19
2.963687491e-19
5.466102762e-19
1.732536917e-19
1.645387011e-18
1.715178106e-17
2.714144614e-17
2.640659355e-17
2.744116037e-17
1.359269782e-17
1.378085333e-17
1.124520565e-17
6.002759112e-17
2.622231923e-19
6.858801718e-19
1.262190319e-15
7.252586126e-16
3.63143419e-19
1.010123808e-17
4.204351304e-19
1.244049423e-19
2.018827598e-19
4.660648705e-19
3.278050776e-18
2.894651465e-17
9.655579956e-16
4.441368132e-18
7.600722074e-19
3.803932365e-19
1.137966626e-19
3.401504808e-19
6.288820918e-19
2.957075003e-19
1.396858079e-17
1.184087953e-17
2.010137254e-17
5.157054822e-18
6.942736979e-20
1.266333689e-17
8.783972316e-19
2.285528765e-19
1.760662642e-19
5.423260825e-19
5.098122105e-19
4.971286474e-17
7.085965411e-18
1.222831281e-17
4.754980952e-19
1.210664736e-17
1.942884858e-16
6.141879478e-19
1.999256825e-17
2.47441877e-17
1.786384297e-16
8.505196683e-18
2.801198468e-19
4.908323418e-19
2.780345744e-19
2.662990564e-19
2.889323746e-19
4.201895851e-16
4.494474572e-17
5.944718305e-17
1.860778362e-18
5.232137159e-16
2.284781101e-18
2.694226777e-17
7.456541899e-17
5.984548572e-19
1.177114929e-17
1.493744808e-17
9.430902987e-17
1.401407311e-19
1.859501848e-17
2.242271045e-19
4.995262587e-19
1.005487763e-18
1.466951107e-17
2.256711096e-18
1.886515481e-17
5.226137141e-19
8.443156239e-19
5.693353763e-19
1.537908981e-18
2.699037549e-17
2.994812876e-19
1.305423237e-18
6.673015298e-19
1.077726745e-18
7.643114731e-19
2.798175495e-18
1.48913115e-17
3.681560037e-19
4.428063273e-19
2.104701074e-18
6.912355165e-17
1.401072489e-16
3.206883354e-17
7.888367032e-17
1.737920657e-17
6.394133835e-17
8.260623824e-17
1.591114008e-17
3.4753181e-17
1.339628798e-17
1.195892747e-17
6.122376411e-19
5.08449556e-17
2.373677544e-17
2.057761348e-18
5.351631308e-17
1.136885802e-17
7.990246243e-19
5.507794727e-17
4.521946385e-17
9.573555522e-19
4.576016228e-17
3.286689956e-17
1.127680923e-18
2.371398094e-17
3.677243789e-19
1.58829646e-18
1.374096686e-18
3.557301548e-19
4.95987282e-17
3.213269602e-17
2.391640772e-17
6.634416379e-19
3.750954276e-17
4.71084624e-19
1.120851948e-17
7.578985979e-17
2.914792099e-17
2.031761136e-17
1.4906819e-19
2.753038179e-17
5.184844797e-19
1.630458183e-17
2.337162008e-17
2.489331308e-17
4.835350952e-19
4.842578519e-17
7.107639799e-19
2.826380281e-17
5.794196182e-17
3.18061515e-16
1.417977797e-16
1.560064238e-16
4.774188288e-17
9.385196069e-17
4.610821964e-17
3.005198706e-16
1.19326524e-17
4.545361133e-18
1.105591328e-17
1.489942153e-17
2.31546679e-17
1.010584406e-17
4.163363657e-17
3.727924156e-19
5.095787024e-19
9.836340011e-22
2.133594456e-18
9.910017274e-16
4.166437708e-17
2.502275402e-19
6.498983635e-19
3.425639624e-17
2.455863136e-17
1.054897769e-18
1.215337004e-17
2.479474442e-17
7.118986397e-17
9.890270529e-19
9.44375695e-18
9.151341736e-19
2.480295743e-17
3.471214628e-17
6.574307572e-19
5.05097525e-17
8.738277155e-19
3.649399886e-17
1.896615488e-17
4.249754158e-17
1.773004266e-17
5.682867068e-17
1.66995072e-17
1.193728295e-16
2.681616121e-17
5.381003034e-19
2.535325935e-17
9.894912957e-19
2.365369298e-17
4.67339254e-17
8.93000834e-17
1.392811565e-17
6.597192538e-17
3.397653653e-17
1.218971622e-17
4.268328895e-17
5.42683412e-18
8.995525705e-19
2.784537263e-17
5.078363952e-17
1.781784203e-19
9.048582302e-19
1.220226597e-17
4.608003164e-17
3.785249671e-17
5.831164573e-17
1.77687584e-19
7.885869061e-19
3.738710532e-19
6.607634774e-18
3.376466084e-19
4.261690159e-17
8.278358214e-19
3.607303243e-19
8.099026913e-19
1.436309772e-19
6.418138933e-19
3.415142282e-19
6.727356869e-19
4.217905507e-17
1.99238355e-19
9.736656107e-19
9.435822833e-19
1.642776472e-18
4.818712017e-19
3.421644743e-17
9.058136562e-19
3.342154677e-19
2.615139501e-18
9.966053028e-19
1.262183118e-18
4.992104695e-17
2.505008246e-17
5.883824836e-19
1.575856016e-17
4.790271234e-17
3.995892489e-17
4.320536353e-17
1.555150834e-17
6.962449211e-19
9.050021474e-17
4.946588738e-17
8.345508229e-18
1.892259727e-18
9.600746653e-17
2.678535655e-17
2.696132543e-17
1.294078127e-17
5.925859536e-17
1.662559597e-16
1.049020355e-16
8.0692625e-16
4.622471618e-17
2.945941722e-17
5.157907584e-21
2.445070363e-19
4.743383696e-19
3.581421601e-17
8.332040399e-20
1.596758184e-18
1.388700684e-17
4.861363555e-19
1.423628572e-17
4.296612705e-17
6.926158829e-17
1.466693518e-18
3.833878696e-17
1.936240765e-19
9.390961708e-19
4.720351478e-19
5.088096487e-19
4.261041291e-19
1.622773454e-17
4.9794261e-19
1.352829229e-17
5.66594954e-17
4.265687615e-17
3.167765757e-17
1.745391145e-19
7.979792048e-17
4.459692372e-17
4.119049028e-17
2.157404398e-19
1.44085109e-18
9.098265065e-19
3.304202303e-19
3.051197273e-19
2.271604421e-19
3.427602786e-19
2.724248647e-17
2.756912516e-18
2.589370097e-20
1.003271683e-18
1.364307906e-17
4.317820754e-17
6.860451483e-17
3.735203354e-17
8.401792536e-17
3.474429077e-17
5.610176858e-20
2.957845445e-17
7.371035662e-17
1.17284818e-17
4.033162378e-17
1.172073122e-16
5.444917229e-19
3.697000243e-18
4.738052933e-20
5.129514163e-17
1.223110977e-17
1.069718691e-17
1.43112133e-17
1.044437721e-17
9.065026658e-19
3.391330114e-19
1.798946537e-19
1.814058765e-19
3.892764485e-19
1.724208256e-18
2.176069201e-17
7.154818895e-19
6.527576972e-21
4.280816771e-19
3.935885864e-17
1.605727894e-16
1.817357568e-16
3.03993861e-16
3.113740434e-17
4.34371042e-17
1.278442196e-17
2.03287823e-16
1.232825412e-18
3.382071978e-19
3.237717198e-19
4.906206404e-19
4.989695318e-19
1.984931946e-18
1.069378722e-18
1.318440715e-17
2.567853424e-18
3.490463539e-18
1.367538626e-17
1.2476617e-17
3.563343609e-17
1.342609092e-16
2.265145802e-17
2.16824358e-19
8.510596846e-19
4.121014482e-19
1.10524706e-18
4.852708183e-19
5.819064188e-17
6.157088463e-19
5.298516204e-17
7.010704641e-18
3.534541123e-19
7.580955839e-19
1.904430616e-17
5.214541215e-19
2.409114085e-19
4.174026717e-17
9.343252587e-19
1.141514026e-18
1.226192829e-18
2.304201052e-18
1.968752179e-17
6.145129102e-19
3.807510673e-19
6.636077572e-18
2.398481958e-19
2.549695285e-19
6.871466719e-19
2.059932846e-17
4.563077974e-17
1.053074158e-17
5.127704994e-17
7.15618794e-19
1.71675009e-19
1.420449957e-18
2.918344276e-19
8.093961418e-19
6.63403833e-19
2.554820519e-17
4.046574596e-18
2.981654491e-19
1.210374084e-17
1.512271225e-16
4.331412182e-16
1.56695201e-17
5.040489012e-19
1.365044929e-17
6.350979882e-17
4.311447036e-17
8.384212907e-17
4.328611989e-19
9.97060861e-19
2.888243957e-19
4.940200606e-19
3.786772675e-19
7.311589854e-20
1.552460059e-18
4.412584495e-18
5.030257535e-19
2.417061695e-19
3.466657989e-17
6.409140082e-19
4.065514444e-19
1.091515685e-18
1.618926929e-19
5.831487731e-19
1.33851625e-17
3.977146153e-17
1.320800466e-18
6.136317312e-19
1.997175822e-18
3.286873806e-19
1.557488502e-18
6.072097979e-19
4.665776979e-19
1.426981943e-17
4.150622083e-17
3.772415371e-17
4.616934623e-17
1.595146882e-18
1.692332657e-17
1.048031554e-17
5.276707975e-17
7.790638385e-18
5.225161454e-17
2.890240925e-17
6.78632925e-19
1.63613798e-17
6.141335022e-19
2.532219831e-17
2.236466946e-17
8.163308883e-19
5.332481897e-19
1.577189889e-18
4.587354154e-17
2.255121976e-17
1.149166604e-17
9.183489194e-17
3.456806811e-17
9.951724158e-17
3.797378789e-19
1.767060909e-17
1.356525146e-17
2.561077344e-19
3.403205054e-17
1.138335799e-17
5.410366098e-17
2.3711863e-17
1.128494489e-19
6.345422598e-19
1.603391397e-17
4.02261831e-19
3.620580796e-19
2.719311947e-19
4.174106803e-17
2.988286009e-19
1.886312348e-17
1.107256334e-18
7.487239359e-19
2.128564182e-17
2.438453854e-17
4.939071468e-18
1.376324118e-17
8.823654491e-19
1.416811147e-17
1.149237382e-17
1.375821234e-17
5.156278603e-17
9.924479931e-19
5.170820459e-19
1.765690166e-19
4.093700206e-19
1.335832064e-17
6.326631484e-17
9.418203703e-16
3.641305544e-17
1.802097001e-17
1.292425605e-17
3.396200678e-17
2.356018377e-17
7.118259783e-19
5.129007739e-17
1.132348831e-19
6.863536481e-18
1.609744775e-19
1.323299546e-17
3.663198366e-19
2.035809726e-19
1.788856798e-19
1.690669065e-17
1.033401082e-17
1.501113195e-17
5.17983912e-20
3.560480389e-17
6.275235187e-19
4.554380114e-19
3.997136571e-19
2.202709526e-19
2.5323999e-19
4.336231393e-19
3.541053466e-19
8.210732545e-19
1.835960802e-19
1.152647905e-16
3.018082074e-19
1.147298999e-18
1.053767038e-18
3.87717026e-17
2.362143713e-18
1.619132042e-18
9.84556854e-19
3.962268134e-19
1.908005028e-17
3.260940031e-20
3.0644227e-17
1.478147941e-17
2.381668441e-17
2.867372875e-17
1.815936129e-17
2.145574539e-17
8.964241384e-18
1.706674609e-17
7.10684457e-17
1.327241782e-17
3.242877894e-17
1.492729912e-16
1.186782345e-17
4.444605105e-17
2.666818484e-20
1.603215745e-17
1.445821364e-17
6.69644781e-19
8.599332295e-17
4.898934287e-17
1.261955852e-17
9.338179217e-20
1.344027536e-19
6.377348713e-21
8.553621034e-19
3.86984848e-20
9.189596864e-20
4.044645364e-17
2.560414355e-19
5.092368692e-17
4.339317878e-16
1.422839062e-17
4.210918206e-17
4.345212266e-17
1.265158685e-17
1.55381009e-17
8.84045167e-19
3.302589505e-20
2.141007457e-19
3.748340023e-19
1.463301861e-19
4.0047398e-20
3.220999297e-17
2.441307184e-19
2.615173848e-17
1.235496789e-19
2.160622756e-18
3.657887709e-20
4.559102058e-20
1.996402064e-17
1.131486365e-19
1.266038593e-20
1.608811856e-17
1.053245035e-18
2.180218048e-17
1.31073548e-17
1.980260304e-19
1.377084228e-19
1.406430295e-17
2.156794068e-19
4.744242297e-17
3.742379807e-17
4.154764747e-17
3.033360274e-17
3.213177664e-20
2.670280459e-17
1.936522949e-17
1.654552481e-17
1.134904863e-16
1.136963532e-16
1.334180311e-18
1.412475502e-17
7.069871243e-18
1.435408312e-19
6.811668881e-19
2.700631657e-19
4.821063239e-19
2.220704314e-19
0
1.469723406e-21
3.419238002e-23
3.391583381e-32
5.574405995e-27
2.902334976e-19
3.285679918e-22
6.463521949e-19
5.330164875e-27
3.738573802e-20
3.698808481e-18
1.912553959e-24
3.650963379e-23
3.93405205e-21
1.006369098e-19
5.321423323e-17
9.29101801e-20
1.194330244e-19
6.357811041e-17
7.57050802e-17
9.294436819e-17
1.507050388e-17
8.336635215e-17
1.134064808e-17
4.50850232e-17
4.268071014e-17
1.474600114e-17
5.433012298e-18
2.909627476e-19
1.491626065e-19
3.774518204e-19
3.594869723e-17
1.156325236e-19
1.379132791e-19
4.78390851e-20
1.21049363e-19
3.21696592e-19
2.744957219e-17
1.109148743e-17
1.086159317e-17
4.083269074e-17
2.498727923e-17
6.825309994e-20
1.977309352e-17
1.956784856e-18
1.641600075e-19
1.678230447e-17
1.519367997e-17
3.0703791e-17
1.722823957e-19
1.315058033e-17
9.304641379e-18
1.154732664e-17
6.437563234e-17
3.98839381e-19
2.595399543e-17
3.150901138e-21
2.081687962e-17
4.930606681e-20
3.495956623e-17
1.466850272e-17
3.021582606e-19
1.442887352e-17
1.093066283e-17
9.18035947e-20
1.082119037e-17
7.369510473e-17
3.256123423e-19
8.747371043e-19
1.196402688e-19
0
0
5.527960353e-20
3.957302566e-18
1.564218293e-17
1.058239646e-16
2.851698047e-19
1.768786331e-19
1.077776862e-17
1.687856564e-19
2.774961342e-17
2.211971883e-17
2.619346044e-19
5.486856732e-19
1.60493301e-17
1.457331483e-17
1.131458261e-17
2.172713749e-19
4.490025714e-17
6.363432247e-17
2.124608589e-19
1.416161791e-19
4.06826557e-19
3.065735187e-20
2.04273685e-20
2.240161026e-19
3.143299894e-20
2.788802384e-19
4.070684036e-19
1.251425539e-19
5.115620986e-20
4.793157108e-19
2.667305553e-19
4.414229198e-17
1.933159653e-19
1.652827499e-19
2.307141014e-19
2.957494989e-19
1.241668966e-17
2.38850695e-17
5.480210229e-19
4.173980183e-20
6.796223569e-20
4.713935373e-19
2.650105348e-19
2.220742023e-19
3.044956506e-19
1.139735419e-17
1.404876013e-18
1.6785255e-19
4.976219816e-20
1.478912519e-19
2.42024704e-20
3.387578855e-19
6.647644002e-20
4.565023576e-18
2.624310337e-19
2.385645228e-19
1.267940714e-19
4.971498395e-19
4.915886209e-19
4.631204177e-19
2.392675323e-19
3.032695273e-19
2.619288729e-20
1.743330174e-19
4.867746479e-19
2.439585014e-19
8.306500254e-20
3.01037689e-19
0
6.51367366e-20
2.120795748e-19
3.820124366e-19
1.095697231e-19
2.88376681e-18
1.558371798e-18
2.873308269e-20
1.817721937e-18
1.838537063e-19
3.295435848e-17
1.02048145e-18
1.797153911e-19
1.538451589e-19
2.63524203e-19
4.865483199e-21
1.106063234e-19
1.352301734e-19
1.742045793e-19
3.259028771e-19
4.970334514e-19
1.341963318e-19
1.874797765e-19
2.456057485e-19
4.061783974e-19
4.661617787e-19
2.43533705e-19
5.382352735e-18
6.924171533e-19
3.947911865e-19
7.742656206e-20
1.265201385e-19
3.80493038e-17
5.435966828e-21
3.208574204e-18
9.309604179e-20
2.040441105e-17
1.417096073e-17
3.074004883e-17
6.535207557e-19
2.230236723e-19
1.663742167e-17
2.548373943e-17
1.11756627e-17
1.128385923e-17
9.704488086e-17
3.433315918e-17
4.822158914e-17
1.678791844e-17
8.087374017e-20
6.384210122e-20
2.135834195e-16
1.216165744e-17
2.793237708e-17
1.16923524e-17
1.337909411e-20
1.163714299e-17
5.87341727e-17
1.037555227e-17
7.698813249e-19
1.137192292e-19
1.569579869e-19
1.887813268e-19
1.841961258e-18
1.200858178e-21
1.187595444e-21
3.857471806e-19
9.466913889e-20
1.019555386e-19
1.138704266e-19
1.555486025e-18
3.914947135e-19
1.63975499e-18
7.200590802e-16
8.482753306e-19
2.433166443e-19
3.113681094e-21
5.007679811e-25
6.281613992e-24
4.56198443e-20
1.037942936e-19
1.561658415e-17
3.080757221e-22
1.620395761e-26
1.021340266e-23
4.456267321e-22
1.166382294e-19
1.073750418e-19
4.700004006e-17
3.221343041e-17
3.440862644e-20
1.882553238e-17
6.264429883e-28
3.158444193e-20
5.420293861e-22
1.587818108e-21
1.719976785e-17
1.181941145e-19
9.516816888e-20
1.354008164e-17
1.407304046e-17
7.958049511e-20
2.302384762e-20
1.163079219e-17
1.184921712e-17
1.195664829e-17
3.911805788e-16
2.96543309e-17
2.270684762e-18
1.044904898e-20
2.375767585e-20
2.371622441e-18
4.099700024e-29
1.036561359e-19
1.478218088e-19
3.12338372e-17
1.310940309e-19
1.436237019e-19
3.731807921e-19
2.685201641e-19
2.714351831e-17
8.788977048e-19
2.604277513e-20
2.906510123e-19
7.345280243e-20
3.516152372e-20
2.286392601e-17
2.828568941e-19
2.404229605e-17
2.460105545e-19
1.995902202e-17
1.484600468e-17
2.211521653e-19
3.309479755e-20
1.319229088e-17
1.578855893e-19
1.151425934e-17
1.080382193e-17
1.124952685e-17
3.802849624e-17
3.066315414e-19
6.327353638e-17
1.484553327e-19
9.713145589e-21
1.560777375e-19
1.782749521e-19
2.980547945e-20
3.612686578e-19
4.950213312e-19
8.663756171e-18
5.601849531e-17
4.103083656e-20
1.043200218e-18
7.410736042e-17
1.000473624e-18
4.486254577e-19
6.05043221e-17
9.366421206e-20
1.74102798e-19
2.689813148e-17
6.424156802e-18
4.831204869e-17
4.701098791e-19
2.582427543e-17
5.49959549e-17
2.140336902e-17
4.320644843e-17
4.087069609e-17
4.816527699e-17
1.008919601e-16
5.793853269e-17
3.462219181e-19
1.389129398e-17
5.046121655e-20
1.213894158e-17
3.716733372e-19
2.975666727e-19
4.627612135e-17
1.274680295e-17
1.768910693e-17
4.735267724e-19
2.792644805e-19
3.902693617e-19
4.108122618e-17
5.642722353e-18
1.802469632e-25
0
8.379829224e-20
1.992659851e-19
3.231702273e-19
1.411572574e-20
1.572378334e-17
4.8194279e-17
2.031765886e-20
4.552968377e-17
3.415967909e-17
1.480002669e-19
1.061679942e-19
4.055215886e-19
1.598822174e-19
1.621641538e-17
1.362141099e-17
9.63891336e-22
1.354020535e-17
1.247857076e-19
1.503062099e-17
1.249207738e-17
1.388576329e-17
9.364258034e-18
1.333934831e-19
6.37062401e-22
0
9.234280464e-18
1.001636813e-17
1.063877072e-17
1.67139211e-16
6.130138048e-29
1.911781921e-19
0
1.038737663e-20
1.137227451e-26
1.979575531e-20
1.555172067e-19
1.227544344e-19
5.136712698e-27
1.145239375e-20
3.338519813e-19
3.615932951e-20
9.256638439e-20
7.297067127e-18
1.536382885e-17
2.079538862e-19
2.683553995e-18
1.534058205e-19
1.216482461e-19
0
2.987159858e-19
4.626884336e-17
3.778642514e-17
2.562427854e-19
4.180012614e-19
3.598209284e-19
2.710611811e-22
1.932924221e-21
2.996268711e-19
1.841962487e-19
7.825404479e-19
4.17263889e-17
3.115778115e-17
3.528365574e-22
3.150208958e-19
2.679919394e-17
1.616762706e-18
6.586642764e-22
1.804860145e-16
2.079547027e-31
1.23891384e-18
5.867716661e-17
1.826921787e-18
7.801270748e-19
6.037689958e-17
4.792847731e-17
3.40670218e-17
1.295160061e-17
2.339219954e-17
1.189531834e-17
2.631609369e-17
2.20792123e-17
1.38008928e-17
1.349419835e-17
3.003840715e-17
1.247707129e-17
6.396841183e-18
1.30018253e-18
1.175163296e-17
2.255047626e-17
4.404989145e-20
5.408370416e-17
5.781462557e-18
4.019378233e-19
4.765209148e-17
7.735326465e-19
2.352844995e-19
1.305991606e-18
1.433656273e-17
1.662534799e-19
2.03745016e-19
2.500917136e-17
2.590729598e-19
3.673968032e-19
1.05019181e-17
4.479092017e-17
2.397349534e-19
9.605150239e-19
3.7331155e-19
2.291610888e-19
0
3.721900259e-19
2.360463979e-19
3.699079865e-20
1.490620487e-19
3.529415706e-19
3.724034761e-17
1.511594507e-18
1.158024525e-17
3.127679776e-17
2.992068529e-19
5.940497034e-20
2.060234059e-19
1.322870593e-17
2.359438245e-17
4.899789454e-19
1.243387895e-17
1.07703774e-17
7.268328258e-17
2.374211195e-17
1.948574348e-19
8.199427761e-19
2.354583651e-17
1.325106677e-19
1.262868481e-17
0
4.123719256e-19
2.941041162e-17
1.253978803e-17
3.642872419e-20
1.064351419e-17
3.307332642e-17
2.039717143e-17
1.119368554e-18
5.733605453e-18
6.26499404e-19
2.117330535e-17
3.604790353e-20
3.418171972e-19
1.336066563e-19
4.382448621e-19
5.516463249e-19
1.528116332e-19
8.443185449e-19
3.949369147e-19
3.8761335e-19
1.404992183e-19
4.205929186e-20
6.463787898e-19
2.156130247e-19
3.292780284e-20
1.510120577e-18
2.109501364e-17
1.859672475e-19
2.17595315e-19
1.09618598e-17
1.243553684e-17
2.061423688e-17
2.649364514e-17
3.198352063e-19
3.642352323e-32
2.78108688e-17
3.730533682e-19
7.984116433e-20
5.516092619e-19
4.726237312e-19
3.907381437e-20
4.875163976e-20
1.162991253e-19
5.704279669e-19
1.395388671e-19
3.127157922e-17
2.963561901e-19
7.983644026e-19
1.411440906e-19
1.465550218e-19
4.676616841e-19
1.543123996e-22
4.039614379e-19
4.537649268e-19
6.333663384e-20
1.480404852e-19
5.672882644e-19
9.146925365e-19
3.678043658e-17
3.28631711e-19
8.143377959e-19
1.099351028e-18
1.021128042e-19
9.008641765e-19
1.088792946e-18
4.644065784e-17
2.919615201e-19
5.400366218e-19
6.72366778e-19
5.25021511e-17
1.634222999e-18
1.489358414e-17
7.629230112e-20
