#################################### 
# Matrix Size= (25,25,400)
# Resol      = (1,1,4000)
# VoxelSize  = (25,25,0.1)
# nbVal      = 4000
#################################### 
0.005387672822
0.005398783014
0.005390153054
0.005399146448
0.005365416261
0.005474251092
0.005529809575
0.00557299456
0.005435462425
0.005508711033
0.005127055318
0.005255007612
0.00526362976
0.005431373752
0.005342210836
0.005440417007
0.005343695461
0.005585353399
0.005338626246
0.005508009134
0.005481274102
0.005409477413
0.005363624047
0.005315038838
0.005366458478
0.005544638859
0.005247059382
0.005466244881
0.005465409067
0.005416068287
0.005309936123
0.005491072567
0.005352567533
0.005447225511
0.005456592316
0.005279162917
0.005548023284
0.005489885265
0.005583497656
0.005435152282
0.005328020624
0.005468928541
0.005365089917
0.00540532033
0.005307578605
0.005401170527
0.00558854606
0.00543883828
0.005539419385
0.005539809643
0.005417308279
0.005324775074
0.005590852362
0.005550732376
0.005643360181
0.005764524246
0.005558884632
0.00555608205
0.005666108227
0.005500476397
0.005312956365
0.005438034791
0.005484929723
0.005495737212
0.005584863039
0.005751186705
0.005687203957
0.005528775235
0.005534102877
0.005609856394
0.005590588644
0.00581710229
0.005679917037
0.005493553514
0.005439438459
0.005486952663
0.005480217535
0.005483251128
0.00547134347
0.005727164742
0.005474700389
0.005652034058
0.005684597866
0.005472814229
0.005507901799
0.005506133548
0.005510137056
0.005477123954
0.005651167588
0.00548829973
0.005475717747
0.005659265828
0.005553706646
0.005482181782
0.005377541692
0.005374292108
0.005585951253
0.005497277907
0.005388547617
0.005416427855
0.005380186932
0.005508083246
0.005414000992
0.005437266118
0.005531169743
0.005658492293
0.005796546127
0.005523312799
0.005732933804
0.005451421164
0.005408526881
0.005672545493
0.005591745534
0.005450329058
0.005447602335
0.00549903325
0.005494531472
0.005522533149
0.00540685027
0.005488177636
0.005575378764
0.005475546477
0.005425163556
0.005615257622
0.005333219026
0.005346440112
0.005585520732
0.005374004001
0.005538172694
0.005596533489
0.005420325341
0.005696881454
0.005477593471
0.005494348104
0.005594127231
0.005516664726
0.005505665772
0.005413784103
0.005452180408
0.005404855533
0.005346503413
0.005559846436
0.0055604543
0.00539619988
0.005496073133
0.005608692298
0.005484040559
0.005633481345
0.005396102517
0.005394894417
0.005385668358
0.005476979948
0.005533890752
0.005467851704
0.005431698576
0.005514806799
0.005350842592
0.005477477517
0.005653420414
0.005459601034
0.005595324919
0.005417353
0.005453796435
0.005434568278
0.005376869877
0.005395128318
0.005430017028
0.00545944593
0.005500284424
0.005718567405
0.005594155771
0.005393250912
0.005484602081
0.005521461978
0.005529364661
0.005541848044
0.005478166478
0.005394636483
0.005444588374
0.005334427939
0.00545194565
0.005536362034
0.005570252715
0.005378411435
0.005515339786
0.005454810933
0.005486239978
0.005652207319
0.005404139759
0.005436820154
0.005518907343
0.005455851675
0.005509805371
0.005455285427
0.005355779183
0.005686250304
0.00541181099
0.005463430233
0.005468223905
0.005536609216
0.005452725945
0.005505934768
0.005523141336
0.005483815631
0.005649962118
0.005544476403
0.005490554657
0.00554872188
0.005461023637
0.005446854822
0.00543051087
0.005470174653
0.005594437146
0.005570025592
0.005498366508
0.005471132063
0.005538989626
0.005477225199
0.005479018202
0.005434878245
0.005535812522
0.005539261993
0.005542888699
0.005515322074
0.005566759381
0.005644357848
0.005592896362
0.005702880729
0.005589948814
0.005476888163
0.005459362432
0.005484713369
0.005513677136
0.005620019313
0.005520453021
0.005511510449
0.005450313104
0.005351094037
0.005483326032
0.00543270147
0.005477262586
0.005697454358
0.00543372132
0.005561805185
0.005598262831
0.005486436478
0.005535116726
0.005518970847
0.005509807448
0.005525212569
0.005507140284
0.00550060098
0.005447800869
0.005577326873
0.005421437905
0.00553481618
0.00561124337
0.005679221617
0.00554551733
0.005521042264
0.005468119254
0.005504016244
0.005425835735
0.00552717523
0.00537196041
0.005398127086
0.005494857173
0.00537811486
0.005623643772
0.00546106373
0.005446581776
0.005503953558
0.005428390911
0.005498312282
0.005545733203
0.005462868777
0.005577696755
0.005501629686
0.005644072881
0.005497484594
0.005471841484
0.005486708827
0.00560174661
0.005410599638
0.005575511873
0.005605366155
0.005574979817
0.005463977465
0.005399682517
0.00546326158
0.005472003417
0.005502871902
0.005454959573
0.0055738749
0.005471017155
0.005478321305
0.005574686477
0.00549885875
0.005550441948
0.005525209377
0.005517722002
0.005480572707
0.005383197016
0.005457949026
0.005530211094
0.005401930574
0.00551376875
0.005514642842
0.005536804934
0.005479000965
0.005555101522
0.005570662225
0.00554324206
0.00555920192
0.005582533266
0.005580000496
0.005456120615
0.005499319979
0.005450195692
0.005474643814
0.005510685839
0.005622429167
0.005526074049
0.005573857249
0.005548697125
0.005609111869
0.005482391105
0.005429130198
0.005441343067
0.005463104868
0.005538310629
0.005457352204
0.005423114041
0.005479342796
0.005414530402
0.00564159001
0.005515254262
0.005449889226
0.005595123201
0.005445480723
0.005595336473
0.005453871749
0.00548975354
0.005480560735
0.005455649974
0.005471589235
0.005556739191
0.005491276644
0.005715985441
0.005485481905
0.005421484631
0.005570393359
0.005476469766
0.005465907686
0.005469423218
0.005474031793
0.005439371978
0.005479977466
0.005472582379
0.005452117981
0.005536421936
0.005520964126
0.005439067142
0.00545442027
0.005516647343
0.005514018323
0.005480361874
0.005496709121
0.005491467148
0.005505571309
0.005464638829
0.005602551303
0.005609996918
0.005460620975
0.00548064602
0.005575258236
0.005466582487
0.005549041636
0.005411381516
0.005501491836
0.005485721883
0.005465564825
0.005495232368
0.005459327761
0.005622863401
0.005489869651
0.005484482908
0.005462874067
0.005474592419
0.005498620804
0.005420531997
0.005464464328
0.005507529714
0.005492560201
0.005441824703
0.005479879874
0.00540252027
0.00546749531
0.005501925228
0.005512689494
0.00542206806
0.005448328266
0.005554257734
0.005478748786
0.005453692311
0.005507050565
0.005447919151
0.005503165965
0.005410055253
0.005533613183
0.005563889028
0.00549509836
0.005473250431
0.005450480728
0.005658309288
0.005496101253
0.00551073767
0.005531435083
0.005453971679
0.005406855635
0.005398079504
0.00545719846
0.005689679427
0.005491963454
0.005505077249
0.005459079789
0.005491969859
0.005400955143
0.00561019739
0.005580138788
0.005455937802
0.00550992542
0.00548055637
0.005531638804
0.005492441831
0.005498410941
0.005491123765
0.005484998344
0.00555607936
0.005471910643
0.005556013049
0.005500920357
0.005544416503
0.005488579513
0.005520967106
0.005497215669
0.005558252934
0.00554586417
0.005494864233
0.005606859871
0.0055065335
0.005462405811
0.005458738753
0.005444907183
0.005438254058
0.005535818931
0.005514175266
0.005522077188
0.005511096515
0.005552458498
0.005469027819
0.005456917872
0.005529041254
0.005550230032
0.005460292699
0.005476462354
0.005475429657
0.005522579837
0.005535762418
0.005534983173
0.005494048286
0.005532718631
0.005605263737
0.00560601871
0.00555925193
0.00547106065
0.005536405042
0.00550079216
0.005455533549
0.005558319543
0.005590600903
0.005607680842
0.005494954434
0.005618538096
0.005564404878
0.005522944516
0.005520496893
0.005457723422
0.005617351895
0.005562775653
0.005543552346
0.005514763629
0.005589890353
0.005577202473
0.005529853388
0.005564518869
0.00549729975
0.005545367877
0.005587705437
0.00560186645
0.00564442554
0.005548641935
0.005601767356
0.005537637366
0.005547506628
0.005535830779
0.005473436128
0.005501139167
0.005527179136
0.005573550275
0.005568923325
0.005632844803
0.005497430967
0.005601145467
0.005603356923
0.005569343536
0.005582255557
0.0055702772
0.005578620214
0.005577302591
0.005535660177
0.005589834102
0.005580935235
0.005533426736
0.005541318664
0.00552849185
0.005585906174
0.005536004411
0.005591683284
0.005497594227
0.005514894736
0.005576788998
0.00562686141
0.005507986018
0.005522074498
0.005559879897
0.005542176155
0.005542946001
0.005566855026
0.005580193496
0.005587699753
0.005603055796
0.005594367757
0.005658335143
0.005556812292
0.00559581252
0.005629467282
0.005595542214
0.005620136802
0.005539221377
0.00561694791
0.005575600603
0.005523243505
0.0055289599
0.005557275415
0.00559927734
0.005589884861
0.005615764791
0.005635177655
0.005582205581
0.005594029515
0.005593280756
0.005601022268
0.005593986635
0.00552304872
0.005691331392
0.005664528557
0.005643316283
0.005547157924
0.005565319065
0.005536486901
0.005599577973
0.005594609514
0.005573141216
0.005637073467
0.005654329967
0.005643414314
0.00563929391
0.005632789473
0.005575915254
0.005635635884
0.005621999336
0.005602527034
0.005646055077
0.005637763806
0.005650927035
0.005614489994
0.005686672489
0.005717034673
0.005629966012
0.005693115982
0.005654708851
0.005665337549
0.005661941702
0.005652877373
0.005600685791
0.00557913683
0.005661723666
0.005740493164
0.005718907347
0.005707403356
0.005734207773
0.005647209135
0.005688832185
0.005617823295
0.005721169041
0.005665273208
0.005667700048
0.005653656721
0.005747433398
0.005777132253
0.005677887219
0.005682060069
0.005681017247
0.005734509405
0.005711411186
0.005725146305
0.00571211535
0.005676582858
0.005700191616
0.005683096731
0.005790379325
0.005713978544
0.005699658518
0.005677048832
0.005756794698
0.005697536846
0.005702223891
0.005771021136
0.005687857658
0.005725295046
0.00576129582
0.005750056179
0.005689937972
0.005706294418
0.005715889124
0.005749106265
0.005744237183
0.005733170538
0.00577289396
0.005741911557
0.005767133996
0.005725441645
0.005778017051
0.00575312224
0.005708228302
0.005742562963
0.005742568725
0.005721892702
0.005732730484
0.005775818486
0.005781387429
0.005749517668
0.00572180334
0.005746266424
0.005717093901
0.005743621518
0.005771050547
0.005722419134
0.005749113067
0.005757557531
0.005760267404
0.005746007117
0.005716763906
0.005766005146
0.005711545431
0.005757857564
0.005757740505
0.005763826712
0.005710184931
0.005726060201
0.005733761336
0.005732828091
0.005727533505
0.005745588676
0.005717871575
0.00569429169
0.0057449196
0.005745660989
0.005730246455
0.005750031831
0.005723426492
0.005785550006
0.005735406636
0.005757125024
0.005723982497
0.005730944705
0.005735895863
0.005727159414
0.005750649055
0.005744687622
0.005710657095
0.005723729234
0.005724405478
0.00571563976
0.005736316552
0.005737767689
0.005733434939
0.005746121281
0.005736689862
0.005724977339
0.005703683878
0.005698436797
0.00572249182
0.00574106529
0.005713260699
0.005724434962
0.005708238705
0.005701795591
0.005689163996
0.005696441699
0.005687017644
0.005667512479
0.005664693113
0.005692096195
0.005669636697
0.005644887711
0.005646668264
0.005647872562
0.005606004971
0.005611780357
0.005597433793
0.005553931977
0.005545172944
0.005547732063
0.005506664318
0.005504983242
0.005476562679
0.005458114619
0.005427150246
0.005404006562
0.005359341842
0.005347366929
0.005324918374
0.005268708032
0.005236891524
0.005155908263
0.00513839371
0.005080390298
0.005055607651
0.00498979599
0.004942833277
0.004880905965
0.004830658121
0.004777772186
0.004720654061
0.004666772298
0.00461831005
0.004568069705
0.004501069807
0.004444600315
0.004381722259
0.00434291851
0.004301242966
0.004244616332
0.004199124693
0.004156662698
0.00411835709
0.004083033114
0.004044078906
0.00401197034
0.003989439423
0.003956087006
0.003952188406
0.003943879482
0.003945473702
0.003938240505
0.003934629405
0.00395828098
0.003981187727
0.004002212819
0.004017638175
0.004067273153
0.004117210629
0.004168833166
0.00421838103
0.004294846217
0.0043727511
0.004476550309
0.004579812429
0.004689650063
0.004843854581
0.004965516682
0.005144077529
0.00526306857
0.005491232181
0.005678846141
0.005939870638
0.006225024335
0.006451940126
0.006791183344
0.007114115465
0.007522268819
0.007885092695
0.008363334047
0.008886679073
0.00942136935
0.01005580632
0.01062640326
0.01154937499
0.01228908799
0.01326596789
0.01421090374
0.01551320095
0.01686347168
0.01812862077
0.01963791311
0.02128548716
0.02304220284
0.02543547453
0.02813489374
0.03132937972
0.03433204901
0.03785136403
0.04248787903
0.04587270636
0.0507914629
0.05678243191
0.06215716359
0.06588489685
0.07526999487
0.08185428991
0.09304457228
0.1129682542
0.1468427478
0.1280319807
0.129537365
0.1280014632
0.1700730809
0.1358352065
0.149262187
0.1669694316
0.1646691359
0.1883101681
0.1828629051
0.1716554336
0.1719013158
0.172730349
0.1689825125
0.2272274907
0.1660734144
0.1661922269
0.1806485354
0.1868479931
0.1773009378
0.1735278242
0.1718481756
0.1596961273
0.1850539442
0.1938694533
0.18641762
0.226819903
0.1943979613
0.2152114523
0.1943552032
0.2017616238
0.1917729341
0.1621703255
0.1627837607
0.1982636121
0.1933298284
0.2012142941
0.1863942288
0.1822114446
0.4099074474
0.2047907827
0.2308327427
0.1740047706
0.186354584
0.1921044022
0.3103954784
0.1956161333
0.1831147442
0.1965775888
0.218707409
0.1992098764
0.2060608398
0.1798619429
0.2164151332
0.2143163176
0.2068973672
0.199312245
0.1860142754
0.1958436901
0.221224036
0.2014157833
0.262912757
0.1872673154
0.2387763785
0.1780452231
0.208379857
0.2098391619
0.1809767146
0.2941902612
0.2288881039
0.2602409874
0.2139500225
0.178985169
0.2100347815
0.2362249117
0.2092001461
0.2164076699
0.1983409026
0.1974841197
0.1974957746
0.2401520351
0.1936730088
0.1745756291
0.2261088138
0.159880683
0.2002727575
0.2488959276
0.1913496635
0.1660908577
0.1931461232
0.1644868827
0.1958130711
0.1960979028
0.2322622811
0.2094784982
0.1876404789
0.1946097624
0.1901958445
0.1802364222
0.1883371776
0.1726268797
0.1891144845
0.1744731114
0.1788548362
0.1793180027
0.2159500742
0.2914587977
0.195732141
0.1631337233
0.2188952451
0.1858910164
0.1910559149
0.1790282785
0.29875489
0.184993208
0.2657925514
0.1858794624
0.2395465615
0.2122946408
0.28620576
0.225615686
0.1960174559
0.2046808881
0.2064623161
0.2177142579
0.214091001
0.1692986138
0.21927383
0.2066505242
0.248494461
0.197410984
0.1801273948
0.1794807652
0.180876762
0.1826510379
0.1969261959
0.1983606679
0.210812843
0.1847072303
0.1775884921
0.1922731138
0.1865311664
0.1938242385
0.2496069639
0.1734788346
0.1890501621
0.16905657
0.1974428542
0.1884125226
0.2004492938
0.1965670233
0.1779325958
0.1840470522
0.1885717305
0.1991267994
0.2531652235
0.1890560032
0.1941136093
0.1933636547
0.2712839584
0.1861892699
0.182313097
0.2087786921
0.2277747073
0.2226657352
0.2013436061
0.1911226641
0.1769010915
0.2811262004
0.184507723
0.1853217164
0.1770295083
0.3236855563
0.1951068299
0.2137551083
0.2023146056
0.2015177841
0.2602937114
0.2077867908
0.2266964043
0.2238569661
0.2726978206
0.2183899339
0.2279113566
0.2003047187
0.1855949891
0.1874543574
0.2066534431
0.238082001
0.1766946984
0.18210122
0.225624777
0.298314556
0.2291042969
0.1826079016
0.3518361059
0.265868333
0.2892482388
0.2391379711
0.2396517673
0.1967876687
0.2647564688
0.2041770647
0.1974829533
0.2087875351
0.2361823968
0.3464192152
0.2367574372
0.1927608181
0.216060557
0.2530476898
0.2317178815
0.1957799648
0.209504822
0.2165779085
0.1895037347
0.21245407
0.2541746143
0.2129834031
0.3042279516
0.2627936082
0.2094779908
0.2618379588
0.2181346069
0.2706032782
0.2347515007
0.2424951525
0.2215281158
0.2776837159
0.2218361014
0.2080406137
0.295765525
0.2401981172
0.2297881388
0.2715181496
0.2226481664
0.2126409348
0.2502855074
0.220170337
0.212773379
0.2172143131
0.2189093423
0.2075312198
0.2217585689
0.2069889896
0.3329422234
0.183298147
0.2539943524
0.1884634941
0.2466003638
0.2279902892
0.2082817889
0.2643683883
0.2203858171
0.2251772437
0.2377098144
0.2254427502
0.233662851
0.196198109
0.2160917722
0.2452661221
0.2393462897
0.2201331142
0.2235645302
0.2135799854
0.2176571691
0.2595319678
0.2740883825
0.1995665121
0.2375276125
0.3272912968
0.2512796198
0.2255852607
0.2943131974
0.2195521528
0.2826967446
0.2376822465
0.2205696573
0.2500649318
0.2532787249
0.3124472332
0.2836864624
0.2769026475
0.3064455655
0.2185449754
0.2189454338
0.2375499086
0.2903758687
0.2118656919
0.2353415752
0.2694437138
0.2231755211
0.2679268548
0.2244092908
0.2482168698
0.3827459257
0.3160344195
0.2447201883
0.2246914404
0.2067191243
0.2473388778
0.2639102102
0.2769820734
0.2300848913
0.2761513239
0.2402574276
0.2497337855
0.2351922377
0.2093717922
0.2387244725
0.2186263678
0.2141466608
0.2731245529
0.2515725424
0.2488110987
0.2626165407
0.3849034652
0.2292037242
0.2381730626
0.2448196303
0.2166583989
0.2759955861
0.2095372526
0.2192502025
0.2387541435
0.2088120729
0.2118881872
0.2623385532
0.2265013797
0.3191754436
0.2245834913
0.2124240795
0.2630178772
0.2450746018
0.2227961137
0.2220481759
0.2518452164
0.2758848748
0.2468438331
0.2176750129
0.2634832433
0.2326156476
0.2367285261
0.2284520499
0.2419319058
0.3013005133
0.2209973682
0.3003277907
0.3234677077
0.2198110414
0.2306079993
0.2610188131
0.2371961082
0.2330136958
0.2202900652
0.2256724478
0.3652509336
0.23376258
0.241795417
0.2372904206
0.2223741156
0.2535169867
0.3820337691
0.3371721485
0.2252290529
0.287173318
0.2543258778
0.2489348747
0.2151094313
0.256235308
0.2373306601
0.3135920654
0.3444600359
0.2273240146
0.2670342289
0.3061823342
0.2307595136
0.2811161156
0.2647160704
0.4044114952
0.4586289271
0.2352895645
0.3122652093
0.2586159463
0.2784060879
0.2800470564
0.3242228256
0.4648114866
0.2708677299
0.2609387447
0.2361870222
0.3341560985
0.2959251009
0.2570257453
0.2836362902
0.2680424225
0.2827226334
0.2650113843
0.2612347879
0.3649516161
0.2594462416
0.3003893804
0.2421123892
0.2678698048
0.3371185797
0.2179837316
0.2552885425
0.2542679972
0.3144345063
0.4010104085
0.3326422229
0.2427197005
0.238507807
0.2327402091
0.257358749
0.2329978608
0.3688358713
0.3478997484
0.3082676679
0.2714550312
0.2300729851
0.2676575526
0.2975096095
0.2627560286
0.2608998496
0.2282675383
0.2274072845
0.2515963814
0.3948444732
0.3141231472
0.2839953915
0.4800515681
0.2486185176
0.2865947381
0.305488196
0.2948286985
0.300985674
0.329614718
0.3075641601
0.302819276
0.352793279
0.2674511936
0.281783088
0.3086696568
0.270620578
0.2737143547
0.3166078941
0.3256895837
0.2858839241
0.2479541064
0.2940089008
0.3165967509
0.2359107732
0.3594719958
0.2714192601
0.2770995098
0.2935453465
0.2456552603
0.2962629244
0.2295859352
0.2524217792
0.2760212795
0.2551715077
0.3970424634
0.3168599113
0.3564248027
0.3184915484
0.3107969877
0.2884552241
0.28698586
0.38384871
0.4333829397
0.3051891342
0.448092242
0.3733136392
0.3350762348
0.2896023704
0.3106648018
0.3313387371
0.3124593053
0.4024462674
0.2537935084
0.2693178184
0.2612195802
0.3040766248
0.2651259759
0.2699698886
0.3104281822
0.3016259285
0.2983516959
0.27937162
0.2782378891
0.4198224598
0.2718136088
0.4923969359
0.3059919194
0.3050592428
0.3261356906
0.3732593928
0.3357655702
0.388572154
0.2901987468
0.29789385
0.2854671865
0.3542426787
0.5548313025
0.2832346683
0.3034931651
0.3389354393
0.2711266559
0.2966096835
0.4798363845
0.2975888485
0.3036584717
0.3541958106
0.308118531
0.5089840672
0.3171098548
0.2797607386
0.2449520015
0.3145733832
0.2866800549
0.331426149
0.2741474342
0.2775134233
0.2825357934
0.2668374937
0.278629495
0.2658243424
0.2666934555
0.39123713
0.2776191102
0.2421537717
0.2911441848
0.3192140209
0.4252511706
0.2752270878
0.2615975308
0.4346013329
0.2605522573
0.3867800075
0.2873164781
0.3340934344
0.2692269014
0.2836357755
0.312558137
0.2597968212
0.3020756033
0.2718350067
0.318418846
0.2854972806
0.2508173679
0.3225069148
0.2954668379
0.2784909411
0.2909051636
0.3681718136
0.2826793913
0.2836573928
0.3937006863
0.2740971533
0.342072702
0.4304191481
0.3530982176
0.2983059046
0.2863888273
0.2863261008
0.2673989391
0.2773947167
0.3010087372
0.2827214
0.2704619002
0.3227700728
0.3233606428
0.6297751167
0.3866045093
0.3195215582
0.3031898375
0.3557467883
0.3238153283
0.3084986831
0.2524276464
0.2677604986
0.2595527651
0.2953484117
0.2939972128
0.3646845216
0.4490488778
0.3491074895
0.3348521583
0.350906915
0.2703976258
0.3213153977
0.3011205492
0.318744103
0.274020294
0.2748177232
0.3604330203
0.2848446911
0.3284798069
0.299586284
0.2431249133
0.3111818417
0.2768530756
0.2598696349
0.2876152082
0.2721356904
0.2648008666
0.3103957881
0.3249983832
0.3584935669
0.280407865
0.3113585928
0.2977279461
0.4871312912
0.3676983256
0.3643470502
0.3271884984
0.2797403699
0.3394794168
0.3101174011
0.3683788017
0.3212850669
0.3082113937
0.270013431
0.327453668
0.3794435912
0.2587043923
0.4202032511
0.3808071183
0.2964090947
0.3492916059
0.2718603048
0.251581126
0.3229479597
0.322679622
0.3699845702
0.3265798798
0.3099412182
0.3257573605
0.2869180742
0.3669118226
0.3239401748
0.3442032388
0.3599158955
0.3450761231
0.2983279548
0.3295616733
0.4448157626
0.3381706697
0.3123726191
0.3456169123
0.3276304178
0.2778228075
0.2687750993
0.3185546544
0.3640758837
0.4888542716
0.3272716419
0.3192091091
0.3175985008
0.3757577917
0.3095008915
0.3994431648
0.3166015855
0.3111885807
0.2507517463
0.2950947596
0.2753235413
0.2971097506
0.4359140967
0.3106037756
0.3343127493
0.3022497201
0.3324531914
0.3144338639
0.34670945
0.3130918382
0.2715846337
0.3194301896
0.3647610457
0.3561330756
0.3681266451
0.4216159979
0.3741857854
0.3288417687
0.3049498897
0.2808907856
0.2921552885
0.3319423613
0.3647467467
0.297519525
0.3186718088
0.361783645
0.2785842811
0.4034807318
0.3603711043
0.2937302947
0.2832384547
0.3069755379
0.2919212382
0.3436841225
0.3329045234
0.4593621969
0.3525833726
0.4518132505
0.3746858481
0.3379115709
0.3515045019
0.4473163302
0.2466221569
0.3126879806
0.3012862189
0.3346915868
0.4560182102
0.2839787703
0.3796037033
0.3046862004
0.2910570141
0.3740104939
0.4946161432
0.3800253389
0.3367855702
0.2731492259
0.405526641
0.3217813857
0.4915233023
0.3665725994
0.3064227945
0.3409290961
0.3322127827
0.3349023671
0.2964370187
0.3264922899
0.3050099839
0.3502937068
0.3010327402
0.3243680273
0.3157125239
0.3753763805
0.3369659446
0.3333602365
0.3066953104
0.3225223799
0.3974837311
0.2822028057
0.4107303217
0.3164151672
0.3791217274
0.3079805575
0.4059596218
0.3614608281
0.3162539538
0.3834158209
0.3625368749
0.3026114678
0.3976668088
0.3395720933
0.4006028266
0.3394829156
0.3158150607
0.3011000483
0.325382287
0.3250874554
0.3246447098
0.3790927418
0.4036702493
0.3923790219
0.3853340724
0.2715206814
0.4237972485
0.6917525147
0.3649487273
0.3909683803
0.3862290794
0.2876304972
0.3380445449
0.475638788
0.3196192729
0.3516052839
0.3954043202
0.2946654663
0.5835679758
0.4533030806
0.3272691762
0.3112450345
0.3533152472
0.3362053222
0.3470553582
0.3246484972
0.2752233284
0.3515718812
0.3432115747
0.3938106181
0.3403510379
0.3959202953
0.2762929475
0.3452298646
0.3366962886
0.314781163
0.3810170373
0.3566611426
0.3049526545
0.3328660804
0.4647119171
0.2977171519
0.4316784974
0.3491709723
0.3346032438
0.5144491157
0.4192688789
0.4988359058
0.4349557042
0.4597646737
0.4028776773
0.3184493622
0.4585175662
0.3717007542
0.3777288555
0.4579798919
0.3846632549
0.430561798
0.3882001102
0.3606984643
0.4874791815
0.3472014779
0.3963885078
0.3995717606
0.4425227535
0.3615293587
0.3845073439
0.3131124535
0.344378007
0.3263841519
0.7732238045
0.5766775404
0.3847731588
0.4670410029
0.4107491908
0.4212112086
0.3921672831
0.4204866071
0.4178247889
0.2915323423
0.3789871635
0.3565675091
0.4405463268
0.3448680495
0.4026831779
0.3228402965
0.3374278639
0.4609632581
0.4548714475
0.3378439657
0.4699489837
0.4199132906
0.3650783193
0.3782200346
0.369872165
0.3411166748
0.37811716
0.3177244569
0.380309339
0.4541119535
0.3950988452
0.4058013247
0.4377450511
0.4636259796
0.247082985
0.7735304275
0.4867810246
0.3754235934
0.3534936665
0.4343149952
0.3795272456
0.4408371618
0.3804820287
0.3330908649
0.3880135549
0.3666747322
0.4504702376
0.3546969792
0.3615154137
0.4033489935
0.4544427745
0.3606382289
0.3885986482
0.3833926295
0.3707440832
0.3216417868
0.403271694
0.3717015768
0.3426077382
0.3942927534
0.343816676
0.389807151
0.3521994919
0.3065207719
0.2758023019
0.3588652355
0.3930076912
0.3916268694
0.4457258422
0.350478638
0.3884331765
0.4229850195
0.3637764555
0.4868071636
0.4471571017
0.4048761464
0.3589058532
0.5055549598
0.4308403049
0.3609144211
0.442854404
0.2815990307
0.4390612452
0.4488099988
0.4055615974
0.454443061
0.4367347338
0.5297953816
0.4019896729
0.433919433
0.3354946818
0.4769668856
0.3479876776
0.3545802871
0.4085519185
0.494987451
0.5136185619
0.4291554304
0.4804817414
0.3140038945
0.4062230295
0.7580668015
0.4935078186
0.5341263039
0.517930804
0.8703823187
0.4174778531
0.3621963322
0.4338336714
0.3784852525
0.3810666676
0.506842053
0.4158254045
0.3469596433
0.3526326122
0.3489236895
0.3268170706
0.3936918876
0.3970827864
0.3520724599
0.3968400713
0.3619891668
0.4113183382
0.3860600236
0.3448004466
0.4438327843
0.4460670648
0.3539124073
0.3248845449
0.4112283457
0.4121872311
0.3576245975
0.3052663042
0.4063289261
0.4041426276
0.4172818315
0.5216960488
0.6575124049
0.7007421895
0.3265695689
0.495148593
0.5167025664
0.5414923194
0.4305763847
0.3168720903
0.4079363196
0.4748482541
0.3830418787
0.462497315
0.3795764898
0.4320133185
0.4742260486
0.4633706168
0.3998744197
0.3482385922
0.4136696654
0.4946547143
0.4892343509
0.4305712254
0.4720813883
0.5284168393
0.4142531098
0.5827232893
0.4331309519
0.5951918092
0.4328523254
0.4036026132
0.2807915936
0.369135946
0.3965366964
0.3571367808
0.4187638764
0.3714443105
0.5946144727
0.381570264
0.417776441
0.4932270523
0.394632073
0.507686451
0.460102169
0.4388788756
0.3688006509
0.415919235
0.3419641698
0.4057716107
0.3426442512
0.4065947684
0.3904525164
0.5961915683
0.4010336873
0.4695252758
0.4668904122
0.401500862
0.3448246272
0.3950753104
0.2439992203
0.3599408637
0.5313024987
0.3518400845
0.4808140847
0.3420474029
0.4368812433
0.3429382579
0.3871024144
0.3677790754
0.4428271138
0.3631467826
0.4761527881
0.4599965622
0.4793494468
0.3850495052
0.3611006896
0.3472512244
0.4183534657
0.3693840802
0.7328037001
0.4695197172
0.4759757624
0.4164747688
0.4630636517
0.4296938432
0.4906970965
0.4230732921
0.4904228499
0.4829294362
0.3897052175
0.7241939136
0.4963504099
0.2351725946
0.3731026839
0.5358200725
0.5669290174
0.409147043
0.580757707
0.4394619649
0.4386406822
0.4130996849
0.4702908473
0.4600417939
0.582580577
0.5104976578
0.3888071453
0.379040041
0.3781431766
0.3801274725
0.4761698295
0.407046716
0.3828121409
0.5377574323
0.3753170216
0.43483363
0.390597073
0.4232832248
0.3486424916
0.3298025833
0.2732982107
0.3596467153
0.3964197125
0.5292414819
0.44693327
0.5425753158
0.2360788475
0.4020843262
0.3546982634
0.4926443845
0.4708843512
0.4002479999
0.7580867033
0.5033960308
0.4296481449
0.4286520213
0.3816003613
0.4852355891
0.4463748829
0.3779630697
0.3902633391
0.6002844538
0.3416072899
0.4645256215
0.3883130408
0.441433
0.4451127247
0.7234605862
0.4068338291
0.4010575741
0.3566283712
0.3469494689
0.3234933454
0.3800975487
0.3865512948
0.4003272535
0.3747568223
0.3414180073
0.4315649264
0.4155906496
0.3435470284
0.5662186857
0.6006745994
0.5250283217
0.4248946051
0.3865987063
0.4718797885
0.4458200107
0.378713149
0.3559884645
0.5068195227
0.4083145404
0.4168929167
0.4425658193
0.3979190735
0.413189459
0.3129650691
0.5204731881
0.4031027654
0.4844471006
0.4895654267
0.3476827843
0.3713198318
0.4335160049
0.5192713117
0.397191099
0.4739672998
0.418381286
0.4808325844
0.5100784238
0.3557951466
0.5645241762
0.4410056077
0.7085585592
0.4298770118
0.4551001031
0.4921481462
0.5290823664
0.2309408515
0.6114374225
0.4022251117
0.3794570328
0.510642648
0.3198451153
0.2722825628
0.4914493468
0.5187836762
0.3878805118
0.4797814276
0.4397436071
0.4231262101
0.4432175333
0.3965254213
0.4703787835
0.4388933783
0.352371608
0.2728441924
0.5141324068
0.4708354868
0.625673573
0.5173981859
0.4015153328
0.4697404252
0.4637641472
0.4063085282
0.3944814463
0.5084017987
0.5128670277
0.5982217991
0.5259435637
0.3122574341
0.2826884369
0.4584297303
0.7421413185
0.4541656241
0.4158045402
0.5565198477
0.5272227185
0.6274336926
0.4301540937
0.4741665101
0.5294263124
0.4544309528
0.3903622071
0.4746238721
0.576970467
0.5016960732
0.5762927986
0.5592881197
0.4337283064
0.6919961934
0.4518087401
0.4603081126
0.6994986628
0.7135893548
0.4822627978
0.3794681319
0.406268686
0.7213764356
0.2856497484
0.4673310778
0.5082579775
0.4835375269
0.6108538613
0.4159294322
0.7144647049
0.4014649761
0.4757710503
0.389359292
0.3928014111
0.4833122293
0.4313071614
0.4216397333
0.281403419
0.5714220141
0.4254826799
0.4421946799
0.4100368647
0.5720866278
0.388885984
0.5403962928
0.4712303789
0.7316191647
0.4801547223
0.3455869905
0.6052664801
0.3083796852
0.2368915974
0.3060281603
0.637239412
0.286061548
0.241909126
0.41329099
0.5440506652
0.4673846957
0.4473863425
0.6483119684
0.4275343086
0.2777558115
0.3743548893
0.4483839774
0.365688961
0.3338784002
0.4916767264
0.3802642172
0.4746681077
0.2943160063
0.5510998822
0.5845304001
0.5406939715
0.7415028054
0.4755184763
0.3422393314
0.4718191052
0.7687676517
0.6027451664
0.4444111714
0.435180117
0.3120585633
0.5701539458
0.4091177484
0.328753884
0.5740702676
0.293227731
0.4883770762
0.4038905274
0.6227234467
0.5050182388
0.5338258682
0.4275903213
0.4690249027
0.5733807061
0.4273732535
0.453026448
0.5948850288
0.4378499792
0.4415448199
0.5555149967
0.5215743082
0.6929397307
0.5630340222
0.4683629792
0.6946228557
0.5498240221
0.7267461861
0.5778987324
0.4391313662
0.6262566802
0.4490655312
0.4938361106
0.4530134102
0.4316945014
0.3000197202
0.4625109001
0.3651282489
0.5203579637
0.3711243464
0.3834399481
0.4358550948
0.2878689916
0.5216781957
0.4581054054
0.5308580885
0.5185805228
0.6459470189
0.2726406217
0.415977047
0.4612693313
0.4564842827
0.7182680649
0.4817989
0.5943244787
0.5540458181
0.4707175717
0.5544016867
0.4636396358
0.4392633806
0.3587892007
0.4410190825
0.5532769342
0.4026269087
0.4844709602
0.3018669124
0.7739657616
0.5964359342
0.5177742253
0.6259375001
0.3551854
0.4877311761
0.5727163962
0.4015919191
0.5439119393
0.5118607743
0.3726903092
0.5027768101
0.6387396796
0.4748279713
0.4286670683
0.5816632798
0.5049368918
0.5445564881
0.4708643591
0.686014274
0.6778618617
0.5018698096
0.4036568033
0.7057819103
0.7032403054
0.5093864234
0.3512782507
0.8054169226
0.4936731114
0.6244612807
0.3792879978
0.5045037906
0.6769472719
0.4798110491
0.6057831699
0.3689722945
0.7435521647
0.3125289061
0.6276542597
0.3565270478
0.3336907885
0.4055634679
0.6508745147
0.3702451613
0.4115412994
0.4843611935
0.3478804743
0.4163106936
0.467778329
0.3629180914
0.4090541594
0.5077383762
0.5372804731
0.4422244655
0.396178079
0.4785541381
0.5707919825
0.5190875824
0.404358714
0.4596907719
0.4701569085
0.427342171
0.4915579779
0.4823734056
0.4614534654
0.541839286
0.5678355375
0.577103669
0.5345448271
0.3239497269
0.4769802227
0.5087421071
0.438426417
0.3757291483
0.5321218246
0.546852108
0.450767928
0.4643463631
0.656488106
0.6499956888
0.5480928698
0.5790083424
0.6018680572
0.4340096868
0.6212031769
0.3655884655
0.4903661039
0.492899588
0.5128388133
0.6342063489
0.4130949104
0.4061098224
0.7383728777
0.4082622455
0.4866792338
0.4304044026
0.5406502701
0.6103164846
0.3256093775
0.6723216114
0.3722248245
0.6918833418
0.4522800219
0.4946885723
0.3365042092
0.4432731379
0.4133434232
0.4707311432
0.5292921907
0.5693447302
0.6661495572
0.4768801388
0.5276280172
0.4666469989
0.4510732036
0.4275497334
0.3845949552
0.4391663036
0.4359496512
0.4687242535
0.4320302984
0.4654605567
0.5175891489
0.3953132992
0.5795233081
0.5235085683
0.4077797427
0.4671524826
0.4728141069
0.5239454628
0.4529828836
0.8830811397
0.402398815
0.5916605833
0.4289214509
0.4036408524
0.5464719459
0.4579277288
0.5376037915
0.5237749298
0.668640662
0.6266547546
0.4428045504
0.4294810756
0.5361722813
0.6088436286
0.3463773304
0.653959667
0.739298437
0.6284065492
0.5624522585
0.5402943114
0.8500526656
0.5455107848
0.7495546076
0.5829021389
0.7233486791
0.4904770359
0.5345235598
0.4654109885
0.4469815416
0.3599022538
0.5568525683
0.4336175026
0.5251530912
0.519811434
0.4515345173
0.439196928
0.469793172
0.4719317403
0.5003385051
0.4876587238
0.5701925858
0.371761854
0.4372166374
0.4165764089
0.5684810398
0.6384936276
0.5348284221
0.7827838478
0.4997294301
0.526791924
0.5159704561
0.3137011145
0.5853054402
0.4352783324
0.7485103473
0.6117604953
0.5333136406
0.6249967286
0.5982224649
0.3412177777
0.4856687739
0.4775492048
0.5014017334
0.5549519432
0.4200413179
0.555949756
0.5698957997
0.5588380692
0.589261101
0.6336556022
0.6172808723
0.4732497609
0.413647876
0.4211796386
0.4475152537
0.6271601579
0.3905024413
0.4695993837
0.4053180234
0.453607209
0.4940042317
0.3803125211
0.5355268034
0.6105881409
0.5670380791
0.8511844777
0.5197206739
0.4560761244
0.5730146796
0.5393987019
0.5178793985
0.5205892226
0.5590592105
0.5219053254
0.4738595193
0.6746442772
0.5346485282
0.6983293212
0.4482921374
0.5107836686
0.574781519
0.5996828478
0.5168228453
0.6852740368
0.5517575334
0.6226533255
0.5241787145
0.5643898251
0.5887931608
0.5825235596
0.651129599
0.6043407419
0.8718137954
0.5394354018
0.6100332122
0.6749423177
0.6107020676
0.466301347
0.3571387852
0.417613989
0.6498374571
0.624152529
0.6491451265
0.4286858924
0.6094964448
0.5400808861
0.8142817468
0.7508660326
0.593287231
0.9035276603
0.7076640388
0.5742416214
0.3155962685
0.519773082
0.5400344119
0.5705440379
0.5043027963
0.5404480329
0.8581463629
0.4967343822
0.9140585038
0.8969833967
0.7446596904
0.5799094566
0.5516167561
0.564759349
0.3893941692
0.4750423484
0.3400838655
0.6730162296
0.3922568059
0.6151812355
0.5434211707
0.5481221636
0.5821554297
0.408486157
0.8417894643
0.5132474465
0.5139219077
0.5784932232
0.57466996
0.536765631
0.795713122
0.5206404122
0.711899306
0.3414432097
0.5294973582
0.4646299817
0.7137647147
0.3860630912
0.6004831554
0.8123848021
0.4723773649
0.6046193605
0.6559130377
0.5407977665
0.5652570924
0.6825234007
0.7575992074
0.4505494836
0.5185868537
0.5338208362
0.6793169818
0.6530872613
0.5444810285
0.8081962554
0.5860195668
0.3763550867
0.5565327627
0.4114708677
0.5598666447
0.6883720941
0.6902987966
0.47296104
0.7678344579
0.5996665719
0.4318469124
0.4170681788
0.4481302259
0.678364699
0.861722378
0.5215676409
0.4203401967
0.5581797524
0.3782441289
0.7588792669
0.8637974788
0.348556268
0.434303168
0.5887816529
0.703546877
0.5703426537
0.5345365925
0.7628934364
0.4582709397
0.6133392108
0.4456333866
0.5723429018
0.5895843594
0.6472784269
0.6050273366
0.357103804
0.4085899421
0.614329066
0.6119598379
0.4657751075
0.4885447118
0.4179990123
0.6833146174
0.7149710448
0.6357323903
0.7484495774
0.6312115175
0.514633083
0.6601326183
0.5706851263
0.5322886324
0.533829299
0.7939333679
0.5300710448
0.6232862992
0.4478116551
0.684578934
0.5064312264
0.5963218586
0.4059865846
0.5507355697
0.8179563586
0.3711721921
0.3312238381
0.4959580409
0.4347585765
0.3891486726
0.3506222331
0.6802813121
0.7316783828
0.7537812473
0.6007916009
0.5900363498
0.5582325746
0.4349607112
0.6901802828
0.5780464511
0.4253970507
0.3375450476
0.4693280313
0.8187605896
0.4833758356
0.5171267681
0.8882313983
0.6078071709
0.572760364
0.5212354643
0.6928114218
0.4860776591
0.7192329102
0.5281064453
0.5541293101
0.5646411367
0.6222761573
0.5681500711
0.6232113817
0.4732034357
0.4610076099
0.7011763696
0.6186060341
0.5362690953
0.5412550203
0.5586054903
0.3798462283
0.4752869287
0.5502004911
0.524367942
0.520634632
0.3632224649
0.4638377141
0.7689318734
0.5268380331
0.543049386
0.5615640362
0.6452447273
0.4501983398
0.4644634864
0.8136801889
0.6147838528
0.5240935073
0.6520254582
0.5159036984
0.5667311599
0.6532622438
0.4283922864
0.5201556185
0.4593741111
0.5785285723
0.6763994132
0.6399415174
0.4872893675
0.599213527
0.6223402373
0.320418673
0.4099364399
0.8919001189
0.469176225
0.7549392493
0.5789980447
0.5443908131
0.5661204776
0.5822062443
0.5380385858
0.5602907959
0.5936680697
0.444137124
0.8476841819
0.5818979066
0.5377512299
0.7232364773
0.5883984678
0.6595544216
0.6683659285
0.5788090161
0.4517920751
0.472071916
0.6182423893
0.4041108814
0.5314343239
0.3841629976
0.6737127753
0.5294611233
0.693815882
0.4410699284
0.4728730467
0.7076309748
0.5252681097
0.5735890808
0.443548371
0.3806984954
0.4267395918
0.4322341505
0.4845914918
0.6348955933
0.5168521428
0.5794346843
0.5039218669
0.8956950592
0.4542118439
0.7817176501
0.4965194985
0.6535777957
0.5155221015
0.4621959694
0.6494053926
0.8471537046
0.8197167919
0.9178160139
0.5963248079
0.7309654554
0.7127264576
0.3382333757
0.7614869338
0.3925731011
0.3585412233
0.5649537061
0.4361504544
0.3653061143
0.6117720441
0.3667388784
0.517611432
0.7400756888
0.4280183861
0.6799013015
0.3841312803
0.3860610849
0.4448662353
0.353480461
0.7229176298
0.4985886174
0.7285732182
0.4114486042
0.4588174497
0.5451562095
0.4123965447
0.6059636015
0.4002965493
0.5009061671
0.4894959949
0.6475765196
0.5849827643
0.5261563293
0.6337470002
0.6330274056
0.3974744629
0.4125481676
0.4285298129
0.7356486624
0.3939324179
0.8384190019
0.4110406456
0.6366266227
0.6611868105
0.4538485053
0.6569304405
0.7238546093
0.3809470136
0.7019416761
0.6978258627
0.5617848225
0.4029981089
0.330990494
0.7910645858
0.4314249818
0.5083136663
0.5621639739
0.7708545763
0.9075808065
0.5847754318
0.510246687
0.5336452867
0.6069468268
0.4886673222
0.8364330078
0.8447022497
0.7675201183
0.4936275595
0.7728451287
0.690561779
0.4287259754
0.527548458
0.5369848373
0.9421344788
0.5527842014
0.424747331
0.5032820112
0.4326338237
0.696515784
0.3885529854
0.4151719363
0.4043911141
0.691807901
0.8250882033
0.4543771022
0.7940853238
0.434875503
0.5188145069
0.3603637973
0.5494414536
0.4149575675
0.4465207249
0.6958368503
0.344493523
0.5873982351
0.5794594292
0.7002654486
0.803598637
0.4759597127
0.4696156523
0.7251690064
0.4458414389
0.7412955734
0.4106943486
0.5852151226
0.6143571182
0.8637701085
0.458494925
0.5695488918
0.589163773
0.5910914345
0.797962452
0.5083989742
0.3485006321
0.4139947165
0.3756186341
0.5044106223
0.4351051041
0.5243735878
0.4104027162
0.5945357754
0.5578624316
0.428194159
0.5488913328
0.5153245393
0.5506208888
0.6003217651
0.4877374517
0.7562498233
0.5915455706
0.6891689132
0.7416611838
0.7505629126
0.6977311568
0.8525308709
0.8479002038
0.5366309608
0.5388186661
0.5170381755
0.4780263176
0.5410363057
0.5303223555
0.7473284233
0.4660971724
0.4921711717
0.6911245555
0.8598625109
0.9254047231
0.8052035972
0.4151774083
0.4541743407
0.5220322671
0.6198180051
0.4984692525
0.7624406722
0.5725718762
0.7559570213
0.6925709264
0.4207392847
0.5696739539
0.5285546844
0.8183266107
0.5381229091
0.3156034012
0.5388636314
0.7401430172
0.4666032769
0.3933184814
0.7126627051
0.5668828403
0.4427029002
0.5281363104
0.4459698568
0.3819686953
0.4865436224
0.6493138463
0.4333520492
0.5524262058
0.7632052106
0.556688258
0.5200796499
0.5428039219
0.498832527
0.4344594422
0.8505423534
0.4100603614
0.6864198067
0.6107141568
0.6088394681
0.5441647823
0.6114244015
0.6165853675
0.7398106443
0.6426669729
0.4059197408
0.375478318
0.9551811751
0.8011171442
0.4588517283
0.7172681952
0.4698454048
0.5448608526
0.5281079136
0.4504471687
0.6700645436
0.7271525701
0.8676928701
0.4735631458
0.5139629261
0.4409382546
0.5497620473
0.502050196
0.4905569959
0.5676916431
0.7964058249
0.7227889955
0.8161275126
0.5003656439
0.8742742187
0.8734451896
0.3674727975
0.5670900078
0.6404135678
0.5840393499
0.4539405302
0.7752647899
0.7416229241
0.8244108581
0.4578414938
0.6338655961
0.8659620582
0.4586657152
0.8684722706
0.772765715
0.9200080389
0.6219103969
0.4504086951
0.4233398557
0.5398478867
0.4799117398
0.4828551912
0.5919164241
0.7025988099
0.5958465436
0.4565780537
0.7316554545
0.460921751
0.6104713625
0.4829267682
0.534342081
0.7270600395
0.5591038122
0.6162087428
0.5202297152
0.6077617249
0.6521140057
0.4189073285
0.4062006793
0.6276334465
0.5234506485
0.7007431609
0.374375478
0.3992808137
0.3484854758
0.485117675
0.7861534822
0.544978579
0.4788664219
0.3920490535
0.5174129419
0.611305445
0.5446877744
0.848219368
0.5320809403
0.5827842012
0.4258896195
0.540728368
0.4745122856
0.7654689515
0.5228971647
0.8001899007
0.7826887118
0.9177818297
0.5804511057
0.787032507
0.7824921581
0.602547279
0.4772239369
0.8971271761
0.6571961502
0.6532048032
0.6351590817
0.8618671256
0.4437972688
0.8662787937
0.4732027548
0.6215755501
0.6330052059
0.6484605809
0.5877316852
0.6232109142
0.3890179905
0.3726530043
0.4043028079
0.3863331397
0.6196688142
0.5846505805
0.6927941187
0.3481425744
0.711963411
0.7250842419
0.7025575054
0.6768677558
0.6799509669
0.8313043043
0.5064457439
0.7020844751
0.5164851199
0.7970936851
0.8394230363
0.9530285687
0.4566944313
0.8675181091
0.4632593859
0.6276453649
0.6094999599
0.6743021456
0.9029545106
0.5626265841
0.6521509615
0.5742456995
0.8334780631
0.7871218532
0.8941643468
0.5125922022
0.6446825437
0.620623396
0.7119715482
0.7612390259
0.8586657002
0.4934436794
0.4321928598
0.7998404707
0.7305201982
0.8404664555
0.6432475167
0.5693565633
0.6458889016
0.8130445308
0.7817538283
0.4824113152
0.5205896727
0.8464861593
0.7241843696
0.4017095649
0.8298328123
0.5880477389
0.6825760094
0.7193052666
0.3992812199
0.5536653361
0.4297890107
0.5643873267
0.6387832288
0.6364595444
0.5881797275
0.561917629
0.6278460087
0.6502370931
0.6448393521
0.4411615322
0.5799365071
0.4773058303
0.5678113477
0.5069230093
0.6074433569
0.8375700572
0.6438311255
0.6076161826
0.7544658201
0.7549160533
0.5883945559
0.338286828
0.6428833826
0.5775297685
0.5992041911
0.4192202615
0.7350682187
0.7179548267
0.8096647427
0.9344880216
0.4872497608
0.4181582217
0.4107264049
0.7672813118
0.5582052132
0.8302341138
0.3952276056
0.4557870054
0.3947710638
0.5881454952
0.3815565051
0.4675172833
0.4187989298
0.7267084748
0.6377995269
0.3764179508
0.5005186184
0.3596241303
0.4513046695
0.7626837039
0.3575304721
0.4283527966
0.5827187504
0.4518780557
0.359811596
0.6846503744
0.5028334437
0.379881109
0.7128686232
0.5291149016
0.5699738004
0.6893777826
0.7655290849
0.7091260208
0.67308325
0.9628622011
0.7397878279
0.5018021431
0.8698197986
0.8567038887
0.6115449508
0.9416326293
0.6213613854
0.7893493271
0.6588988016
0.7862161104
0.6833645774
0.7937170286
0.7928593733
0.601341585
0.5045130721
0.8276294602
0.9046880991
0.5349443251
0.7339993935
0.5014407736
0.7566525143
0.9146623857
0.6934010505
0.4754317861
0.9082160789
0.5831100107
0.4983551182
0.4791976366
0.6136365676
0.5532713343
0.6001747395
0.5509931896
0.6310260612
0.7159007418
0.6357542264
0.903993358
0.6257045375
0.8139911079
0.8175794349
0.6224813584
0.4723001941
0.7058729959
0.4773589931
0.6828500623
0.5852979898
0.9991394537
0.7181361814
0.9684542368
0.5648175689
0.5327176319
0.7627481021
0.7274164731
0.6978719319
0.7572387673
0.6379330851
0.6986196977
0.6647948961
0.6638098505
0.6305005465
0.5583437799
0.894978979
0.6152927021
0.5558320577
0.5934246023
0.5300357508
0.9813098556
0.5897589932
0.7297132299
0.8618444381
0.7593878089
0.6878979568
0.5417287188
0.5316526509
0.5327786265
0.752828741
0.558318723
0.4989924501
0.7509004357
0.4396730491
0.7552956608
0.3432095027
0.7535238171
0.7702901755
0.7951579929
0.7970015635
0.6614503791
0.788508628
0.7171166771
0.7401792413
0.5450493552
0.5263280436
0.7033490785
0.5079085418
0.5368323486
0.4280758878
0.3871262372
0.8712415651
0.4179119932
0.4402494894
0.7490511816
0.6928645402
0.8441681236
0.8677290405
0.7557057576
0.5152022635
0.3802441116
0.5024858731
0.8565377283
0.8843408494
0.8189630294
0.4161623559
0.7302968635
0.6332378465
0.4929274544
0.4057561177
0.7158824832
0.3587383559
0.5170700164
0.9727736915
0.3832395584
0.460604268
0.4517353544
0.4777752443
0.6714359092
0.389346357
0.5173346025
0.5241526087
0.4795050366
0.5777898258
0.3448821785
0.6261997028
0.9384758874
0.7113864171
0.7620560274
0.3700761233
0.4959409366
0.4645253426
0.5352559708
0.3975379646
0.4719829611
0.9582379161
0.5937516786
0.6078459831
0.7394540086
0.8732648397
0.8319101462
0.5540789369
0.7371901827
0.5067314604
0.5392131068
0.6028051735
0.6468796463
0.4660385285
0.4639436351
0.970522369
0.4484211318
0.5027203308
0.7100348382
0.4352882666
0.5571431831
0.4229447621
0.5145487121
0.8502982695
0.3954759675
0.4523150616
0.3844894116
0.7574415924
0.7417259243
0.9651978161
0.8582578301
0.4745333718
0.5239200423
0.308607999
0.4750327462
0.409293105
0.3871805427
0.5405574254
0.6695711307
0.8056855941
0.9181189613
0.8730167712
0.4658806056
0.8235585452
0.8413248167
0.7769116365
0.4918438895
0.5466131663
0.7270671338
0.3762499973
0.8061641463
0.3854397344
0.855838048
0.7875163028
0.6614771437
0.5028368867
0.3623814607
0.7060643027
0.7018766105
0.6949826217
0.8615183509
0.8368631937
0.6648770612
0.4898753163
0.6904013454
0.7600285619
0.4623405605
0.546862741
0.6583425491
0.4951549074
0.749015092
0.9977534073
0.4660421896
0.8063105997
0.5174591045
0.5145810378
0.5206860949
0.5850440789
0.6409682437
0.6715381411
0.5386133992
0.5996229606
0.9550414214
0.5936171116
0.5671865376
0.6814798568
0.4566537797
0.6607986994
0.694202319
0.6280223083
0.6871247305
0.5804209358
0.4459679593
0.5366393778
0.5113056198
0.8421989932
0.6308685979
0.8870599109
0.6579905855
0.6996758485
0.7026789982
0.6205703284
0.8387871677
0.5196903808
0.8150822338
0.5957676869
0.8950120594
0.725920496
0.7445107744
0.6009161546
0.5883785578
0.9666638722
0.7525195377
0.6966347897
0.9938884593
0.7716624297
0.8845386139
0.7668457614
0.4070891008
0.4553887073
0.4656722621
0.4470695443
0.518714842
0.4745983889
0.4826769188
0.6696306045
0.6885532162
0.6449262405
0.6710022607
0.5419360812
0.7323849068
0.7381184003
0.7680111374
0.6829319972
0.5795381468
0.8401226834
0.804844115
0.9288387742
0.8747781055
0.8507234674
0.6613097677
0.8486311423
0.8859148451
0.7915605991
0.9166004761
0.7448120243
0.8927401402
0.4946513236
0.7679179889
0.7080845574
0.9452980646
0.4390157468
0.8605716623
0.8800653223
0.5462283085
0.6906301367
0.8776448483
0.8374348491
0.715417905
0.9942960319
0.8963654525
0.6053770377
0.6887182434
0.9999980027
0.8890074388
0.6334935411
0.8064153615
0.9819493266
0.8680552302
0.7237164833
0.8562694463
0.728726985
0.724624076
0.4355668854
0.7305887544
0.4680059287
0.5819498434
0.6829979288
0.7071151837
0.8038940884
0.5354825325
0.7218811658
0.6185489579
0.6439827201
0.5447124246
0.6356559541
0.8798777528
0.5820055502
0.7616003515
0.9857155221
0.6486727973
0.9827720719
0.8855534531
0.5666755509
0.6103691865
0.6491579667
0.7527639324
0.9681097913
0.9516227144
0.9775624324
0.7898254831
0.7812922624
0.9610179765
0.9981547477
0.9545544294
0.9291590135
0.9485696576
0.7380132967
0.9743047745
0.9902187346
0.6570953903
0.7660029201
0.6211156389
0.5626860389
1
1
0.9998536946
1
1
0.8423414876
1
0.7128369651
0.6782987885
1
0.9778365901
0.8131738344
0.9206685282
0.6065593901
1
0.9670662248
1
0.6825885199
0.7173850139
0.7314275565
0.5991775219
0.7059737916
0.8411575268
0.7020623155
0.978576244
0.9710113107
0.9568172151
0.7698339664
0.9236453371
0.8735943217
0.5033628393
0.7209792427
0.9749503832
0.6979968707
0.70803192
0.7103545794
0.4851289792
0.4775915709
0.8938084388
0.9198867188
0.8026630537
0.9756460497
0.9575830971
0.5819137816
0.9749686953
0.8513666421
0.4616267355
0.9073525373
0.8831442742
0.7565273136
0.6284202528
0.8123330048
0.7850932172
0.8033372523
0.9598847461
0.45039596
0.8895069497
1
0.9624086512
0.6056028501
0.6625382334
0.9371246209
0.5379760519
0.6554088316
0.894543544
1
0.889607416
0.9465840493
0.5454609597
0.5526339092
0.5220525406
1
1
0.5889266986
0.6370923095
0.7998366657
0.9536420886
0.642393878
0.6397138689
0.7999617249
0.5407250032
0.8773361879
0.7849349924
0.5285920765
0.5017966515
0.9535544282
0.8534462324
0.9825949225
0.5580874531
0.926465152
0.9280693712
0.5480066902
0.5474052238
0.7138382695
0.8512443546
0.7076724467
0.5911296184
0.7069182136
0.5494818257
0.4869575776
0.4680454712
0.5247070028
0.6848800946
0.4952143742
0.8423031086
0.4539250736
0.5152735617
0.7175167673
0.5247386752
0.6658852332
0.8723261366
0.4335964112
1
0.6467835419
0.4505750367
0.51426144
0.6250895054
0.5280405038
0.8831506658
0.5519816763
0.7079586358
0.526775486
1
0.7229222915
0.5601042612
0.5426635514
0.8412501105
0.5372075571
0.6093457398
0.5148668237
0.4372779731
0.808117501
0.6082867284
0.5815713048
0.6936712946
0.7379975588
0.6860255768
0.7179749894
0.7949376445
0.7184387967
0.6895377255
1
0.9114877411
0.7077861752
0.6095090499
0.6022481796
0.9999971859
0.7815772449
0.5636487461
0.7274359543
0.5554128379
0.8311917225
0.6527681591
0.6195045551
0.5037456403
0.7199689743
0.7080550039
0.7712392773
0.6878863116
0.5537339299
0.5039510249
0.6705382389
0.74080045
0.5263874179
0.729779131
0.7145647508
0.637518997
0.5822239294
0.8740308606
0.7011873988
0.6209530776
0.7124709755
0.615693063
0.9999638667
0.9999715711
0.7110064417
0.7098803718
0.8898498786
0.6801726096
0.8494362843
0.8102534332
0.5552769373
0.7061004958
0.8808132001
0.974493446
0.8000843146
0.7244518806
0.6702067553
0.9256484721
0.8877335667
0.7370596754
1
0.8056948775
0.9484766943
0.7090944851
0.9349492996
0.9991848229
0.8850769449
0.9355634873
0.7684705157
0.4596834903
0.6565662934
0.512938278
0.9367011528
0.9397031409
0.9998042259
0.9866873911
0.583695911
0.9447691721
0.5633361412
0.50517973
0.6358948403
0.5685150073
0.7785762349
0.959085301
0.7734722252
0.9943167113
0.9997588854
1
0.9999981639
0.9988670328
0.9999999714
0.8756299134
1
1
1
0.9999932585
0.6228964365
0.7242927316
0.9643452149
0.9332772162
0.7254413305
0.9628320139
1
0.8747746736
0.6557346999
0.9458187531
0.749570915
0.7175536842
0.5707666877
0.9592008554
0.7801204191
0.9999874863
0.9266237345
1
0.8915900006
0.9999999963
0.9958408505
0.921225385
0.91002694
0.9999999924
1
0.7838094524
0.7815202248
0.595024828
0.9962659316
0.9165879403
0.847844118
1
0.5153890481
0.5362854694
0.920691225
0.7959955207
0.9995479025
0.6932590558
0.6438793175
0.7742410494
0.8701101226
0.6445857524
0.8660277595
0.7671243803
0.9220557896
0.8950824267
0.8048604785
0.9644317486
0.8988905774
0.723415333
0.9985074654
0.8052626349
0.805382006
0.8728816589
0.5042176736
0.851119066
0.5420053067
0.7068704308
0.6309403428
0.6275277895
0.8548660067
0.746407108
0.4737980726
0.8407809357
0.6839845308
0.9956271769
0.5732242809
0.863022805
0.5717752999
0.5125029214
0.9479341774
0.9998819511
0.7072870916
0.8230264639
0.9136426421
0.9354902396
0.5841092371
0.8750162012
0.7443326271
0.8123402295
0.8037051672
0.9245607826
0.9572608471
0.5856726701
0.684306416
0.5307280371
0.7427625128
0.9598812127
0.9999989179
0.6271332316
0.721272135
0.8577414419
0.7989550105
0.9797713867
0.5730360255
0.7313310927
0.6526054249
0.7568304517
0.9386966851
1
1
0.8319287325
0.9943090157
0.6383459906
0.7890901378
0.8874918294
0.9207443925
0.9239762154
0.9199615975
0.8320393499
0.9656472023
1
0.8166521163
0.8555572797
0.9999936133
0.899835313
0.7334041764
0.9846955221
0.9207716397
0.7179566231
0.7886995156
0.9235023573
0.8860362462
0.9999983224
1
1
0.8070201066
0.9045081045
0.9112552287
0.7076995033
0.7424717882
1
1
1
1
0.999673747
0.7981720042
0.9999397358
1
0.9999931618
0.6179167373
0.9999862173
1
0.7992329816
0.8025925823
0.6446503593
0.8438139149
0.7061790208
0.7968728296
1
1
0.9002752445
0.9793529144
0.7072248014
0.6814681158
0.6190533382
0.869495559
0.9513025207
0.7125494989
0.9399108383
0.4862132299
0.7125967762
1
0.9997258662
0.5842961469
0.8860090455
0.6344924434
0.9498707319
0.6129372879
1
0.8195036339
0.535736237
0.563262984
0.3992400556
0.7189068849
0.9555667179
0.5446681338
0.8941369093
0.6090082758
0.7652671694
0.6602319065
0.7458501468
0.8747236943
0.6805666634
0.6446319363
0.9123926041
0.5990715962
0.4318555325
0.6417531308
0.4838175059
0.6203417095
0.8402654789
0.7213710107
0.7219639803
0.8985665803
0.4164925588
0.763334261
0.657725672
0.8902618908
0.5685866608
0.6564409007
0.9312720825
0.6351064482
0.5580222569
0.9068528393
0.8384589244
0.9344390937
0.5484854043
0.5810997133
0.7618919002
1
0.9421925333
0.5317975578
0.7174978358
0.6395770755
0.5994205647
0.8820986576
0.5373432406
0.7326369322
0.9064324305
0.5795348558
0.718397898
0.6314208518
0.7497119682
0.8821489001
0.6126869113
0.7356159968
0.8512145299
0.7010060585
0.7173087398
0.6238368053
0.5691525376
0.6823366367
0.7600361755
0.8030170069
1
0.5640992103
0.6381783008
0.795895483
0.7899117152
0.9718072626
0.6330498153
0.8812829466
0.6316907173
0.909580102
0.4665760831
0.6864216709
0.577751109
0.5495963556
0.6358425049
0.6668528445
0.6122594031
0.6141048795
0.6883457881
0.6049830187
0.5336548941
0.6825910914
0.9999999971
0.582256261
0.6441903251
1
0.8828055073
0.6629766213
0.7071223866
0.6377127132
0.9630856348
0.7745699033
0.9356458338
1
0.5711087152
1
0.7773662246
0.6166301792
0.6030713281
0.5852793638
0.6000747186
1
0.8071919956
0.7087628031
0.4869482161
0.7812440136
0.9384304828
0.4823626474
0.7116544921
0.7107917836
0.626107728
0.7245546571
0.9991445967
0.5922955559
0.5933708383
0.7643444543
0.7190466931
0.7445696642
0.571429677
0.9150663884
0.6118724291
0.7938974593
0.6406907753
1
0.6556213367
0.8487109045
0.8820486725
0.7303434394
0.5331332866
0.5648209113
0.9178412658
0.7020016311
0.8614109153
0.572689964
