#################################### 
# Matrix Size= (25,25,400)
# Resol      = (1,1,4000)
# VoxelSize  = (25,25,0.1)
# nbVal      = 4000
#################################### 
30906.08487
31619.44684
31630.98069
32091.10185
32207.78469
32214.51323
32453.81966
31906.3604
32392.36397
32362.41997
32412.88362
32566.74377
32423.27866
32430.41647
32345.85924
32531.67882
32388.76379
32496.12156
32364.93174
32480.98819
32789.31074
32773.73817
32543.04521
32558.93432
32673.52577
32847.70805
32508.11381
32651.12368
32743.67234
32916.12871
32954.63181
33232.56527
32926.26478
33013.66489
32892.98107
32824.24969
33118.35333
33062.48662
33087.71822
33272.45247
32917.34706
32879.74508
32942.8463
33202.71676
33251.72665
33413.06903
33655.75134
33233.71014
33413.10282
33485.73752
33222.66658
33377.51401
33293.29084
33497.46476
33529.93884
33606.52772
33653.87656
33341.27661
33669.07262
33541.65127
33706.58191
33460.9776
33844.35808
33827.53944
33760.49747
33680.45683
34117.58338
33797.21783
33846.89808
33755.39487
33692.19182
34158.00015
33968.17105
33821.45747
33983.90788
33951.89566
34001.71625
34148.8123
34320.26088
34189.99257
34082.01339
34158.43453
34192.35965
34190.31653
34021.88186
33985.70382
34216.62148
33910.00975
34322.15122
34423.81521
33763.36157
34282.74761
34081.10894
34138.81097
34438.05932
34460.09672
34409.88972
34156.10784
34337.39849
34245.59258
34675.12172
34597.67897
34487.83234
34580.83037
34793.98712
34647.14985
34890.65767
34515.50543
34715.6604
34811.93815
34563.11035
34721.90794
34939.50599
34794.30473
34822.88722
34977.08792
34746.1015
34868.33054
34617.59379
34773.144
34979.99656
34777.41388
34851.35291
34995.60199
34926.3171
35130.44187
34983.07938
34832.81165
35179.09947
34992.57589
35047.31892
34926.69628
35449.83055
35132.52061
35235.95865
35168.94453
35035.2351
35344.45756
35126.95343
35212.34754
35056.07503
35344.26106
35262.5477
35091.00578
35448.29936
35442.30656
35302.6046
35765.47105
35687.90593
35356.38029
35332.37861
35523.2699
35651.58761
35775.27606
35683.78957
35554.71599
35833.01882
35640.27657
35640.42016
35637.21163
35685.07057
35738.06693
35766.16698
36026.10631
35540.38115
35870.47304
36149.1929
36054.25498
36042.48272
35910.25992
36093.18595
35964.92471
35957.63183
35970.3019
36208.0489
36144.64327
36105.91103
36234.17222
35958.17913
35874.43202
36316.11514
36374.00069
36313.44513
36445.20266
36144.01699
36153.68004
36223.96038
36512.25334
36506.38601
36392.63833
36687.43323
36297.21556
36535.41101
36642.18998
36512.73661
36651.66304
36453.12752
36272.07449
36758.11915
36607.20129
36581.59686
36566.25026
37054.99289
36659.38897
36962.37499
36955.82061
36920.27839
36892.77904
36826.15416
36846.63748
37039.3949
37154.22676
36773.52869
37201.69144
37227.03937
37298.09512
36931.30479
37018.14728
37131.66739
37445.85698
37371.11166
37354.81093
37245.48857
37233.57162
37552.60849
37509.73691
37464.32475
37490.20198
37427.62511
37559.39073
37086.58643
37482.35511
37340.69369
37676.08653
37694.43769
37348.76011
37445.64217
37762.99494
37818.38868
37857.1688
37490.65235
37963.42957
37547.06477
37960.42974
38044.60452
38065.44866
37911.61797
37936.35209
37615.99987
38105.4181
38450.90811
38094.64055
38103.6197
38217.46935
38108.78276
38514.68
38283.44726
38403.0358
37899.69517
38198.31016
38243.04029
38290.01768
37889.96835
38204.07354
38419.03982
38641.93797
38184.65434
38737.29817
38751.38821
38410.53797
38586.50236
38372.02691
38464.7528
38667.66447
38576.35525
38710.6848
38865.60145
38830.72467
38867.2205
38900.09409
39222.16689
38983.24339
38754.78531
38822.37989
39096.19927
38924.09147
39058.59568
39091.39218
38945.00177
39122.11029
39138.52224
39301.71133
39068.623
39415.86142
39257.52643
39154.02969
39308.93909
39358.40154
39546.47536
39551.09323
39355.64151
39658.5795
39664.47725
39642.331
39435.30874
39364.74412
39737.10208
39927.21099
39792.9883
39718.09059
39573.46673
40249.74749
39759.4006
39935.16091
39927.97088
40330.93979
40017.72942
39854.10553
39726.19498
40375.01428
39944.3332
40094.13544
40244.96216
39720.50526
40228.46387
40301.91258
40463.77702
40220.44012
40180.28506
40180.7571
40372.66925
40535.72936
40464.72432
40589.60935
40726.00639
40585.95228
40472.78043
40637.07892
40714.68425
40882.89543
40748.71224
40721.67442
40732.88474
40678.25672
41065.13393
41063.73813
41186.09107
40785.93162
41114.80782
41340.29746
41203.47917
41369.54283
40943.94917
41093.57043
41100.98928
41012.99947
41485.13529
41364.0196
41395.70583
41468.18819
41062.73386
41758.15245
41762.54431
41378.9374
41697.1407
42092.93408
41854.73278
41553.37548
41702.80498
41794.73829
41871.57835
42281.52603
41973.64374
41907.90931
41798.67181
41934.696
41958.96029
41964.27863
41821.46948
42287.25169
42257.66548
41877.29999
41855.99358
42380.60296
42211.22651
42368.45076
42835.73397
42348.76322
42963.35684
42607.86568
42171.21548
42591.0631
42571.23155
42407.79788
42954.85761
42487.80389
43005.88574
42603.68608
43074.80869
42594.57857
42967.89929
43196.58222
43123.29199
43221.38544
43250.85857
43444.43067
42961.68331
43403.81114
43138.98422
43060.98905
43622.54459
43067.08806
43707.08362
43550.99356
43566.65157
43869.65405
43643.48836
43796.87821
43214.99712
43536.38498
43977.17988
43777.82944
43988.30467
44138.63839
43857.0916
43982.73084
44070.81924
44203.77465
44080.49099
44452.36682
43987.5685
44653.82156
44411.90893
44340.68966
44591.22729
44663.10121
44708.90001
44594.38635
44587.19434
44834.83045
44869.88243
44962.6421
45012.43419
45158.7198
45171.52097
45227.33166
44880.43791
44978.83585
45650.61874
45315.63851
45018.84317
45387.7507
44897.49484
45295.92956
45734.4215
45759.81027
45389.91889
45488.20148
45518.21537
45816.1818
46506.72786
46073.41995
46148.61421
45716.57754
45807.32025
46153.06686
45922.97391
46243.43096
46436.50399
46324.72332
46626.61437
46346.45011
46822.73268
46009.90694
46711.58079
46605.3778
46933.98866
46959.62191
46564.62124
46969.29519
47106.43829
47271.59954
46713.40567
47555.62257
47389.96174
46915.98211
47787.54294
47011.3165
47719.74348
47608.9511
47816.16505
47482.8581
47912.17522
48147.1101
47908.72428
47693.94214
47937.63183
48101.73497
48045.55977
48055.37673
48239.81894
48098.13475
48454.41333
48310.41496
48500.51661
48529.44232
48388.75203
48351.62205
49344.73916
48864.11051
48936.25585
48825.47247
49029.15651
49109.44676
49267.31666
48689.17648
49038.45185
49061.86659
49808.98561
49796.66649
49570.89836
49866.55445
49471.09004
49501.45233
49957.02648
49644.84239
49806.44606
50035.12823
50149.70858
50188.44423
49812.05722
50698.12671
50264.30679
50088.46998
50581.63246
50808.24593
50543.13916
50695.83196
50673.89492
50208.43576
51089.37779
51573.19899
51271.00938
51621.73129
51144.26911
51904.80841
51726.78125
51502.02539
51816.3187
51854.71876
51578.5056
52371.43082
51800.84429
52213.21094
52265.63857
52518.22049
52012.18612
52662.25929
52888.15689
52369.34067
52650.74543
52894.65175
52637.4864
53355.01584
53292.49998
53640.70978
53250.87486
53545.98366
53787.67714
53756.14058
53315.30859
54476.55056
54442.58093
54169.69393
54537.24517
53896.72903
54189.98277
54581.06491
55252.02426
54449.90211
54812.67219
54737.95692
55305.58044
55382.54008
55190.30021
55385.94373
55626.71824
55858.92832
55882.49526
55985.86892
56072.89399
56130.14939
56052.02641
56051.43196
56348.33407
56816.93193
56978.45747
56671.47773
57210.68321
57055.01858
57456.13753
57460.11335
57857.25409
57956.91949
57508.45409
57663.63913
57966.23573
58308.11067
58157.20383
58306.83466
58353.37455
58992.31027
58923.47638
59426.32416
59331.97325
59250.01798
59579.64807
59645.56008
60214.31414
59870.00643
59556.61637
60623.50184
60006.40235
59982.2164
60891.38374
61224.84269
61107.76087
61421.6977
61398.66631
61928.66427
61305.90448
62301.64861
61849.81022
62182.66637
61799.02934
62301.63591
62344.85974
62602.11341
62983.36739
63751.46231
63407.28683
64119.25212
63935.81793
64592.58677
63692.76593
65053.35873
63972.02997
64480.19758
64614.84697
64695.78512
65394.12587
65812.34808
66104.08691
65709.97312
66247.68998
66450.06091
66551.13514
66714.51308
67113.00634
67067.83403
67794.426
67782.24023
68253.5609
67982.17324
69157.13242
68267.86659
68967.84267
69510.2355
70309.31644
69540.24255
69770.66809
70245.41806
70801.75522
70509.20829
71179.86665
71170.81325
72094.77458
72001.12635
73384.56983
72862.43075
73334.61994
73192.41748
73951.86765
74258.56947
74354.82392
74865.12218
75339.81291
75354.2095
76113.35877
76438.39979
77333.67077
76749.492
77309.59164
77590.9264
78147.05642
78803.40457
79928.36617
79877.37817
79892.57527
80512.76568
81067.95476
81355.87285
82101.68225
82037.89764
83159.82006
83915.10385
83508.53478
84332.3891
85207.44021
86108.32126
86014.94293
87359.02834
87179.61857
88468.45935
88421.65775
89327.769
90543.25894
90476.40401
91623.04295
92278.95482
92887.52653
94818.33344
94417.60072
94790.48051
96884.01116
97138.61178
98679.43702
99034.67187
99656.54926
101209.2135
101771.7252
102888.3
104985.8411
105344.9335
106285.3751
106331.1229
108698.2187
110438.0681
112305.231
113820.0624
114373.8387
116669.86
118129.609
120176.129
121325.027
122852.8319
124820.7682
127159.9569
128861.0761
131030.7383
131719.0465
135664.0038
136084.0435
137669.7917
139411.3154
141485.0988
142435.6815
144227.072
145777.831
147524.5255
148418.4792
148829.4336
149159.0651
149820.5977
149065.9934
148513.1425
148451.7828
146039.5587
145369.2831
142622.5094
140797.321
138535.7486
134655.1672
131898.4254
128397.8793
124295.2196
119228.9764
115207.8605
110224.6871
104914.2294
99668.62917
93793.49181
89323.3605
83775.11631
77857.89707
72668.03516
67896.83034
62238.49248
57203.34936
52291.00506
47545.00573
43754.99382
38873.60958
35304.63482
31228.23474
28239.94925
24673.7469
22086.46411
19098.83591
16876.87451
14699.43165
12654.35478
11054.11347
9324.221216
7725.648286
6882.121809
5669.625832
4833.876256
4246.583949
3454.222632
2765.750291
2330.929275
1979.256696
1605.025004
1294.147938
1026.640958
884.4738451
724.7786197
563.2783473
525.5392801
388.8629896
323.3128145
258.9881544
233.6133198
231.5378279
174.521909
143.7272745
111.3998626
124.7185153
110.0832872
74.9790228
73.29731353
81.45944985
71.64734346
54.63885329
63.42803062
51.09483702
49.94805492
63.2669181
72.63055719
56.54062266
87.19921649
71.08752731
58.40655227
65.60350066
59.63168309
53.03623415
42.63534051
68.99328856
48.88688843
42.93109747
63.7184657
55.16865184
69.51313857
54.16686473
52.55453843
44.35141448
63.14791921
64.27072336
64.27402564
59.87982866
65.71003262
44.16107053
46.06677832
85.32748256
73.46100543
38.01953757
38.77453057
45.95695714
57.42571744
74.67313574
52.86767211
59.80221953
53.53729137
67.93620904
71.12978556
52.73029505
45.64308004
45.79478202
54.15666763
60.76433345
46.86001479
46.79345727
48.67473731
57.38036822
65.38128753
54.92537882
54.45426702
60.95444877
51.83427777
44.46761135
40.83504398
42.82493416
51.06064186
37.97904779
44.02793516
40.87060052
53.18906432
59.49051673
41.91024504
47.8444503
46.21713288
51.64045452
46.66646074
50.76598056
65.57162553
50.09094767
64.51218836
69.60157204
54.82721209
50.871425
54.89146951
49.38297219
59.58086284
51.02298429
56.96413841
57.82849564
41.8365585
56.49159426
47.81936766
63.26320866
48.77772743
47.50605056
40.199649
51.2182425
44.89588246
50.32164539
52.23393216
43.47217357
47.92357763
50.98694253
51.62834317
46.16254239
42.94750304
40.6367745
51.53391968
50.65849246
52.7538131
50.92082906
49.42880627
64.56906628
30.87219075
61.15219105
44.30873038
47.70417576
30.75867171
41.29841306
37.76225036
51.14554376
48.34036611
39.40515105
36.41980806
32.30423985
36.39503818
63.38823041
39.18974174
34.86569868
49.38037471
49.30158583
45.55451863
48.20897167
50.08281215
50.56540105
60.48081969
36.85133933
49.51482566
37.20341704
44.83377596
50.39014864
52.24227571
51.71585074
64.21767768
53.80532465
64.13540111
47.78625295
37.17061226
64.27694866
37.44535513
50.87973955
40.32565013
53.085736
67.92928122
51.07038292
51.79788348
72.91328661
62.68577579
59.18957753
56.84561838
54.3138441
50.88583135
53.93642391
44.81818455
47.31665433
63.13277703
52.20151841
41.58823024
60.13611901
77.98745683
47.83541699
68.50582298
60.83569227
50.00230542
50.47427409
31.8134661
31.99052373
37.13256439
44.61786489
45.4895719
44.88192511
47.06334034
40.4040618
38.28573219
25.92861556
45.33202858
30.14929511
32.01274463
24.41367635
43.89474003
52.77724634
45.19177601
69.99842077
40.93735667
37.45476261
50.09129304
39.95865204
42.09320379
52.13001336
33.16471915
33.64339331
52.6285247
29.16581823
73.37077503
51.07197216
49.91470806
47.49386696
62.44837328
44.3873719
44.71188857
40.97559969
39.35187174
47.27977481
44.63694442
53.7090167
38.45379231
42.45985166
34.30326077
25.05910725
34.98469126
33.58402891
31.15049106
39.36140266
48.0394405
51.49807901
39.11737089
33.80604643
35.01234523
42.83496191
31.85947117
49.30656495
38.63529147
33.98534368
22.92930748
39.43374357
39.2339416
37.07855746
42.17840601
41.61830892
34.50099037
44.40387911
32.97289188
60.87870183
28.19749912
37.2690807
42.38491566
47.97271156
37.43735904
36.72730919
45.53194199
32.20212308
27.20142406
24.24696549
40.14778001
52.27729772
29.43316977
50.32784049
37.40740284
42.40693487
33.3517406
25.69064289
42.47565342
34.80740237
42.83761733
20.22196886
35.62350569
25.81867158
34.13616811
27.56556172
28.18424094
33.04665638
21.83897271
37.96778315
45.89696194
27.84552921
29.68293785
43.82162946
13.47812041
39.44940569
34.75858719
38.28272109
21.17288414
22.518225
55.78103408
31.30025977
24.58176698
42.002455
38.34833274
30.45592672
33.67482995
26.87519901
24.84832577
44.49692229
40.64809934
29.11441466
34.79380849
25.65499792
27.41680624
36.35185312
33.88316123
35.77174713
27.3830553
32.03258933
33.46964367
21.80704353
30.02945676
37.90559299
17.88991794
37.54111318
23.78908058
34.93760494
24.80913034
35.88088278
34.75806311
31.33690721
28.96595972
42.66837853
34.49958653
46.94139807
30.32490883
46.8578027
36.28056912
36.71906563
42.06057023
28.19613566
50.08599625
45.83518144
44.02069319
34.11872865
41.23884841
35.19947586
34.3833248
39.27467388
37.27382955
35.3940085
38.53986616
34.44127007
41.61852425
36.97821773
34.93574054
27.64229698
60.75218353
41.41958135
25.4635148
44.25421293
42.81638301
24.51781083
23.42734655
54.79239579
28.99354161
32.70869704
40.94787356
35.35076332
33.00726583
37.93510286
29.42964178
38.88517143
31.46448424
35.72829051
35.04856619
28.66346765
22.5047613
28.26032157
20.89380028
35.28727045
39.02067629
22.35800719
38.95629031
32.08514518
39.61008348
36.86116619
37.89600185
28.9158255
31.56974119
38.18377972
36.44985893
40.66769087
43.21467036
21.4691926
33.63845051
31.58195509
25.5472865
20.29564418
39.4772067
30.54810941
28.45962722
40.32741364
19.76395896
17.51759605
23.44912015
40.11223011
20.51676018
27.17702028
31.23408382
23.18287949
27.08231531
39.83730986
24.43675851
38.030334
44.69054277
32.07399356
32.03564184
25.8554804
27.71279249
23.74668446
36.14208023
42.05609317
28.18125793
33.3199104
20.42308478
34.11991414
42.81207581
37.64444869
40.67254344
41.44205897
24.51528451
24.07956483
21.15776087
32.38047529
25.40629027
14.87726196
34.59600022
25.90088967
39.4404546
24.54214171
23.70409405
31.95653666
32.6980689
26.69166809
19.17957366
17.15529432
15.94170584
18.58346441
17.30383831
18.86702893
27.90623145
21.34484264
22.96996202
16.71374863
19.39726146
22.58013971
23.00370035
14.71299967
20.50009112
27.92280224
42.34929998
25.63554025
25.39648801
40.95802353
19.09328201
26.58931172
17.13416224
29.32684967
30.43810329
41.4786223
36.69919898
28.89378277
30.5141283
25.9884879
21.69835548
24.21281408
29.8668542
18.40788192
17.13725377
29.84652278
18.02897831
23.68718502
46.29090855
23.90709524
25.15709947
41.25304513
36.24793378
38.64339099
23.95855449
20.08490169
19.55267852
23.42649874
29.64017069
27.46538741
28.7433521
28.71297506
26.57891643
40.48001849
35.89944188
24.68923962
22.69486526
16.23419129
21.69915144
23.69620936
30.03365433
9.340149147
22.86642833
33.74268487
29.60521726
16.16764859
29.04490945
18.7563307
17.93668427
27.03211045
19.45854219
26.63033192
26.16420179
42.02336047
26.97667092
19.30135179
17.47894294
18.76855503
34.25742685
30.66062082
17.66107391
14.37379667
16.75827284
20.04011534
29.31397548
17.5829067
21.84826124
34.36183189
21.89386317
24.93137141
14.21866581
25.19043225
18.82218523
23.45057134
17.70402795
32.02568359
27.80341371
26.36063918
25.46157213
23.65289267
16.51496562
25.65843457
17.28798998
47.80017408
16.62968457
26.97015953
33.98068526
19.57407584
33.24771669
21.42612464
24.87858029
22.59463415
34.18534316
26.44752666
14.46764793
21.51381325
19.97779965
30.85082602
26.68350927
15.4015307
13.27044143
15.91770596
19.40835147
18.29786663
10.7492297
11.66592548
16.07080658
15.76585334
17.04214024
22.78674848
24.56437974
24.74373914
26.27711651
13.51017141
16.70588567
12.64763459
18.87128693
20.59442599
27.72720413
25.89916802
18.39028366
14.15362736
33.4301767
17.76554605
22.76453744
14.54940432
23.43997278
16.73333145
25.429811
26.8773535
18.58064843
18.59476253
25.0893961
10.90809702
23.15565651
23.52523881
21.33121405
16.28029582
20.10593846
20.01600389
26.96549025
20.54126213
23.10766641
29.76105148
23.09880133
24.19606677
16.51920097
33.90298274
29.83737372
17.88356498
21.10126246
21.90649666
27.90037589
19.15375973
27.7063093
23.27259686
31.24810721
28.75078951
12.03197155
21.32666575
19.31567279
17.85626446
21.4202375
21.10007252
24.19352124
23.60313141
24.06321942
16.26075304
17.79542676
10.86434479
19.86711389
14.11085511
20.484818
14.81380836
13.37058926
17.56802571
21.07354226
11.30199127
16.0341441
15.98344206
28.97532202
31.5262256
18.45521243
21.15494917
18.84435652
23.54229187
10.21896664
14.4159142
17.03182514
22.29029241
27.32625501
14.46527463
17.61895528
10.49095517
10.72032341
15.41865813
22.20788187
7.973061698
12.46749068
10.71304169
11.76436551
10.55433808
25.45485308
18.36421544
17.51633121
9.018776422
13.8738408
10.54070254
20.78360224
13.65614754
17.99249561
14.30425201
11.70908901
9.465553538
21.48992132
16.7978474
17.27087326
17.40625302
31.33332187
18.15674027
23.76515924
14.74698695
13.28560485
18.89180064
16.67801379
16.29852283
16.48782489
14.24046339
18.42005346
11.77220611
30.48322927
18.91354045
14.95749024
10.36995701
11.99605245
10.82202536
20.18417294
15.0682171
14.97984632
31.17802856
8.625886653
12.46636026
14.37754714
27.12208174
24.14530836
9.167200964
19.2828916
12.41255965
11.79856056
22.04823968
12.74600431
21.05637205
10.29024522
8.989546068
12.54638345
11.37579533
6.012960652
12.24902776
12.20706441
27.39647735
14.98484014
15.92833844
21.3149908
29.05573149
19.10833639
17.68854902
9.810138736
18.39764826
20.71073211
17.99220965
14.49421389
22.26827062
27.42141714
18.97781663
19.31168229
17.98390859
15.87541208
15.97715562
45.631604
26.58707543
16.00902015
15.0672349
38.02736716
22.02198185
31.65230944
16.09636322
22.24420253
22.44710618
19.59827052
20.20726703
12.61324613
23.85798805
33.46506819
20.47211293
18.2564508
12.28844982
22.36388377
17.27922955
13.84852941
15.36332062
20.79668176
16.45140031
15.31376814
14.68393728
14.64640781
12.71923409
14.0102297
15.43837696
14.07157293
15.36007057
20.72594887
25.06491587
23.36627562
13.58632872
11.08504926
4.141869116
12.66519449
12.35394281
8.332178141
17.95353843
24.33116531
13.91716504
10.46665651
13.67139562
11.48515419
25.33190787
27.72046871
11.09656765
12.98445614
12.6961293
44.97554524
39.56055034
10.68904695
18.32669509
18.80486973
10.1794083
18.58104515
10.47952164
20.50292559
20.52626271
10.83775875
13.14510404
4.871853698
24.76947378
14.16632271
20.76840175
11.47486311
27.10740719
12.95463466
17.92490296
17.80238548
17.47592243
18.13915125
16.43499574
13.67743253
19.79564994
13.11023125
24.21336043
13.0910375
20.53519121
15.44173938
15.64915291
11.85821275
10.10945506
16.28921436
16.13163057
13.70862727
15.42443904
4.74092428
9.180860536
15.91480656
8.280606896
22.17959135
8.633052233
7.697304024
11.16406379
11.08689488
16.77111164
18.42088628
14.28121861
11.25610786
19.35116219
14.73621455
17.97004134
6.903823277
17.31690052
6.940200317
9.102126887
9.546011472
7.376757251
11.2847904
8.18535593
9.114926279
5.293586853
24.34642719
33.73144343
20.43110302
8.511245572
17.59384643
16.1736392
11.86744548
17.4891346
7.349929268
16.24527607
20.3269728
13.57408553
14.81264073
17.89796753
17.38242441
14.13297838
15.73312309
10.20217412
13.73295589
6.733217696
16.57107161
12.74769046
10.09687654
41.18130048
20.17980608
12.57844155
15.56496147
15.3683028
9.680579206
12.70371979
12.09103376
10.05097353
11.72766552
14.47064056
7.543969971
25.05864985
13.46218786
17.05364317
19.28135097
11.54200388
10.73445845
25.25054663
11.14117521
10.19184884
15.622415
7.345634307
10.94125364
16.49298094
4.920168647
12.4189765
15.94708666
15.77752325
12.43156017
12.67524998
17.26737755
8.230358315
15.78627049
7.060611241
10.04270489
13.37871983
8.438875585
7.740031605
9.742363119
8.706522348
8.708033991
8.218859977
9.367179088
8.351025784
3.652501794
9.850851823
2.794753684
5.623550939
2.933930281
9.376178752
5.783667943
16.54533986
12.67960896
14.61963575
7.940379531
14.96744485
12.320736
11.59526303
8.302086647
4.607785881
10.07066352
10.92155277
7.43991362
5.710352183
6.731158348
12.13474742
13.55706477
13.599687
3.508544972
30.52320572
15.8703374
8.802129443
7.43353583
9.01599133
7.629678139
5.334267619
10.67148371
9.955187748
7.782202512
16.64101364
12.25819497
12.17422537
15.91672678
15.86056127
11.17501611
13.88122243
9.104087462
13.21614447
12.68866986
11.79673752
18.46287557
9.652053404
7.188535358
11.21931893
8.01754653
5.120108155
3.255630242
8.594840801
3.864289613
10.31585135
9.950663635
13.11420578
12.36387822
16.30686027
6.60708966
9.432348525
6.226026076
9.143456942
8.163791721
5.452394822
4.231707818
4.390524492
4.96532392
6.798911378
7.322486859
6.896545794
7.225129605
6.846196723
11.95302155
13.35622799
11.20372758
9.961831765
13.05314496
8.494277853
11.51835023
7.754865356
13.92086155
12.00627062
12.82573946
7.80643319
7.311957804
6.541501165
6.427171599
9.25353282
7.581166756
6.270275638
18.62204071
24.6438617
11.45172746
10.10164316
13.30112622
9.396277628
6.968002472
4.146757852
6.014885054
12.21905061
10.00360492
15.59962834
12.18447088
9.105133045
9.824803105
9.1640107
13.3286048
7.600988308
17.74115889
6.766630731
9.808304435
14.50456432
10.53062821
6.735984359
10.84084578
9.848751171
12.72485861
32.5486675
15.91565076
10.81734514
14.92122348
9.084485017
10.16733358
16.14246719
21.98794396
15.27249275
7.587700141
18.17244058
10.59223214
10.98541062
16.58962775
13.18433618
13.45985956
18.46902228
10.17426642
8.592907575
11.34379693
7.81819143
10.70761205
7.338369624
10.72778591
3.428772855
8.060498189
11.14030566
18.37988678
11.15727796
4.110651893
11.82278683
11.52748293
12.42554174
2.894564268
7.365925437
12.09447235
6.172894908
10.45468183
4.327598255
6.718776462
7.937494028
9.536694712
5.202229389
12.63736497
7.321227026
8.949015469
13.18922553
14.67180436
9.632843183
24.34387948
15.00724272
13.84176288
6.305607196
15.32278694
11.12950691
9.957660687
3.473104753
6.247443872
4.234869561
14.80041956
10.28213451
6.595866044
4.922945921
4.969858732
7.812884523
6.934569058
8.808637583
9.491373754
13.26077342
10.76063113
5.362593486
12.24512454
5.866473052
7.547031001
6.706784853
7.460594223
12.40089351
10.82843406
15.54663266
6.965370004
8.002198988
11.38827909
14.11064357
18.75395242
10.08128259
10.96829975
14.49930573
7.347875098
9.65190652
10.72899872
5.85985004
14.48830197
6.809968651
13.51839501
7.219006907
14.40278331
9.921173732
6.591973698
5.029820835
14.88450347
12.87690388
12.17180801
13.83320248
12.4126829
17.70106974
18.78931675
17.59576495
4.446541715
3.278541736
12.56637326
6.131703057
7.731317783
2.384526369
16.63328172
5.770994376
8.690000174
12.2203611
11.37938398
11.84712429
15.08619856
14.59106045
14.90960492
8.551402963
9.048342012
8.086352479
4.497996731
7.833691937
2.912508625
8.718890699
10.32891283
4.004547827
6.573303948
7.911269976
5.136697225
4.98976255
9.674617319
6.261590004
2.671392992
7.176028773
4.693954903
7.346539875
8.250877812
8.68971047
6.013569896
4.906768213
6.905724976
12.34719512
13.05382642
7.168149298
7.517758867
13.85800154
7.602697548
3.950822885
11.77371401
6.697099658
5.63703969
6.191961912
7.304384007
8.577460884
2.464034503
8.630251929
4.565422184
6.309830813
5.757201946
10.76464278
10.4048922
4.971706019
5.445074083
7.387142944
12.41669462
4.551498922
6.85374108
16.10335507
6.076708332
6.179346928
10.20240576
4.757468696
5.460969965
6.427373087
19.09339684
5.262904584
4.490954139
8.305897653
15.26922738
9.328813285
6.280494653
4.150603222
8.615702774
10.52079179
7.932712978
7.223736364
5.136946414
4.488191946
4.111338203
4.323945787
6.689949517
6.489332001
15.55584806
3.183902558
3.761352356
5.489661544
7.562577308
5.293989694
7.37552908
6.286838319
10.46712385
5.161451477
15.94932468
8.174378359
9.475174313
14.32950202
5.370356518
7.719899795
11.52998941
12.71969545
4.940497966
7.59434186
6.808156926
15.03225383
6.788784976
5.50252888
6.162969955
2.368345621
2.844002443
1.880766391
5.874028591
2.789683159
4.070131934
3.906365791
1.808575436
5.184059986
7.008327993
5.34197401
2.906003533
1.538670711
2.038463648
3.490361488
3.2946824
5.804874172
8.427362397
2.445113724
4.016808678
3.694648034
5.833924889
4.797932593
1.094427391
5.493928927
5.712097382
3.150093779
7.938868002
6.389057368
3.210421198
1.59415476
4.88701026
0.7267908037
4.114206055
5.042018857
3.697424186
2.425224324
4.766722858
3.422256883
5.289868138
6.325057918
2.716177495
6.950372826
12.69032258
8.438306801
8.209074612
1.716802375
1.358877051
5.234351252
6.94097199
3.792310069
7.089286853
6.05354342
6.450498925
4.538971637
7.378942218
10.38146416
5.571650128
3.167607467
8.07317484
3.930111178
6.707805576
10.20574639
9.802070051
6.91424953
6.580486886
6.44361132
7.057952575
5.899204907
7.958019055
4.040241358
13.85455666
11.32207995
5.653026439
4.168728199
3.683456975
9.63315668
8.426160091
4.935309557
5.403533758
7.471638618
6.679864097
10.08917993
4.017495653
5.365768875
3.432668534
4.601949856
8.367650268
9.732371557
5.612783645
4.24520526
8.58274593
11.8959754
11.4599119
5.831518211
7.409702898
4.924455152
12.29900822
3.610947753
7.55051869
1.227188626
7.327625048
7.957352845
13.66177342
6.121110134
13.89854904
5.769985497
8.271430587
8.501672531
2.394300303
4.438086296
7.918760796
5.338275488
5.740639857
5.741608376
4.580508918
4.992006513
7.359299056
4.687056851
1.799480278
1.356827665
9.653798251
4.608842469
4.116191603
11.57449535
6.425498636
7.021027428
6.323788788
6.036791243
4.911332608
5.26127656
3.252603284
1.462153634
5.089060133
1.6919481
4.534239759
2.156193148
1.079978468
3.467344578
5.202556056
5.131613075
10.19311236
4.188212042
2.943367225
5.74524052
6.997867802
3.473485737
4.954610417
1.917619509
6.076210769
3.702307675
10.46875497
6.441058653
4.44759699
5.124135919
10.34499369
7.871407798
7.411864562
14.01895349
13.71161402
5.341357134
5.307276203
10.54005692
4.516467499
16.85959176
4.881453507
6.196564275
5.834804009
4.185785878
8.863797822
6.321186129
1.400055603
4.493641139
9.353348422
9.638895022
6.649364028
15.38061166
3.739713569
12.69443954
15.31455862
12.04975779
4.391735031
7.549119545
7.136138664
8.333133499
7.354376097
4.428327838
1.15339303
4.095858645
1.873490167
4.386393278
12.05074326
3.255373527
1.724502611
1.050166282
5.105176558
3.811226773
5.784040128
4.603532326
7.849067735
7.860961643
4.36788959
7.429546481
6.692982533
9.716157186
6.23618296
9.549217846
11.85160362
12.05544081
2.830265928
6.1866427
9.755947364
6.758474949
10.70449391
8.932933875
16.40161877
7.768973731
7.341152654
8.698293917
6.839948517
11.13905882
13.59377136
9.518735074
10.98465604
7.716110612
17.83960321
7.166506652
4.301731483
9.134815763
6.602071063
4.095240282
10.23383982
6.431421516
6.222532664
9.248594396
2.987954502
7.034966119
8.099525659
2.633579452
4.127881463
6.000603457
5.160605107
10.70395339
4.155319321
4.495625724
1.243883963
5.928933483
4.2742848
2.656473308
9.765097246
6.565882523
4.87033355
5.800706947
3.213226621
10.34693506
8.140573448
10.15896812
9.628315972
5.679600405
3.947430396
7.064021563
10.86779018
4.369718632
14.5842374
4.870342245
10.91363429
5.729006603
2.643449425
5.741413038
10.49528269
12.24696944
5.831489931
12.87316319
5.643640545
6.716257235
2.81336752
3.103926664
1.310592258
3.124418778
7.584818757
4.162492008
3.65621122
8.494161006
4.677204017
21.1662796
4.67504013
2.053330256
7.630113002
1.579433989
6.178838448
8.740991764
5.137478751
7.593108653
4.70865662
2.305747985
6.297523823
5.785772951
4.836944726
8.979335985
12.14887201
3.949030899
5.43278004
16.93377715
8.216431695
8.089258035
9.815064101
8.813439069
7.082344596
9.397319398
12.67196442
10.57531726
10.91779366
5.858661066
6.331472913
11.40065669
2.395919246
6.670141195
9.978066365
4.548455453
7.066658377
8.341691967
3.082646984
8.195324248
3.131294001
1.47132975
1.261643174
4.83969076
4.539536927
3.168626766
3.499202688
2.842972149
4.126770127
11.57252281
8.079122235
6.823492957
1.998330107
3.746272252
2.844322905
4.653777678
7.272803011
5.456557868
9.695442206
5.489325419
6.68567921
3.496484389
6.570020611
2.062931058
4.062006971
4.667854701
3.228334675
3.628991902
3.718188196
2.251205383
4.066882184
4.766801465
0.896512996
6.363534434
2.520080152
8.662978035
1.425462428
1.131650457
6.876647377
2.458100237
5.987564325
4.191721117
8.142934014
5.271285172
6.271453094
5.917435822
7.163219267
7.779841955
2.056088587
3.76623315
6.199692376
3.51914082
0.6558047335
2.20807853
2.686813277
1.320600754
4.705764383
4.10134218
5.153079579
2.04719729
4.989337486
6.016160723
12.23870053
0.6604314001
5.899843968
7.619217671
8.070218162
6.215909208
11.64549061
3.1956761
1.237858361
0.668926438
6.887530231
0.6243818197
6.60267593
0.5991573542
2.934405404
2.420130183
3.29736761
2.309649371
5.300504267
7.720643366
2.809443538
1.117480906
4.0355712
3.048933072
5.164026608
3.872555663
2.54793424
2.975508599
5.18861699
3.771097964
6.520401653
3.378691107
5.147590538
0.8731195833
3.756852525
0.8682208611
7.762035427
1.274546187
3.076636115
3.348053525
1.440163565
0.5055139434
2.559671816
2.018612657
5.148942132
7.108809182
1.986054266
2.421585607
3.552048226
5.945735141
10.93714849
5.710461942
5.121219631
2.549318343
2.870617381
6.422289211
2.784560921
1.045913698
5.986531078
4.523776535
2.050410857
4.632799601
0.7592689449
4.315349831
5.012683576
3.848721454
3.151591508
2.865891764
5.205883159
1.750871927
5.012236397
2.254993863
2.891626128
5.213114692
5.389708918
4.461974798
1.51693489
1.839981815
3.837234395
2.21822615
9.319865262
4.878281831
3.76280022
4.997446686
5.405112775
7.391130059
9.662848937
4.810146603
2.917385461
3.645764099
9.481215992
1.193525176
0.8926501999
1.647127591
1.980326879
1.337296801
0.7955538875
3.587024441
1.296914159
2.89894218
3.158107982
1.636085928
6.557325262
1.750207894
3.134274183
4.439891011
1.323346102
0.8786118874
4.591940158
3.860731054
2.687044366
3.333770118
8.427075876
3.341999159
7.226165497
9.719658531
7.396222328
1.182647049
3.841955679
4.953895635
7.249142721
3.546330644
6.605134947
4.883619334
8.55205627
1.255496641
7.203074626
11.83634695
2.064325145
2.915536536
7.289370021
7.583640995
6.451216644
10.89590694
3.068471457
6.428375484
2.046460345
6.278788721
2.622863731
3.680607283
6.89147936
11.4669772
4.553097106
5.764115675
8.872215751
9.199479825
0.7833593112
3.930548633
10.30031719
4.648803605
5.254396646
7.458162995
3.533634436
4.162236542
2.897523667
5.907974261
5.733006136
2.503217209
4.841693505
2.741629546
3.804444913
4.211364036
4.639097394
1.156815264
1.116775869
1.471961688
5.994831918
2.069918825
1.110831963
2.184416741
6.552177569
5.66619631
4.815367133
4.64934715
2.422639428
2.011498645
5.721354555
1.764613173
2.295753514
2.076955073
13.81917507
3.184308642
4.114290366
0.633047315
3.005258049
1.348619765
2.799880671
1.657628344
1.143380953
1.132082492
2.274914567
2.590815219
2.806739682
6.960223075
1.843902765
3.797198058
4.126450072
5.70411357
3.803285797
1.070180172
0.8946370148
6.188410951
2.456621015
9.223761961
5.387734455
5.381571548
11.69637953
4.333510012
3.706416167
0.615210153
0.9390650681
1.210042728
0.2854525674
0.7488176679
1.560174059
5.531196811
5.666887114
1.582828736
2.237000697
5.342838026
2.843726258
2.51153958
8.059363534
4.765227958
6.307346461
1.139722864
3.186988558
1.055775858
1.738333048
2.256877173
1.569986882
0.869196755
0.7960476006
6.345633037
2.665967739
5.7184398
4.116184332
9.551414496
2.136035508
3.536425965
6.652286611
2.45275097
0.8818927015
3.318050596
2.113838194
1.966680171
1.300292875
3.414598612
3.770316679
5.928118592
4.099459191
3.175694957
4.467939785
3.386080023
2.749883714
2.818157869
2.649795936
5.737656302
3.028256321
4.31089284
1.239837376
0.8769387488
4.737184669
0.5625415831
6.95294791
4.314056878
1.27243427
1.800553913
2.814953769
1.684546364
0.8134841422
4.29329483
0.6576080343
1.640580412
2.324062188
2.931024627
3.79528352
4.188743263
10.99316011
5.906357103
4.942680841
1.409094562
6.104072939
4.094340354
5.930177981
4.761879979
7.532101131
7.336527207
6.517618367
0.8683601704
0.9080894897
2.961623129
12.9578941
3.662802625
1.160705973
1.509355108
1.11426835
3.546333116
3.724722341
0.8101158448
2.86078056
2.834772678
0.5389504065
1.467695189
6.794095985
0.9182414245
2.507101223
0.7714371882
2.153676841
1.883266818
2.555245132
1.292186785
2.336286001
3.50594303
7.648588936
3.309368619
3.590636782
1.979554243
0.6248870944
0.6273583614
1.716312557
1.671065856
0.6391642694
1.469686907
9.916819219
12.7918678
2.330530262
2.200013109
3.842536385
3.186104683
4.019737966
4.269267148
2.919618269
0.896901792
3.73187345
0.303399807
1.270402624
0.254162298
3.125922612
0.8886204614
0.6831742729
0.7622933141
3.014176289
0.890668992
0.550131544
1.513099865
0.972197828
1.921605436
1.493299501
1.477476784
5.672260855
1.80219292
5.367014686
0.3099896155
4.225243987
5.219697586
0.4104497585
0.5703149685
1.583285202
1.084233866
0.4350297491
0.9603862177
1.173126675
1.31008567
1.828498876
3.76464594
7.73603224
3.304310094
2.271594204
0.6153518963
1.640163739
4.978277346
2.156875376
2.895364173
2.591882477
4.21339803
3.716898224
0.9339012837
3.61305446
1.097506871
6.050369972
2.258904986
2.723101584
1.273776565
2.117920039
0.862274618
0.7532144506
2.606751345
1.566608875
1.048047418
2.200020165
0.3926946717
2.708808752
0.2534847133
1.192681038
1.911916623
0.7005284831
3.834853472
0.9038162986
1.073211221
1.989702074
0.8706494982
0.8073670339
0.7877504328
3.076893654
0.7879246208
3.897682352
3.545608071
5.30886024
1.156568657
2.82638408
1.875817046
4.572540222
2.706015988
1.677382251
14.55316907
12.11861198
11.08696474
3.469486421
0.6616699534
1.585727873
2.470851874
3.284216589
2.629484572
3.185583947
16.81892207
1.532905088
1.060677684
1.915575349
0.3694389512
0.5995067075
0.2254219499
0.4090707152
2.362074367
3.429001175
1.995794866
1.73342255
1.216247025
3.127610121
0.6808475017
0.5782147352
0.2834070341
1.592509499
1.935102228
2.125291827
2.319187318
3.834615473
0.6064388963
1.149101229
6.392325885
0.4740799968
2.163969994
2.368679037
7.88293542
2.426038028
0.5899009226
2.875797267
1.894837863
2.956111241
2.027508206
11.7416518
6.131925649
4.360043427
3.955748903
8.878512438
4.187148656
2.405847154
5.557278021
6.445245682
2.321163161
5.607045806
5.204562058
0.6761795662
1.026148597
1.207101991
3.081357158
0.9839142639
2.676133239
3.440673777
2.388072019
0.9906712946
0.913805656
1.004763455
1.094672439
1.149283752
5.024709476
0.9243406529
0.3988402499
2.223934076
2.259719116
2.819335077
2.348933194
0.4789254908
0.6119651876
5.076717748
6.678760043
10.16938456
6.925602463
3.376409216
9.595499463
6.574808469
5.076792156
3.639509194
5.396580366
2.350958196
3.209243356
6.173522703
0.6111720389
6.367445695
0.95192783
2.385013418
0.5796548732
4.83608921
1.817648246
7.253014141
0.7800739483
5.053909944
1.465950867
1.4727506
3.838825094
0.7267131565
3.735502827
2.025160325
5.140450853
1.284988019
2.212919693
3.677572279
0.7811803302
0.4615585936
2.888755357
1.979656527
7.33542114
3.049039597
2.769990511
5.598239517
0.9356928514
0.6146159942
4.033974435
0.8818729811
0.3861009594
0.2379028049
0.9285781836
4.644614384
2.053450315
6.322117771
13.32489658
7.3064956
5.751712097
6.541394192
6.985539938
1.951331308
6.964990178
5.175666426
1.401529224
2.353582571
5.325910296
4.277440845
2.076553617
2.091465557
1.029522394
0.8765107188
0.8218958662
2.965734079
13.88122176
5.307828273
0.534573766
1.672144725
0.9553379875
4.557211972
1.921956932
3.293642405
3.795355004
5.392536846
1.909791216
1.745829127
2.728690454
2.309556309
3.3924391
0.8940245308
24.80928533
2.145005393
2.484325707
2.548743184
4.149124889
4.325853067
3.519246498
4.550376712
5.288126693
3.583809597
5.700784247
1.053187367
1.834933578
1.87231346
4.070247284
5.093640384
1.825509874
4.851653184
3.598621959
3.047981095
5.753101135
2.687999024
2.52402145
4.124874125
3.245093844
6.209542863
1.010489259
2.027783024
0.8147785985
2.155557461
3.614205061
0.878540686
0.5228698364
3.298176828
6.912738646
0.4303323097
0.7457054082
0.5207435819
0.7706848659
0.4004088593
0.7484044747
2.973772143
1.086501674
0.6307588762
3.540262094
1.47366713
0.9928917761
0.7852775844
0.7606450246
4.525009022
0.5212360673
1.102047672
0.4495051886
1.774620518
1.117444318
1.056872368
3.610960087
3.924299285
6.517932275
2.712256105
3.255476382
2.217552963
5.349312029
1.055937383
3.356692339
1.796385838
3.594274309
6.917588314
1.021211272
6.850456084
1.796623634
2.107328208
0.595881276
6.094953329
6.87831317
10.19047707
16.67763208
4.330840254
4.40411987
0.2922601331
4.520849272
0.5015768328
0.7247154495
0.5910509915
0.9693890979
2.38731924
2.008067326
4.799529639
6.539225481
6.422314916
1.185282267
1.687690588
2.220019778
1.858058901
3.565131589
2.7461648
0.4163183751
2.589343377
0.8582502841
2.489036176
6.412789443
4.57865603
2.392718975
0.3571744467
4.651044443
1.833407961
4.855928205
0.4451080024
0.3537525478
3.432918828
2.255727026
0.2549746674
1.622329755
0.7029907832
0.4838081754
2.179497215
6.502838721
3.281903977
6.412079255
1.937777677
4.644076128
4.398411093
7.67998696
0.8218455236
6.075669528
2.977724897
9.29970188
1.454418508
14.90634121
7.958499325
0.7712697089
3.822594805
1.406920814
7.3866307
5.535627519
1.862256001
1.95589755
1.663913863
3.203080283
6.36122555
0.4721885476
0.3928772499
0.5156887651
0.8528311499
2.331275061
0.6616959065
0.5481992905
0.5224153295
3.065879202
4.053655548
8.774309852
11.39772471
5.800426774
1.806433985
4.541293751
7.445766994
5.433878638
0.6289803013
0.478863585
0.7360164768
0.6020339904
1.083000836
1.011931226
0.4397057332
1.539934386
1.869135681
3.362042952
1.67376076
3.46705431
5.669708325
2.226392374
0.3010124443
0.786694718
1.05739427
0.7786531292
0.5996820807
9.652580836
2.249789986
3.801299065
1.960851276
0.6389166744
0.4615579462
0.5164160735
0.8404236097
0.8672145584
3.102980125
0.461994045
1.076295894
3.394316701
1.392081888
1.179473662
0.3754946285
0.4615311263
2.051106103
0.4179158342
0.8930419828
0.9955749513
1.1336158
2.630361389
3.315534424
4.854726005
0.9863703189
1.365340732
1.13691325
0.5049357174
1.290591281
0.9776129798
0.5840245802
1.547857774
3.133991604
1.775685662
7.10678286
8.87270194
3.285370532
0.6021970563
4.139190317
4.435021603
3.647193157
4.638715694
1.81411066
2.430414839
1.547486736
0.5853947896
2.785131957
0.2965275763
0.9771879889
1.623145545
0.8286763037
0.6759070408
0.4530640072
0.6341754964
0.6715985786
0.8525775866
0.5675211586
3.167843057
1.159225707
1.123318726
1.116559585
5.077113079
1.398366743
1.046916824
3.376348002
0.9774113111
1.357982623
0.4527635057
3.010985826
3.259868471
2.522661631
1.856459551
3.655896846
4.392292852
2.501377946
3.360000812
3.082045451
3.464502938
1.145475602
2.55480328
2.970763407
1.605655441
3.125879141
1.031410542
0.6681430563
2.359636538
1.531377375
1.150043303
4.282038379
8.440847076
3.421121406
0.2916175434
1.789886886
0.5082254765
3.790895174
2.401369213
4.100594287
2.211849686
2.013697168
2.579698895
1.867900307
3.988277244
2.242883332
2.069231577
1.108212844
0.6324180266
2.112984586
2.090270639
5.496287151
2.707008605
3.35963879
0.4349285245
0.5089099748
3.117246533
2.302030333
0.8414978604
2.693695326
3.798723672
2.652091918
3.439526635
1.040333802
0.6007249748
0.6866820754
1.149176868
2.106083253
7.113348259
12.01126349
4.157023223
3.366892015
4.103319341
4.018403884
2.43911913
0.9346008145
2.990960506
0.4099611693
1.985871073
0.9033793042
2.012600321
0.2722612808
2.386594326
0.5563353777
2.249240739
1.830491296
1.733744485
0.1646599094
4.917641348
0.8386972065
0.4419762452
1.669384914
1.338394798
0.8798922606
0.547561003
0.7527626441
0.4493260894
4.363224292
3.893598983
2.727083442
3.253107309
0.9127507063
1.197345892
0.7955516323
0.9341077911
3.248445545
0.473527761
2.024763503
4.217734502
0.2708392216
1.806506124
0.641180511
3.190061916
3.968694091
2.497732894
3.45275374
3.443614569
1.592509131
10.51094302
8.39571646
5.598234581
1.906297769
5.549633173
0.3415896675
1.857886145
3.960745714
0.3982585822
1.922028758
4.145407075
2.011747651
0.4586257405
0.04033088445
0.03475527861
0.6454696921
0.4281234171
0.3796125784
0.1856794913
2.955654671
5.990657413
8.719493611
1.707080607
4.190146815
1.55549974
5.295582979
2.415375669
0.4141299903
0.5798705724
0.3965618374
2.635458352
0.2544862079
0.4262530227
0.6497371571
1.806284177
6.639605724
0.5433524165
0.9382162111
0.537250532
2.634387288
0.3230187202
0.2202844168
0.3065237415
2.196300522
2.158880119
2.049536319
0.5356500089
1.88160025
3.570852821
0.7563490599
0.2878629346
3.41511341
2.011355884
6.60753525
0.6480639691
2.440810005
3.767990056
3.152849631
1.978738102
4.347586765
5.660041031
1.880655359
1.997309384
2.55379481
0.3794285401
0.6350090763
0.1718766467
0.3051616018
0.6872461151
0.5941427495
0.007434740406
0.00326330179
0
0.1975053126
0.2009078914
0.220064815
0.2522067066
0.04327460215
0.001024592868
0.9109838793
0.1043190025
0.1385994737
0.02746519713
0.2120556348
2.923582547
0.2265752915
0
5.931752993
4.377420677
11.24872341
3.025491758
3.691761121
1.593013459
4.152742994
1.421385731
3.005156647
1.223601858
0.07643075653
0.3343686752
0.2787695414
0.005525348309
0.4069331026
0.09326951043
0.1091763178
2.736518937
0.2424155346
0.6482678939
1.334813938
3.425418742
4.526314503
0.1069770943
0.2153863371
0.1337627172
0.8125376561
1.96445196
1.980034164
0.4222027752
2.157667301
2.536536507
1.915224996
1.89151753
3.322607817
2.103957318
0.5143442382
2.367072013
0.2903430335
1.951469238
1.988671728
1.885770261
0.3437759874
3.058325008
3.512886604
2.782276212
1.611644423
1.548960712
5.745483513
0.3244639943
0.4183337956
0.1021433973
0.2366536011
0.9863526243
0.2799115893
1.161726718
1.978851572
4.13149922
0.3685196314
0.3862362598
1.541295952
0.3937672284
2.436539817
2.336698984
0.3519277242
0.498457502
1.752625961
1.604386008
1.45962383
1.588599588
1.697647198
3.255857581
0.342731657
0.297389793
0.4229435446
0.05279037951
0.1660366197
0.1496056267
0.3459562597
0.1500796108
1.470248786
0.3956081885
0.8168373052
0.4321441028
0.5457317795
3.080559367
0.2765099023
1.01682704
0.4807395886
1.659202957
2.262645238
0.9499867998
0.1845641427
0.3955364865
0.6008439572
0.5873759001
0.4240928781
0.8768849662
0.6778961336
1.914115735
0.8514702811
0.3269205509
1.892295805
0.3306460705
0.08394752103
0.1052072395
0.2085908161
1.066718484
0.2271938487
0.7451321105
0.1875064873
0.5043369575
0.476560779
0.2658369799
0.6268578302
0.5453513773
0.08554669463
0.2374211186
0.2243489589
0.2272052953
0.1872559701
0.2228493885
0
1.502423471
1.843771303
0.3030085214
1.448319578
2.135254846
2.682276943
0.0286592468
0.8568168845
0.04157309255
2.978659931
0.603699238
0.4420642037
6.669421253
0.374162377
0.1726178313
0.290100439
0.158279134
0.3254073087
0.4623863448
0.1772332343
0.5309667497
0.4305997413
0.4196551339
0.66935034
0.2527945285
0.497665077
1.455819984
3.166139087
0.5463490121
0.1879027401
0.325811898
0.07565854228
0.05987808281
1.338768456
0.3892980717
3.525409183
3.14472894
0.8012952037
1.564202338
0.9692993955
0.8111287985
5.088148125
0.09248499314
1.488220182
5.437662208
2.17249044
4.843062448
0.2559319941
0.12125412
1.823574605
7.256080145
1.862294722
3.047359756
0.1037175116
5.476087468
0.6446737302
1.621234898
6.523961533
0.3631728196
0.6623185418
0.7412442473
2.249550701
0.7037364933
0.6832982981
0.1693437595
0.472980028
2.098592544
0.1409639735
0.5610143425
0.586815006
0.5017071506
2.51073149
10.9765097
0.751084711
0.00133714609
1.563684678
0.0009802040944
1.393692355
0.2207081147
1.321526468
3.17528915
1.922524556
0.1500820953
0.002151035286
0.2187741676
0.4104610949
1.590863137
1.453620219
2.266315569
0.3947657965
0.01459489112
1.691890348
0.1343491933
0.2100951459
0.131646185
0.5190377877
1.774795237
0.3288286407
1.69309968
1.876602054
0.2106793925
0.2185578507
1.391846578
0.07713348311
2.911019363
9.279694871
0.7590438781
0.7319200798
0.2028508186
0.6378824863
0.2758203076
0.2281212357
1.516142773
3.997624491
0.4013924243
0.3062466337
0.4329133258
0.1823642024
0.3141846071
2.38057311
0.6014277486
0.2968729631
0.290238993
0.1641985007
0.1775559071
2.249077598
2.037710581
2.243727056
0.2974132699
1.51708755
0.3981289188
0.3688253779
1.980643239
0.08591309308
0.1662442989
1.805674784
1.756256502
1.468742135
2.552905218
0.6321291981
3.494085604
0.5311754335
0.331976383
0.2037439333
0.5671966316
0.3056968851
0.4418658807
1.144965231
1.441028091
4.336820481
0.4064391937
4.030974194
0.5917860626
1.044245916
0.333115588
0.1685606437
0.2238374419
5.262116748
5.662584499e-07
1.143864014
3.027913784
0.6800992001
2.62052143
3.824687043
0.1248317713
3.376819512
2.055107537
5.467978125
8.044242301
8.473712166
3.381568679
3.440781633
2.763029416
0.3167137365
1.49265736
1.577462764
0.2718941819
1.810182921
3.588867412
0.5257628764
0.5860790068
2.075774956
1.655194718
1.369107048
0.1844355504
0.0378558326
0.1884817723
0.01169272959
0.6832197479
0.2367862387
3.36663221
0.08246986408
1.679177935
2.108225863
3.885839427
0.3539354498
0.02218545564
0.5138468691
0.4467257718
1.880864882
0.1395766585
1.679662903
1.982260543
0.2438878374
0.8915317227
2.097470887
1.652621834
2.756980026
0.1462721047
0.1931812556
0.1071878019
2.897554219
0.1756586197
3.376732739
5.719342569
0.0005512600643
0.5431333196
0.1712525511
0.1358616319
0.3330765975
2.125933299
0.1566314718
0.3933266186
0.04104457395
0.4297749722
0.3579994111
0.070197631
0.1037775117
1.370421039
1.553435259
0.2688269115
0.6253495881
0.3469290551
2.776335471
0.3682027192
0.3503038773
2.802519052
0.1931458381
0
0.1984292858
0.1365424212
0.216196418
0.5596705633
0.3003585038
2.185969525
0.03110046131
1.443230131
2.245863786
2.270502399
0.2070379171
0.4054504769
2.566402352
2.199157503
6.726375677
1.892006663
2.329597442
0.3034208829
4.794607222
0.294380778
4.644502579
4.81781867
2.12785744
4.669188817
3.022494194
1.53336992
1.851162863
2.239565141
2.102394863
2.929883129
2.194381678
0.4344128027
1.830422462
2.449604743
0.8661697289
3.557061561
1.622422517
4.587136405
1.60900635
0.3843629676
3.247274315
1.711176354
0.5002468487
0.4742738795
0.0545079053
0.1063554003
0.3132490578
2.522343087
3.006665417
0.4216290443
0.594503613
0.4888158517
2.946613889
0.450212889
0.8955068264
0.4218492594
4.206455293
0.4307114455
0.5260771651
1.754348636
0.4461248402
0.343400781
0.6959432887
0.5953686947
2.591575485
0.3579182697
0.3586213541
0.4429192602
0.7717256789
1.861973572
0.8174857893
2.976397951
1.970604696
3.04409846
1.913341089
1.019433816
2.341626331
0.2649005584
3.142887362
1.652370053
0.02420951967
1.506044553
0.3138623795
1.511177021
0.4794684013
1.613545251
1.949361848
3.674137131
2.018264377
0.5979962807
1.056639264
0.5882798829
0.1450977835
0.2867998087
0.236813607
0.6863709982
0.2987772034
2.113850216
0.9370253701
0.6014146732
2.362751535
0.0395118558
0.2663981945
0.3081659476
0.8474004961
0.2341985336
0.2176598856
0.6150377786
0.7448761681
0.07153892704
0.2222355869
1.566418839
2.161172262
1.803320986
0.2591501336
2.35345371
0.4414159048
0.3569483734
2.971674316
2.921728062
1.148976815
0.1436216604
0.5210334026
2.142366524
0.4257000503
0.6213249403
0.5494279685
0.162334321
0.4770868558
0.6405929312
0.3651524367
0.508162803
0.584130712
2.367019165
0.6713537563
0.4347614982
0.2457193678
0.2170312374
3.373029397
0.5471634037
0.5420064818
0.8540009498
3.325966727
0.7895428251
0.1837512408
1.223818287
0.7163212886
0.3822258957
0.3030828023
0.3230262802
1.930091399
1.899095517
2.236899279
0.462412387
0.2212299228
