#################################### 
# Matrix Size= (25,25,400)
# Resol      = (1,1,4000)
# VoxelSize  = (25,25,0.1)
# nbVal      = 4000
#################################### 
0.004725184786
0.004775246254
0.004708626845
0.0048206513
0.00471988443
0.004911153144
0.004904340016
0.004889316003
0.00484041721
0.004837427377
0.004561081912
0.004712745512
0.004676097924
0.00481018386
0.004810652825
0.004737022311
0.0047626403
0.004956971066
0.004780629756
0.004906009532
0.004813935061
0.004744985696
0.004733651919
0.004749798655
0.004772717924
0.004921429029
0.004745789121
0.004869050688
0.004817535823
0.004855086459
0.004718160155
0.004868810924
0.00475749548
0.004779866693
0.004856160246
0.004679065361
0.004995956636
0.004909930779
0.004917237004
0.004752620802
0.004718296889
0.004887343792
0.004768532274
0.004737259249
0.004680990656
0.004747231971
0.004954372643
0.004771355099
0.004934846256
0.004887665707
0.004830510703
0.004680265003
0.004923151869
0.004904812768
0.004970109067
0.005036829821
0.004904114456
0.005033842671
0.004998484142
0.004879255133
0.004773869901
0.004783641259
0.004944862078
0.004852906214
0.004909909008
0.005089642783
0.004941780148
0.004936892015
0.004907679337
0.004924913619
0.004932504106
0.005138460466
0.004974489397
0.004865344399
0.004861434981
0.004876957713
0.004910707063
0.004908357635
0.004768407043
0.00508541817
0.004833082014
0.004953918287
0.004962370058
0.004823127907
0.004888991281
0.004876563443
0.004809559702
0.004828602281
0.005002039272
0.004808643633
0.004870025186
0.004973274073
0.00489707288
0.004821718728
0.004761741456
0.004822680996
0.00497094586
0.004918843067
0.004843245069
0.004783314751
0.004825317656
0.0048525977
0.004802338125
0.004808632895
0.004915405793
0.00495609973
0.0051242914
0.004887921411
0.005078182132
0.004884437072
0.004779940014
0.004971552882
0.005004285076
0.004806152699
0.004838208531
0.004872564656
0.004883756195
0.004834233554
0.004831048037
0.004859698214
0.004912391343
0.004835964165
0.004821754589
0.004966822387
0.004735609768
0.004724654861
0.004855325512
0.004807105958
0.004914055361
0.004954984549
0.004887000941
0.00497110416
0.004817499147
0.004908993319
0.00491348779
0.004863769693
0.004924909653
0.004780715832
0.004830568366
0.00476310723
0.004730609047
0.00486299972
0.004993176872
0.004799237954
0.004852290001
0.005020074859
0.00488063211
0.004892573255
0.004891654577
0.004786021136
0.004874712651
0.00490081208
0.004922978507
0.004789744663
0.004853964258
0.004851715749
0.004707511641
0.00491990359
0.005069391235
0.004841164244
0.004882868256
0.004831346541
0.004807235322
0.004809560256
0.004803898493
0.004838380876
0.004818731364
0.004829548154
0.004838792929
0.005001260191
0.004906439038
0.004771894932
0.004849294172
0.004927258801
0.004885627546
0.004875079404
0.004855959302
0.004820978622
0.004815558456
0.004734916305
0.004826604653
0.004901945427
0.004940715269
0.004843430695
0.004852907376
0.004841658339
0.004806469307
0.005010505515
0.004800816562
0.004810068903
0.004862689372
0.004847280129
0.00483484205
0.004845696341
0.004725830865
0.00495144608
0.00478241561
0.004864904701
0.00481931166
0.004855092967
0.004826678694
0.004859637465
0.004842660244
0.00486359111
0.005025459551
0.004919622622
0.004852659524
0.004883404721
0.004899054924
0.004824406409
0.004796630766
0.004864432884
0.004949708915
0.004897583087
0.004885740993
0.004790847843
0.004921680437
0.004952255644
0.004850880743
0.004801301297
0.004859614611
0.004870038489
0.004906033928
0.004887035339
0.004846969019
0.004959751281
0.004922804678
0.005083000739
0.00496883258
0.004836278664
0.004843053195
0.004862395101
0.004882555185
0.00499810718
0.004899501549
0.004903114299
0.004819097556
0.004788104955
0.004823647692
0.004817257937
0.004869083343
0.00496475186
0.004798313025
0.004879849417
0.004946861343
0.004856799924
0.004883763596
0.004885518652
0.004956367183
0.004920962293
0.004837777869
0.004881644011
0.004862642816
0.004993326327
0.00484628514
0.004840368337
0.004961127485
0.004969436389
0.004909619324
0.004890484404
0.004860811389
0.004862098273
0.00479815001
0.004851253426
0.00473792152
0.004770759376
0.004847656526
0.004809486228
0.00507883307
0.004839480766
0.00487346619
0.004966209856
0.004787877655
0.004861637317
0.00489760724
0.004845602037
0.004975597254
0.004845496317
0.004964809069
0.004837388504
0.004845910576
0.004860920486
0.004922596576
0.004828229616
0.004925706836
0.004956248339
0.004896300677
0.004808054028
0.00479304371
0.004831379216
0.004853110659
0.004862684313
0.004830786495
0.004914315083
0.00484691856
0.004831186976
0.004907292837
0.004832632612
0.004956351413
0.004914440195
0.004903323941
0.004820084042
0.004780637544
0.004883072244
0.004923334918
0.00479565077
0.004898367536
0.004899369404
0.005007662407
0.00488545268
0.004891735162
0.004881802585
0.004901157693
0.004910791068
0.004935273547
0.004902408521
0.00483257734
0.004896757541
0.00483395413
0.00480839231
0.004858581327
0.005040032795
0.004886888504
0.004930632524
0.004913206653
0.00493303346
0.00486405854
0.004820163097
0.004834566153
0.004831469022
0.004868623645
0.004804377207
0.004831656249
0.004845381284
0.004785067261
0.004920448128
0.004883108731
0.004858777356
0.004943294147
0.004814084811
0.004953448553
0.004807933201
0.004840415506
0.004834995006
0.0048099444
0.004827942166
0.004944187434
0.004815599529
0.005052687792
0.004848433984
0.004822257472
0.00491605495
0.004856691873
0.004820370677
0.004877270715
0.004882392636
0.004853600335
0.004883728335
0.004858554049
0.004818550362
0.004928719614
0.004853956733
0.004877090319
0.004815658805
0.004866959849
0.004843897119
0.004826428552
0.004906334641
0.004832841711
0.004889512595
0.004846172399
0.004991913082
0.004960769761
0.004832555193
0.004859030963
0.004938658824
0.004845963998
0.004900741915
0.004799165103
0.004896259563
0.00484252809
0.004883507486
0.00483840844
0.004859709834
0.004959477223
0.004897129884
0.004866195904
0.004896631761
0.004842804384
0.004849841001
0.004814732983
0.004874058232
0.004861217238
0.004887535513
0.00480212088
0.004875193772
0.004794675277
0.004882845711
0.004864321034
0.00489454701
0.004817171199
0.004820541584
0.004861327556
0.004905875922
0.004843153723
0.004887265976
0.004868904254
0.004819059237
0.004821734083
0.004900025549
0.004904822784
0.004867700888
0.00482849685
0.004847421969
0.004989443036
0.004864422346
0.004865267241
0.004874604538
0.004845928735
0.004829658968
0.004805836784
0.004847979034
0.004994641034
0.004831494431
0.004840469566
0.004836503667
0.004872138175
0.004798661737
0.004944164977
0.004938167313
0.004832089766
0.004853841085
0.004893133674
0.004949587133
0.004848444495
0.004838529472
0.004838352068
0.004861209114
0.004912201325
0.004847896302
0.004929383967
0.004918786028
0.004939654162
0.00485292813
0.004893189637
0.004861638619
0.004916013918
0.004981832011
0.00484784821
0.004937616546
0.004892261361
0.004866438738
0.004856431861
0.00485003356
0.004828976923
0.004879195544
0.004909546983
0.004874017161
0.004859961474
0.004865907905
0.004793914944
0.004810477419
0.004866389999
0.004903207924
0.004865945895
0.004868955691
0.004868477736
0.004906265896
0.004903860328
0.004910549672
0.004880681066
0.004887845916
0.004937272338
0.004967419422
0.004942382374
0.004867750976
0.004887097931
0.004872259702
0.004854070968
0.004957623373
0.004976578807
0.00495615746
0.004898821672
0.00494334564
0.004936728203
0.004894161128
0.004884325412
0.004888009952
0.004932110643
0.004928130388
0.004892862996
0.004898597029
0.004920908906
0.004897701409
0.004883243007
0.00493974538
0.004879124875
0.004885725216
0.004932429201
0.004965264583
0.004947357569
0.004887006695
0.004954796998
0.004908832498
0.004921230029
0.004898002761
0.004853757862
0.004914284525
0.004857815972
0.00495145125
0.00498173048
0.004975678931
0.004871195457
0.005010363555
0.004938009348
0.00495881186
0.004912506298
0.004985659863
0.004897662276
0.004918464506
0.00489441695
0.004945586978
0.004924300847
0.004923061124
0.004900406128
0.004933191213
0.004926820236
0.004891278189
0.004913321027
0.004879943617
0.004892484048
0.004955264975
0.004964072555
0.004912455202
0.004900805337
0.004942403148
0.004916634053
0.004896506607
0.004933473488
0.004954620364
0.004935682944
0.004919578122
0.004942426633
0.005009589297
0.004917181827
0.004927235842
0.004984341332
0.004947833871
0.004958059213
0.004937378726
0.004969880241
0.004920014149
0.004900412032
0.004913802939
0.004919607218
0.004919855382
0.004980452833
0.004976336171
0.004991095908
0.004959856227
0.004960372537
0.004972438428
0.004969095093
0.004957131769
0.00488992344
0.004988236664
0.005009092499
0.004973165955
0.004917723968
0.004951355198
0.004964335239
0.004945524577
0.004939811263
0.00496094301
0.004986692111
0.005012600856
0.005003654629
0.004987067949
0.004982059555
0.004980131006
0.005003770452
0.004985006722
0.004942687464
0.005020236527
0.005020317082
0.004985836933
0.005002444611
0.005013409311
0.005030370391
0.004963123346
0.005034791424
0.004997797309
0.005038762808
0.005063066154
0.004997398916
0.00494425133
0.004974097482
0.005016913429
0.005055693432
0.005062753897
0.005047260211
0.005062102551
0.004975251661
0.005023048406
0.005003320262
0.005053714222
0.005052965212
0.005018185013
0.005020091319
0.005065524647
0.005084952341
0.005029560353
0.005058204241
0.005013306908
0.005054791516
0.005060421948
0.005041109382
0.00505066364
0.004999899742
0.005053218675
0.005093738599
0.005098733411
0.005065921633
0.005084112127
0.005055322108
0.005087807044
0.005051555825
0.005037481254
0.005076313301
0.005033685853
0.00511402982
0.005078366864
0.005093737525
0.005072424161
0.005080355652
0.005050814531
0.005090067969
0.005078887136
0.005074349511
0.005080550193
0.005090324114
0.005077251593
0.005082545908
0.005080272063
0.005109740381
0.005062708517
0.005121033474
0.005088530267
0.005079635131
0.005097725537
0.005094809114
0.00510255155
0.005078610337
0.005086894805
0.005086899318
0.005091474863
0.005082521545
0.005122448401
0.005075219427
0.005116808312
0.005097506056
0.005087406458
0.005068020727
0.005084607933
0.005077213912
0.005099025483
0.005086699613
0.005096408371
0.005055454181
0.005083113241
0.005085018058
0.005084417862
0.005084184966
0.005091718697
0.005094294617
0.005066995825
0.005058619463
0.005090176885
0.005053718481
0.005070238271
0.005084449593
0.005079064463
0.005090122741
0.005070800384
0.005089879968
0.005077791442
0.005077317213
0.005088871492
0.005082595415
0.005073401483
0.005067685079
0.005092519427
0.005073554097
0.005094507616
0.005078807865
0.005072033544
0.005043078193
0.005062697497
0.005078424137
0.005090661052
0.005071770344
0.005065018542
0.005056419202
0.005070748525
0.005079174104
0.005045740676
0.005077191358
0.005069263517
0.00504455946
0.005032340386
0.005053313609
0.005029990071
0.005040333472
0.005016136883
0.005032234361
0.005012900494
0.004994427681
0.005014710628
0.004991345126
0.004978121784
0.004969943402
0.004935259011
0.004947998408
0.004939058015
0.004897533502
0.004885563213
0.00485789882
0.004845668108
0.004843720039
0.004803840626
0.004783224827
0.004757088613
0.004707570491
0.004694726359
0.004665489091
0.004655259845
0.00459183328
0.004550136573
0.004495488898
0.004454131128
0.004429467564
0.004372299072
0.004330032438
0.004271565582
0.004239694367
0.004187982273
0.004136203598
0.004084284412
0.004038957932
0.003978617935
0.003947055007
0.003881200329
0.003854408515
0.003803454235
0.003769208525
0.003718691207
0.003688364303
0.003643107195
0.003612048977
0.003574224513
0.003549863225
0.003532664614
0.003515604591
0.003496335406
0.003493416396
0.003487158571
0.003479928393
0.00349475081
0.003500000988
0.003523554688
0.00353825011
0.003559575268
0.003603308427
0.003639347777
0.003685680199
0.003738203588
0.003813291694
0.003874629412
0.003963174481
0.004055825915
0.004159864106
0.004289319615
0.004395026183
0.004538831412
0.004698473663
0.004868452276
0.005036295741
0.005269100363
0.005495382416
0.005746727078
0.006022761156
0.006288919049
0.006676088504
0.007017785412
0.007442268853
0.007815078449
0.008398016571
0.008898284825
0.009527190302
0.01020815852
0.01091726095
0.01178953176
0.01262559666
0.01366689528
0.01494158782
0.01589139895
0.0175459246
0.01906675044
0.02051875202
0.02260560764
0.02515271572
0.0273300898
0.0296323043
0.03302117542
0.03699213099
0.04133733917
0.04374163546
0.04936995636
0.05475104094
0.05918970821
0.06776670606
0.07518822614
0.08052619245
0.09528448994
0.1244298913
0.1155172892
0.1110319824
0.1210145136
0.1520183043
0.1212110723
0.1372712304
0.1534406093
0.1688791221
0.1502991592
0.1571450352
0.1459941272
0.1538803883
0.1800626836
0.1672062659
0.1922301493
0.1608112761
0.1476193451
0.2217380797
0.1622547794
0.1784335558
0.166346287
0.1583176718
0.1381665434
0.1594121909
0.168032172
0.175162525
0.192997471
0.1703964727
0.1659211273
0.1746652464
0.151185331
0.1756053642
0.146550603
0.152173071
0.1802947991
0.1784258999
0.1655298803
0.1773872476
0.1702859956
0.3251468115
0.1562829523
0.2131792938
0.1462053017
0.1544958041
0.1705219724
0.2321857791
0.1705555111
0.1531741442
0.1705934801
0.2190844242
0.2052863989
0.180651776
0.1914243698
0.1657027821
0.1912017621
0.208649099
0.1718760749
0.16448589
0.1788101103
0.2060139511
0.1679916179
0.2258317862
0.1677424838
0.2146744695
0.1599437232
0.2012139257
0.1926069197
0.1608771102
0.2448324198
0.2006054532
0.2153071372
0.1996122097
0.1533750188
0.1988694351
0.1877625188
0.176708217
0.222513256
0.1758091285
0.1687889642
0.1785667074
0.2813553454
0.2122563626
0.1572799502
0.1817889537
0.1535446398
0.1779532973
0.2076434244
0.1569664194
0.156809064
0.167041232
0.1621655857
0.1895080291
0.1898044024
0.2156823745
0.1831477115
0.1662829294
0.1722799078
0.1628108873
0.1640477953
0.1756324737
0.1552075436
0.1791359223
0.1423130744
0.1808625685
0.2113657136
0.2075038529
0.2487347741
0.1774399519
0.1566481331
0.2205319716
0.1687530429
0.1721069235
0.1467698287
0.2773733065
0.1712810039
0.2393899837
0.1847211822
0.194510352
0.1946833316
0.2680299238
0.1757284017
0.167499689
0.1683995361
0.1939664366
0.1715897879
0.2246438962
0.1656941423
0.2011997329
0.1945532183
0.2104085246
0.1706213974
0.1520696793
0.184671051
0.1661539484
0.1582275949
0.1681768664
0.1889184482
0.1712880567
0.1624792415
0.1600230961
0.1606520241
0.1759026567
0.1642661619
0.2121248341
0.1997869656
0.1535123334
0.1527540484
0.1608717641
0.1555674339
0.167369479
0.1816810204
0.1505376267
0.1936641497
0.1654420405
0.2085383666
0.2182095704
0.185640444
0.1725734577
0.1776362297
0.2645146711
0.1691029098
0.1785323846
0.1891702146
0.1968035331
0.1680898968
0.1826258259
0.1589327909
0.1562159437
0.2203919054
0.1924509757
0.1636727462
0.1545024271
0.2761327316
0.1826115205
0.1956022594
0.1884301136
0.1865919177
0.2005151832
0.185361768
0.2247188124
0.23653206
0.2134822662
0.2004580659
0.2004010392
0.1721627492
0.1797817773
0.1810496649
0.2018958744
0.1865814759
0.1678961963
0.1702705559
0.2026294846
0.2864441512
0.1757888883
0.1834504972
0.3241674278
0.2177358207
0.25598505
0.2174705127
0.1961582771
0.1952059632
0.2200567133
0.2018531151
0.2015165019
0.1941625027
0.173589722
0.2851112035
0.2241339631
0.1642470871
0.1752909737
0.2223762981
0.1756032061
0.1968736449
0.2197867204
0.1957384544
0.1844587586
0.1911058978
0.2152179291
0.1899802661
0.2465740697
0.2042799037
0.200118507
0.2320916463
0.2256556326
0.265539669
0.2337931089
0.1948248439
0.1765207114
0.301483224
0.2063095224
0.1855442015
0.2787012024
0.2192123748
0.1758387333
0.2672981498
0.1878338072
0.2063788676
0.1936455519
0.1891656067
0.2001924536
0.1900913532
0.197056955
0.204938263
0.1780707574
0.2019859414
0.2543058259
0.1817674377
0.2182066603
0.1700403868
0.2759679214
0.2327580468
0.1972246021
0.2035458321
0.1934291915
0.2018028832
0.2186114152
0.2049546497
0.1879965058
0.2111031378
0.1884415361
0.2125831955
0.213553324
0.2071534266
0.1842549524
0.19062239
0.2061878779
0.2047067897
0.2502378582
0.2306981003
0.2159954525
0.3278206368
0.2360698763
0.2159717584
0.2502671147
0.186510584
0.2946423044
0.4514185751
0.2248656026
0.2196002243
0.2102948347
0.2510094293
0.2175469706
0.2269986224
0.2570879009
0.2325984471
0.1915722089
0.3270271336
0.2574235796
0.2356579561
0.2178776581
0.2282971455
0.1996970157
0.2311285762
0.2129604378
0.2065996612
0.3012310868
0.2920196664
0.2009234828
0.213701317
0.1874537482
0.2669745184
0.1847106819
0.2519946522
0.2190987973
0.272462384
0.2046164527
0.2184474484
0.2172055506
0.2286609974
0.2064512008
0.199241405
0.2109568472
0.2207451977
0.1948032462
0.2045494447
0.2337230971
0.3436275371
0.2128506059
0.2196049662
0.2019506197
0.2172101942
0.2552072682
0.195194355
0.1986303862
0.2200415914
0.2161850754
0.2053255581
0.2470029487
0.1925958916
0.2686737035
0.1804035898
0.1922441906
0.2071981536
0.2233389445
0.2226588512
0.1977270297
0.2055642557
0.2168013641
0.25402865
0.2173721924
0.2264391071
0.1977490099
0.2003866255
0.2061700544
0.3176965512
0.2274895321
0.2659476257
0.2474686665
0.2541617468
0.3459530778
0.2076153037
0.2974599248
0.2153410866
0.2160595306
0.2028018095
0.2134290512
0.2736471164
0.2063882111
0.2306013145
0.2080971192
0.2164561481
0.3076778801
0.3637089471
0.2759765285
0.234721559
0.20957942
0.2273672492
0.2162691495
0.2096877017
0.2185642212
0.2191337108
0.2433668077
0.2924332215
0.219874713
0.2656044205
0.2590817072
0.2034969422
0.2395547589
0.2202957652
0.3523374711
0.2800182496
0.2290226393
0.2430262359
0.2309292269
0.228471433
0.311227256
0.2564034205
0.3893057721
0.2263523842
0.2206300069
0.2434013811
0.2746868773
0.2623277596
0.2102111986
0.2617192148
0.265324759
0.22585965
0.2578478002
0.2441054693
0.3150342561
0.2615060081
0.2369293793
0.2578177334
0.2823184139
0.2198222427
0.2296519504
0.2306263626
0.2405786907
0.2418018511
0.329448128
0.320825716
0.1997814968
0.1982311555
0.211138671
0.2392470284
0.2273485317
0.2480840874
0.2880546478
0.2255504812
0.2257047857
0.254892094
0.2242546843
0.2535904098
0.2651611936
0.2112957316
0.2402832907
0.2106290551
0.2712603734
0.3018446956
0.2610703501
0.2871052389
0.3079291284
0.2637332425
0.2468751772
0.2721704782
0.2880375049
0.2720743194
0.275117927
0.2738836351
0.2663182956
0.3235033619
0.2344426363
0.2394411235
0.249038228
0.2250993268
0.2737834215
0.2694303754
0.3647173597
0.2767203576
0.2352619491
0.3077900509
0.259385429
0.2883671846
0.2447268747
0.2746432198
0.2172317563
0.2639651191
0.2213232757
0.2393096432
0.222130253
0.2556703518
0.2378346178
0.2134220785
0.3164561851
0.2889447806
0.3071773484
0.2951604798
0.2413430743
0.2854455988
0.2489144907
0.345352724
0.3680122514
0.2379556772
0.4198568401
0.3105960788
0.2719070519
0.2867474029
0.284143323
0.2567259051
0.2293352324
0.341880114
0.2235015202
0.2222766399
0.2222968901
0.2399954183
0.223615332
0.2342971319
0.284537227
0.3025775403
0.2437136736
0.3263341928
0.2685202769
0.3648365102
0.1840839945
0.3858514399
0.2954762663
0.2555696693
0.3016263971
0.2434459154
0.3157128133
0.4275222831
0.3148480873
0.2514032251
0.5636950099
0.3283778099
0.4226958061
0.303935322
0.277348457
0.2841580745
0.2734610057
0.2310547691
0.3990929494
0.2692453882
0.3006698535
0.3026132736
0.2636250891
0.3778557317
0.2791658978
0.2646348763
0.214307583
0.2834929843
0.2539013212
0.2440400732
0.2244058293
0.2653742266
0.233062497
0.2791296487
0.2659028034
0.2107628058
0.225427802
0.3668374626
0.2515405898
0.2647322728
0.2760306788
0.2598028802
0.346304172
0.2638874397
0.227057217
0.3228163301
0.2430051247
0.2910185831
0.2485712631
0.2651077668
0.267825231
0.2163749213
0.2727195987
0.3260628967
0.2533424994
0.2513568317
0.2828734918
0.2180097031
0.271802219
0.3127651892
0.2492366488
0.339493491
0.2701446364
0.3222401255
0.2787071644
0.3034103018
0.3163023695
0.2577223577
0.2799542265
0.3755717897
0.2842240769
0.257530897
0.2932554537
0.2630015869
0.2765533397
0.2545909499
0.2659883758
0.3559317028
0.2361108003
0.3294799452
0.3138919952
0.6065193258
0.3319790959
0.2620396982
0.2609701982
0.3074244263
0.2686641309
0.2500111097
0.2874370344
0.2669763735
0.2515042913
0.2326790703
0.2559964896
0.293117029
0.4265967318
0.2966264085
0.2790704575
0.2896323884
0.2898745352
0.2910288735
0.2329026091
0.2718142515
0.2226107145
0.2415384505
0.2579154215
0.3081181846
0.2891431027
0.2621836256
0.26827769
0.2887094955
0.2542548061
0.2314711751
0.2729745892
0.2363230401
0.2590480597
0.271484229
0.2912892864
0.3510443711
0.3427502891
0.2552037928
0.3052732953
0.392920512
0.270127125
0.2885466766
0.2741438784
0.2687374189
0.30745516
0.2506636364
0.3204704076
0.2597335213
0.2893757156
0.2814016386
0.2841095486
0.3256739041
0.2477135967
0.2949989953
0.350453496
0.2373234175
0.3216804013
0.2324414767
0.2428705628
0.3141591303
0.2610210031
0.3621900694
0.292048847
0.3209037004
0.3586654591
0.2940978669
0.273465073
0.3005279023
0.3749922302
0.2857544545
0.2992600825
0.2957678439
0.2837642714
0.3478260583
0.3785120936
0.2772709847
0.3160871907
0.2864904528
0.3079775263
0.2475084901
0.2966577335
0.2599323802
0.3233118653
0.3266367621
0.2893556443
0.2622243249
0.4145406279
0.2921125218
0.3339532753
0.3127645262
0.2825196095
0.2471509393
0.3329010425
0.2781362162
0.2607047812
0.3302910596
0.2393083214
0.2881178322
0.3021092912
0.3256878952
0.280912797
0.3007064639
0.2828840317
0.401042741
0.2772979241
0.3022742862
0.310793757
0.3435022777
0.4828732575
0.306927516
0.2693626785
0.3044971308
0.264544588
0.2850986303
0.2747256768
0.3434416246
0.2755991834
0.287243403
0.3169414745
0.3040027578
0.2794734213
0.343974003
0.3274972368
0.2822358583
0.2563285556
0.4008674037
0.2596391146
0.3244049564
0.3761472028
0.2896132924
0.3527340505
0.3424180042
0.2975278083
0.3246482684
0.4834308852
0.2347116992
0.2716973604
0.2418764227
0.3696426315
0.3569893258
0.3416224368
0.3315098775
0.2805421868
0.3400809292
0.289121895
0.4160613314
0.3331996143
0.2877829046
0.2677028002
0.4079550148
0.307848538
0.3094962106
0.2847931076
0.3112972073
0.2516973391
0.44605646
0.304551022
0.305195876
0.3272127024
0.3216181871
0.3027224363
0.2770159185
0.3146090553
0.3260727985
0.3665869997
0.2957488738
0.2723533645
0.3118221991
0.277298981
0.3283010848
0.2648433825
0.3283430916
0.3450912918
0.4011876008
0.3086749781
0.3231550964
0.2932017192
0.2685786376
0.3153147123
0.2877561294
0.2944006275
0.4036641228
0.3124067356
0.2970480586
0.2967996116
0.3089420247
0.2906244631
0.2922588146
0.2655013512
0.2669942029
0.2994815717
0.3765398674
0.3463074887
0.3113337385
0.3204791343
0.3649747164
0.5495207976
0.3566719217
0.3548565739
0.3440000744
0.3022647448
0.3224708102
0.4479939313
0.3162588885
0.3068323339
0.3340371047
0.3188593705
0.4674752316
0.3151716154
0.3661167363
0.2712905452
0.3235968067
0.3074703411
0.2917300404
0.2767157721
0.2652933372
0.3042274161
0.2777729916
0.3659318104
0.2362337863
0.3416092405
0.2770020131
0.298796852
0.3468735161
0.3071539803
0.3731076121
0.3098490321
0.2707801749
0.3462923698
0.3201373339
0.3402183713
0.3201177581
0.3204200633
0.4313198916
0.4058365474
0.4121436979
0.357606964
0.3674858644
0.3423137525
0.3491105932
0.3514858512
0.3873362271
0.3033462687
0.3856000907
0.4613597667
0.3086526342
0.334144343
0.3160228964
0.4042105605
0.3055045054
0.3599011256
0.3806847675
0.3645558612
0.3797279021
0.2690233737
0.3338338362
0.3262835358
0.3519937667
0.3719230437
0.6732651829
0.5340098207
0.3568531685
0.4019204906
0.3327338266
0.3720597292
0.3446386963
0.402546071
0.3793782279
0.3763104525
0.3564319396
0.3642166951
0.3254840219
0.3350640358
0.407787444
0.3170485573
0.3081396004
0.3682091765
0.3470697185
0.3404286796
0.3809249738
0.3142089628
0.3309045199
0.3757872751
0.3159642036
0.2765450591
0.3676202324
0.3177339781
0.3289285842
0.355824743
0.3449149182
0.3968750519
0.4102978016
0.4050066665
0.3367793414
0.6520952875
0.3510326302
0.3036533529
0.4130061597
0.36013529
0.3169911979
0.3477236225
0.3047998995
0.2898288696
0.297763051
0.3104415845
0.398820186
0.3681902167
0.3395507213
0.3496789297
0.3742074556
0.34506018
0.3226697994
0.269032344
0.3604361239
0.3424945511
0.2897412696
0.3360946568
0.3465126498
0.3108707595
0.3146804269
0.3703234101
0.3293014755
0.2970672013
0.2545684724
0.314015356
0.3565599147
0.3991368432
0.3036478015
0.3534882437
0.3493969163
0.3775952064
0.3307721696
0.402601989
0.3806328772
0.4159760961
0.3775778716
0.534123935
0.3775762308
0.2925634962
0.2237254348
0.3248083131
0.2770647978
0.395966691
0.208555049
0.3816227564
0.3679291736
0.4398660139
0.4015865114
0.3388448882
0.3262663223
0.5204773575
0.3226953259
0.3783635145
0.342545462
0.3343473218
0.366194845
0.3256265127
0.3933413604
0.3159065432
0.2906865031
0.4680418448
0.5578738704
0.509206566
0.2168957926
0.6393487361
0.3766608263
0.2874993931
0.434800858
0.3362396729
0.3586222057
0.4977589513
0.3438744668
0.3603484858
0.3933467147
0.3788062351
0.3338023341
0.3211183512
0.3626556707
0.3286269659
0.3030953528
0.358175917
0.3451626872
0.3422898833
0.2917335076
0.3778088262
0.4788091064
0.3368007575
0.399209462
0.3336657092
0.4714273593
0.3446242508
0.3204192861
0.3039808228
0.3418719844
0.3639765244
0.528990201
0.5565825132
0.4491075516
0.2923048187
0.4145085388
0.4212557955
0.3604285926
0.3715437083
0.4185331303
0.3778052429
0.3890772645
0.39474441
0.4842592512
0.3834543473
0.3944264982
0.3873480434
0.4225831485
0.4030626474
0.3466710633
0.3281153235
0.3885965651
0.4774152451
0.404902878
0.4255336805
0.3380929234
0.3639163516
0.5172212738
0.4668361689
0.5627627349
0.3916626619
0.3968682258
0.4624398482
0.4040931373
0.3317290211
0.3642590427
0.4606166094
0.3171947095
0.5325642616
0.3672549385
0.3597614868
0.3645574865
0.3920279447
0.4286271135
0.4110795676
0.3909708014
0.3487562108
0.3717195285
0.3603798843
0.4083518933
0.3335349087
0.4061890555
0.3678593898
0.4489966464
0.419637609
0.3157095409
0.444325728
0.3987377778
0.3501799178
0.3702521345
0.4411319101
0.3358604144
0.3503218825
0.3316273986
0.5310351664
0.3279598135
0.4704711911
0.3782336649
0.3248364936
0.3747525263
0.3512028603
0.3375521234
0.354582865
0.3678616132
0.4345516968
0.3681606267
0.3511646917
0.3151165289
0.4768122012
0.3425260964
0.5735745201
0.4808646988
0.3788106661
0.334184914
0.5418296073
0.5679764192
0.40304979
0.3546525932
0.5405832725
0.4234422275
0.3747124545
0.5165496317
0.3753358409
0.4234664287
0.2837410149
0.3708019378
0.535464756
0.2567058366
0.3763238299
0.4426655797
0.4101373543
0.3212025692
0.3384957841
0.4873824888
0.4604596705
0.4707507422
0.392257148
0.3552678148
0.4345435427
0.3156459935
0.374534554
0.3238514398
0.3268516826
0.466871345
0.3130416639
0.4074094791
0.3718567011
0.3507135969
0.3620199045
0.3497376599
0.3854737423
0.4041112714
0.3449186391
0.4734936489
0.3825445748
0.4012150149
0.4826669722
0.3671706316
0.3532576039
0.400827724
0.4031282225
0.4411891161
0.6897447955
0.3893967171
0.4337437259
0.3805178602
0.402361045
0.3452705431
0.4636436241
0.4221067258
0.406513446
0.6134066764
0.3482666745
0.4027758083
0.4076417545
0.3676473152
0.4073840545
0.5959643908
0.3891426693
0.3643017223
0.31025026
0.4244178686
0.3847810694
0.3355975472
0.4374675389
0.4009295197
0.4026796208
0.3233081493
0.3381716855
0.319308246
0.3829941387
0.5734603993
0.3860489702
0.3968000013
0.3692580694
0.3804862534
0.3421709768
0.4164620157
0.4253680466
0.3326614568
0.4219743424
0.3885743947
0.2792578031
0.3595572301
0.3935450533
0.3263372627
0.2679787728
0.4113879536
0.3513321129
0.408762426
0.5637821089
0.3580782553
0.3853362841
0.3591076838
0.351684391
0.3915906241
0.5348373381
0.3816358981
0.4611567427
0.3496219089
0.3745772832
0.2663378626
0.5174391297
0.3782593068
0.4460731385
0.3899874598
0.3943513027
0.506434433
0.5393996435
0.3426137399
0.3596720718
0.2660029069
0.4171037318
0.4413647518
0.4924278239
0.4094756312
0.5429054852
0.4283354104
0.3999110619
0.4487942211
0.3882458885
0.350624021
0.3987870689
0.3654450418
0.3901783627
0.3713463865
0.3873627287
0.3969440276
0.4564331095
0.5108249727
0.4673263317
0.4368025887
0.3918014702
0.2770284044
0.3935839595
0.4398847879
0.4219308065
0.4844725214
0.3861176521
0.3988771421
0.445392938
0.4244179147
0.4430329113
0.7090386455
0.4245053472
0.3565287537
0.4518040711
0.4371056304
0.5017571651
0.3622408801
0.4782049012
0.3925956145
0.4126847273
0.3645915927
0.5624124627
0.3344604153
0.4202385196
0.3771314773
0.4426787847
0.5638799627
0.3662668703
0.373865404
0.3641441218
0.4268411363
0.6253000939
0.4125707449
0.4920476166
0.3452100863
0.5784436848
0.4703141805
0.3891868236
0.4096194902
0.3569610725
0.5975011692
0.4413846544
0.6172433339
0.4076282921
0.3426612859
0.4451459057
0.3944633058
0.3291298424
0.3446330124
0.3410122077
0.4059237499
0.696337981
0.4297475686
0.4274161628
0.3781860207
0.5298360069
0.538103408
0.4015025627
0.4273774767
0.6074770369
0.3775174246
0.5317483961
0.4212864482
0.2155491927
0.4463580129
0.2750850735
0.5326001935
0.3338572085
0.4405546093
0.4286229404
0.2968080241
0.5359586053
0.3512356386
0.5961510845
0.3451588777
0.2924396664
0.3295312589
0.4127398494
0.2524844264
0.5021318393
0.428589233
0.3996081585
0.3426814286
0.3867779779
0.5334134148
0.5209929713
0.3236419902
0.5905756197
0.5705423442
0.6286326369
0.3882321091
0.57347957
0.4778471228
0.2699816541
0.5280810256
0.3778156758
0.5596994457
0.4157611847
0.4666859866
0.376198077
0.3872255985
0.4718369139
0.3595606059
0.4296522772
0.5163199543
0.4787014324
0.3834218887
0.6535850805
0.4974910253
0.4597324956
0.3041250716
0.4211469182
0.4554628034
0.3816843584
0.4739399164
0.5669241578
0.5020474923
0.5588344017
0.5348682921
0.5768795775
0.5371415387
0.6243393451
0.4880222973
0.493618725
0.5281237155
0.3746454592
0.3606026894
0.4803848007
0.4811441403
0.4260805567
0.3458828591
0.4725434044
0.39813846
0.3542799279
0.352542557
0.3878075397
0.4426189147
0.4067368782
0.5636997829
0.4209830226
0.4720866877
0.4230203198
0.3615487543
0.3343364069
0.4199325952
0.3628777629
0.454999044
0.4360232965
0.4440577536
0.4515551171
0.4255539657
0.3803690965
0.3764480174
0.3785143789
0.44716337
0.4302355006
0.4106444802
0.4475800496
0.4404562243
0.5269258874
0.7671279776
0.387221601
0.4360135209
0.3249815313
0.3847472306
0.4301225521
0.4324615066
0.4188173984
0.4546973543
0.4181383889
0.4300622478
0.4456934252
0.6055101287
0.4694003422
0.4158426893
0.6330400123
0.4132352319
0.4608086313
0.4294463717
0.4125744096
0.5518039713
0.4362748353
0.3918791097
0.361826195
0.5769866986
0.3775873371
0.4628350671
0.4234079543
0.4738685583
0.5791556048
0.4839540957
0.4483562923
0.399665547
0.4165199325
0.4398316414
0.33774968
0.5270834948
0.3036102787
0.5462757278
0.2590862742
0.3868878491
0.5166087044
0.5277844313
0.324988709
0.4348323158
0.4361843095
0.5816039359
0.3529264522
0.4495961412
0.4187231267
0.4009680675
0.2724447971
0.5021310674
0.3912368326
0.3708447966
0.5137140572
0.4898039124
0.4050356772
0.3737481705
0.3532985844
0.3712983195
0.4757470901
0.3919180167
0.4636635637
0.552348023
0.4973411911
0.6006739447
0.6740887543
0.6591429442
0.5928330489
0.4715609469
0.519054585
0.4373732213
0.4903211207
0.3034891537
0.4646887812
0.4532313214
0.3870796436
0.5344330215
0.5914265657
0.4212442914
0.3530965863
0.388443235
0.4574260938
0.4396313246
0.360105976
0.4181244714
0.4471777041
0.49646405
0.5990531109
0.3214419441
0.3328516155
0.5018012102
0.5218541851
0.3852259613
0.5052600524
0.4936012101
0.3542564305
0.5177045723
0.5712460245
0.4496734108
0.496738183
0.4435863194
0.4983589752
0.4789963843
0.3894554962
0.4392742908
0.3570732913
0.4708443091
0.4966620375
0.5332658695
0.4719235334
0.5710379611
0.4188295917
0.4589326094
0.5202088676
0.4253086914
0.4318105385
0.3745576958
0.4599737076
0.4545303933
0.4524813724
0.4812688689
0.375727625
0.4724278584
0.4087906088
0.3995249142
0.5085230714
0.742582282
0.5278225823
0.4882642144
0.5599257109
0.4481908597
0.6881627209
0.3824064652
0.4776301841
0.374774091
0.4591203435
0.4683827627
0.5109960913
0.4548478891
0.5522389868
0.6562591686
0.4705396937
0.5626974205
0.5490803837
0.5491572389
0.5920320508
0.3246278381
0.5312954428
0.5509981652
0.5950703632
0.5357851073
0.4970530822
0.5959143383
0.5443428402
0.7758236619
0.3818895157
0.3937162498
0.4784123642
0.4586103601
0.4403729309
0.4891495417
0.4432064434
0.4212772849
0.5019710968
0.4220936953
0.5379573089
0.4444085343
0.397253319
0.5301943076
0.5194023366
0.4055954374
0.3611606179
0.4499683743
0.3627369067
0.4739344122
0.5499836952
0.3592283902
0.7105140519
0.3239932874
0.6030314403
0.4633122448
0.6036942705
0.4617825591
0.4040046366
0.6379937631
0.500945937
0.804999656
0.6375747916
0.598745798
0.2730338251
0.4472463597
0.3972188833
0.518415774
0.4337400105
0.5807584873
0.5886085823
0.4868184127
0.5290149622
0.6082921696
0.4227831998
0.5205882206
0.6592739166
0.4693941196
0.3489995783
0.5611798513
0.4594686384
0.3845951376
0.4681708656
0.458135572
0.377653459
0.4148824759
0.4343468112
0.4310303185
0.6326568431
0.5061805457
0.587706265
0.372275118
0.5202379237
0.4934559018
0.5220303657
0.4876915751
0.4956284708
0.4489637369
0.4962012366
0.6361791873
0.4183074537
0.3225267486
0.4893733409
0.768872673
0.5253047819
0.4636875849
0.5518909324
0.4856333054
0.6144933878
0.4750762948
0.5473700012
0.6791776678
0.6339436255
0.4958781535
0.4605729536
0.4365453566
0.5475694125
0.7762547463
0.6858687784
0.4558614716
0.5764593239
0.6350113305
0.2650688045
0.5038659196
0.371130938
0.5929058541
0.5144284373
0.4895665294
0.6074027509
0.5783791044
0.594526183
0.3816351217
0.5402694454
0.5941399297
0.9200230226
0.3171538201
0.3240684594
0.5773279416
0.2667548495
0.5309079657
0.4729677277
0.4672371755
0.6178642328
0.6507850702
0.5993863169
0.8516177763
0.8859317971
0.6677046975
0.5907150287
0.5440494161
0.5772079104
0.358719631
0.4064913345
0.2918167981
0.3947253437
0.5291460447
0.6954181687
0.6121866998
0.4086650956
0.5404464588
0.5346748822
0.5237379774
0.4287670559
0.53682869
0.7103159891
0.4996934813
0.4835834568
0.9057972458
0.6312726097
0.3316340548
0.3974394393
0.4636173845
0.4229208537
0.4882594454
0.4297366816
0.5320420766
0.6040020361
0.5443813471
0.5698013194
0.6356366915
0.5153952066
0.4983885176
0.3466301661
0.5223604384
0.5004348452
0.4889123324
0.437406199
0.676606348
0.5588600468
0.5036905208
0.7073839156
0.5278524588
0.7678515356
0.6698528598
0.3916627226
0.6686441352
0.4365241664
0.6428001996
0.349541676
0.7706294649
0.6438148545
0.3944099778
0.4356145197
0.4794727372
0.4233494324
0.8863562476
0.5266394865
0.3400859773
0.4247312909
0.7273611077
0.5333920406
0.843977686
0.5519615924
0.4547851384
0.5555191956
0.4952711445
0.5142894121
0.5673579069
0.3390400497
0.4871200191
0.5154567496
0.636110154
0.6267325545
0.4169600891
0.5378410738
0.7562946058
0.5944985028
0.5378919772
0.7676939209
0.4988190115
0.5397995163
0.5032933965
0.6343527984
0.5776098565
0.6028986738
0.5391364135
0.5177153269
0.2735961503
0.9369090211
0.4852661534
0.5081631551
0.4875630548
0.4431985382
0.6788303353
0.4977395817
0.6717408705
0.4364051293
0.6226603299
0.4832317136
0.6663322101
0.8849629446
0.5381720418
0.3362730607
0.3589708643
0.3450625858
0.6268395286
0.3792785317
0.4623861052
0.6361909253
0.4222469468
0.6919374825
0.6106518287
0.4676569826
0.5183107578
0.404090624
0.7707406982
0.4384959535
0.3248752396
0.4616227424
0.5504321952
0.4806603303
0.5807403127
0.4526596371
0.5616791628
0.7617585808
0.492781154
0.5313432963
0.525467766
0.3293570512
0.7030458707
0.5679650958
0.5169399366
0.4587153026
0.6009550129
0.5072850847
0.6302172065
0.3546810853
0.4674906917
0.398038993
0.4883938883
0.532761374
0.494809949
0.491124488
0.4767906225
0.4894553717
0.5607987298
0.4474680436
0.381654946
0.5215305878
0.5953128485
0.5230174501
0.5256248556
0.4491975999
0.4549604196
0.4792516201
0.5187678422
0.5119891381
0.4928108199
0.5930992524
0.6807923651
0.573128847
0.5579772503
0.4646756871
0.7418006999
0.5498905055
0.5683471593
0.680403912
0.50715129
0.5952453421
0.5255968419
0.5133076237
0.4560854589
0.663547943
0.4848798096
0.4149017828
0.4397228131
0.6313922919
0.4335343407
0.4340636004
0.3404931293
0.2926596942
0.4261942104
0.5411761328
0.5393809416
0.4452012224
0.5741945349
0.7027194396
0.7218377406
0.7816748009
0.7780250789
0.6346605193
0.545529371
0.6076720335
0.4418058218
0.5618367138
0.6906147786
0.3895158135
0.5726032981
0.3459457587
0.3800233314
0.3426319932
0.6579952224
0.557372455
0.5838328719
0.3927312047
0.464578246
0.7370902904
0.6909252955
0.4946774173
0.6501275579
0.3554062274
0.3867188118
0.8180291994
0.5833262445
0.4860575221
0.4772089199
0.4916614008
0.4459457749
0.8133083517
0.6825679781
0.4961424259
0.4067880077
0.5433654393
0.6400181501
0.487741388
0.4922698633
0.8771792727
0.6090030142
0.6088703462
0.4852168822
0.6811288259
0.5681182632
0.630311785
0.6165514019
0.645612479
0.6100284548
0.3423436463
0.4361362004
0.3987848032
0.4929320223
0.2653509925
0.4807351182
0.3743765314
0.3733073539
0.6513565865
0.5498510702
0.5268433421
0.4095302421
0.6630560647
0.613188218
0.4547863857
0.5140526976
0.307144805
0.4309571774
0.4811010397
0.7022084042
0.3126127513
0.4452019633
0.4809876696
0.4716423278
0.6312598704
0.4174272158
0.5021502168
0.4645976796
0.6719254904
0.5690885351
0.522566152
0.5237545721
0.6207846994
0.639098891
0.4605445357
0.3135993461
0.3751650457
0.6486173367
0.4583849733
0.6354450437
0.6939502247
0.2989700203
0.5909009123
0.6199737972
0.4148060938
0.3972563599
0.6348306312
0.4284853002
0.325219584
0.6032271627
0.6664083729
0.5984266264
0.6966783653
0.4799327603
0.498392919
0.5904011561
0.3769259916
0.5681802229
0.6581238002
0.5865847394
0.6664905863
0.6369417472
0.4806054214
0.8449969757
0.482899292
0.4188512598
0.6757446109
0.9255124699
0.7116304411
0.346284029
0.5564449256
0.3178881253
0.6746896744
0.6425970472
0.3883948664
0.6467463625
0.6083514619
0.3971925038
0.35163664
0.520758787
0.3744524345
0.5620530339
0.561233997
0.6901244205
0.5954149026
0.5635089159
0.3740724947
0.5694603379
0.5304791134
0.4655852159
0.6030469346
0.5752471036
0.5826772017
0.5315304271
0.4282660668
0.903866445
0.4381631683
0.4454397523
0.3477398945
0.5230097564
0.6244347805
0.6491761078
0.6108077227
0.4649802204
0.5858898118
0.562725376
0.6713791919
0.4715427851
0.4228804584
0.7017151856
0.7024759707
0.359845463
0.7890160156
0.7307784032
0.3759369922
0.562227066
0.3962819555
0.7442853953
0.4103376305
0.4421393219
0.7175614256
0.4042706914
0.669642894
0.9012315911
0.887854721
0.5821807611
0.7274943846
0.5988865401
0.6567182656
0.9402449716
0.5040052029
0.5191222373
0.4601675889
0.5689021756
0.4934864974
0.4546767418
0.3963612588
0.3745463487
0.8265795376
0.757179687
0.6700786694
0.9465511141
0.5554260741
0.644797365
0.4660603851
0.5546251333
0.6102948066
0.522898495
0.5292791384
0.5233437021
0.6576497936
0.5745417357
0.3811137478
0.533128792
0.4000167449
0.8088981249
0.4434182613
0.563561386
0.4143920153
0.5923114821
0.4421130139
0.458861405
0.754897285
0.323121989
0.416199402
0.5989959725
0.6808685764
0.7022351305
0.6247938484
0.3388378289
0.6865462365
0.391386477
0.4842559246
0.5557378079
0.5131215239
0.6947571617
0.369176114
0.4131372104
0.4318514091
0.5419950179
0.4202145418
0.6156582949
0.5694911605
0.4654884508
0.3613418379
0.5217392516
0.6922518829
0.6672774671
0.6991481589
0.347455565
0.9523730773
0.8609025548
0.8172554222
0.5100716924
0.4242373201
0.4544414631
0.5858460677
0.8102727923
0.6918379043
0.6636765403
0.7348506486
0.5339804996
0.3268855157
0.767557815
0.4368722604
0.4144841822
0.7233631226
0.5051093349
0.6771707302
0.6614122935
0.8742220705
0.5105564622
0.7545534028
0.6729590313
0.4555926483
0.4655675052
0.5529285369
0.3787970159
0.6778350002
0.6945359231
0.572908334
0.6445712416
0.4523196989
0.3757913018
0.8509164953
0.4491917291
0.647846676
0.8161705508
0.6996455709
0.6722363349
0.4113272709
0.7640383642
0.5361431083
0.6446290299
0.7913910672
0.6670147765
0.5928253175
0.6186315436
0.6889195049
0.6945757223
0.5116213519
0.5787017962
0.5592943582
0.5095712358
0.5881857714
0.5625568092
0.5427580667
0.4286660332
0.5675008751
0.4369885459
0.7780752003
0.4124390749
0.5610302217
0.6582042089
0.7059700705
0.3905877016
0.4895231585
0.3388853022
0.4422184994
0.3850893634
0.5632695535
0.3995810824
0.4063111102
0.7683095417
0.7222171581
0.582005293
0.7085182906
0.4566656503
0.427252885
0.5302693894
0.5116211993
0.4444016307
0.4615530301
0.5203922321
0.6636568863
0.4565112921
0.5497227236
0.6580567719
0.5994637425
0.5910095298
0.5829055208
0.7304057171
0.4212870687
0.5327421924
0.6002557947
0.9226427475
0.4070293607
0.5078977945
0.7440342721
0.4924743183
0.5024578851
0.5085895936
0.3243606263
0.3723184456
0.6815861357
0.4173892752
0.6071547117
0.3080842084
0.5380679266
0.3623563679
0.6341986679
0.5571597928
0.4330662726
0.5899588817
0.8230376211
0.6664483706
0.6800306484
0.6874121748
0.6568692024
0.6316875491
0.4372286438
0.4653037918
0.6213320709
0.357663399
0.4856766043
0.5520537264
0.3797103756
0.5864818862
0.5141109743
0.7481811421
0.5877869564
0.689573529
0.8985660364
0.4741497845
0.5964220854
0.7607736314
0.9477404174
0.5142622115
0.5803060638
0.5646703469
0.5506396667
0.6121374709
0.6117561186
0.818856182
0.3608298774
0.6534247248
0.4986689746
0.6080411023
0.8842147925
0.5465328693
0.4915073776
0.8363035396
0.4256319296
0.652675399
0.7090496295
0.7839997441
0.5521376706
0.6201818026
0.2990071404
0.6975942839
0.7183716457
0.8238086365
0.6802243889
0.4869596268
0.8088727646
0.7766072432
0.6991836523
0.6428104554
0.6132360538
0.5172424946
0.4819349
0.4938054562
0.5915237337
0.5472054858
0.5634961379
0.3383499828
0.7388670256
0.706910234
0.4995871427
0.5748864703
0.7996551669
0.652953813
0.6301681244
0.4768128528
0.5786752659
0.5750986783
0.6303569375
0.539891154
0.7194239651
0.5989824332
0.3583511781
0.6825896492
0.472885724
0.6041302299
0.8266141403
0.4355478382
0.5139153599
0.7284730071
0.8044275418
0.5208276316
0.4332484201
0.4813105826
0.4370473406
0.4329911366
0.3730120777
0.8550186884
0.3563773454
0.4596372464
0.7168372107
0.7410163818
0.3697912338
0.3665213385
0.4764202602
0.5266160907
0.4144106067
0.338220162
0.4620294476
0.4163419023
0.4723272232
0.4036653641
0.7540892595
0.5222754305
0.5088737959
0.7872869002
0.5843883168
0.63104394
0.5513131386
0.5742670042
0.6788122756
0.7377890288
0.6159823722
0.5492805218
0.5392157707
0.6839065151
0.7628058231
0.7336625968
0.6023461589
0.5428251724
0.5510581142
0.6365494896
0.6815144558
0.6179571891
0.6825219562
0.5725639782
0.6619017992
0.49504881
0.3981442531
0.461203384
0.5585149337
0.6230073824
0.8668825513
0.6545130523
0.572209532
0.5550711056
0.3756981231
0.8369091581
0.6253599985
0.7062395258
0.8477729125
0.8793572481
0.524887598
0.6168488963
0.4364189871
0.5661984876
0.5547019676
0.5657043215
0.9177690453
0.4589992731
0.7544207118
0.7259222706
0.4919712575
0.4849388756
0.84297534
0.6943447704
0.7041392985
0.7756992758
0.8890388289
0.5011341807
0.5169290604
0.6783386293
0.5153597016
0.8579022606
0.5893203189
0.7138482655
0.6300334659
0.5481718079
0.5777973065
0.4487025275
0.5644488492
0.6389130767
0.4940583095
0.8668029362
0.4524541452
0.5292356807
0.4309097746
0.5312854466
0.9521000706
0.5220399536
0.6807384352
0.6988361831
0.7568176782
0.7409821371
0.874720196
0.7648259876
0.529498626
0.6060986304
0.572212372
0.5689030324
0.7768311256
0.4572242074
0.403834069
0.4534320059
0.7923515125
0.5779417402
0.6611067378
0.817536372
0.5577946
0.7205610293
0.6499399441
0.7465136766
0.5832438881
0.4028080892
0.664477491
0.4609407081
0.430995349
0.5123809891
0.3761278467
0.4653633884
0.416986221
0.3819797867
0.6010537267
0.8127255072
0.6788093735
0.7986045989
0.8313491572
0.4637272027
0.4038195156
0.3452137501
0.5915581281
0.6188365108
0.6911769121
0.7539202459
0.7455550966
0.5403049398
0.389008092
0.492081612
0.4469420804
0.3751729556
0.3769848557
0.8409654424
0.5471571661
0.404336168
0.5310964699
0.4237967187
0.3840580152
0.5842573617
0.4552558344
0.4946101735
0.509238437
0.3551802067
0.4040731603
0.3591983642
0.5206812039
0.7787208723
0.6721886384
0.3526799898
0.3150137608
0.4149779448
0.4853954466
0.4369334821
0.352092996
0.5188761209
0.5351575774
0.6714019416
0.7373138819
0.7020385545
0.9021930225
0.4836167423
0.4324132035
0.6394720724
0.4733682913
0.5616016476
0.55354441
0.742735063
0.6554424426
0.3301481043
0.4133098814
0.7888920267
0.611830474
0.4466784092
0.4888546204
0.4898745181
0.4499467985
0.4397855947
0.4377024039
0.4621696403
0.4068650357
0.4761034715
0.7283689037
0.5818893317
0.3779053975
0.3865664729
0.5668338381
0.3595711833
0.4290694105
0.4611455497
0.3397689697
0.3100964779
0.3787898742
0.7980220564
0.7678946399
0.5552555678
0.716186356
0.5614027831
0.6381700765
0.611518167
0.5235370121
0.461730671
0.6084537275
0.4095101656
0.7720355918
0.5662089957
0.7240735701
0.6026446659
0.4535358339
0.3902271456
0.7868912206
0.3620753672
0.3810605533
0.5174421165
0.5723026748
0.6823984304
0.5618983758
0.8392999521
0.5383414822
0.6767920246
0.5686872491
0.5602149832
0.6015712447
0.7074401443
0.7381546942
0.8642314535
0.6286560231
0.7027599984
0.8590736235
0.3856038962
0.4236869696
0.8343750311
0.6566726852
0.4634490871
0.5714710791
0.6102351315
0.642777285
0.5723757143
0.6290088659
0.6406671119
0.3935087259
0.5544525179
0.5879277876
0.5516404559
0.6625055703
0.3878180657
0.45181255
0.5395228705
0.4012406422
0.6873293478
0.6948048151
0.8413764281
0.5735970413
0.6155316792
0.5888036469
0.5651451173
0.7765175935
0.4364415908
0.9300135632
0.4597444884
0.5498712946
0.4362861648
0.7047433059
0.6531797944
0.8966287066
0.4811630777
0.7167858509
0.6790391349
0.8752848212
0.7057556536
0.6588526421
0.5727834234
0.5032673322
0.5837621168
0.5720862145
0.4258134969
0.4692285496
0.4307365486
0.4954092166
0.6549042389
0.8596125318
0.6871517868
0.7813856352
0.5363320885
0.6204841035
0.7317463186
0.4889512384
0.7346445536
0.5603432814
0.8393368851
0.6757084842
0.6256650478
0.8314487959
0.4106035726
0.6546876788
0.6596069831
0.6745457848
0.7066379691
0.6427367172
0.9265137311
0.7333385791
0.5213448659
0.6368340287
0.6950152688
0.645339607
0.4771674388
0.8416916413
0.6954132491
0.4678264402
0.7399632789
0.962197712
0.70785332
0.4837876951
1
0.8963321344
0.4192897193
0.5031048349
0.6202276832
0.711785161
0.8421319958
0.6136098873
0.9329162487
0.8602139984
0.7275870108
0.8591570502
0.6402597151
0.6427663694
0.4674520399
0.3584483321
0.5205639966
0.8232782153
0.5072962951
0.4076254017
0.7796580465
0.8036160921
0.50164864
0.4607116001
0.7201308677
0.4805468658
0.678568862
0.4322551467
0.5474787769
0.5677804549
0.9438674351
0.7444467431
0.8911115739
0.4707532288
0.7520395441
0.6550686577
0.6608242896
0.6492385237
0.6393252832
0.6797558385
0.5762426474
0.8763439541
0.8530138445
0.6617821181
0.6851280959
0.8074929365
0.9549918719
0.7713434524
0.719063439
0.9257485813
0.550345035
0.5645458066
0.5979118623
0.7635663535
0.6740973843
0.5328787671
0.5607098543
0.9999948679
0.7610531178
1
0.728879064
0.7508245789
0.9555153137
0.9230200064
0.9993420939
1
0.8221072915
0.8556788155
0.9721113195
0.8951487791
0.7129602296
0.9737126234
0.5237480916
1
0.7711032971
0.6886442317
0.6210871711
0.7016434961
0.7012536877
0.8571563996
0.7071827836
0.8988595244
0.9168678356
0.753497789
0.7135507808
0.6201169022
0.8379040488
0.9925625991
0.4628208494
0.9937494223
0.9020264189
0.8570703536
0.7216438146
0.4322254317
0.9697199733
0.7009281469
0.699087945
0.7219552255
0.6317096488
0.5311249608
0.6811387987
0.8842067576
0.8102717884
0.4793951923
0.721328773
0.8430065123
0.7389577379
0.6410319075
0.8094649833
0.8488266336
0.5209665123
0.840497917
0.5616267453
0.912938338
0.7917778002
0.8978755062
0.7543441854
0.6658574074
0.7790982094
0.951628027
0.7990021696
0.8741766317
0.6833020845
0.6614664555
0.7322036861
0.5399469917
0.6652531646
0.8492438384
0.5751314638
0.6616910299
0.7816513107
0.9710692248
0.5894498594
0.532470604
0.8272145936
0.48656795
0.8438749834
0.7851715393
0.4027487479
0.7242213106
0.8932964857
0.9261003521
0.900988541
0.8400320718
0.7698838617
0.9553986363
0.54274647
0.4995848447
0.6147658161
0.8121390371
0.5883621685
0.500309709
0.5355070411
0.6000111724
0.8609613933
0.4959192018
0.524554729
0.5896341444
0.4599969861
0.8414558356
0.4884802515
0.702197908
0.4617369053
0.8091609802
0.6453668938
0.570973297
0.7163538366
0.5766778453
0.370063442
0.4518377994
0.4860484767
0.554524397
0.5216614422
0.7019438571
0.4178588057
0.5387815752
0.9091174128
0.6257112618
0.7229222915
0.7453861581
0.550748773
0.7860833216
0.6540410003
0.4523736912
0.4489340264
0.5281696418
0.787415284
0.7774873995
0.5011819269
0.6041409256
0.7380029512
0.6860252737
0.6394712561
0.5950676218
0.9895398488
0.9802888228
1
0.8983980768
0.7598674976
0.5426296594
0.8980798756
0.6935505459
0.7662056885
0.709507026
0.6213955129
0.9993151763
0.7539551295
0.6527570393
0.4685178135
0.6283083749
0.5935450159
0.4766747265
0.6251092989
0.5985934806
0.496339205
0.4788167264
0.7800717616
0.5710837831
0.4826666769
0.616374741
0.5653953773
0.8848563558
0.5059709666
0.6371301391
0.8626106931
0.5675619444
0.4836425558
0.5006777938
0.6081993032
0.6049909257
0.5426832873
0.5610308212
0.8812403499
0.6977345903
0.5205543044
0.6340048573
0.4577310899
0.758383471
0.6681576261
0.7209529422
0.8743171518
0.7068237744
0.676298458
0.6688453294
0.5386159919
0.6992023267
0.8768564428
0.7858325033
0.7623434338
0.6662842078
0.9037472928
0.680807314
0.5245849462
0.8288499355
0.4982364531
0.5608981137
0.5222593582
0.4318396371
0.9095499791
0.778295235
0.7545969063
0.6154652891
0.6709374952
0.9318206118
0.6708028984
0.6006292407
0.6399402559
0.5345774766
0.7124714685
0.9535691503
0.6346210018
0.9765321727
0.9861324751
0.997447851
0.9999999987
0.7242983499
0.9809346803
0.6327019232
0.714379831
0.9319371324
1
0.7647516124
0.6504990519
0.8384743509
0.9326508005
0.9758188716
0.6315150533
0.7865114838
0.999842182
0.6591488207
0.6059656583
0.7384753135
0.7673593454
0.8852796572
0.5914069156
0.8520274352
0.7798148334
0.7076436793
0.5818979454
0.9567747954
0.9127362685
0.9244610447
0.8477153044
0.7866143902
0.811744065
0.8268340901
0.9135192084
0.7087323632
0.7453490082
0.9133218539
0.6873670673
0.535173176
0.5370539933
0.692895692
1
0.6818373061
0.8565881172
0.652282746
0.6390517761
0.6896061539
0.6438795482
0.7004831845
0.8333694455
0.8586951745
0.8526301525
0.4898287759
0.9876206214
0.5622783187
0.6693658257
0.7230826084
0.9778876075
0.6645134037
0.757390435
0.7489355724
0.8871209051
0.939130542
0.5402004353
0.8861752381
0.3959375519
0.5518470015
0.7468404906
0.6706237369
0.6744678232
0.6236527518
0.5989654595
0.7979784934
0.6738813627
0.5458252817
0.8361439413
0.4779772572
0.4212462812
0.7019711716
0.7306460579
0.7086392438
0.691022792
1
0.8660639403
0.8978236272
0.4646754812
0.7622975774
0.7552698382
0.7638290736
0.7610363482
0.8764961022
0.6731306151
0.5748485644
0.5568458832
0.6217064487
0.5618553848
0.966664005
0.6408346999
0.9149258599
0.8523888927
0.8829827071
0.7448464655
0.851251225
0.5296468321
0.4924767669
0.7151804384
0.6467256655
0.694735645
0.7083684728
1
0.6611243001
0.9166431086
0.4569763237
0.5982278136
0.873217936
0.6928349302
0.7917505973
0.6731576608
0.9191085481
0.6235134507
1
0.5832455759
0.5073793376
0.843288931
0.9260152604
0.857750485
0.7401618134
0.6296576921
0.9175919571
0.6516536421
0.8002583792
0.9546656967
1
0.6836524744
0.9652288241
0.8304866192
0.7171377522
0.7972176646
0.7376342811
0.9950863728
0.5275948356
0.6858111317
0.583844904
0.6711958223
0.9057770133
0.7093094799
0.5489232499
0.7946841414
0.5942480566
0.5665394901
1
1
0.7741137037
0.9678166557
0.7067314472
0.9998190852
0.5465198343
0.9544163759
0.5494991663
0.7235380458
0.8674834522
0.779683407
1
0.7429641603
0.6745564877
0.966291396
0.5614780554
0.7123273585
0.9961210711
1
0.802911023
0.9985578419
0.8886281695
0.8469323756
0.598086382
0.8175312832
0.9157377374
0.7235510944
0.882575962
0.7649286346
0.5727240839
0.554540568
0.6195858524
0.6549820053
0.6688934806
0.7036454382
0.5233358137
0.6204781945
0.8700684231
0.7234320542
0.8157064479
0.7322663538
0.6949455757
0.7113322746
0.5529388291
0.5150063472
0.6065124057
0.4435081342
0.7229468289
0.7599019815
0.6504716966
0.5979854291
0.6226470381
0.8333499131
0.8623037646
0.5415151821
0.6866017415
0.7414967973
0.7618629032
0.6701526658
0.7775509483
0.8674851264
0.5027119614
0.6587983677
0.4825247916
0.9044448634
0.5252662563
0.4365442893
0.5014602392
0.6427604699
0.5401912586
0.4908927667
0.7594558148
0.6332055997
0.6482084022
0.555826042
0.5609188283
0.844009009
0.6078831787
0.5247595954
0.5337610062
0.62933017
0.8737571537
0.5580755221
0.9188060382
0.9575465695
0.8677034047
0.8138523242
0.5778203529
0.7810157036
0.9802718252
0.6244531701
0.9862886387
0.99633563
0.9127011557
0.6872202916
0.885037874
0.4854616733
0.8520996578
0.680062753
0.852542813
0.8750818645
0.6711543982
0.8859623661
0.4959818939
0.7581166909
0.5769629867
0.658749665
0.5066070558
0.7608263135
0.8360567443
0.4409165637
0.492975877
0.7462105127
0.9999996966
0.5970362383
0.772664769
0.4680723863
0.7467529499
1
0.6106473923
0.5412222168
0.7072020162
0.6961159015
0.8314431714
0.6435990232
0.9798651661
0.5700179467
0.8577651658
0.4486171673
0.6867280402
0.6957138094
0.9051147332
0.5423098014
0.9473464614
0.5376501612
0.9510427896
0.4890901901
0.4773528959
0.4749472483
0.5928420661
0.5488399165
0.5719294456
0.5458835424
0.4822162247
0.4865871199
0.9225458311
0.6448042296
0.7576725903
0.5788073109
0.7375039221
0.7103917111
0.6258894389
0.5081416011
0.5294060734
0.8011027087
0.5062211504
0.7127258032
0.5780082305
0.6254060827
0.6065446456
0.5860438788
0.5978502206
0.790651942
0.7508403494
0.7694767784
0.4372779575
0.5076883337
