#################################### 
# Matrix Size= (25,25,400)
# Resol      = (1,1,4000)
# VoxelSize  = (25,25,0.1)
# nbVal      = 4000
#################################### 
21422.31075
22898.15156
22282.72193
24035.07515
23212.90665
25134.30816
25438.68171
24437.88604
24688.82969
24612.9008
21961.07751
23661.79147
23092.05878
24440.00573
24317.44543
23853.65213
23899.82414
26053.11564
24044.49652
25498.57084
25022.74881
24291.05524
23836.51897
24022.12821
24424.5118
26241.0949
23906.96099
25381.23991
24990.32332
25647.7887
24284.25534
26290.67338
24646.55491
25010.11719
25623.0111
23696.64891
27485.98226
26461.80677
26580.81666
25116.22688
24230.73428
25930.86544
24785.48267
24850.34498
24337.80588
25271.81499
27916.54083
25254.83717
27299.86661
26899.04344
25864.98761
24514.72043
26976.65018
27106.29865
27883.7965
28765.39211
27352.27006
28279.66151
28436.33783
26896.53224
26005.90818
25732.86557
28122.46583
27063.54919
27590.67377
29498.763
28542.89637
27954.2177
27706.99835
27750.47677
27731.59087
30923.78042
28667.69714
27192.08892
27410.01652
27532.65565
27995.414
28211.25995
26900.08116
30347.81183
27249.21815
28751.44016
28906.5626
27310.31326
27782.30777
27583.07346
27199.33426
26925.1026
29592.0774
27519.29378
27150.69945
29186.92522
27970.9831
27212.25257
27009.71971
27737.88097
29376.40061
28343.52872
27775.06833
26950.15343
28115.70637
28306.28497
27549.66208
27770.78683
29371.14545
29605.98806
32087.55988
28581.88216
31199.54124
29033.67079
27413.66813
29918.84446
30693.63413
28085.84467
28506.90233
29168.08166
28915.92753
28534.60822
28088.80457
28677.51567
29649.77286
28406.23922
28360.47025
30334.79461
27478.28473
27672.51117
28972.84079
28159.16319
30008.49693
30185.73012
29458.3928
30267.3629
29291.31347
29867.70922
30098.65417
29383.03252
29894.64764
28676.39205
28915.75881
28254.0493
27624.66325
29667.35461
31125.73927
28485.09236
29711.52268
31782.2179
29811.57864
30747.72955
30603.05996
28759.18891
29789.79645
30434.51471
30931.56248
29490.32738
30128.28583
29883.13537
28582.8087
30873.4937
32770.56071
29892.07894
30488.83307
29940.22471
29690.0381
30152.18405
29275.85571
30250.00783
30473.96159
30449.7684
30545.99917
32383.87344
31490.78846
29583.05803
30533.88715
31541.62359
31424.3699
31179.90179
30870.56082
30645.8476
30113.23615
28981.94078
30856.19895
31924.39406
32321.38775
31292.06663
30897.04712
30771.02597
30445.28155
33602.12805
30849.4983
30775.32624
31961.00789
31087.6046
31336.20926
31660.7238
29907.85891
33068.86178
30525.2257
31269.76036
31516.82155
31722.44385
31309.94057
31710.54089
32337.71907
31923.95074
34640.76571
33190.97012
32235.16509
32594.58452
32684.59085
31735.50323
31701.79242
32802.90679
33265.87392
33334.64106
33219.52466
32069.04849
33174.56971
33744.47384
32581.55204
32464.24359
33121.55832
33234.19096
33528.10629
33248.72008
33270.96089
34751.19132
34154.61423
36454.69982
34725.51639
33136.94714
32398.12049
33357.01713
33379.28166
35602.26934
34250.2472
33674.34306
32703.93362
32836.00832
33421.01862
33401.3083
33463.26907
35668.45494
32599.52656
34458.39111
35564.49638
34324.12895
34424.75906
34494.36763
34900.88444
35307.19611
34750.15033
34727.90227
34475.45422
36563.01901
34254.15331
34902.70379
36219.60737
36567.93225
34766.82477
35043.22617
34702.16174
34805.81425
33195.43871
34495.99347
33281.20761
34134.75075
34410.06747
34860.16706
38885.06033
34701.53246
35511.69629
36461.69972
34064.5246
35489.06379
35844.0489
35334.81898
37546.71167
35552.75689
37387.83829
35561.09913
36279.34179
36060.11094
36544.97497
35285.72904
37238.52358
37368.65257
36726.29669
35479.33796
34995.5258
35879.24828
36231.74217
36678.18469
35772.46655
37675.80745
36359.84174
35934.97164
37365.1089
36332.73071
38574.83035
37936.69827
37393.63889
36698.53764
36113.63262
37628.95725
37850.9883
35792.67909
38045.32762
38425.87732
39866.81797
37809.6012
37630.94857
38770.83972
38131.26079
38619.87743
38990.27413
39255.35585
37559.35541
38244.65326
37035.10262
37852.92608
37823.79957
40995.36167
38842.0903
38513.89968
39227.65051
39688.10823
38901.1239
37746.98527
37896.15391
37848.71128
38798.56243
38091.45813
38388.53621
38844.67585
38142.77731
40045.23649
39222.59843
39150.26114
40673.22801
38902.77995
40908.11167
38498.40643
39039.59008
38848.16335
39183.1804
39473.01103
41635.51647
38742.72795
43325.06548
40345.36907
39648.98903
41532.50835
39709.81238
39407.02345
40353.39786
40264.8876
40714.83283
40979.39063
40621.92782
40098.61201
41128.98777
41258.52461
41659.82729
39878.49289
41357.81855
41749.87621
40982.76431
41737.58419
40793.51151
41936.00941
41350.58194
44727.49924
43532.40181
41190.89903
41424.74144
43066.73657
41519.79533
42470.52698
40458.65571
43048.25456
42053.61301
41998.93287
41188.07761
42598.0715
44003.76149
43229.03416
43633.66799
43180.11946
43474.84794
42882.19618
41404.35457
43275.5524
43008.70333
43140.53245
42733.6435
43085.95427
42703.08002
43456.82979
44088.23384
43645.82252
43026.88298
43546.70654
44133.39761
45147.23757
44064.97341
45270.4255
43939.30019
43938.60659
43452.05247
44706.39785
45969.53365
44133.43945
44728.70359
44757.11469
47440.96356
45732.23438
45277.57193
45770.84313
44042.1438
44401.28265
44861.01205
45234.91578
48464.1271
45672.76215
45258.92429
45444.36467
46298.51996
45189.84693
47692.67949
48383.65235
45371.78759
47176.72626
47422.35395
48362.85487
46940.4474
46900.29735
46993.10092
47193.57309
48169.11595
47444.03742
49122.30699
49114.61931
49640.2875
48231.53476
49059.5485
48551.29556
48880.27826
50412.80839
49185.3009
50269.96599
48710.06095
48992.52016
47743.72373
48467.44794
48984.0872
50059.35832
49865.44082
49362.3586
49144.04659
49910.95646
49922.67195
49334.40915
50647.86281
50455.75305
49892.42702
50710.84236
50196.65686
51689.54011
52071.17628
51961.67721
52005.33722
51532.58642
53661.84395
52447.01943
53517.52969
51684.1911
52831.32979
52569.71442
51305.46726
54442.55801
55178.80647
55113.14608
52586.24936
55490.5786
54957.81452
52942.86729
54708.54575
53025.2646
55621.59649
55274.66352
54964.95291
54327.93189
55817.7286
55838.24465
54962.09485
55732.90805
54936.05531
55461.94625
56390.97895
57164.54167
57191.1229
55482.61672
57874.03917
56472.4322
57204.41633
56735.53164
55396.78344
56694.01851
57703.24781
58777.72531
59671.68686
59258.16949
57280.43774
60784.81255
59429.08124
58530.55626
58274.10194
60072.68786
59758.51414
60235.30765
59110.49898
61069.78098
59590.82354
59634.07792
60181.36281
60226.13871
60463.04138
60145.92364
60965.25045
60236.11016
59640.0967
63369.84435
62510.71134
60795.10624
61705.66015
63316.80166
62008.75793
61876.36279
62755.93668
62135.48
63846.16118
64638.99013
64476.04815
67142.3331
63506.60982
65676.05124
66740.74017
65200.23803
66270.40032
65818.39457
65975.70842
66667.16136
64705.85434
66098.4349
66387.15521
67037.09328
67374.43818
68955.44414
69959.79755
67741.4016
68485.56797
69456.87761
68691.05058
70238.48843
68194.40509
71882.79773
71433.01667
71198.70552
70256.40466
71133.16959
70337.13535
72881.2689
72623.00437
72510.72703
74259.91021
73278.41159
73814.86328
74390.45844
76078.22481
73828.36394
75524.48446
74757.15352
75030.56828
77609.31455
77073.92957
76562.97043
77743.38286
78736.472
79334.91248
77522.26616
80016.35216
79010.51072
80082.49876
80852.12885
79613.30794
79237.27682
80649.50326
81156.68721
83986.88767
83763.02928
84427.83693
84934.92523
83194.89322
85086.98633
83121.11615
85255.52565
86127.21395
85955.25413
85575.63243
87574.36354
88385.71129
88382.08588
89179.18992
89110.8972
90298.48027
90249.13118
90563.59893
91107.10881
91003.0229
91886.60585
92385.52006
95912.2219
92768.60864
93358.13065
95127.34097
97407.20426
95662.46887
96112.20374
97520.68567
97558.75077
98670.7622
100491.169
99636.95268
99874.4536
98953.4418
99407.87075
101093.083
101483.5025
102540.5971
105312.7686
104578.406
106393.643
106005.6446
108098.263
106325.6456
108892.0981
107732.8959
108071.5615
108145.7648
109187.478
111430.2691
113202.0749
113142.8001
112161.3299
114004.716
114907.9365
114854.3181
117232.4269
116467.7788
118217.6776
119886.8588
119371.1649
120119.8901
119944.846
123767.4138
121639.3636
123549.4033
125978.0211
126835.8506
125432.3383
126359.2543
128054.5934
130079.1148
129387.515
131993.5349
130554.8964
133525.8642
134839.5306
138079.3319
137009.3196
139566.9698
138733.0231
142241.9642
142341.61
143782.648
145074.0888
146892.3033
147615.4325
150234.8689
150975.1949
154185.7523
153351.4104
154445.4829
156854.279
158135.4362
160375.8847
163116.3557
164173.3412
165253.7864
168636.0568
169708.1255
170462.7253
173015.7049
173723.6367
179099.1092
179983.4473
180463.8615
183470.0803
185483.2786
188513.1994
189669.5725
193848.7226
193844.9799
197714.373
198769.8898
201314.8993
205315.2625
206674.05
209983.0782
211877.7141
213979.5861
219879.0722
219146.8592
220086.9713
226081.9419
226166.7345
230773.863
231274.3609
234000.5427
237407.8733
238007.0855
240618.6651
245363.7391
245704.8994
247019.9215
246154.6231
250306.3706
253734.2157
256151.827
258313.5315
257967.0816
261579.0041
263032.8391
264962.3816
266059.7976
266225.1463
268107.2786
271349.0786
272543.7502
273492.719
272033.3882
279083.9486
276976.757
276073.9618
278062.5793
278824.4362
278026.3078
278161.724
279387.0118
280206.6098
279789.8225
278643.2741
277203.703
276635.1923
273402.1705
270414.4783
269080.9525
262612.171
260983.1418
254578.7469
250161.8269
245094.8342
237236.1954
232162.9688
225598.545
217436.015
208132.5808
200589.3018
192043.824
182162.7183
172893.1211
162733.2544
154915.736
145285.1291
134425.5268
125688.9496
117389.7748
107932.5621
99145.82591
90574.95887
82223.63485
75910.85961
67503.63811
61509.82723
54111.42038
48787.09524
42997.08104
38673.46617
33145.27588
29709.50211
25774.64273
22273.34418
19490.54468
16247.90146
13330.84916
11965.77596
9899.250574
8496.964897
7594.241626
6098.428787
4840.211011
4058.807054
3440.206478
2809.237425
2292.019152
1801.140455
1496.865152
1280.424596
951.1419116
967.6429002
694.4410542
590.9532874
434.951452
495.5008103
830.0344442
406.440614
254.670152
181.738589
359.4640542
178.0452032
105.9353403
126.490685
189.2502012
115.9618582
73.72354273
85.75021558
61.81905677
80.88833465
111.9076987
194.9318885
82.67149787
165.6966253
248.4667162
89.80897592
137.0277131
98.39700589
70.50271426
34.70143931
120.9646349
67.47939332
56.54936693
151.2289645
88.37051698
133.0266668
89.51210678
63.13084748
60.6585286
85.64367354
95.65415034
134.2884602
114.1506032
118.3089798
61.36564635
61.53681319
769.7279059
131.8070634
65.69080911
32.13818365
50.41243623
95.89037224
300.6081655
81.30426714
83.9087668
83.41402865
221.5269071
213.2182325
90.74154325
76.33882666
57.58284666
107.2232069
160.7427737
64.86898818
59.24192023
75.75175338
139.7400533
120.6378694
153.8569323
83.43561512
171.2271042
68.73376926
80.05799336
61.86014792
47.46610062
156.2827594
58.04631424
89.86164881
66.55754414
66.55118019
139.9692442
61.92405586
71.47891897
105.7593107
82.42601735
62.04393095
82.17654127
340.3633162
113.0422653
102.9513359
160.0937393
70.87016507
81.95231258
129.9113344
60.08549908
87.28861939
72.64079607
85.33399225
120.0992194
63.05588551
148.4560376
76.70292078
110.6621978
70.61773864
59.82274466
43.48974776
80.920833
48.55572413
81.2599113
55.25825215
61.81891557
102.6049878
111.9363742
164.9111598
67.0939865
45.26140292
80.3123674
75.62947041
76.01558268
59.94918181
199.4898392
71.67704309
238.9250453
32.52142195
141.4850617
74.41101932
163.485756
29.21597838
47.85157557
40.4388693
98.41694648
68.80249338
78.36029393
36.41590891
42.24495785
50.13745681
177.887264
44.71088232
28.11148836
83.15868898
67.10341766
51.95520571
65.73395147
89.52149486
75.01748735
96.56788165
34.77551283
63.27680632
42.82642462
54.23859366
114.2550046
108.9380306
63.02831434
96.22689395
74.92241986
99.54850849
63.96759027
45.60577314
93.62730154
52.58906979
70.8570485
70.71892426
134.1850534
159.0231868
77.67614158
84.66198658
371.9747466
112.3677402
111.6672475
115.6380272
114.2583485
73.16080294
97.02640531
50.73845242
54.63620267
193.598468
100.9270629
46.33350941
86.32631081
463.7520268
76.30565636
179.557604
131.4070629
87.04962758
102.4320176
34.77471051
51.67998497
77.14195606
90.72815648
83.15182941
80.89914466
65.65159725
52.76460519
48.0474835
27.40403846
71.53993814
25.62344609
29.71162349
24.47218006
158.090352
86.07512366
68.73182124
514.8913595
79.45115802
91.92717663
118.665949
61.4378516
67.51670216
131.5969338
44.81512191
45.9644262
104.4177241
25.63289996
437.597942
131.0332216
67.21310976
69.30994268
192.8501971
60.7554316
77.48582643
81.10626266
59.33134419
76.0589971
72.76763184
133.61407
53.36991311
109.6105666
49.10470381
25.14819037
65.92890646
57.43263691
68.42096361
84.6847668
87.59627858
82.63703891
139.0804386
48.64388931
42.20252108
142.5197234
48.77621762
75.16920363
106.649999
40.75041559
22.39305273
58.31122726
55.08196286
55.09879542
64.28449093
67.25947445
49.99311714
62.52135203
44.35651157
239.6867426
26.26967049
66.135438
51.94314887
175.2694668
75.93125454
52.46884119
85.89300177
38.79843087
30.13276874
28.09708887
67.7079419
96.58885121
38.60685096
89.9437608
63.23738354
82.01387774
47.73338355
22.40729954
65.5585153
51.50749906
76.89818721
25.60669645
67.5401656
31.09982102
125.2282977
42.34631019
37.05164563
68.40112942
16.59100064
125.1472015
429.2664028
39.20647724
42.48935922
84.92492936
11.44562157
73.65256634
62.25460387
96.86558128
24.25350016
18.6094896
332.7676198
64.92218769
33.5576196
83.74822651
76.64692333
36.99029823
60.57855085
32.75685167
26.35447979
179.6635427
140.8981054
34.21988564
55.28651849
23.12775178
53.57644768
45.08565285
72.90396248
61.42726125
55.66438985
42.96018949
53.45606629
22.4355281
47.14980768
61.24101669
12.70506638
62.7194841
27.57647121
46.32119337
25.7525765
70.328322
142.6551248
44.49005676
40.46327364
74.25123481
56.1550819
143.5154778
35.03762109
86.62759755
63.73215298
63.01378196
74.58256635
48.50473398
93.05244691
151.6522268
63.06746798
43.022264
73.0105783
61.80194442
58.6106449
60.30569502
58.70893665
58.88225085
95.84874573
56.04890906
88.8130989
53.47141207
49.00928977
32.47883226
372.5196371
88.78406812
45.85952016
119.9362164
118.4243353
71.94458249
23.65733902
265.6427427
38.98138181
49.94295467
68.96160666
56.92533159
81.58332296
61.29898475
46.05685537
65.47886328
46.38547085
120.8418704
162.4982791
62.57520488
27.90329745
35.07942064
22.56791772
58.24064309
66.94782123
23.87949774
72.87430646
60.97213438
134.1730824
65.68853374
101.3113157
56.12357074
41.2723145
83.66968824
64.47700449
205.3132603
146.4318646
24.17625563
66.8311567
53.19080921
34.06858976
39.8989377
102.4568684
141.4329512
41.49821011
79.16454967
23.14166767
23.15396495
37.83922142
71.09945187
28.83296945
51.99478744
49.76633428
35.73240324
43.70461369
157.5055866
40.83674592
81.18930856
132.7570032
81.9945502
49.59192691
35.25707497
40.84879516
32.63780805
76.37412241
191.969528
81.74467525
44.31178243
16.39032507
51.89820739
104.912296
73.24651845
101.8125096
142.5059189
30.57469981
29.53789977
29.08390814
52.72909354
41.50962348
15.56203993
53.43602686
38.73265029
69.01147639
44.31983923
51.19343287
69.60414585
88.13064068
67.55436122
25.5863436
17.93708495
18.82574441
28.65180069
22.16463289
26.94296222
58.41643991
32.31383395
55.21772665
15.3540048
21.57143502
31.62175292
26.81295071
16.22621699
30.50740379
103.7125123
137.3330977
36.37383324
61.10220701
112.8677159
30.31470369
42.3426662
22.14440655
40.58619423
64.55484412
84.27595221
77.13194514
41.19315593
60.86439296
38.20435602
21.44535503
58.71081398
74.47476618
31.97322403
25.58581915
51.88691701
26.48435644
34.76385439
255.5744894
77.40668245
35.83554377
299.995467
126.7531776
110.4058142
47.19768469
32.56978005
25.19721389
28.86403961
102.6855678
37.68193947
40.81908933
40.74027883
40.68938779
81.93800472
70.74733518
49.35079034
47.15513846
15.6538727
50.14308243
40.48671011
120.0641152
2.956248381
77.84615517
99.40424504
57.24739754
23.78114984
49.99720511
35.06554324
58.80334519
72.43732761
23.931115
225.3417345
73.81811365
315.5278038
67.22634262
28.65678611
24.66895918
26.34225969
62.65274769
149.730484
22.61160123
18.67769172
25.71786377
27.91094199
122.6878993
24.09387132
33.42939334
54.22862541
38.52387166
40.07032721
12.04039329
31.95511074
24.9492872
29.87118165
24.42061659
72.51756621
34.33880056
35.31243271
87.24048518
35.39853715
19.11479746
50.16208112
20.17332695
274.0152429
19.25777209
37.50062024
120.3304748
22.62528666
93.61933747
28.36545485
43.5007419
36.61964804
54.71351518
52.02395507
22.2535342
29.70650255
25.21606633
76.15853749
33.84062747
17.52404308
17.22693281
15.73930017
43.41507289
24.43397728
11.99815028
10.57146501
23.77587021
24.86796491
19.29092583
40.69483434
85.11337203
49.45985972
45.79464598
15.69691748
19.30440109
12.23423895
23.08285829
30.00718594
97.39705014
37.39418467
36.71429415
19.73769314
411.1182026
34.78395397
35.58380868
14.41693203
51.92677664
20.21085849
40.42085835
59.68413938
24.60752622
21.87120519
34.07970403
7.797701807
46.06772434
100.717126
40.03605014
20.64205006
33.91122073
33.6647472
61.58703079
22.8877823
39.45092315
43.89241758
31.1280661
38.94437865
25.90676276
96.09526023
61.19739078
23.01854511
37.11414772
31.02307407
41.70755284
27.33713845
42.87165212
36.34552817
71.96762808
70.13729973
17.84012648
53.43205905
24.29934415
29.71387356
70.83668095
32.48664333
48.73385826
41.86941455
41.81810064
24.99454853
19.89757425
12.12225246
26.62724105
16.67367395
33.22905332
17.71354964
18.96126825
18.93853021
38.64707359
15.68812492
14.48016395
26.43566271
45.36120204
58.62655963
33.61536767
30.49126726
46.58391548
47.27253991
10.75384547
26.73398998
25.09034237
37.15658575
67.44197366
29.42376007
25.3481818
9.856621656
10.05351982
19.14295948
59.66763485
9.107727518
11.94998818
11.46673496
11.35946327
10.56575339
39.69374329
29.6794984
20.73039911
8.502348457
20.53638042
9.302582004
29.70217036
32.04725318
27.62381294
22.81928677
13.41163095
7.151377892
28.20946496
31.27072295
23.07513215
20.59250462
107.1042911
18.87956912
46.88373624
19.84884261
18.72260452
28.16373588
25.15212144
21.25758162
43.72283147
15.59344245
31.00163602
13.38630431
109.643152
83.40884665
21.0760647
7.802419755
13.34269462
8.19625448
33.11407817
17.13652558
26.46798625
73.83353848
6.139148004
15.61125738
19.10403362
57.4549666
68.97902905
9.013410399
29.61891889
10.12318784
22.3696797
32.77092368
17.0971394
62.73111805
8.881552855
10.05473436
18.45655425
11.45563355
3.810686961
35.0648646
8.209046054
55.40651477
13.13687299
34.66612756
57.90033251
98.52733317
40.12721825
24.62528602
11.13051317
28.29352527
74.2516004
35.94002158
17.39882003
35.5368862
125.1424233
34.13242133
35.72327755
26.23177112
24.42310452
16.17174264
414.2965451
65.56343252
23.87191434
24.30680011
149.5801937
44.44290624
76.88131098
25.64474351
52.60938052
67.71347789
33.59558039
30.28873897
15.46921245
43.76880628
120.7058792
29.397078
35.93261531
17.98301565
80.49885138
28.4480179
20.02763679
20.29101046
31.19834697
26.90881692
19.41841516
18.68800588
34.95447398
15.78930811
17.31986077
20.99570143
18.89903723
19.92742709
36.69142228
44.28600928
38.92093099
16.55559845
17.4219775
2.057390957
15.54807062
15.67512705
9.24789596
97.33487586
75.31196169
24.38976224
12.96383039
17.07658894
13.7168646
128.789434
76.85763378
11.59257716
18.81210069
16.38858379
442.0488247
155.4602059
15.31501456
24.71941404
37.02963951
9.796071447
29.38346774
8.409133905
29.58590993
38.99571518
9.062739791
23.13815176
1.324564869
71.59671706
15.39857862
38.5086799
15.84300755
69.32480726
23.3624738
30.8470987
23.23756828
36.62405101
33.72150523
31.26475617
19.17030736
40.23271249
31.97568593
96.56342542
29.11023242
53.92743119
32.20134349
28.69661625
17.13818563
12.62616601
39.80858664
23.94607169
27.94231862
50.64054315
2.141245317
9.410990867
25.29532236
11.20314275
45.91374745
9.653736463
8.586348991
16.56429942
17.72413858
20.35655514
37.81656652
21.71306931
15.69808747
51.79890164
98.43379664
92.08666588
6.069581449
48.44186388
5.33259093
11.46862553
10.8236142
8.817843637
18.32871674
9.487853367
10.55503912
3.717235435
62.79574108
127.7396805
69.41471489
7.281790732
29.39118103
35.46541074
16.96478087
35.44779719
7.838725707
26.05503897
45.24297598
26.01989663
21.90489301
24.4985152
40.83379907
20.16485467
26.78141198
13.17825937
22.43635636
7.140903158
46.22743352
26.65554605
11.56286134
721.1445014
50.17983885
14.58848729
41.32466756
30.63257248
9.416672798
19.51329086
13.58178747
8.485941201
12.19453376
20.18067564
9.052205299
85.12558342
20.89493099
35.56096874
52.05950792
15.86179902
11.99712794
46.14781217
16.12571278
12.18466539
20.48884763
6.09511866
14.37383573
26.28805583
2.397175525
21.15116133
27.5772159
21.96784805
10.01523472
15.84219067
37.90688541
10.79148848
22.97734207
6.229236979
12.31231872
25.52009719
7.791614291
9.71040905
13.75122782
13.11675466
10.81069365
19.27113756
12.50913276
5.969258515
0.6677477319
10.23769561
0.5995843627
4.958368604
0.3744052677
12.80325926
4.528302482
52.96541525
25.92806941
24.5400428
6.711620347
60.68748388
15.80734847
19.24775009
8.08744401
2.373452923
13.6000625
12.64761564
8.563972316
3.254193867
3.828510302
32.25752198
57.20098128
47.95633002
0.5791048872
380.8342262
35.73333014
6.403978255
10.44652503
9.190205455
7.486642305
7.049980082
13.46634682
12.86899416
9.370361541
39.73690607
16.74295593
15.28316501
33.31936801
27.167136
11.47242694
24.72000102
9.874630339
20.46435254
13.70267287
19.86407253
78.14903768
10.56783177
8.235362265
14.01381847
14.28606746
3.113509978
1.088197753
6.826034399
1.745286339
14.09798948
27.70763502
53.27742174
30.83261248
22.72025045
7.500454361
15.78816505
5.035709094
11.54093359
11.67464598
4.243369154
2.710836339
3.003758555
5.781641582
6.796829006
8.341604699
7.136187094
9.322144546
7.614547124
17.17081495
19.20529726
18.95497602
22.61888119
27.93394481
13.0653486
15.16537163
7.964379533
51.84240095
31.41560332
52.0973441
9.348240493
8.420933632
9.150935739
6.745326294
9.422853191
7.62593443
8.341662505
34.89046856
172.2509691
17.68795299
13.20728886
23.51306018
13.56894153
8.920230246
2.905824271
5.530234587
18.16013789
13.82751344
31.60456933
24.75612763
9.222645797
15.92591399
11.36410257
35.81424072
10.17393925
31.3718245
9.039575833
15.29547162
25.79836367
15.20211366
8.829564202
13.25697122
11.90411661
17.80766967
298.7535691
27.24522654
25.90046708
31.85147085
8.708244655
14.5178916
32.14076595
55.08727239
29.32619019
7.790934243
62.36050183
15.20722385
14.88176985
27.32851566
39.51949666
21.2553722
112.2193116
23.93603149
10.59558495
14.37112986
17.9447813
36.98673174
8.748161417
14.47527348
3.435601172
11.64963449
17.42572017
90.13841043
17.5370623
3.030118217
11.25341797
18.27061802
44.26827051
0.5521263766
7.683840474
28.663257
6.409684195
11.27664838
2.145856804
10.72310025
13.35826889
20.15477434
4.16409825
20.15696244
10.12125895
7.979055253
24.40184351
22.57662867
9.913129822
129.1737218
22.07021173
31.8013303
5.498007415
28.87892628
16.23368198
12.12829517
1.792361529
6.373923936
2.133603552
49.11074476
15.47144614
7.00322751
5.646059326
3.329846702
7.617389324
7.725999703
12.60968144
17.53508644
83.65937611
17.55740403
5.410237765
21.71084671
5.571680954
6.790029244
9.669354708
9.917257368
25.41300405
44.11927646
29.31546766
7.870736311
10.6408479
17.52989357
33.04470768
124.9183735
15.39038657
15.96619225
20.23574186
9.725480074
13.79284509
12.96451533
6.571505163
33.74203509
7.519859937
19.10222429
5.95977323
21.15015257
14.43811902
14.29018614
3.770422997
34.8828745
22.60909467
21.44807822
22.40433895
26.72282219
56.69293595
39.06855018
55.1300764
2.985336869
0.8382481065
20.41532299
5.823061574
6.365620538
0.408324659
46.8230005
4.110903722
12.61774432
47.46688705
16.60327258
20.84039513
29.3500826
26.33177938
34.08765147
20.91790998
11.92440475
13.90601273
2.473066885
8.610257
0.6017288433
20.35359464
15.26471602
3.190944776
6.571567236
9.733279752
6.767285726
7.244045582
10.98695811
5.072043628
0.5049506091
8.958941484
4.29213426
13.08732792
11.4144936
22.25661822
6.63487702
3.850509056
9.605351035
22.98003034
20.94880762
8.171399597
7.547814409
29.23666397
7.970656681
2.34213018
21.84166498
9.343895422
8.291756679
8.373310815
10.17976577
11.29405386
0.4659536236
11.53777233
4.033108981
7.087908479
7.779673446
17.27582542
17.22478059
4.903404373
5.34066329
10.71088022
77.50895055
3.733149792
5.970968879
52.93381404
7.055207134
9.613299042
13.65841775
5.175830804
4.596536386
7.035646733
48.45961741
8.761146819
2.256145138
12.18330366
33.16041456
17.05416254
12.54183602
2.311096038
10.37557662
14.67721795
11.46505682
20.40331952
4.491662755
4.877050414
2.014344195
6.255798258
9.899698787
6.37846956
40.60213078
1.29169967
5.050863542
5.871185182
21.78976477
4.65687992
6.387291937
7.831943133
17.04779371
2.885882063
30.21333546
7.770512328
14.79324877
99.564017
5.326393945
10.88743067
19.01380433
45.41888571
7.067617567
9.29730665
8.466083948
83.38885433
6.568381526
8.561249397
6.741170018
0.2606056662
1.611486887
0.267672831
9.787569562
0.8674243775
3.215264114
2.803475929
0.288154218
7.719739416
6.059353612
10.14182931
1.006075779
0.202471732
0.4512316286
2.075361856
0.6919854141
8.496132361
13.04565971
0.9547002749
1.894714407
2.042066441
9.683885436
6.248447564
0.1254596309
10.52730446
10.62104038
3.921397629
9.499490425
13.42485384
2.353434557
0.1852379732
6.660207201
0.07540133822
5.302515257
4.394374051
2.977475743
0.8324099001
3.406968908
2.607409192
3.617713682
7.385220066
1.966772974
11.06995365
23.67551202
30.41689938
16.67857872
0.6229471136
0.1707910872
4.85951784
9.994166477
2.095157416
11.28890515
11.77794013
10.48760562
6.434003609
15.57693592
35.8663873
8.956642897
3.911147486
15.52273291
3.763509867
12.54967227
14.61944066
12.49377893
11.03236847
10.02458961
7.537759912
5.959582986
7.770885782
10.03872239
2.048839875
23.85660678
19.2790299
6.260689268
2.874977704
4.31128796
16.44623961
15.82351896
4.358644553
3.8167153
6.240212842
7.868548538
13.40394794
3.341426908
5.473731584
2.323500819
4.318227015
12.67992022
13.70402267
4.464439019
2.582036702
14.72940243
26.19466161
22.14597223
6.812474441
10.65141419
6.733107641
89.01759525
1.955067732
10.83811296
0.1590524533
7.94836371
11.7144486
34.90673743
6.572188646
39.9377826
5.820894541
12.65389107
14.35758432
2.10184236
4.339887207
10.84358275
11.41995393
5.627499931
7.000168677
3.869416986
4.241847705
16.49083498
4.18139267
0.4972773141
0.2410181112
31.02616708
3.028439011
3.629475227
24.01719885
9.271064637
16.53453374
9.366194968
7.325866945
3.85294088
4.802352647
2.046611037
0.2438800332
7.195054896
0.263880588
6.135258592
0.3120791381
0.1745824647
3.208614668
7.53957385
2.78128004
19.64524431
3.337317956
2.930513038
4.111356681
9.898668707
2.115364153
3.946742792
0.272949597
9.308934488
2.098092945
15.07213314
10.94857326
4.745647677
4.307527531
14.94923188
7.733728553
7.573579496
44.4819297
28.87804941
6.13351356
8.593480315
27.47861916
7.359959827
129.1600858
10.35279432
13.49481113
7.570566164
4.720415175
15.02949005
9.606351998
0.1805416242
4.360349554
17.97108189
13.92051851
12.62835833
82.74637007
2.481675188
20.09159455
35.38867792
30.38076247
3.727775066
7.390155118
8.903032069
13.88599921
13.33114387
7.037368025
0.1374548645
1.858624283
0.8838251874
5.239786507
21.55058246
2.70540138
0.7245698834
0.1384050472
6.985309489
4.739975012
6.764834605
5.229228453
12.12251188
15.34744388
4.377316206
8.37221795
8.64392793
12.03660739
8.621691923
22.49353259
39.94311419
32.36753389
2.612068345
6.714056484
20.04642322
12.36098376
20.72721684
14.8790397
37.74080349
12.77007605
11.13408505
15.49065336
10.83630823
17.51634592
41.24307825
15.14120767
19.26020421
15.39636991
175.4929126
14.30839969
4.411604036
26.16137105
8.755612907
7.942205314
15.31538562
9.436210587
5.438432654
18.03037266
1.958618817
12.92287965
13.57224544
2.115178758
7.338465559
7.972279926
8.432399966
34.54302577
5.20717691
7.083873762
0.163054063
9.922599166
5.546606006
2.498892852
27.37376462
10.65103694
8.423356077
9.970271478
6.214537077
15.6134606
10.27251808
23.62131827
19.4979321
6.255715287
3.728313315
9.802037084
20.96132717
4.811322835
37.89530274
6.864591415
23.52359808
5.179572854
1.964320025
8.89294278
18.12068554
19.56403055
6.885305471
21.80491141
7.154105285
13.64439778
1.021396901
4.863716908
0.1803049258
3.549919181
12.34918027
6.314529683
2.850609753
11.77643661
8.904418384
112.427073
14.16322321
1.713878189
20.87117861
0.1859672228
7.636730822
12.05539449
7.093435274
10.84671896
7.477996494
1.841946185
9.39882947
9.368256997
8.656987189
14.41199446
40.00006568
6.778177035
6.503088834
34.92671962
21.26036578
13.81431284
14.249319
17.02549453
10.52791328
12.59491297
27.64001542
21.09892225
22.14550526
13.7383075
10.27118454
44.89318919
0.795559456
12.04132247
24.24318113
5.637928179
11.87733044
17.09310351
1.91544765
16.53667151
3.968319855
0.3788012855
0.1655788781
5.609394406
12.18237567
2.770543641
2.63262677
2.461794669
4.016406158
50.56972481
14.73178012
13.95004411
1.842049551
5.640271558
1.989334806
4.594182972
10.08004753
8.927214966
56.64268212
14.1749022
9.288744367
4.062567691
17.40589972
0.2990110527
4.189010276
3.001160685
3.66377385
3.485154658
3.313494927
1.869751199
5.532844414
8.03149104
0.1170604274
11.82000652
2.241848541
63.5231206
0.2043863234
0.1344926359
15.76154372
0.4299563735
10.1050619
3.930501155
14.47560641
10.60765056
16.65756736
12.58000574
37.21396484
47.50530814
1.884744836
4.949604805
11.37672032
4.126082684
0.05534261503
0.8056229568
0.6147464281
0.271727342
6.200283917
8.134748331
9.951797976
0.6999301543
7.270951017
10.34709731
41.08647325
0.0801859794
10.03119321
29.2903112
16.26215323
9.035503069
111.2698699
4.069672551
0.1685235123
0.0706803801
10.19639426
0.06972987683
10.39301154
0.06629592464
2.437430815
2.136753071
3.222117029
1.731964955
11.35147659
15.8338984
1.960544952
0.1500421405
4.443761061
2.328042993
6.374396368
2.869230169
2.971998718
2.765213322
6.830160513
7.116165396
11.84605945
6.730564986
11.88958984
0.1169424464
6.310131758
0.1436405969
24.89449431
0.1984766389
5.621387418
4.646295551
0.3226410786
0.04849211849
1.506248249
0.7303047853
20.82824387
14.01588947
0.4562049613
1.057860414
6.67510185
10.05782996
85.2059971
9.934826794
5.424497311
2.005609508
2.021328062
10.90925279
2.495903343
0.1257459603
8.503986823
5.437344735
1.701165262
8.430466444
0.1002260129
5.386914144
14.37217907
5.235215596
2.873757273
4.840562169
6.743338474
0.89325169
6.36364119
2.046220886
2.789674666
9.878324595
8.443607913
5.336252721
0.1722480769
2.971815948
3.467342957
1.270627095
20.64814235
4.674450769
6.524464248
6.187295074
13.18296557
10.40402929
36.20035618
5.402908659
3.778933918
10.40943871
26.03577153
0.1610822411
0.1026789238
0.3230357219
1.540943029
0.257260075
0.1353159261
5.207672632
0.2998856601
4.023582106
3.719129902
0.5854195483
11.55138389
0.5001923517
5.835668112
3.790320907
0.1848334112
0.164501061
6.388519071
3.443624614
2.435082659
2.27727254
22.40425609
6.481080472
12.68014218
26.67181297
15.10470295
0.1517206145
7.295785701
7.916570635
14.0427961
2.646336514
15.75605148
6.137449345
29.048364
0.1982930393
11.33918706
22.19661975
1.016475196
2.41269568
13.0093912
13.87199252
9.461038527
28.44153994
2.961135718
8.274212988
0.6100265145
10.72287948
2.438046848
3.705710054
13.12129867
26.53217933
4.291026767
7.631197622
21.18411865
22.18442414
0.1490330619
5.434519879
49.17344107
7.098834045
8.59565129
12.01057496
6.870965217
5.238489263
2.711948651
16.15886466
8.453567165
2.220184989
6.475900915
1.980492006
3.010753623
7.808906767
5.059822975
0.2303662387
0.2411516396
0.8637570987
6.754624604
0.807260221
0.1430585347
0.4086930807
7.798060577
9.402873824
6.746058582
4.284467188
1.935065898
1.998036736
17.05599005
1.902616614
3.190345637
1.737549695
56.83300443
3.744284881
3.30409804
0.1265006237
4.30759953
0.2759494106
2.570317802
0.3288445655
0.1888003024
0.150456966
2.240658758
2.08527809
2.685229692
7.472008814
0.7338274089
7.833717707
8.128593823
7.961971726
6.113854987
0.1446652319
0.1196973595
25.62689122
2.053522389
20.09979604
6.61042859
7.000847245
27.20615613
12.42195909
6.400298552
0.09316651551
0.1459243854
0.4323003025
0.03337740357
0.1333925345
0.5898651513
23.54046073
11.91044755
0.9287900888
1.17815976
13.24349425
2.610076094
2.506057167
24.69108315
9.464795952
14.80449625
0.1522381132
1.931992627
0.1772641382
0.7342436053
0.3586392802
0.5696444757
0.1058896935
0.08831031505
17.08392217
2.148819957
9.076495825
2.841592528
40.10845595
1.715554862
2.586689013
11.6938444
0.5675363431
0.1444441387
2.5482307
2.203309829
0.3779908231
0.3351171726
2.697412399
3.162141929
14.00393852
2.92829525
2.542992016
4.308924192
5.176505999
2.448997949
2.168769031
1.926107971
12.68677205
3.74560051
3.941648414
0.1511750581
0.108238938
9.4409956
0.06649211845
19.52063805
8.962484583
0.1447192953
1.131987579
3.04571507
0.4882659085
0.1044335719
7.428433479
0.07939739783
0.2846746472
1.965428928
3.815222575
5.158344519
8.515931884
27.83594973
8.665293169
8.515685538
0.2820932615
12.02850757
7.260777593
12.10032566
10.07267876
23.01610226
12.43250208
30.3311014
0.1758381357
0.1446695579
4.005205644
143.8246776
6.794165328
0.1615510112
0.705386798
0.125466732
5.724891159
5.728821896
0.09900142812
3.423238374
2.974032174
0.04582473124
0.2663546556
12.51805013
0.1182244617
1.98563045
0.1874516111
2.209102742
1.257370274
2.073322289
0.2336481837
1.77002364
3.45896684
12.68122363
3.982837552
4.266305197
1.330426692
0.1103213283
0.07218698519
2.40658551
0.5361163478
0.08105934641
0.2611914775
26.9007562
63.80315615
2.288941053
1.805758422
3.192310252
3.484592977
5.116683821
8.215660227
1.895372196
0.1438550844
6.857654663
0.04542485935
0.2089850015
0.04021554149
5.218286147
0.1115996948
0.1475321252
0.09125423934
5.032877128
0.1335720443
0.05916318636
1.17883601
0.1544735152
1.655827229
1.81120106
1.720779244
10.90506286
1.718944631
10.3312947
0.04144312917
15.78285728
6.920872538
0.04540037
0.06887502278
0.8113226223
0.2862836991
0.03912402777
0.1449020298
0.1930639652
1.172650822
1.916846504
6.363556655
53.61973819
3.368326783
2.145398995
0.08224918863
0.8275106702
9.23076294
1.271993827
2.34842155
1.839944532
7.6781114
4.560417369
0.1266809848
3.710337366
0.1927396502
23.95253836
1.003282541
2.355104791
0.2786181957
1.573691151
0.1453309061
0.1194539488
3.872353286
0.2562445071
0.1902676596
1.736605632
0.07148857649
3.618443839
0.02508286295
0.163317508
1.722969257
0.07517327455
3.448637737
0.2522901657
0.3032571128
1.910918726
0.1033128093
0.1112579008
0.1157300584
2.781093984
0.1096255285
5.758275335
4.077139021
6.106896535
0.1746544378
2.174550483
1.686200815
9.309536141
3.57930905
0.3396745013
192.1008886
108.8463247
82.09958766
3.131792298
0.07879538223
0.5192940969
2.095369136
7.081513967
3.309405665
4.469830928
152.7546774
0.6700102319
0.120214978
2.161825849
0.0260492059
0.06174534552
0.026589194
0.04269408363
2.558488921
5.143749961
3.044215189
0.7832430722
0.8422161772
4.429987735
0.09621732466
0.07246758494
0.02455609801
0.3638961162
1.720504675
2.178846412
1.765395535
6.109217003
0.07524285575
0.1864705661
29.58637223
0.04534891871
1.965382111
3.73744057
30.41810544
2.659740254
0.05887533243
4.827773609
1.032061725
3.631293279
2.574586899
61.33796437
13.21439626
7.275214813
7.426675399
38.02941633
4.589170615
1.938410762
9.660624925
10.78670712
1.863976572
9.94949581
7.979598874
0.08401608148
0.3391202114
0.2782455477
5.748138911
0.1646775258
2.254177301
5.128712587
2.842283952
0.1497257609
0.2001033255
0.1159400445
0.234337806
0.1958744679
8.010406578
0.1364187841
0.02626126092
2.919552587
2.663450089
2.692448115
2.769768715
0.04783356641
0.06836339739
7.247016715
11.67585964
20.42400017
10.21782573
3.087250584
40.55294851
9.008851454
7.788722786
5.736043337
10.46557795
1.930540255
3.499465554
20.33267248
0.06629540269
11.5070711
0.326498242
4.842267814
0.05566608482
6.033111976
1.828965864
12.75863929
0.1536282237
6.606783291
0.2260973433
0.300668404
6.846020507
0.09200444774
5.143952534
0.3892764321
7.65026959
0.2168054721
1.969618083
4.198383119
0.1144488705
0.07414762615
5.652764894
1.740655264
24.88325146
4.392994068
3.310658772
12.50568975
0.1673724674
0.08178639317
6.28223089
0.09948586233
0.03516383788
0.01724892031
0.1243203255
7.420080468
1.114505634
22.37374649
61.34337482
25.3851343
26.71125464
9.619929888
17.35831129
2.203803962
43.57323712
7.084380895
0.6614828953
1.766236824
8.600481814
6.855924502
1.613775117
2.933031447
0.1379992947
0.3280240213
0.1679803265
3.251848954
150.650629
8.41523796
0.06903598135
1.955580126
0.1653418111
8.846938423
1.857122771
6.667833705
4.391366307
11.18470026
0.3260883961
1.483232873
3.842438706
3.620010351
5.325109823
0.1895330374
402.7067933
2.774978859
3.017169042
2.68421983
6.473936678
5.006474887
2.876578782
5.049014378
9.784713923
3.84583673
10.31932263
0.1269825184
1.838117639
1.751804754
4.134892533
8.574737303
2.130953105
10.03562626
5.142631203
2.112129744
11.08342389
2.389698112
2.531390945
4.959454717
5.450349639
13.8339916
0.1311237529
1.91585401
0.1484539588
1.695822605
8.9254734
0.1464184039
0.07220553574
5.772644841
30.92246892
0.05023380315
0.1043779466
0.06282012807
0.1134516481
0.03005837905
0.07793253576
6.464971404
0.1499274916
0.08405379605
6.440386839
1.19248918
0.1348085149
0.08284097646
0.1313241655
5.678416731
0.04665850864
0.1389312957
0.04313292309
0.5458979313
0.2785722737
0.1820070808
7.414654504
4.200718212
11.00119815
4.55960759
3.619363741
1.958246093
8.697464146
0.3677089038
5.19185435
1.756562743
4.901839379
14.43769698
0.3032190462
21.9498979
1.878201778
2.390326112
0.1288284688
10.94613577
14.36675857
42.07784066
129.1870473
7.162442984
9.035487001
0.02800188631
8.954209145
0.06165539909
0.08325612099
0.07430790747
0.2931338269
2.212113727
3.030240349
9.868111256
14.00112364
12.70809735
0.1982996232
1.994997316
1.927409302
1.721959915
9.135035044
5.831548612
0.04775115676
2.551155603
0.1402927959
1.986094549
12.65358165
6.70895876
4.822255387
0.02687725548
12.31198897
1.771326032
5.707213396
0.04659131287
0.08892603137
5.681688944
2.522843418
0.03911838065
2.08027015
0.1241101907
0.06254727884
2.185776673
11.23122165
7.927338086
14.27909475
1.913461623
8.56102892
5.813332041
19.69119522
0.1359870623
11.76081893
3.619534839
21.11030965
1.589350002
45.4874329
17.74028987
0.1104550132
4.12451113
1.79433905
14.86963725
14.20019518
1.693673048
2.191163444
1.520117619
7.85007795
23.6704706
0.06251161015
0.05670226956
0.08707428485
0.2353979614
3.279746678
0.09153253526
0.04900981587
0.05611207592
5.901275458
5.488603955
33.64876711
86.82614414
10.46811787
1.694282288
8.71175607
30.89544499
10.04431551
0.06419048835
0.1012474812
0.1150973604
0.06732670825
0.3079241287
0.1448682566
0.04187056677
0.4123329565
0.5097563846
4.083505831
1.85043812
5.538816814
20.50147336
3.425865849
0.01948472159
0.100922337
0.1332448393
0.2121695226
0.1377190667
44.51079871
2.876966494
8.031998138
1.122450743
0.06177403352
0.05158540848
0.05327238847
0.09941680528
0.1068811677
6.809485593
0.06389943821
0.1893863923
3.249762794
0.3480526496
0.2051967189
0.04813000733
0.04414822001
1.0292064
0.04529185721
0.1006100962
0.1618333983
0.1658062032
1.875749154
6.666083381
10.64907377
0.1210157608
0.1849871403
0.2225896138
0.0600708423
0.3179862121
0.118481078
0.09183108993
0.686160276
4.427523713
1.714103469
24.8924741
64.07826187
2.524477542
0.06780712614
7.006062676
4.407476
4.195409617
6.593265252
1.815496596
2.537639903
0.2610188316
0.05853956529
4.827549244
0.03291489373
0.1905225283
0.6296142012
0.1647933477
0.0924903545
0.03970098705
0.07705076625
0.09634352307
0.1203285772
0.07300741306
5.323903141
0.4550057469
0.180207328
0.1862998156
8.282192127
0.2528204642
0.2017807156
2.42421208
0.110286532
0.177330117
0.02941303291
5.77360724
6.266188532
1.962022327
1.767759214
4.212472547
7.856977568
2.339792975
3.094380103
2.025142959
4.443621442
0.2200398177
3.890358326
2.82937006
1.351668338
3.548681929
0.2188197476
0.06797889721
3.447622062
0.3074416487
0.1920510253
4.909358862
23.33585432
5.4502078
0.02684991665
2.2567611
0.07485635251
6.58254849
1.864940366
5.277194967
1.770457202
2.029400501
3.62604211
2.605958758
6.286326146
2.484434078
3.159941043
0.182612051
0.07179577618
3.108245226
1.884095888
6.488481178
2.393138731
4.203196173
0.07815502143
0.0848485476
3.844641959
2.175138959
0.1096516077
2.23062088
4.987965748
2.140372984
5.192499669
0.1627802593
0.07366617585
0.137255971
0.2126100606
2.095467329
24.42720791
102.1311184
5.685632631
4.294961402
5.837295767
5.15735732
3.587307896
0.1663813926
7.737486925
0.03552373907
1.192406396
0.1553400144
2.011764026
0.03162549329
4.579124975
0.07165691192
2.599266268
1.544987592
2.302867725
0.0135046869
10.49760781
0.2307763837
0.04947610077
0.9496965694
0.5862617163
0.1403776726
0.0660136933
0.1051331692
0.04955090253
8.165273527
11.20231889
3.511577532
6.461415253
0.239647016
0.5519511537
0.3388893121
0.208605247
5.695157584
0.07040432239
2.888159965
8.122267194
0.02871487762
2.256056196
0.0693116581
4.361808733
6.852764306
2.838669974
5.952853448
4.898863688
2.17704592
59.41450266
19.15869152
12.71026988
1.755376246
12.82641408
0.02656753121
2.445368078
7.586472528
0.03471362504
2.022740337
15.90973741
2.027839582
0.04922963663
0.00162658024
0.0009704641406
0.07324539765
0.04639327979
0.05543493609
0.01746729991
6.195376961
13.51243875
66.17102297
2.156359089
9.294550542
1.786014653
11.49582044
2.410325679
0.03747551747
0.04320316476
0.04261575718
4.70766535
0.01666679168
0.03018961962
0.2566160209
2.107023737
11.09389341
0.06266451194
0.4564873631
0.06665386709
3.19556127
0.01949556918
0.014544615
0.03028929772
4.297397628
2.582999708
3.335611153
0.0635841691
2.002332112
5.471641061
0.2498138971
0.03492851482
4.767098034
1.869320566
14.49739123
0.3225410203
4.334910402
6.217984108
4.666057873
2.553019432
17.23835701
19.06052169
1.828743886
3.418824459
1.975341581
0.04588370237
0.1441565178
0.01722373524
0.04231604866
0.1341162891
0.1109834128
5.527479755e-05
6.168001192e-06
0
0.02072375999
0.02275469335
0.04421570252
0.05419203982
0.001870227892
1.049790545e-06
0.5608909137
0.007967983516
0.01815328247
0.0006044437611
0.02285758197
8.103867364
0.01408218732
0
20.92142519
9.087123832
48.81032094
4.506350843
6.702202489
1.864485669
8.624491734
1.632328495
7.591851656
0.8500495726
0.002974309306
0.04299306193
0.05456061257
3.007704284e-05
0.03547088535
0.00859079139
0.009698295455
5.500850948
0.03060319159
0.07851088069
1.675460332
5.764669115
10.0127443
0.00596488621
0.01851276922
0.005047353229
0.3063079596
3.017105504
2.57398983
0.04096657548
2.422342294
4.572398896
2.002990275
1.470212455
7.233597182
3.189421102
0.07180050362
3.9581864
0.02659000853
3.173995588
2.479321617
2.86688204
0.06724967706
4.146959534
7.490532667
7.010273115
1.658190417
1.833492779
15.41269933
0.04606262951
0.09382309634
0.00304174606
0.02478564287
0.7016640643
0.02591648522
0.5909061439
2.392503541
16.09591738
0.04718620765
0.04229582194
1.625580462
0.03670846929
4.227691298
3.3661593
0.02008979866
0.1303163516
2.451149173
2.207668381
1.729499477
1.78082254
1.708226064
9.67609308
0.03460210823
0.02207347751
0.0676058526
0.001838105198
0.009543272569
0.005602396569
0.03432202198
0.008108903661
1.602319173
0.03849040904
0.1835916206
0.06492657782
0.06301858157
6.719266041
0.01824380986
0.5098157882
0.04927301197
1.8024736
2.132290435
0.294216366
0.0174803403
0.0520283106
0.04943972394
0.07043646243
0.04248946588
0.2364431099
0.1250558192
1.805265934
0.1265896827
0.03102487366
2.959497753
0.04280305254
0.003682977152
0.006149700039
0.01319767844
0.7031319482
0.02208020716
0.1136217323
0.007085945619
0.07095590945
0.1408135026
0.04271865158
0.09870270222
0.1085498974
0.003985866064
0.02652888358
0.02058212614
0.01827972332
0.03433506881
0.04772335825
0
1.821890857
1.96286247
0.02703440679
1.691837873
2.193086266
4.223748081
0.0004134690334
0.2834734094
0.001725955643
5.043509929
0.1552903403
0.04289661948
17.55990095
0.04932051884
0.00677042157
0.0328858263
0.008976589673
0.02608626491
0.04901723078
0.01911434706
0.09194632937
0.04319587789
0.06690750233
0.1432226074
0.05003580615
0.06340531316
0.860343171
7.459155627
0.09615391051
0.00825877023
0.02661035505
0.002117424088
0.001312301332
0.5278419958
0.04770215957
9.651789105
4.814453406
0.1739871953
0.9834925992
0.1968506579
0.3784054581
11.55785935
0.004445866468
1.693060156
14.77225486
2.158701503
10.49280469
0.01900236934
0.007187846325
2.556843104
32.51353159
2.015571385
4.122555869
0.008786141755
13.89918158
0.1143698914
1.805692204
10.56559388
0.04149490065
0.1196482646
0.1024631884
4.186438513
0.2999914772
0.2658586233
0.01086289532
0.1007047103
3.824026411
0.008941413513
0.1135431525
0.1410202064
0.07193197815
3.199893587
109.5551809
0.227199195
1.705025316e-06
2.377764751
9.559021155e-07
1.942378377
0.02555474978
1.680474439
4.036128019
1.886262811
0.01956279968
4.626952804e-06
0.02799193453
0.07129144109
1.779283779
1.837976912
4.890791989
0.06215077013
0.0001317685849
2.861589516
0.007842186049
0.0162079518
0.00945123487
0.158633738
2.468638458
0.03781918385
2.081000718
2.141545898
0.02222661987
0.0161743395
1.77338156
0.004956515985
7.242148517
61.88244396
0.3564983834
0.3529925912
0.0281313321
0.3395601624
0.03821352046
0.02891018172
1.917467042
7.550600354
0.04614526309
0.02705070913
0.08997827814
0.03325670232
0.04589140738
4.158217042
0.153900051
0.03599261904
0.04006026535
0.01117757768
0.01546912414
3.513047691
3.061703011
3.659834443
0.02122312888
2.24492372
0.05011297871
0.06094929932
2.051107313
0.00705824285
0.01220396819
1.870332114
1.730074647
1.697683574
5.748060326
0.1166062065
9.587520702
0.04423128765
0.03356231051
0.02315395141
0.1446855575
0.04251131609
0.07593931767
0.4703143531
1.322291762
8.541021864
0.04921512129
11.36009986
0.08000996449
0.1934986466
0.05468000056
0.01516793613
0.0251603055
13.22226174
3.206486321e-13
0.9814060299
7.390419328
0.09987210427
3.990474518
8.344419413
0.00909164913
6.604295979
3.244659257
13.54728527
21.38342547
22.26473543
4.41984702
3.737346908
7.133819471
0.04119323524
1.86505682
1.807980795
0.05763738088
1.817935555
9.333195093
0.07754480443
0.08330747286
2.20389973
1.145878146
0.9047196497
0.01706898761
0.001433064062
0.01552762414
0.0001148768123
0.09747839844
0.02006532497
8.642445651
0.003264751686
1.767544118
2.014039163
12.7556713
0.04870122085
0.0004921944421
0.08981945594
0.05137451031
2.515753077
0.01670559271
2.075707818
2.152657115
0.02358247475
0.6692260019
1.868209583
1.749071072
6.927393836
0.0213955286
0.01744218139
0.01070412812
5.790665
0.01586880209
7.246815897
17.79813271
3.009086144e-07
0.08211340791
0.01379377725
0.00629200017
0.04997891012
3.708018297
0.01234325295
0.04661546594
0.001063899542
0.06522556677
0.04113628716
0.004927707398
0.01076977194
1.125427635
2.260333403
0.03609560798
0.3909206223
0.03594953725
7.021334322
0.04093625969
0.06424105627
5.910436553
0.02267813417
0
0.02173438233
0.008483438154
0.04364286134
0.09874852082
0.04577613867
4.741464029
0.0009672386938
1.342783633
5.029366423
4.070840571
0.03074661195
0.05880354885
4.402083448
4.055598006
23.68648885
2.788364371
3.175437942
0.03019825978
7.069241431
0.03326763687
9.254164423
10.38520038
2.241779295
5.970956411
3.517094741
1.779920919
1.7934315
3.33729971
2.370100545
4.145741599
2.436516783
0.0576978337
0.8886442936
2.207351418
0.1475738338
6.612954227
1.519998348
8.903077975
0.9257565595
0.05727525051
7.323062874
2.177259126
0.07338209425
0.1060396445
0.001633569364
0.006565575188
0.04406838136
3.846502829
6.802903233
0.04492619171
0.1533960167
0.05563267836
7.102490575
0.05592358014
0.1528250719
0.04474945168
7.310228225
0.05413374027
0.06669177937
1.775157379
0.07979990409
0.04954866175
0.1496323791
0.1115249715
4.784338602
0.04733779889
0.03541548417
0.05589113477
0.2358756303
2.646845109
0.2081356474
7.47876149
3.560564359
6.976859995
2.424800621
0.3469795093
3.344681331
0.06743087422
3.851744318
2.655967111
0.0005818133321
1.889438885
0.04652330116
1.788769604
0.05417887957
1.890353811
1.757449899
9.81167456
3.119273744
0.1610801034
0.8763630339
0.08513335973
0.01210023223
0.02738127759
0.02433627908
0.1209095051
0.05167327604
3.123344934
0.1706929984
0.08790215275
3.108557241
0.001561185801
0.02529670855
0.05669588576
0.1573271315
0.03058597092
0.0473758258
0.1410537617
0.1625247457
0.002559598625
0.02393262656
1.696215222
1.934681968
3.122329361
0.02182127
4.075192681
0.03921461039
0.06008698662
4.274287349
6.993375727
0.3882554337
0.01851218008
0.0784749052
4.151333902
0.04334963502
0.08796640504
0.0680945615
0.009261872581
0.06856245865
0.1342299062
0.03973273959
0.06004675251
0.08078699226
4.768474421
0.1873952863
0.1085088944
0.02022771756
0.02561965034
5.741641418
0.1172814696
0.07585401771
0.204406479
7.099245995
0.1597467684
0.01715163663
0.50038238
0.2006965865
0.05374843646
0.03154880687
0.03729585592
2.328769267
2.033240992
2.962674402
0.04088596702
0.01261485399
