#################################### 
# Matrix Size= (25,25,400)
# Resol      = (1,1,4000)
# VoxelSize  = (25,25,0.1)
# nbVal      = 4000
#################################### 
17146.91149
18574.52245
18290.11597
18547.9425
18405.35479
19141.497
19741.59912
20027.77078
18755.09452
19654.04166
17273.85432
17880.19959
18182.61035
19191.76423
18111.9974
19048.48479
18821.84871
20373.55987
18775.87702
19746.01783
19901.29567
19502.67068
18593.81869
18644.36288
18983.07011
20460.28059
18202.664
19964.97964
19795.35671
19858.4157
18597.19049
20321.18429
19100.88512
19944.2881
20009.66816
18950.26482
20935.20366
20528.43071
21191.54818
20031.84988
19321.91229
19843.72197
19488.02423
19662.51243
19089.99951
19942.72496
21642.71894
20370.77592
20910.09406
21061.66557
20417.48413
19426.34326
21818.98051
21061.87472
22177.33399
23497.2666
21668.44192
21329.58285
22295.01666
21391.74914
19778.26281
20589.86873
21128.86366
21164.67626
22090.18143
23387.49953
22790.57964
21750.29917
21679.37663
22229.912
22748.94149
24617.03494
22995.07438
21324.42972
20917.02862
21266.72678
21895.29975
21842.84286
21323.02351
24229.2808
21630.64585
23214.19633
23421.76229
21720.05464
22149.596
22085.82523
21987.69409
21525.88936
22891.33083
21926.45226
21777.22407
23276.6294
22430.85213
21639.48789
21051.81849
20918.50263
22692.77233
21892.44689
21445.59544
21345.01953
21091.55652
22229.72702
21683.89238
21997.8554
22714.26237
24141.44548
25753.90941
22812.2657
24821.57366
21742.74311
21740.89756
23834.0943
23333.56391
22130.57143
22410.84642
23054.67768
22613.2211
22513.53364
21954.21513
22265.17543
23848.33267
22741.69434
22008.49523
23815.01028
21846.96955
21319.64396
23405.09763
21920.8382
23300.56929
23931.40923
22430.74927
24354.80717
22910.05118
23016.56193
23760.5726
22956.22851
23341.75706
22664.37207
23056.53156
22454.88077
21837.83374
23872.72524
24667.54242
22456.60959
23176.30822
24521.00855
23376.72837
24744.98871
22859.46133
22841.55232
22522.72782
23542.01147
23793.14588
22758.89685
23540.20386
24122.04226
22433.60191
23785.62349
25337.02127
23769.14762
24548.4016
23250.72233
23187.63537
23278.3616
22871.16633
23146.90004
23906.15543
23795.26262
24200.72142
26120.66012
24900.64038
23487.52243
24134.15923
24637.34481
24836.98467
24632.54763
24461.12289
23043.62014
23688.68907
22996.63457
24298.63098
25023.06285
24951.12484
23737.31133
24652.8071
24022.86621
24396.79766
26383.63188
24487.89917
24546.9075
24989.53892
24288.91051
25157.53569
24542.61645
23546.96806
26689.44864
24053.48706
24362.62729
24762.81432
25088.08572
24881.31115
25659.24091
25777.72184
25112.84831
26770.80364
26152.73307
25081.5436
25527.33975
24952.39521
25450.70898
25058.32167
25480.30204
26576.4758
26522.09251
25724.56647
25460.79478
26280.12935
26068.97477
25630.34728
25269.26031
26135.11804
26495.26209
26658.25399
26010.41184
26917.6695
27380.34888
26725.54515
28275.25761
27378.55564
26140.39698
25448.54662
26690.69033
26295.64658
27482.80157
27117.33824
26747.89544
26030.79234
25312.02418
26741.46964
26151.72905
26135.24541
28354.54626
25929.01206
27042.25213
28175.55345
26644.18383
26728.797
26806.00711
27284.46656
27020.16252
27253.29391
27027.27251
26614.20528
28450.50704
26586.08153
27348.24903
28602.10821
29486.68986
27582.04072
27473.19428
27235.20542
27930.7932
26394.57922
27317.19903
26266.51719
26809.79259
27666.01934
25906.77135
29314.50991
27425.64692
27316.83214
27575.45363
26926.66685
28178.72558
28467.13764
28041.28894
29187.40762
28089.19743
29859.55918
28626.65393
27684.70763
28088.76103
29516.58387
27545.93837
29586.61625
29548.5607
29358.59456
27921.06341
28024.96879
28238.37282
28635.00709
28782.8298
28590.44216
29135.39258
28764.902
28437.38006
29938.88557
28926.36246
29645.1336
29260.76526
29606.44328
28656.83721
28418.89982
29001.99765
29922.88582
28210.57367
29361.61874
29638.38146
30196.51699
29285.45306
30077.19463
29804.44198
30149.33352
30453.65335
30918.17436
30907.87174
29634.6909
30072.92615
29326.31933
29745.86406
30139.40244
32053.22885
30654.06079
30955.41413
30854.95437
31759.03076
30500.37852
29102.55872
29639.64326
29590.32734
30987.79015
30002.68627
30174.79137
30088.21673
29943.45869
31909.16861
30904.93086
30756.41763
32038.25212
30633.2972
32963.42037
30640.59888
30649.06065
31082.5978
30934.01552
31126.41589
32832.25581
31057.69733
33732.19509
31306.33411
30440.0499
33266.76759
31422.29725
31336.62331
31505.71078
32093.84114
31279.20551
31788.72704
31275.84121
31231.77908
32354.39888
31811.24685
31452.36682
31813.97348
33061.87459
32953.7141
32514.82955
32651.90613
32171.05625
32593.30045
32623.61189
34333.15558
34538.9044
32422.72464
33074.70955
33665.84288
32220.23156
33502.80627
32084.76721
33676.25344
32606.07968
33074.18373
32845.92401
33721.31237
34558.09885
34154.29949
34198.73235
33910.13827
33140.39335
33393.76524
33066.87236
32781.68296
34088.73454
34493.57542
33249.78223
33959.57645
32521.08583
33935.90022
34220.58929
34831.82548
33602.79607
33973.64867
34704.72763
34563.48022
34465.17302
34689.97145
34606.71093
34778.36677
33852.8951
35703.63207
36034.22607
35758.3857
35011.60923
34844.14562
38433.33859
35135.56717
35073.84591
36197.6293
35763.14439
34576.89103
34694.33856
35535.50888
38356.46124
35838.34138
36232.84023
36304.17253
36054.65946
35322.70513
38207.99796
38191.28469
35866.36603
36943.49176
36677.19134
37704.93154
36966.21498
36553.82745
37456.02084
37188.50632
37931.80291
37140.71447
38735.68648
37738.10535
38662.24379
38143.19138
38243.87791
38164.24133
39038.71756
39836.23658
38703.50662
39470.20193
38083.36774
38595.28692
37556.4242
37600.33218
37910.32205
39695.70905
39066.28194
38855.93377
38792.78943
39877.10891
38804.6212
38200.05945
39612.4449
40076.58972
38845.62018
39389.22233
39698.43213
40202.24344
40365.18939
40171.88432
40789.90108
41151.0562
41478.50825
42218.71576
41779.2792
40206.94561
41177.82571
41107.63321
40229.03595
42754.4184
43173.09568
43078.43124
41553.14963
43648.14294
42843.6911
42409.8992
42655.10247
41823.86404
44121.27382
43359.89245
42857.34751
42374.82126
43694.56464
44376.12951
43908.43711
43957.67141
43387.25271
43482.37169
44598.96127
45035.13111
45485.80712
44105.10241
45175.99915
44739.3091
45410.3437
44118.99939
43453.73018
44171.93938
44654.50267
45487.14411
46668.07863
47126.25458
44991.33388
47626.81587
47020.25881
46554.57255
46406.17578
47902.1207
46393.04627
46121.9122
46184.92624
47327.27653
48275.02214
47335.03367
46895.7778
47047.72057
48657.92249
47121.1555
47677.18325
47776.25061
46946.77759
48997.21521
49734.73843
47913.17871
48192.48539
49061.72444
48807.91365
48467.76229
49884.46305
49532.73829
50886.00241
49976.98853
50411.84964
51838.80044
50122.46016
51283.87145
52806.57912
51656.52197
52630.94452
51319.46717
52735.5104
52918.67743
50674.24192
51893.81193
52569.09833
53422.04376
53267.43004
53718.57264
54469.38173
54314.22175
54280.1119
54195.59442
54637.62754
54566.59414
53854.55519
56635.5763
55150.85796
55091.33077
55114.53888
54789.6271
55140.51657
56945.02703
57238.96002
56666.32048
57854.84741
58004.41169
57799.36231
58368.08681
59637.16565
59522.20025
58450.16532
59437.17694
58986.14086
60443.28381
60739.37408
59810.53598
60766.92163
62117.72151
62481.69462
61015.19272
63420.35347
62252.19148
62728.10499
63362.2162
62917.35976
62410.06085
63813.51995
64170.35783
65714.84913
65923.44163
65539.10992
67463.77345
64891.80473
66426.00701
65313.95933
68262.77977
66991.51731
68493.59604
67412.1326
69422.06267
70824.24096
69282.69173
69353.38863
70056.63629
71499.06698
71631.83414
70880.62741
71672.06446
70403.07924
71798.45819
73521.01083
75355.90701
73135.33979
74073.91896
75351.90032
74717.83733
74821.37721
74592.13505
76659.2227
76290.1584
76816.10994
78805.99502
78341.47215
78503.70406
78617.43551
77967.35219
79349.1012
79809.24177
80907.74628
82450.4713
82965.65733
83236.02757
83637.65857
83927.49532
83862.19877
85275.22005
85452.93054
85444.50058
85167.12625
85680.90857
86566.48929
89152.14311
87762.48184
88034.20837
88822.3926
91550.88964
91023.4376
92679.61993
90662.55526
92984.47057
94322.69315
93062.65936
94353.94822
95339.03111
97029.72638
95992.85564
97743.58118
97800.57776
99114.59255
99826.25457
100073.7737
100487.2087
102188.58
103019.2231
103352.1505
103114.3159
105149.4756
106449.2142
107828.3654
107531.4478
109342.4576
109521.8234
111062.0573
111640.5091
112980.1712
114307.8092
115805.9865
116830.3799
119828.3013
117499.5568
120713.948
121279.173
120846.1167
123639.633
125260.0537
126399.1489
126574.8961
129271.0966
129210.6661
131729.1715
133554.0688
134426.3829
136042.6318
136556.4235
140520.4635
141501.4303
142215.1039
144341.164
145175.6573
147693.935
148827.2612
152188.4742
153803.8973
155330.6256
155635.4898
157524.6752
159520.2217
163239.4177
163821.7749
167464.9443
168172.7047
171689.7992
174534.3502
174611.3923
177299.8293
178273.6882
179519.7743
181296.7705
183393.2902
186736.466
187062.8811
189462.3799
191286.9153
190566.2682
194527.6514
194489.4226
198435.7124
199693.9349
200366.0846
200546.6593
203407.6458
205538.9462
208081.0552
207432.2172
209130.3267
210413.0391
210374.0104
211972.8119
212740.1321
215395.9615
215420.3579
217869.9192
217568.1969
216232.3682
218224.3414
219623.4977
218445.3479
218251.3207
218184.3178
219568.8169
219414.4722
218822.0764
218569.5513
216220.0192
215474.0195
211714.4071
209689.9025
208803.8149
203977.8906
199342.2433
196332.0759
191857.112
186945.9261
181797.686
176364.9639
171364.8387
164119.7396
158074.6337
150314.9459
142885.114
136132.0075
128135.4832
121785.9709
113127.3918
107070.8131
99109.95108
92484.9031
84536.47337
77325.07309
72170.80671
65197.05091
59461.46909
53319.16991
48469.98131
42761.12911
38019.17256
33926.92304
30111.59833
27195.12277
23094.86299
20048.60921
17625.1255
15169.10424
12959.22535
10655.69487
9208.648723
7750.051251
6780.761618
5861.90514
4921.059799
3715.169628
3073.48397
2709.614586
2127.180091
1780.489537
1472.199267
1101.867042
1045.429847
801.2738762
781.066172
504.0016587
427.0855356
315.5934628
401.9086409
770.5899439
375.822564
214.3552119
164.6827907
294.7721394
102.5164257
107.8782891
134.9417822
76.04578773
115.3256478
73.1670194
61.26744493
80.1312265
75.37576772
48.842142
127.6463674
78.18923871
113.008889
86.48356299
85.96632999
76.8668846
88.4893391
57.26530754
46.26859017
48.66360652
72.38928376
59.61163709
151.8126701
51.04802553
106.5832609
51.19972543
76.67988847
68.47937416
52.0673325
90.2187685
156.723463
50.75295316
94.7330695
69.27606371
58.14369509
734.6364021
101.1213308
71.55835755
29.16477149
46.28096103
81.73553494
264.6455055
81.79557501
78.16564017
81.62593423
210.9394266
72.77309174
81.8052374
59.31537124
54.47784355
140.2164694
156.6978587
50.81422459
57.64091838
69.43574274
152.7122563
79.67908355
154.7309251
74.33154015
160.3938216
51.66022184
88.14787445
43.90642016
39.24047822
143.8062432
46.85813505
70.1392005
66.74076375
63.36974168
80.88233192
38.4967058
74.99013957
129.5598902
58.80600446
55.76284746
81.72444243
133.9442431
59.01231483
72.15174222
94.46140291
77.38638197
68.55851242
96.98865743
49.70918987
60.94571316
49.75438689
40.38678807
87.47015761
48.58243382
94.77397027
95.80595197
71.27490617
56.8843608
59.64335015
53.52289037
71.01705245
34.30554454
71.50528763
34.93894872
25.43540852
78.83752569
50.821473
153.1599965
41.35901478
33.17134734
71.04485161
53.76307788
76.4982728
84.42893487
201.6895234
25.76706953
168.1664253
31.59855961
43.46678973
109.2016316
131.514819
26.51595192
29.85599691
25.34893849
41.29966557
53.23173272
31.98713975
21.0896273
22.41924368
16.39289316
117.9757942
51.28700923
30.61408168
45.84824077
23.14978765
48.47791488
64.99940659
72.41695062
72.97547526
29.37486883
33.97021155
54.23627468
37.12009051
31.45934873
105.9935709
39.35573288
34.69962372
53.56764226
77.24697851
85.42528457
49.50672729
44.72476332
64.42388351
32.35677345
42.91000597
84.82495888
118.0381017
73.06580694
91.2308498
81.76515208
380.4863025
83.47707988
41.50539022
111.5963889
100.6975826
91.70752863
62.84849994
44.35256041
45.33573994
227.7185939
62.59830629
59.41085138
40.06102231
452.4714661
51.76182285
28.03149015
50.40991974
54.05957963
55.62340673
33.75202176
46.51477376
31.23198482
61.45970741
87.61100096
69.7126639
45.49522655
45.31215394
44.17703849
39.37083422
62.80756476
13.95710414
32.37557428
23.79241571
115.3203273
58.84587885
77.83704737
504.5733858
46.45864367
100.765781
81.37241993
45.99395815
43.27782266
120.4721804
62.24229662
31.57193205
55.21475131
25.81355274
409.628992
152.8552527
44.33292472
53.31743055
166.5707514
44.30759165
62.00114562
60.76096499
31.0856551
49.5706706
50.28414958
113.4202455
51.37614703
81.62810638
51.71029056
45.72156666
60.99587802
31.98947353
70.81901645
71.01979059
59.46358103
61.86275519
150.6176827
30.3320125
57.42354049
124.6985592
52.6575169
50.11695096
102.8091674
27.46772299
41.78576504
50.99316342
40.01296416
53.12043324
69.51694307
39.40502223
69.68931966
42.34843634
43.3394536
198.0889053
23.71177265
57.39939719
38.6555028
81.38291201
78.34305282
56.77192959
54.07624423
40.94174293
29.246101
16.24085709
73.88813789
77.09374425
40.37603976
68.42289714
40.66189811
77.04559655
33.25719193
30.67987698
37.64872635
56.07542749
48.74793189
30.84139101
49.8726363
18.74344559
132.9472724
40.77663037
18.97371831
53.67563043
24.2076457
28.38293456
26.27671822
56.62115922
32.73569577
64.28193141
16.67628758
61.43561409
47.95849346
86.28793175
25.10689978
14.46089214
46.10713101
67.40048615
33.00400678
62.69100765
71.65327275
21.3040152
21.20908946
11.84194445
31.01128139
153.432044
151.7902657
32.68438676
49.08767142
30.69328794
32.4956471
43.26449361
65.13017579
34.16276366
55.22826522
30.77752363
36.33598272
20.3536454
26.08542968
34.3583047
29.9471612
34.40480533
44.01918269
39.52085538
25.15757418
69.27407795
130.7136693
37.97952583
33.07317483
40.47578041
63.20224334
123.4568294
37.06915593
84.47412915
62.36205396
64.54775251
71.42790948
35.98301396
60.75255095
146.4450083
65.27985884
42.61905863
51.70459192
51.20759056
30.32391283
54.66277309
51.61651792
34.37111082
43.73676575
85.84214962
80.57177587
55.08684415
43.91144322
18.94781841
88.69256163
83.93653578
38.4252917
112.6858876
104.3237414
29.32938202
16.29076291
31.15148483
45.35162539
45.48063545
68.40640211
86.04049515
52.83916636
70.56981354
31.45984686
41.59050232
32.02640701
27.43053397
169.6462283
40.30730997
18.83055582
33.96487147
19.75303334
34.88689117
39.89965655
18.83494387
54.230348
39.15733586
112.0252741
60.10851379
94.01749572
51.82957069
25.46958791
73.65559868
16.8416653
206.0767029
111.5948191
21.89011433
39.16384315
43.52199926
31.53540116
45.09591436
32.22854288
131.2182516
28.10161848
26.67214276
25.67271417
40.83639985
12.38508433
44.21727619
29.52918452
84.24321562
21.46511696
40.49660272
30.17330176
107.5658447
47.11135129
65.71829264
59.44338168
47.36970752
51.31972964
40.32862892
36.37302867
28.65526852
60.25527338
159.0737691
71.22866451
52.03644061
24.15777417
44.66531857
102.0292314
83.560941
78.19460402
129.1489366
19.18127734
18.55064524
19.46043217
34.02720736
15.60422906
10.20784658
33.06787574
38.82191038
44.87370679
45.88146442
34.64537293
88.02172312
30.58080729
98.6553632
4.597089075
20.68264806
6.108024154
26.9208873
29.7475426
23.76106751
59.38293117
20.60717794
9.707570287
19.39823015
3.708779262
40.45649244
12.92370591
14.90598481
54.23585678
37.19486086
50.36996319
38.02044151
26.45180225
87.15397172
21.11221906
30.6326411
25.32364765
15.98162878
54.42769267
38.99497362
56.07434086
35.68384799
19.89615731
34.34384242
11.24857561
55.86794132
21.13438371
28.15950176
21.14918206
44.55755752
29.40762475
35.68257533
206.3343428
62.16803606
23.71378388
299.8502534
111.6042264
92.36317257
39.21459196
16.64830766
12.57414342
13.17999711
99.8115272
31.70087447
17.05964933
23.76702294
27.88485855
52.4583843
31.36221359
59.58725353
46.50943282
17.40704377
42.26096445
30.84481591
109.9342548
3.378457721
74.70873429
45.89118225
31.84879302
28.65392078
11.70177509
43.20227254
12.02111805
22.17319006
8.401837233
30.40017138
32.84567113
290.4653616
74.78555433
18.98408538
24.31453928
18.84324721
54.03319216
130.8990341
21.78719844
18.4591322
15.75011142
7.070751173
116.2638124
18.21162489
20.70560606
34.79611613
44.1142421
19.08685862
14.2130478
11.75854369
32.5406358
21.39504921
10.35854882
50.96459721
34.03095071
6.333869286
84.43564928
8.660043697
28.58781142
10.7244123
23.91092862
263.0397414
6.380479331
20.54204493
98.17770261
35.99766225
51.51916444
24.95850003
29.44690567
17.55318945
40.55264861
37.17762053
26.24774967
15.22041202
12.57694144
54.49022061
34.31468007
5.641925132
6.048956901
14.23962942
10.86907574
17.73666723
20.56368185
4.965692661
4.096907551
11.11184713
18.90778426
37.6107495
59.63152082
47.15030773
11.57637823
6.072613517
43.06395285
11.0992943
9.723353208
20.69566486
14.65570194
21.70531217
17.1061187
30.04636523
406.7453823
36.90057277
14.93001506
23.17138681
43.13560516
9.672436771
34.52196389
19.18016592
36.053621
17.84936866
31.11595816
31.27160485
32.99097455
116.4017403
24.97218871
17.80175708
28.17564473
16.62488773
48.32729831
26.96439501
36.64111467
23.91202813
19.54644039
31.91743046
34.27118316
77.69780355
50.08506655
31.24449365
31.43110873
25.6462353
41.68936627
32.43825489
32.91144021
31.15559422
83.01161849
51.96804962
12.10179469
22.80105024
67.99752613
11.22003072
58.72041392
39.12098791
42.66588499
32.06734964
17.6182599
16.04429504
13.48460919
13.32128941
17.12434447
19.29304492
38.86397222
24.62324333
8.706973576
7.715517946
26.95149786
11.80143492
10.50414449
16.23497272
24.31142242
47.99902931
27.13333732
17.99606182
45.87706303
9.674660846
17.05207415
12.76116941
15.37923788
27.07192609
54.20987352
36.79262109
13.58694074
21.24560747
18.91204897
20.2002576
45.31925319
6.067315435
8.994089732
6.000120831
12.4099164
7.415539793
28.65916507
31.53635012
19.10423646
14.16730081
4.258360112
7.463145067
35.27779234
9.673767143
15.51795923
12.34378391
6.09839109
11.8180637
12.47199822
20.04187703
32.86213802
9.51692137
109.7110745
16.78154823
42.13482698
45.40671739
26.35436972
6.742082281
3.603612408
16.41203387
3.044412364
42.18541896
24.74627427
14.94300861
90.67913374
92.78942474
8.592090344
11.55206564
5.810942123
12.03691519
11.70567158
9.140344725
19.53002071
63.64423658
15.6644392
20.48193521
22.56061814
19.48423331
68.18280881
5.753435369
20.37430221
17.55221675
8.649649501
38.40396571
6.949242502
56.79955929
14.79045473
1.661604656
9.033775862
8.848922264
21.14170076
40.17552581
7.348353621
45.87058505
19.61864066
8.827423688
66.82318226
34.06217365
6.390103532
24.49904528
20.61426047
9.639066337
62.0506565
38.42700854
16.09140556
38.80462645
124.6207
26.53464381
17.1964693
12.8018614
20.72628333
13.6151117
22.37268676
31.57156727
11.97985163
20.21743398
70.98771004
39.78707578
44.52020268
64.17227719
33.79813147
100.6993554
7.451664382
29.38398052
18.27208351
22.34064485
181.2647298
17.46073419
33.05412834
9.85199374
23.89292529
26.31966028
21.58019118
7.289355109
27.47985414
25.20133271
4.660491966
25.25027157
27.71518125
13.87767154
9.683965228
26.22734907
8.608973576
16.39100649
32.47513449
26.12255942
22.71907867
25.92985058
18.8477675
4.492441274
13.6380952
1.808605689
18.12109884
61.28279926
22.35398258
25.03904007
14.66507408
24.10631025
11.86866216
132.8795336
53.62613595
19.34311682
14.4426921
19.75717248
412.7859969
132.8467004
18.9053061
10.20123229
25.20672241
19.44484325
15.03234701
7.349995859
17.24804395
33.86794151
12.70583612
6.118584785
3.140273061
59.6687436
14.58889512
20.7353757
25.10513508
32.60627032
57.56809638
16.18667281
26.92071081
40.65168197
10.04688333
33.57141256
13.76261898
12.94542705
32.93815629
113.3794536
30.66556231
43.53717063
26.15035689
14.35776703
18.34787227
7.158880106
42.10345281
9.901829818
49.25853828
74.44550105
5.952116112
11.41113718
6.339573116
6.27387983
19.69443594
14.00705307
9.795206992
11.7029832
9.678110121
10.74703156
21.02390019
9.264568474
2.607431667
19.2309172
52.11823158
149.5148147
5.811090312
42.87997925
15.20944004
6.967888451
14.68408794
7.305393436
19.69234434
2.761575489
6.959627098
22.22721176
48.97186643
136.8461807
63.00824524
2.385781549
25.31013729
26.56323489
14.01070152
27.24053469
15.42163826
20.52536089
42.18755063
24.08404016
21.60530918
25.50686356
29.23561007
20.50757661
16.45310015
15.38940831
20.78957112
13.24989554
32.99629882
5.203770199
0.6507484276
704.868297
41.11957949
17.56605736
18.43228074
13.11821548
22.03647079
6.074629801
8.102433452
12.19706964
21.20493073
4.986225869
9.606053383
42.41747534
17.35548427
31.12650388
50.43691375
15.32873401
16.75644115
9.212303038
25.40865736
12.89010641
9.965859435
19.3529601
17.24826429
12.11256147
8.385215269
16.27760869
9.13657045
13.36323054
11.01219353
22.68349777
53.18605228
19.48148705
16.09146026
10.33814051
5.02149049
29.04716869
7.183495806
6.80239993
15.8011208
3.499924523
5.30215264
20.79010191
1.841261032
13.73786672
3.387669289
0.4254617703
3.106585491
5.39483761
2.531530858
3.747932848
4.317640033
45.64506837
32.75476811
16.16859805
3.392773696
68.2606193
23.75498204
6.04019328
10.75952873
7.481205573
17.22452699
10.26736436
3.674727532
1.914129941
7.459485434
58.60439566
25.71602422
18.75180444
5.672229423
355.7871121
28.32884069
3.416146875
7.280514187
2.511787303
2.146740806
7.077505268
11.14749196
9.01012429
4.49235001
11.42424147
7.281298173
8.027065675
16.73458994
16.65258402
20.30433435
18.74800273
13.62925025
20.94024577
9.824968327
15.89986987
15.83274414
12.42131704
0.4345808196
21.34270476
8.676844805
9.811366642
1.21378308
5.346689802
3.29647021
7.469586347
29.36579591
49.61800509
22.12773015
18.84853664
5.167984915
13.43389847
11.12183347
13.86867109
0.7368191365
11.71284566
6.53544868
2.958573037
3.101583915
8.457959218
5.104764259
5.097631266
8.964850544
6.467637732
17.53460314
12.61822625
15.40266213
27.53356974
27.88483026
12.51211174
7.479004125
6.309021334
76.32411252
36.44588493
34.44850384
12.92467722
14.56981989
0.3722991516
9.55301673
8.093699215
1.043165602
10.02823743
23.6646075
151.8935288
26.03300018
11.36673052
11.93883275
13.51387524
9.257480923
8.097083896
8.841901449
12.48975659
19.54903514
9.259606554
20.70657543
8.994628196
1.888163793
28.35487239
28.26168032
17.27787815
7.5875015
11.72312243
16.92795051
18.41566971
16.40336418
0.3972158112
16.11716456
13.29268121
24.24580372
95.97757996
14.12354224
17.88074251
23.15545865
12.05540214
12.25404134
17.06634744
42.22483723
16.86906561
8.781589093
65.12338591
12.15375348
14.81871907
21.16273063
44.81462274
13.30255776
101.2223289
2.381087242
8.957718509
8.954156991
19.89614018
19.74649644
13.78136042
14.87597292
3.749288802
15.72498587
5.447566233
79.59314006
7.386693904
0.5160998032
7.841459137
7.639080995
44.316142
9.101931827
3.968706187
3.255109973
6.187185928
11.74156219
11.83148348
5.304408426
13.15404707
6.231002631
3.707105594
21.00133818
2.421558946
14.09709528
16.33965563
9.076649313
7.674297829
119.0210878
16.22248579
40.32309389
22.44023316
24.78517385
9.491802563
5.847760966
0.2906074297
1.865241239
4.504280969
46.57549428
17.48640581
4.785484145
0.64823958
3.101720379
2.220990197
2.090840808
30.37436659
16.68033404
114.5470133
8.868729529
11.23769887
12.61366661
11.18066885
6.698311714
0.93641343
12.7582129
2.060879843
86.67471524
32.0023473
4.556453785
10.66929511
10.52959317
26.52795532
119.2976572
17.17353144
6.901081114
26.26833105
15.70857578
10.99087653
6.153724074
2.259278293
35.74227733
4.171464412
21.54675334
3.951475643
14.20194491
11.77226314
16.03909875
3.772417662
26.13521979
20.92814599
17.61534634
6.605762288
26.61385513
52.61246396
41.1313199
49.46849305
1.318976296
3.303077677
6.300020925
5.842815598
4.803313948
0.3392652469
14.54064894
10.66838542
13.47831827
37.19448036
18.68882822
23.71712153
17.62397396
1.84680277
29.70158153
9.519309447
10.11472275
3.065680991
2.264541566
0.3667622199
2.761907576
2.480093031
13.72896186
2.841146561
12.3512633
2.002956716
6.585821009
0.5143934711
2.917366466
7.312768258
0.374246071
8.602142533
0.8296188195
0.1859971401
8.922035981
30.56226988
15.95618076
8.005029087
3.805171385
16.97874676
15.13437664
1.384811356
2.614770988
19.23444133
0.2791736744
0.3667564818
12.94291172
8.15060735
5.485502181
16.05285976
2.055108301
2.019694202
8.625531703
11.40281563
6.781827351
11.78824014
4.131416551
27.97370623
10.48733109
0.4998345531
0.3149032809
8.493163623
77.32831116
5.716433492
3.525459103
43.94759192
5.304686784
9.313276043
7.277450746
4.153289074
1.838628151
4.994853101
16.04777554
2.259656624
11.06111909
10.36405982
9.653575124
9.788639754
2.169367817
14.34030151
2.610707096
10.52718881
7.835402642
18.54886143
0.9460551912
0.1698338623
0.9039291351
2.351819966
0.225160188
2.394608322
29.35599203
0.4104241259
5.284619502
5.457863527
21.58598093
4.533612853
4.672861945
14.41302799
2.339920527
7.824657629
23.28047356
5.146181689
0.1716999936
7.509433425
5.340514275
4.360738078
12.45381055
45.12479925
7.126888752
7.334273346
13.81609753
72.83028034
4.246320375
0.9108215289
6.27093255
0.1896663786
0.1745323702
0.3314468355
9.65217399
0.4923509374
0.5016779138
2.973598343
4.938777478
2.262878644
0.6494828016
19.66258816
0.9317835439
0.1704590187
0.6446396513
0.1858464633
0.582178224
0.3300488938
13.3028451
0.9691802371
8.069544137
0.432761582
3.520499756
6.107724925
3.605636906
8.670192499
2.294656691
0.1858731609
3.591881965
1.82439546
11.05453054
0.1717165189
0.1288519641
0.1722088242
2.93738848
11.55536285
0.3803751543
13.27422175
0.5349646501
2.018464573
1.183065437
11.36427758
1.862649325
8.983931748
14.32261405
2.968151691
17.32521469
0.6455388698
0.07816141726
9.383002396
3.79305595
1.94748594
17.81605597
12.06899986
5.549013097
1.471689594
9.0986407
35.19792007
8.937702524
5.083565383
1.125491829
15.5168765
12.71895905
14.50905024
6.692556455
6.39422592
8.472526025
0.1409012476
15.31965656
7.414014388
7.575185678
1.929722166
17.93371967
11.2347897
0.3358814638
23.2810142
2.138665911
6.377229592
7.320250394
6.144395466
0.5030585187
7.499862369
9.355678613
12.96948698
6.427081684
4.136045378
13.26837308
1.745843613
12.05588035
10.19306321
4.676414606
4.235357242
13.66483235
25.34686201
8.601347681
26.9255632
12.92023355
0.298126446
89.43517123
3.505782504
5.366220149
3.178991332
10.50539144
8.427057546
21.06563453
14.85085282
37.34743644
8.278899991
8.422296835
6.64412132
3.845966722
5.773993525
13.19281114
2.147881969
3.877601499
5.179196525
3.680986995
16.85108775
5.324427123
1.08963704
0.5879210516
3.106279964
27.93835037
1.061634606
2.258542128
7.084830332
4.051681429
22.77590502
2.514579076
6.956492777
8.336728144
4.64624484
6.977985848
0.0487683459
6.489860227
0.1247632696
3.119403956
0.1531660247
0.1815115908
0.118818946
1.901986883
7.142281759
22.34720767
0.8208447435
0.1373921735
3.911205943
2.361748848
2.242432936
2.02449088
3.493377875
1.792864173
3.610870062
14.91884319
5.851272581
1.85549627
2.783747147
2.711062647
7.308664726
4.333775809
16.91225409
23.44217901
16.17209719
3.487360006
37.37004054
9.615472975
22.9193159
7.247029956
0.19683808
3.320080989
15.0330616
3.805257849
0.8499959674
3.471149064
4.405103878
17.94081469
15.00959685
3.265474232
80.60117219
12.27212306
4.356251868
18.34612913
7.524957598
9.461857934
7.213467965
10.01392702
4.031765683
13.35152943
6.992680369
0.05720303219
1.634232932
5.383385111
0.2350148942
1.986336659
11.20660627
0.03700088281
5.344915148
0.1471309574
6.129812812
0.680109547
1.792168528
16.86158132
24.8912501
0.1257474566
7.180322451
10.78152525
4.605749159
12.55822557
22.40569365
29.32804769
34.56372501
2.015044434
22.10106985
25.9126704
8.610124522
6.974360467
7.795846577
13.72990307
6.258898472
27.36220151
10.31003868
3.372547198
18.95595475
6.037388648
27.93508108
8.460707605
16.66693342
126.0816159
13.44328147
1.126415678
20.23442847
14.20601399
5.545721048
21.70132283
0.3999343722
10.86252759
4.848863434
7.910716775
7.012867564
7.083705313
13.05536069
18.44992108
2.759265252
19.01702824
7.843557423
0.4624498264
0.8248413934
4.863336088
4.706968419
10.69303987
6.112689472
18.3177862
6.911508448
3.797464
9.24153283
2.904490132
34.51797686
7.638319297
22.85796698
26.29981909
20.84145193
6.956971873
9.529755544
12.66711044
3.563501437
30.54480799
0.1093143896
19.11989749
9.727321598
5.41449831
8.561813909
3.521095999
20.98741372
12.80475044
15.91572571
7.566254615
8.036130256
5.872276596
6.353125717
13.06259996
8.392195306
8.39123055
0.1192991747
4.33733519
4.126200574
5.618301271
83.44524833
25.34316402
7.777605022
11.5158729
0.2164142326
1.150797923
9.087262101
4.442816679
6.086679809
0.07462591482
5.487816637
6.33108494
5.648592667
5.883438789
6.795499497
2.115178069
18.36703733
11.53693586
10.8059307
32.199397
8.218538757
16.02939013
22.61236022
14.44471621
14.55772125
20.39035529
34.99298619
8.059419112
6.706661945
25.68548234
37.53846769
13.9018873
0.8195220121
4.115029553
16.17637736
6.768195884
2.399332346
1.734676152
15.12448546
0.07823905777
5.3132408
5.451900318
3.625262933
0.4126160883
5.169028236
2.53566647
2.400353182
6.641539697
47.77742424
5.818850837
8.580367955
4.019044266
9.221095649
1.961492827
3.830333649
8.727917204
6.38241995
95.04759045
3.267501543
4.870127537
15.66926629
2.644126457
1.942109717
0.1581886631
3.612915775
8.555131549
3.366209306
8.348394021
0.3426984276
11.40682078
1.95506007
2.673385712
3.765419357
0.03388765901
63.54122472
2.17129258
2.219152608
0.3408089516
1.972553185
10.11091523
8.715661245
7.467477431
18.98352407
14.28833668
0.06392630406
59.49217756
47.57572338
1.88579344
2.962955766
1.985659783
8.223114508
0.07105520262
0.7222093647
0.5694699886
7.505941352
0.131770373
3.53360178
0.03841116842
11.0801092
2.237818901
0.3594637718
32.41811123
9.428257665
2.454644473
36.54278141
1.971102646
14.39907854
115.0865687
0.1219018697
4.851225608
0.06652678598
5.47094647
0.1090084506
2.824481961
0.1484667717
2.299778574
2.04758072
6.571062703
1.678869799
11.30891274
0.3498887748
1.902148958
2.654870816
1.765819529
2.402221877
6.331364547
5.832617851
1.864305536
5.882299888
0.9777629863
7.013801491
3.482215414
0.1259419182
8.858011126
0.152240443
0.08462730067
4.441257973
24.80825818
0.1410206203
5.603365714
0.2965137947
0.31835761
0.1556018294
1.586670886
10.81340222
3.365642328
18.21424732
0.1945785833
0.8939954251
0.05425322894
4.778883445
85.12178617
0.111846523
10.18810299
11.78254301
7.36160368
10.82391274
2.568256213
6.116457864
2.451249282
1.730306125
10.4596533
2.696031376
4.923900293
1.749673695
19.16878407
0.2162083521
0.234237977
6.91387265
2.293433321
0.9112506306
2.202258238
0.1051757574
6.201786502
6.737472022
3.481110734
8.593024314
3.088074272
0.04111803824
0.9996767524
4.024746248
15.58269052
4.443810386
19.72837112
2.54006002
13.25796384
4.440210098
36.03843919
1.92505354
9.572593015
0.1010045777
17.04960491
4.91114283
0.2175845663
0.2087403755
1.650953025
0.1334415708
0.06748422174
0.2632100674
4.094255926
5.117444529
3.634583949
0.5474305968
8.468439435
3.610979829
0.07675792372
6.761163965
2.811411479
0.07473521686
0.4535650421
5.660193437
5.97439693
2.045834408
5.170172272
6.922527249
10.48366838
25.25391256
15.12878644
6.297661022
0.03810485307
7.371825139
0.1704206685
14.09594307
14.65515469
5.733291501
16.8216776
3.458734776
12.92495975
8.842197788
5.949276324
5.906367094
9.371384408
12.13859516
17.26298853
16.26754332
4.492462742
4.886890925
4.605590473
5.164085325
0.3069875112
6.469395074
7.723978619
24.50669729
8.412775081
8.877801268
32.12544683
18.22463878
0.1983588435
5.126288557
7.164204735
0.08383114515
2.332708487
11.89842577
9.157204906
2.937062037
0.3547516768
24.77992293
4.129488145
0.139969565
1.80837292
1.832582881
3.073359994
19.73226527
3.766882031
0.3071678952
0.09914215969
0.7887131029
0.3474652638
3.423025229
6.295239019
5.050997325
2.738264476
7.706067147
6.870329388
2.2218397
3.772513514
0.03974369316
7.641943971
3.503728024
0.07774018447
6.96942615
49.58291792
0.6438070554
3.545371265
5.847431979
0.1188777982
0.1807014328
2.572328207
0.2974627948
0.09004606297
0.1620522137
2.26943446
6.359056601
2.599354423
6.781256964
2.446536636
5.856975017
15.74447778
3.963374136
0.02877095931
0.1856357192
0.06378082627
0.14802975
0.202847879
16.40562441
0.06562489267
3.826588382
11.24364712
12.32273665
0.1555227912
6.328731016
0.1066811863
0.377312169
0.1085651509
0.0788392252
0.5287357049
23.58253962
6.240570011
0.8646184082
1.116752923
2.033148391
6.225734288
0.2175523225
5.243561369
0.09526750329
0.1282751363
0.05034636339
2.016698805
0.07303909016
0.67973094
0.2718233819
0.5902541797
4.28264324
0.05986214088
0.1863566143
0.03441317194
0.5742216273
6.417724545
0.2492393287
1.983440329
10.28692057
8.029062795
1.346257658
0.102499053
2.524081459
0.05378593165
2.407918532
0.3811587728
1.01587749
2.658772447
13.9592589
1.78639791
2.528056649
1.675584677
5.183594725
0.2522015269
0.1608989966
0.2582519016
4.389176939
0.2619928893
3.363610617
0.08064532407
2.711848114
9.423136556
0.06789422348
7.539917612
17.57696876
0.06240059462
1.029996447
2.983947995
0.4320244126
0.1179146361
0.1245856112
6.563974173
0.2156614018
2.767040743
3.937430027
6.876118643
7.880385422
20.85721017
8.710412731
2.84636943
8.946040405
2.382946197
7.065870005
7.115902827
0.5091578609
28.46178537
8.292798723
38.11349538
0.1209408359
0.1129418519
0.03592825618
84.57054213
5.160028516
0.0852846176
0.7307616108
0.06601366914
3.375004378
0.1255410367
0.3607148917
0.1316562506
2.875504327
1.230668138
0.1252451265
5.243780291
0.08229640028
4.400582132
0.09732107464
2.305364556
0.1191481536
0.2011733596
2.007221887
0.1149281049
3.023745721
14.18772891
1.85504473
6.791829978
0.08533599709
0.07552284663
1.276483951
0.1162603617
0.3615170484
0.1251834656
0.1573276895
5.04741097
12.11058032
0.2592813423
1.819594882
1.376214332
1.882171755
3.777797593
0.1364780406
0.2150526586
0.1024062182
0.08250308766
0.05328997009
0.236761628
0.0660404543
0.07674037094
1.129060985
0.1226697308
0.1910753486
0.04629506602
0.03168493166
0.03484323316
0.0553812049
0.05077962938
0.01398355163
3.02454763
1.822969218
2.181368273
22.83716367
2.471536423
0.03281639936
6.725032135
12.81337793
0.06114059641
0.0347000067
0.100199638
0.2497587548
0.07886217855
1.217733941
0.1046417832
0.05040336206
0.01975610787
2.634411759
53.65683895
0.4941725472
0.4388809611
0.05082332471
0.07936376682
9.211455105
2.360988082
7.311546233
1.59340288
1.869109168
3.069850538
0.1060229445
3.72494377
0.3064198134
23.99479007
0.9191947243
0.3682717613
0.1878772782
0.188095863
0.1052336529
0.1077392124
3.904536341
1.539690651
0.06465392824
0.04167177153
0.1315910538
0.1421484425
0.05063907916
0.02063494035
0.2202291956
0.06620718008
1.97211256
0.2733569301
1.553951819
0.05745618032
0.04509950072
0.08317965582
0.0263646387
0.2503844717
2.610048342
4.130211682
4.018386515
4.175820278
2.068449817
2.09708212
1.711223474
9.134614892
0.03990344827
0.1043728578
192.07205
110.3652171
0.05526084291
1.537141806
0.06397912913
0.01893114845
0.03072122719
0.07092277114
0.4988328013
4.404895464
146.9324403
0.6758589962
0.1156629272
0.05788580981
0.01731684829
0.05176192463
0.09569925452
0.04499887611
2.125649285
1.801869315
3.058898308
0.7847676193
0.01056501309
1.927025616
0.1336688727
0.03477971497
0.02679263801
0.08252771463
0.07757996153
7.564985802
1.078296896
1.860826434
0.07235825893
1.842312163
29.56557914
0.09346319367
3.042341168
3.765412225
27.1840537
1.294266434
0.04262684669
0.07469172651
0.04230952327
0.04052368721
0.04396788081
63.94176361
6.839403947
9.046292105
0.28316135
79.61931691
0.3476833749
4.099901991
11.34688856
0.09106903257
1.791258212
2.273085311
14.35134498
0.02132572015
2.829670982
0.03412144665
0.07601471118
0.1530086969
2.232312371
0.3434118611
2.870778601
0.07952801248
0.1284825516
0.08663781621
0.2340291526
4.107222717
0.04557314693
0.1986509589
0.1015456789
0.1640015631
0.1163080316
0.4258084502
2.266064543
0.05602362599
0.06738343479
0.3202799482
10.51877999
21.32062504
4.880029982
12.00401242
2.644656502
9.730183914
12.570489
2.421255533
5.28851681
2.038561424
1.819833095
0.09316640847
7.73726015
3.61211067
0.3131369608
8.143770244
1.730040101
0.1215904569
8.381409747
6.881208795
0.1456842449
6.963488823
5.001474565
0.1716032705
3.608641949
0.05595794409
0.2416967968
0.2091012453
0.05413273978
7.547617234
4.889748166
3.639445962
0.1009583052
5.707962313
0.07168664512
1.705640807
11.53321613
4.435544192
3.09180415
0.02268424374
4.189397421
0.07889965199
2.481126982
3.556543663
3.788105172
0.07358127819
7.369126269
0.1081595166
4.301004741
8.817237164
48.4005671
21.5778792
23.74005979
7.265054389
14.28179112
7.016453966
45.73119185
1.815834723
0.6916839861
1.682418171
2.267298675
3.523529269
1.537842714
6.335540533
0.05672916551
0.07754442777
0.0001496831312
0.3246767582
150.8043046
6.340218427
0.03807802667
0.09889737634
5.212919283
3.737175448
0.1605275955
1.849422122
3.773105624
10.83321818
0.1505038113
1.437090532
0.1392592655
3.774355427
5.282272409
0.1000436078
7.686251085
0.1329735129
5.553423338
2.886148146
6.467004072
2.698044494
8.647823639
2.541224199
18.16539371
4.080711902
0.08188466259
3.858096854
0.1505744568
3.599467713
7.111669866
13.58911555
2.119491558
10.03918566
5.170332021
1.854953052
6.495269919
0.8258209074
0.1368881568
4.237330713
7.72792946
0.02711405241
0.1376955382
1.856862792
7.012164496
5.760150852
8.873493297
0.02703936009
0.1200021117
0.05689330567
1.005507599
0.05138090135
6.485167515
0.1259747606
0.05489363359
0.1232458116
0.02185684347
0.09766713337
0.05196945098
0.1023726141
6.418538832
0.03031881858
0.1481662053
0.1435883169
0.2499872166
0.07332807753
5.206840128
0.1378409288
0.0508587723
0.3979552034
0.1516570209
0.1920709542
7.59666564
3.811961333
0.08953628317
2.398036897
7.289528387
6.08069362
6.574715889
2.366529075
0.1059500991
13.77174386
7.527402368
1.269966066
0.2879519827
14.60980221
4.076024245
4.102802065
1.969245327
9.017594035
25.29976861
15.96332083
122.7928758
7.034181665
4.482945696
0.0007848973871
0.03720751697
0.07218177931
5.449978332
0.01267916618
0.242984448
2.113235882
0.07397712135
2.166386909
6.538310412
10.53978552
0.2231920389
5.834151392
0.02946447358
0.142905649
0.07183128976
0.0774273981
0.06484180108
2.469432854
0.07577372164
2.058648996
8.622079627
6.491250588
4.820503326
0.02656024612
12.14313717
6.786474619
6.268105365
0.03283000029
0.2192595035
0.1384515787
0.05028123735
0.04643116861
0.03456782321
0.05215906697
4.145587353
0.4195293141
0.003940337802
0.152671468
2.076116513
6.570583464
10.43979629
5.683993568
12.78531052
5.287163952
0.008537208326
4.50106002
11.21677063
1.784765347
6.137408554
17.83585913
0.08285726793
0.5625858517
0.007210065917
7.80576658
1.861252057
1.627829487
2.177788908
1.589358524
0.1379457779
0.05160709265
0.02737521784
0.02760518605
0.0592376002
0.2623789848
3.311402933
0.1088774579
0.0009933249145
0.06514273169
5.989379377
24.43494011
27.65538513
46.25984149
4.738291043
6.609980703
1.945451568
30.93504071
0.1876034864
0.05146620826
0.04926950953
0.07465951115
0.07592999204
0.3020542483
0.1627312144
2.006318755
0.3907595105
0.531156417
2.081032816
1.898611778
5.4224684
20.43096646
3.446954008
0.03299494403
0.1295088196
0.06271096266
0.1681894287
0.07384540943
8.855079706
0.09369463428
8.062943076
1.066844193
0.05378638619
0.1153621373
2.898040708
0.07935155309
0.03666035733
6.351766896
0.1421796421
0.1737083036
0.1865941822
0.3506385789
2.995921149
0.09351264437
0.05794026221
1.009835842
0.03649856442
0.03879963211
0.1045655857
3.134674056
6.943800215
1.602500902
7.803013502
0.1088982911
0.02612440487
0.2161549895
0.04440949668
0.1231687281
0.1009525523
3.887762465
0.6157818409
0.04537291103
1.841869868
23.01277628
65.91266029
2.38448735
0.07670293799
2.077238068
9.664514988
6.560884348
12.75855897
0.06587004875
0.1517263448
0.04395144928
0.07517681317
0.05762468462
0.01112630981
0.2362434426
0.6714788865
0.07654724191
0.03678129897
5.275338406
0.09753019461
0.06186639858
0.1660998758
0.02463579456
0.08873985059
2.036868421
6.052166646
0.2009909674
0.09337855219
0.303917443
0.05001754336
0.2370086388
0.09240130345
0.07100080993
2.171489855
6.31615122
5.740620436
7.02575582
0.2427392503
2.575283599
1.594827389
8.029756709
1.185529522
7.951316509
4.398183786
0.1032700181
2.489770133
0.09345490849
3.853370183
3.403312359
0.1242240135
0.08114629895
0.24000667
6.980742154
3.431700389
1.74872824
13.9748465
5.260347514
15.14389733
0.05778608168
2.689000274
2.064273207
0.03897283701
5.178779789
1.732246613
8.233149092
3.608319655
0.01717270737
0.09656058269
2.439938478
0.06121363266
0.0550956829
0.04138075
6.351888765
0.04547382524
2.870469486
0.1684951872
0.1139360199
3.239112833
3.710683116
0.7515963066
2.094402016
0.1342727306
2.156012587
1.748835945
2.093636759
7.846494993
0.1510243881
0.0786862386
0.02686914365
0.06229531149
2.032783799
9.627463154
143.3202003
5.541105886
2.742315958
1.966730625
5.168120978
3.58523808
0.1083211247
7.804995937
0.01723136028
1.044449084
0.02449606643
2.013712614
0.05574420982
0.03097965035
0.02722167864
2.572752051
1.572563673
2.284298052
0.007882347881
5.418111335
0.09549251557
0.06930564369
0.06082586785
0.03351942475
0.038536442
0.06598599597
0.05388548685
0.1249456764
0.02793847724
17.5402586
0.04592724269
0.1745886238
0.1603555282
5.900029726
0.3594559224
0.2463891585
0.149823565
0.06029526227
2.90348002
0.004962289975
4.66324247
2.249350997
3.624270707
4.36338465
2.763375458
3.264998107
1.36412092
2.597108264
10.81474153
2.019711656
4.934804171
22.71540908
1.805969469
6.763515781
0.004058193804
2.439671182
2.20015848
0.1019022599
13.08591389
7.454884873
1.920363703
0.01421024388
0.02045255143
0.0009704641389
0.1301635342
0.005888887909
0.01398414076
6.154882627
0.03896274806
7.749240978
66.03296413
2.165185483
6.407906004
6.612266115
1.92523757
2.364488816
0.1345283393
0.005025669482
0.03258048214
0.0570398411
0.02226759182
0.006094156892
4.901510722
0.03715025131
3.979604301
0.01880099994
0.328789752
0.005566339564
0.006937749921
3.037996975
0.01721823582
0.001926576558
2.448186986
0.1602760931
3.317716383
1.994593421
0.03013433478
0.02095558703
2.140215671
0.03282071268
7.219484495
5.694914235
6.322455261
4.615973657
0.00488960826
4.063462016
2.946876768
2.517792144
17.27025634
17.30158385
0.2030270266
2.14941488
1.075847788
0.02184312564
0.1036556204
0.04109648529
0.07336385691
0.03379325793
0
0.0002236531079
5.203177704e-06
5.161094671e-15
8.482774515e-10
0.04416587738
4.999937554e-05
0.09835774308
8.111104e-10
0.0056891225
0.5628610178
2.910402292e-07
5.555802562e-06
0.0005986588796
0.01531428128
8.097801665
0.01413847697
0.01817455379
9.674910209
11.52031491
14.1436795
2.293332892
12.68615828
1.725747292
6.860750476
6.494877492
2.243952141
0.8267610631
0.04427684999
0.02269861145
0.05743820392
5.470442823
0.01759621788
0.02098676074
0.007279846001
0.01842051785
0.04895372986
4.177100334
1.687831618
1.652847779
6.213657719
3.80240434
0.01038632022
3.008942907
0.2977710042
0.02498082001
2.553823759
2.312077042
4.672306539
0.02621683309
2.001171205
1.415920814
1.757198314
9.796271996
0.0606928261
3.949513027
0.0004794839826
3.167779601
0.007503081896
5.319923194
2.232158927
0.04598051156
2.195693688
1.66335836
0.01397008388
1.646699541
11.2144497
0.0495496037
0.1331118979
0.0182060909
0
0
0.008412096508
0.6021969944
2.380327354
16.1036141
0.04339531699
0.0269162591
1.640091896
0.02568472167
4.222758689
3.366037338
0.03985953281
0.08349547646
2.442284407
2.217673842
1.721780816
0.03306296821
6.832633958
9.683464202
0.03233093465
0.02155024438
0.06190826346
0.00466523973
0.003108506289
0.03408933773
0.00478327274
0.04243821102
0.06194506613
0.01904339346
0.007784624832
0.07293919927
0.04058934996
6.717291668
0.02941758719
0.02515167177
0.03510859634
0.04500526719
1.889492417
3.634677112
0.08339433423
0.006351696083
0.01034205835
0.07173365356
0.04032760823
0.03379383177
0.04633620062
1.734376466
0.2137850464
0.02554272751
0.007572493047
0.02250514484
0.003682977152
0.05155000838
0.01011595947
0.6946760907
0.03993507626
0.03630322327
0.01929471083
0.0756530829
0.07480681223
0.07047470314
0.03641020276
0.04614961702
0.003985866064
0.02652888358
0.07407425261
0.03712404443
0.01264030082
0.04580999014
0
0.009912091974
0.03227291328
0.05813220933
0.01667361967
0.4388331891
0.2371430531
0.004372416752
0.2766092986
0.02797768113
5.014783504
0.1552903402
0.02734793879
0.02341117231
0.04010142777
0.0007403981146
0.01683136288
0.02057846288
0.0265093387
0.04959381543
0.07563537171
0.02042113948
0.0285294733
0.03737471196
0.06180963069
0.070937518
0.03705940163
0.8190520147
0.1053676138
0.06007679775
0.01178227901
0.01925302548
5.790099696
0.0008272106645
0.488260301
0.01416676022
3.105012772
2.156446169
4.677824024
0.09944860881
0.03393831603
2.53177642
3.877952477
1.700640872
1.717105528
14.76766929
5.224600576
7.338053019
2.554678055
0.01230684853
0.009715082642
32.50175874
1.850683246
4.250570495
1.779267406
0.002035944971
1.770865991
8.93779075
1.578885184
0.117155616
0.01730506498
0.02388486257
0.0287275349
0.2802978835
0.000182738917
0.000180720679
0.05870053878
0.01440614407
0.01551494177
0.01732807322
0.2367039147
0.05957516157
0.2495274268
109.5739855
0.1290851144
0.03702637072
0.0004738200744
7.620366854e-08
9.558958413e-07
0.006942136131
0.01579475175
2.376431895
4.688099299e-05
2.465814632e-09
1.554210293e-06
6.781262595e-05
0.01774925975
0.01633964711
7.152165493
4.902033809
0.0052360847
2.864749113
9.532808735e-11
0.004806318366
8.248256527e-05
0.0002416240042
2.617350666
0.0179860244
0.01448208326
2.060443024
2.141545289
0.01211005077
0.003503621875
1.769899567
1.803138077
1.819486265
59.52735857
4.512606413
0.3455382842
0.001590069444
0.003615291162
0.3608983347
6.238661288e-12
0.01577372779
0.02249457743
4.75296558
0.01994905117
0.02185573636
0.05678826615
0.04086168117
4.130527012
0.1337450315
0.003963022954
0.04422941211
0.01117757768
0.005350655793
3.479286027
0.04304335304
3.658602842
0.03743631274
3.037236317
2.259170039
0.03365352207
0.005036154624
2.00751845
0.02402601917
1.752166343
1.644056522
1.711881046
5.786933335
0.04666122682
9.628562082
0.02259098303
0.001478084372
0.02375091186
0.027128742
0.004535607233
0.05497555374
0.07532918012
1.318395002
8.524536333
0.006243810282
0.1587475371
11.27718413
0.1522456772
0.06826895284
9.207160764
0.01425322073
0.02649385027
4.093185614
0.9775870945
7.351818576
0.07153831467
3.929773068
8.368932673
3.257027806
6.574880983
6.21944113
7.329483797
15.35309321
8.816715342
0.05268583713
2.113888272
0.007678865195
1.847226492
0.0565588713
0.04528179307
7.042004174
1.939726946
2.691815157
0.07205827565
0.04249668252
0.05938869538
6.251478252
0.8586733979
2.742883004e-08
0
0.01275188816
0.03032302314
0.04917797826
0.002148040861
2.392744783
7.333897137
0.003091811378
6.928416078
5.198201486
0.02252173403
0.01615596633
0.06170968173
0.02432985327
2.467710376
2.072819204
0.0001466788187
2.06046185
0.01898909088
2.287263769
1.900964438
2.113046647
1.424992896
0.02029896711
9.694408166e-05
0
1.40521374
1.524226839
1.618940084
25.43417614
9.32845201e-12
0.02909227453
0
0.00158068454
1.73056e-09
0.003012391433
0.02366561386
0.01867998472
7.816720849e-10
0.001742752034
0.05080345926
0.005502495496
0.01408616034
1.110421005
2.33796921
0.03164509237
0.4083660835
0.02334431661
0.01851165205
0
0.0454566882
7.040896656
5.750096503
0.03899338821
0.0636087585
0.05475524754
4.124835688e-05
0.0002941400454
0.04559530089
0.02802980704
0.1190820004
6.34965499
4.741391857
5.369241064e-05
0.04793786512
4.078129931
0.246028608
0.0001002313169
27.46520734
3.164521663e-14
0.1885299844
8.929115927
0.2780092729
0.1187147487
9.18777042
7.293449136
5.184101491
1.970891746
3.559675315
1.810153465
4.004614826
3.359873313
2.100131598
2.053460798
4.57105268
1.898680909
0.9734303783
0.1978534617
1.788288343
3.43158725
0.006703230746
8.230112191
0.8797859949
0.06116432723
7.251390507
0.1177112508
0.0358040903
0.1987374497
2.181646423
0.02529939124
0.03100461342
3.805735744
0.03942406605
0.05590809571
1.598114728
6.815995758
0.03648133192
0.1461650331
0.05680816406
0.03487226883
0
0.05663749769
0.03592003112
0.005629023152
0.0226833092
0.05370839086
5.666997918
0.2300247842
1.762207657
4.759503044
0.0455313852
0.009039868445
0.03135132423
2.01305986
3.590442216
0.0745618621
1.892108175
1.638967147
11.06047707
3.612922747
0.02965215815
0.1247736475
3.583054806
0.0201646259
1.921752484
0
0.06275212219
4.475488338
1.90822474
0.005543490256
1.619661916
5.032887284
3.103911092
0.1703383473
0.8725034068
0.09533667234
3.222018187
0.005485539404
0.05201555487
0.02033140643
0.06668930019
0.0839460095
0.02325389699
0.1284829961
0.06009897375
0.0589845205
0.02138027244
0.006400314033
0.09836179011
0.03281061108
0.005010742437
0.229800491
3.210104257
0.02829930632
0.03311226335
1.668105714
1.892360462
3.136942723
4.031633469
0.04867047609
5.542698808e-15
4.23208014
0.05676887561
0.01214971774
0.08394036949
0.0719208566
0.005946003163
0.007418712733
0.01769765706
0.08680407966
0.02123413233
4.758708919
0.04509758958
0.1214899886
0.02147840498
0.02230180589
0.07116576402
2.348227401e-05
0.06147226796
0.06905104437
0.009638163849
0.0225278542
0.08632629981
0.13919206
5.597011599
0.05000907192
0.1239207174
0.1672922082
0.01553887345
0.1370877486
0.1656855468
7.067042285
0.0444288368
0.08217931914
0.102316476
7.989441561
0.2486856038
2.266410379
0.01160967443
