#TREATMENT-PLAN-DESCRIPTION
#PlanName
BP10-PB 
#NumberOfFractions
1
##FractionID
1
##NumberOfFields
1
###FieldsID
1
#TotalMetersetWeightOfAllFields
918

#FIELD-DESCRIPTION
###FieldID
1
###FinalCumulativeMeterSetWeight
918
###GantryAngle
0
###PatientSupportAngle
270
###IsocenterPosition
0 -170 250
###NumberOfControlPoints
2

#SPOTS-DESCRIPTION
####ControlPointIndex
0
####SpotTunnedID
Spot1 
####CumulativeMetersetWeight
0
####Energy (MeV)
117.7
####NbOfScannedSpots
459
####X Y Weight
-57.5759 58.7348 2
-51.6738 58.7348 2
-45.7716 58.7348 2
-39.8694 58.7348 2
-33.9672 58.7348 2
-28.065 58.7348 2
-22.1629 58.7348 2
-16.2607 58.7348 2
-10.3585 58.7348 2
-4.45632 58.7348 2
1.44586 58.7348 2
7.34804 58.7348 2
13.2502 58.7348 2
19.1524 58.7348 2
25.0546 58.7348 2
30.9568 58.7348 2
36.8589 58.7348 2
42.7611 58.7348 2
48.6633 58.7348 2
54.5655 58.7348 2
51.6144 53.6234 2
45.7122 53.6234 2
39.81 53.6234 2
33.9079 53.6234 2
28.0057 53.6234 2
22.1035 53.6234 2
16.2013 53.6234 2
10.2991 53.6234 2
4.39695 53.6234 2
-1.50523 53.6234 2
-7.40741 53.6234 2
-13.3096 53.6234 2
-19.2118 53.6234 2
-25.1139 53.6234 2
-31.0161 53.6234 2
-36.9183 53.6234 2
-42.8205 53.6234 2
-48.7227 53.6234 2
-54.6248 53.6234 2
-57.5759 48.5119 2
-51.6738 48.5119 2
-45.7716 48.5119 2
-39.8694 48.5119 2
-33.9672 48.5119 2
-28.065 48.5119 2
-22.1629 48.5119 2
-16.2607 48.5119 2
-10.3585 48.5119 2
-4.45632 48.5119 2
1.44586 48.5119 2
7.34804 48.5119 2
13.2502 48.5119 2
19.1524 48.5119 2
25.0546 48.5119 2
30.9568 48.5119 2
36.8589 48.5119 2
42.7611 48.5119 2
48.6633 48.5119 2
54.5655 48.5119 2
57.5166 43.4005 2
51.6144 43.4005 2
45.7122 43.4005 2
39.81 43.4005 2
33.9079 43.4005 2
28.0057 43.4005 2
22.1035 43.4005 2
16.2013 43.4005 2
10.2991 43.4005 2
4.39695 43.4005 2
-1.50523 43.4005 2
-7.40741 43.4005 2
-13.3096 43.4005 2
-19.2118 43.4005 2
-25.1139 43.4005 2
-31.0161 43.4005 2
-36.9183 43.4005 2
-42.8205 43.4005 2
-48.7227 43.4005 2
-54.6248 43.4005 2
-57.5759 38.289 2
-51.6738 38.289 2
-45.7716 38.289 2
-39.8694 38.289 2
-33.9672 38.289 2
-28.065 38.289 2
-22.1629 38.289 2
-16.2607 38.289 2
-10.3585 38.289 2
-4.45632 38.289 2
1.44586 38.289 2
7.34804 38.289 2
13.2502 38.289 2
19.1524 38.289 2
25.0546 38.289 2
30.9568 38.289 2
36.8589 38.289 2
42.7611 38.289 2
48.6633 38.289 2
54.5655 38.289 2
57.5166 33.1776 2
51.6144 33.1776 2
45.7122 33.1776 2
39.81 33.1776 2
33.9079 33.1776 2
28.0057 33.1776 2
22.1035 33.1776 2
16.2013 33.1776 2
10.2991 33.1776 2
4.39695 33.1776 2
-1.50523 33.1776 2
-7.40741 33.1776 2
-13.3096 33.1776 2
-19.2118 33.1776 2
-25.1139 33.1776 2
-31.0161 33.1776 2
-36.9183 33.1776 2
-42.8205 33.1776 2
-48.7227 33.1776 2
-54.6248 33.1776 2
-57.5759 28.0662 2
-51.6738 28.0662 2
-45.7716 28.0662 2
-39.8694 28.0662 2
-33.9672 28.0662 2
-28.065 28.0662 2
-22.1629 28.0662 2
-16.2607 28.0662 2
-10.3585 28.0662 2
-4.45632 28.0662 2
1.44586 28.0662 2
7.34804 28.0662 2
13.2502 28.0662 2
19.1524 28.0662 2
25.0546 28.0662 2
30.9568 28.0662 2
36.8589 28.0662 2
42.7611 28.0662 2
48.6633 28.0662 2
54.5655 28.0662 2
57.5166 22.9547 2
51.6144 22.9547 2
45.7122 22.9547 2
39.81 22.9547 2
33.9079 22.9547 2
28.0057 22.9547 2
22.1035 22.9547 2
16.2013 22.9547 2
10.2991 22.9547 2
4.39695 22.9547 2
-1.50523 22.9547 2
-7.40741 22.9547 2
-13.3096 22.9547 2
-19.2118 22.9547 2
-25.1139 22.9547 2
-31.0161 22.9547 2
-36.9183 22.9547 2
-42.8205 22.9547 2
-48.7227 22.9547 2
-54.6248 22.9547 2
-57.5759 17.8433 2
-51.6738 17.8433 2
-45.7716 17.8433 2
-39.8694 17.8433 2
-33.9672 17.8433 2
-28.065 17.8433 2
-22.1629 17.8433 2
-16.2607 17.8433 2
-10.3585 17.8433 2
-4.45632 17.8433 2
1.44586 17.8433 2
7.34804 17.8433 2
13.2502 17.8433 2
19.1524 17.8433 2
25.0546 17.8433 2
30.9568 17.8433 2
36.8589 17.8433 2
42.7611 17.8433 2
48.6633 17.8433 2
54.5655 17.8433 2
57.5166 12.7319 2
51.6144 12.7319 2
45.7122 12.7319 2
39.81 12.7319 2
33.9079 12.7319 2
28.0057 12.7319 2
22.1035 12.7319 2
16.2013 12.7319 2
10.2991 12.7319 2
4.39695 12.7319 2
-1.50523 12.7319 2
-7.40741 12.7319 2
-13.3096 12.7319 2
-19.2118 12.7319 2
-25.1139 12.7319 2
-31.0161 12.7319 2
-36.9183 12.7319 2
-42.8205 12.7319 2
-48.7227 12.7319 2
-54.6248 12.7319 2
-57.5759 7.62042 2
-51.6738 7.62042 2
-45.7716 7.62042 2
-39.8694 7.62042 2
-33.9672 7.62042 2
-28.065 7.62042 2
-22.1629 7.62042 2
-16.2607 7.62042 2
-10.3585 7.62042 2
-4.45632 7.62042 2
1.44586 7.62042 2
7.34804 7.62042 2
13.2502 7.62042 2
19.1524 7.62042 2
25.0546 7.62042 2
30.9568 7.62042 2
36.8589 7.62042 2
42.7611 7.62042 2
48.6633 7.62042 2
54.5655 7.62042 2
57.5166 2.50898 2
51.6144 2.50898 2
45.7122 2.50898 2
39.81 2.50898 2
33.9079 2.50898 2
28.0057 2.50898 2
22.1035 2.50898 2
16.2013 2.50898 2
10.2991 2.50898 2
4.39695 2.50898 2
-1.50523 2.50898 2
-7.40741 2.50898 2
-13.3096 2.50898 2
-19.2118 2.50898 2
-25.1139 2.50898 2
-31.0161 2.50898 2
-36.9183 2.50898 2
-42.8205 2.50898 2
-48.7227 2.50898 2
-54.6248 2.50898 2
-57.5759 -2.60246 2
-51.6738 -2.60246 2
-45.7716 -2.60246 2
-39.8694 -2.60246 2
-33.9672 -2.60246 2
-28.065 -2.60246 2
-22.1629 -2.60246 2
-16.2607 -2.60246 2
-10.3585 -2.60246 2
-4.45632 -2.60246 2
1.44586 -2.60246 2
7.34804 -2.60246 2
13.2502 -2.60246 2
19.1524 -2.60246 2
25.0546 -2.60246 2
30.9568 -2.60246 2
36.8589 -2.60246 2
42.7611 -2.60246 2
48.6633 -2.60246 2
54.5655 -2.60246 2
57.5166 -7.7139 2
51.6144 -7.7139 2
45.7122 -7.7139 2
39.81 -7.7139 2
33.9079 -7.7139 2
28.0057 -7.7139 2
22.1035 -7.7139 2
16.2013 -7.7139 2
10.2991 -7.7139 2
4.39695 -7.7139 2
-1.50523 -7.7139 2
-7.40741 -7.7139 2
-13.3096 -7.7139 2
-19.2118 -7.7139 2
-25.1139 -7.7139 2
-31.0161 -7.7139 2
-36.9183 -7.7139 2
-42.8205 -7.7139 2
-48.7227 -7.7139 2
-54.6248 -7.7139 2
-57.5759 -12.8253 2
-51.6738 -12.8253 2
-45.7716 -12.8253 2
-39.8694 -12.8253 2
-33.9672 -12.8253 2
-28.065 -12.8253 2
-22.1629 -12.8253 2
-16.2607 -12.8253 2
-10.3585 -12.8253 2
-4.45632 -12.8253 2
1.44586 -12.8253 2
7.34804 -12.8253 2
13.2502 -12.8253 2
19.1524 -12.8253 2
25.0546 -12.8253 2
30.9568 -12.8253 2
36.8589 -12.8253 2
42.7611 -12.8253 2
48.6633 -12.8253 2
54.5655 -12.8253 2
57.5166 -17.9368 2
51.6144 -17.9368 2
45.7122 -17.9368 2
39.81 -17.9368 2
33.9079 -17.9368 2
28.0057 -17.9368 2
22.1035 -17.9368 2
16.2013 -17.9368 2
10.2991 -17.9368 2
4.39695 -17.9368 2
-1.50523 -17.9368 2
-7.40741 -17.9368 2
-13.3096 -17.9368 2
-19.2118 -17.9368 2
-25.1139 -17.9368 2
-31.0161 -17.9368 2
-36.9183 -17.9368 2
-42.8205 -17.9368 2
-48.7227 -17.9368 2
-54.6248 -17.9368 2
-57.5759 -23.0482 2
-51.6738 -23.0482 2
-45.7716 -23.0482 2
-39.8694 -23.0482 2
-33.9672 -23.0482 2
-28.065 -23.0482 2
-22.1629 -23.0482 2
-16.2607 -23.0482 2
-10.3585 -23.0482 2
-4.45632 -23.0482 2
1.44586 -23.0482 2
7.34804 -23.0482 2
13.2502 -23.0482 2
19.1524 -23.0482 2
25.0546 -23.0482 2
30.9568 -23.0482 2
36.8589 -23.0482 2
42.7611 -23.0482 2
48.6633 -23.0482 2
54.5655 -23.0482 2
57.5166 -28.1596 2
51.6144 -28.1596 2
45.7122 -28.1596 2
39.81 -28.1596 2
33.9079 -28.1596 2
28.0057 -28.1596 2
22.1035 -28.1596 2
16.2013 -28.1596 2
10.2991 -28.1596 2
4.39695 -28.1596 2
-1.50523 -28.1596 2
-7.40741 -28.1596 2
-13.3096 -28.1596 2
-19.2118 -28.1596 2
-25.1139 -28.1596 2
-31.0161 -28.1596 2
-36.9183 -28.1596 2
-42.8205 -28.1596 2
-48.7227 -28.1596 2
-54.6248 -28.1596 2
-57.5759 -33.2711 2
-51.6738 -33.2711 2
-45.7716 -33.2711 2
-39.8694 -33.2711 2
-33.9672 -33.2711 2
-28.065 -33.2711 2
-22.1629 -33.2711 2
-16.2607 -33.2711 2
-10.3585 -33.2711 2
-4.45632 -33.2711 2
1.44586 -33.2711 2
7.34804 -33.2711 2
13.2502 -33.2711 2
19.1524 -33.2711 2
25.0546 -33.2711 2
30.9568 -33.2711 2
36.8589 -33.2711 2
42.7611 -33.2711 2
48.6633 -33.2711 2
54.5655 -33.2711 2
57.5166 -38.3825 2
51.6144 -38.3825 2
45.7122 -38.3825 2
39.81 -38.3825 2
33.9079 -38.3825 2
28.0057 -38.3825 2
22.1035 -38.3825 2
16.2013 -38.3825 2
10.2991 -38.3825 2
4.39695 -38.3825 2
-1.50523 -38.3825 2
-7.40741 -38.3825 2
-13.3096 -38.3825 2
-19.2118 -38.3825 2
-25.1139 -38.3825 2
-31.0161 -38.3825 2
-36.9183 -38.3825 2
-42.8205 -38.3825 2
-48.7227 -38.3825 2
-54.6248 -38.3825 2
-57.5759 -43.494 2
-51.6738 -43.494 2
-45.7716 -43.494 2
-39.8694 -43.494 2
-33.9672 -43.494 2
-28.065 -43.494 2
-22.1629 -43.494 2
-16.2607 -43.494 2
-10.3585 -43.494 2
-4.45632 -43.494 2
1.44586 -43.494 2
7.34804 -43.494 2
13.2502 -43.494 2
19.1524 -43.494 2
25.0546 -43.494 2
30.9568 -43.494 2
36.8589 -43.494 2
42.7611 -43.494 2
48.6633 -43.494 2
54.5655 -43.494 2
57.5166 -48.6054 2
51.6144 -48.6054 2
45.7122 -48.6054 2
39.81 -48.6054 2
33.9079 -48.6054 2
28.0057 -48.6054 2
22.1035 -48.6054 2
16.2013 -48.6054 2
10.2991 -48.6054 2
4.39695 -48.6054 2
-1.50523 -48.6054 2
-7.40741 -48.6054 2
-13.3096 -48.6054 2
-19.2118 -48.6054 2
-25.1139 -48.6054 2
-31.0161 -48.6054 2
-36.9183 -48.6054 2
-42.8205 -48.6054 2
-48.7227 -48.6054 2
-54.6248 -48.6054 2
-57.5759 -53.7168 2
-51.6738 -53.7168 2
-45.7716 -53.7168 2
-39.8694 -53.7168 2
-33.9672 -53.7168 2
-28.065 -53.7168 2
-22.1629 -53.7168 2
-16.2607 -53.7168 2
-10.3585 -53.7168 2
-4.45632 -53.7168 2
1.44586 -53.7168 2
7.34804 -53.7168 2
13.2502 -53.7168 2
19.1524 -53.7168 2
25.0546 -53.7168 2
30.9568 -53.7168 2
36.8589 -53.7168 2
42.7611 -53.7168 2
48.6633 -53.7168 2
54.5655 -53.7168 2
####ControlPointIndex
1
####SpotTunnedID
0 
####CumulativeMetersetWeight
918
####Energy (MeV)
0
####NbOfScannedSpots
0
####X Y Weight
