#TREATMENT-PLAN-DESCRIPTION
#PlanName
BP14-PB 
#NumberOfFractions
1
##FractionID
1
##NumberOfFields
1
###FieldsID
1
#TotalMetersetWeightOfAllFields
976

#FIELD-DESCRIPTION
###FieldID
1
###FinalCumulativeMeterSetWeight
976
###GantryAngle
0
###PatientSupportAngle
270
###IsocenterPosition
0 -170 250
###NumberOfControlPoints
2

#SPOTS-DESCRIPTION
####ControlPointIndex
0
####SpotTunnedID
Spot1 
####CumulativeMetersetWeight
0
####Energy (MeV)
144.8
####NbOfScannedSpots
488
####X Y Weight
-51.8318 58.8032 2
-46.0877 58.8032 2
-40.3437 58.8032 2
-34.5996 58.8032 2
-28.8555 58.8032 2
-23.1114 58.8032 2
-17.3673 58.8032 2
-11.6232 58.8032 2
-5.8791 58.8032 2
-0.135005 58.8032 2
5.60909 58.8032 2
11.3532 58.8032 2
17.0973 58.8032 2
22.8414 58.8032 2
28.5855 58.8032 2
34.3296 58.8032 2
40.0736 58.8032 2
45.8177 58.8032 2
51.5618 58.8032 2
54.4339 53.8287 2
48.6898 53.8287 2
42.9457 53.8287 2
37.2016 53.8287 2
31.4575 53.8287 2
25.7134 53.8287 2
19.9693 53.8287 2
14.2252 53.8287 2
8.48113 53.8287 2
2.73704 53.8287 2
-3.00705 53.8287 2
-8.75114 53.8287 2
-14.4952 53.8287 2
-20.2393 53.8287 2
-25.9834 53.8287 2
-31.7275 53.8287 2
-37.4716 53.8287 2
-43.2157 53.8287 2
-48.9598 53.8287 2
-54.7039 53.8287 2
-57.5759 48.8542 2
-51.8318 48.8542 2
-46.0877 48.8542 2
-40.3437 48.8542 2
-34.5996 48.8542 2
-28.8555 48.8542 2
-23.1114 48.8542 2
-17.3673 48.8542 2
-11.6232 48.8542 2
-5.8791 48.8542 2
-0.135005 48.8542 2
5.60909 48.8542 2
11.3532 48.8542 2
17.0973 48.8542 2
22.8414 48.8542 2
28.5855 48.8542 2
34.3296 48.8542 2
40.0736 48.8542 2
45.8177 48.8542 2
51.5618 48.8542 2
54.4339 43.8797 2
48.6898 43.8797 2
42.9457 43.8797 2
37.2016 43.8797 2
31.4575 43.8797 2
25.7134 43.8797 2
19.9693 43.8797 2
14.2252 43.8797 2
8.48113 43.8797 2
2.73704 43.8797 2
-3.00705 43.8797 2
-8.75114 43.8797 2
-14.4952 43.8797 2
-20.2393 43.8797 2
-25.9834 43.8797 2
-31.7275 43.8797 2
-37.4716 43.8797 2
-43.2157 43.8797 2
-48.9598 43.8797 2
-54.7039 43.8797 2
-57.5759 38.9051 2
-51.8318 38.9051 2
-46.0877 38.9051 2
-40.3437 38.9051 2
-34.5996 38.9051 2
-28.8555 38.9051 2
-23.1114 38.9051 2
-17.3673 38.9051 2
-11.6232 38.9051 2
-5.8791 38.9051 2
-0.135005 38.9051 2
5.60909 38.9051 2
11.3532 38.9051 2
17.0973 38.9051 2
22.8414 38.9051 2
28.5855 38.9051 2
34.3296 38.9051 2
40.0736 38.9051 2
45.8177 38.9051 2
51.5618 38.9051 2
57.3059 38.9051 2
54.4339 33.9306 2
48.6898 33.9306 2
42.9457 33.9306 2
37.2016 33.9306 2
31.4575 33.9306 2
25.7134 33.9306 2
19.9693 33.9306 2
14.2252 33.9306 2
8.48113 33.9306 2
2.73704 33.9306 2
-3.00705 33.9306 2
-8.75114 33.9306 2
-14.4952 33.9306 2
-20.2393 33.9306 2
-25.9834 33.9306 2
-31.7275 33.9306 2
-37.4716 33.9306 2
-43.2157 33.9306 2
-48.9598 33.9306 2
-54.7039 33.9306 2
-57.5759 28.9561 2
-51.8318 28.9561 2
-46.0877 28.9561 2
-40.3437 28.9561 2
-34.5996 28.9561 2
-28.8555 28.9561 2
-23.1114 28.9561 2
-17.3673 28.9561 2
-11.6232 28.9561 2
-5.8791 28.9561 2
-0.135005 28.9561 2
5.60909 28.9561 2
11.3532 28.9561 2
17.0973 28.9561 2
22.8414 28.9561 2
28.5855 28.9561 2
34.3296 28.9561 2
40.0736 28.9561 2
45.8177 28.9561 2
51.5618 28.9561 2
57.3059 28.9561 2
54.4339 23.9815 2
48.6898 23.9815 2
42.9457 23.9815 2
37.2016 23.9815 2
31.4575 23.9815 2
25.7134 23.9815 2
19.9693 23.9815 2
14.2252 23.9815 2
8.48113 23.9815 2
2.73704 23.9815 2
-3.00705 23.9815 2
-8.75114 23.9815 2
-14.4952 23.9815 2
-20.2393 23.9815 2
-25.9834 23.9815 2
-31.7275 23.9815 2
-37.4716 23.9815 2
-43.2157 23.9815 2
-48.9598 23.9815 2
-54.7039 23.9815 2
-57.5759 19.007 2
-51.8318 19.007 2
-46.0877 19.007 2
-40.3437 19.007 2
-34.5996 19.007 2
-28.8555 19.007 2
-23.1114 19.007 2
-17.3673 19.007 2
-11.6232 19.007 2
-5.8791 19.007 2
-0.135005 19.007 2
5.60909 19.007 2
11.3532 19.007 2
17.0973 19.007 2
22.8414 19.007 2
28.5855 19.007 2
34.3296 19.007 2
40.0736 19.007 2
45.8177 19.007 2
51.5618 19.007 2
57.3059 19.007 2
54.4339 14.0325 2
48.6898 14.0325 2
42.9457 14.0325 2
37.2016 14.0325 2
31.4575 14.0325 2
25.7134 14.0325 2
19.9693 14.0325 2
14.2252 14.0325 2
8.48113 14.0325 2
2.73704 14.0325 2
-3.00705 14.0325 2
-8.75114 14.0325 2
-14.4952 14.0325 2
-20.2393 14.0325 2
-25.9834 14.0325 2
-31.7275 14.0325 2
-37.4716 14.0325 2
-43.2157 14.0325 2
-48.9598 14.0325 2
-54.7039 14.0325 2
-57.5759 9.05794 2
-51.8318 9.05794 2
-46.0877 9.05794 2
-40.3437 9.05794 2
-34.5996 9.05794 2
-28.8555 9.05794 2
-23.1114 9.05794 2
-17.3673 9.05794 2
-11.6232 9.05794 2
-5.8791 9.05794 2
-0.135005 9.05794 2
5.60909 9.05794 2
11.3532 9.05794 2
17.0973 9.05794 2
22.8414 9.05794 2
28.5855 9.05794 2
34.3296 9.05794 2
40.0736 9.05794 2
45.8177 9.05794 2
51.5618 9.05794 2
57.3059 9.05794 2
54.4339 4.08341 2
48.6898 4.08341 2
42.9457 4.08341 2
37.2016 4.08341 2
31.4575 4.08341 2
25.7134 4.08341 2
19.9693 4.08341 2
14.2252 4.08341 2
8.48113 4.08341 2
2.73704 4.08341 2
-3.00705 4.08341 2
-8.75114 4.08341 2
-14.4952 4.08341 2
-20.2393 4.08341 2
-25.9834 4.08341 2
-31.7275 4.08341 2
-37.4716 4.08341 2
-43.2157 4.08341 2
-48.9598 4.08341 2
-54.7039 4.08341 2
-57.5759 -0.891119 2
-51.8318 -0.891119 2
-46.0877 -0.891119 2
-40.3437 -0.891119 2
-34.5996 -0.891119 2
-28.8555 -0.891119 2
-23.1114 -0.891119 2
-17.3673 -0.891119 2
-11.6232 -0.891119 2
-5.8791 -0.891119 2
-0.135005 -0.891119 2
5.60909 -0.891119 2
11.3532 -0.891119 2
17.0973 -0.891119 2
22.8414 -0.891119 2
28.5855 -0.891119 2
34.3296 -0.891119 2
40.0736 -0.891119 2
45.8177 -0.891119 2
51.5618 -0.891119 2
57.3059 -0.891119 2
54.4339 -5.86565 2
48.6898 -5.86565 2
42.9457 -5.86565 2
37.2016 -5.86565 2
31.4575 -5.86565 2
25.7134 -5.86565 2
19.9693 -5.86565 2
14.2252 -5.86565 2
8.48113 -5.86565 2
2.73704 -5.86565 2
-3.00705 -5.86565 2
-8.75114 -5.86565 2
-14.4952 -5.86565 2
-20.2393 -5.86565 2
-25.9834 -5.86565 2
-31.7275 -5.86565 2
-37.4716 -5.86565 2
-43.2157 -5.86565 2
-48.9598 -5.86565 2
-54.7039 -5.86565 2
-57.5759 -10.8402 2
-51.8318 -10.8402 2
-46.0877 -10.8402 2
-40.3437 -10.8402 2
-34.5996 -10.8402 2
-28.8555 -10.8402 2
-23.1114 -10.8402 2
-17.3673 -10.8402 2
-11.6232 -10.8402 2
-5.8791 -10.8402 2
-0.135005 -10.8402 2
5.60909 -10.8402 2
11.3532 -10.8402 2
17.0973 -10.8402 2
22.8414 -10.8402 2
28.5855 -10.8402 2
34.3296 -10.8402 2
40.0736 -10.8402 2
45.8177 -10.8402 2
51.5618 -10.8402 2
57.3059 -10.8402 2
54.4339 -15.8147 2
48.6898 -15.8147 2
42.9457 -15.8147 2
37.2016 -15.8147 2
31.4575 -15.8147 2
25.7134 -15.8147 2
19.9693 -15.8147 2
14.2252 -15.8147 2
8.48113 -15.8147 2
2.73704 -15.8147 2
-3.00705 -15.8147 2
-8.75114 -15.8147 2
-14.4952 -15.8147 2
-20.2393 -15.8147 2
-25.9834 -15.8147 2
-31.7275 -15.8147 2
-37.4716 -15.8147 2
-43.2157 -15.8147 2
-48.9598 -15.8147 2
-54.7039 -15.8147 2
-57.5759 -20.7892 2
-51.8318 -20.7892 2
-46.0877 -20.7892 2
-40.3437 -20.7892 2
-34.5996 -20.7892 2
-28.8555 -20.7892 2
-23.1114 -20.7892 2
-17.3673 -20.7892 2
-11.6232 -20.7892 2
-5.8791 -20.7892 2
-0.135005 -20.7892 2
5.60909 -20.7892 2
11.3532 -20.7892 2
17.0973 -20.7892 2
22.8414 -20.7892 2
28.5855 -20.7892 2
34.3296 -20.7892 2
40.0736 -20.7892 2
45.8177 -20.7892 2
51.5618 -20.7892 2
57.3059 -20.7892 2
54.4339 -25.7638 2
48.6898 -25.7638 2
42.9457 -25.7638 2
37.2016 -25.7638 2
31.4575 -25.7638 2
25.7134 -25.7638 2
19.9693 -25.7638 2
14.2252 -25.7638 2
8.48113 -25.7638 2
2.73704 -25.7638 2
-3.00705 -25.7638 2
-8.75114 -25.7638 2
-14.4952 -25.7638 2
-20.2393 -25.7638 2
-25.9834 -25.7638 2
-31.7275 -25.7638 2
-37.4716 -25.7638 2
-43.2157 -25.7638 2
-48.9598 -25.7638 2
-54.7039 -25.7638 2
-57.5759 -30.7383 2
-51.8318 -30.7383 2
-46.0877 -30.7383 2
-40.3437 -30.7383 2
-34.5996 -30.7383 2
-28.8555 -30.7383 2
-23.1114 -30.7383 2
-17.3673 -30.7383 2
-11.6232 -30.7383 2
-5.8791 -30.7383 2
-0.135005 -30.7383 2
5.60909 -30.7383 2
11.3532 -30.7383 2
17.0973 -30.7383 2
22.8414 -30.7383 2
28.5855 -30.7383 2
34.3296 -30.7383 2
40.0736 -30.7383 2
45.8177 -30.7383 2
51.5618 -30.7383 2
57.3059 -30.7383 2
54.4339 -35.7128 2
48.6898 -35.7128 2
42.9457 -35.7128 2
37.2016 -35.7128 2
31.4575 -35.7128 2
25.7134 -35.7128 2
19.9693 -35.7128 2
14.2252 -35.7128 2
8.48113 -35.7128 2
2.73704 -35.7128 2
-3.00705 -35.7128 2
-8.75114 -35.7128 2
-14.4952 -35.7128 2
-20.2393 -35.7128 2
-25.9834 -35.7128 2
-31.7275 -35.7128 2
-37.4716 -35.7128 2
-43.2157 -35.7128 2
-48.9598 -35.7128 2
-54.7039 -35.7128 2
-57.5759 -40.6874 2
-51.8318 -40.6874 2
-46.0877 -40.6874 2
-40.3437 -40.6874 2
-34.5996 -40.6874 2
-28.8555 -40.6874 2
-23.1114 -40.6874 2
-17.3673 -40.6874 2
-11.6232 -40.6874 2
-5.8791 -40.6874 2
-0.135005 -40.6874 2
5.60909 -40.6874 2
11.3532 -40.6874 2
17.0973 -40.6874 2
22.8414 -40.6874 2
28.5855 -40.6874 2
34.3296 -40.6874 2
40.0736 -40.6874 2
45.8177 -40.6874 2
51.5618 -40.6874 2
57.3059 -40.6874 2
54.4339 -45.6619 2
48.6898 -45.6619 2
42.9457 -45.6619 2
37.2016 -45.6619 2
31.4575 -45.6619 2
25.7134 -45.6619 2
19.9693 -45.6619 2
14.2252 -45.6619 2
8.48113 -45.6619 2
2.73704 -45.6619 2
-3.00705 -45.6619 2
-8.75114 -45.6619 2
-14.4952 -45.6619 2
-20.2393 -45.6619 2
-25.9834 -45.6619 2
-31.7275 -45.6619 2
-37.4716 -45.6619 2
-43.2157 -45.6619 2
-48.9598 -45.6619 2
-54.7039 -45.6619 2
-57.5759 -50.6364 2
-51.8318 -50.6364 2
-46.0877 -50.6364 2
-40.3437 -50.6364 2
-34.5996 -50.6364 2
-28.8555 -50.6364 2
-23.1114 -50.6364 2
-17.3673 -50.6364 2
-11.6232 -50.6364 2
-5.8791 -50.6364 2
-0.135005 -50.6364 2
5.60909 -50.6364 2
11.3532 -50.6364 2
17.0973 -50.6364 2
22.8414 -50.6364 2
28.5855 -50.6364 2
34.3296 -50.6364 2
40.0736 -50.6364 2
45.8177 -50.6364 2
51.5618 -50.6364 2
54.4339 -55.611 2
48.6898 -55.611 2
42.9457 -55.611 2
37.2016 -55.611 2
31.4575 -55.611 2
25.7134 -55.611 2
19.9693 -55.611 2
14.2252 -55.611 2
8.48113 -55.611 2
2.73704 -55.611 2
-3.00705 -55.611 2
-8.75114 -55.611 2
-14.4952 -55.611 2
-20.2393 -55.611 2
-25.9834 -55.611 2
-31.7275 -55.611 2
-37.4716 -55.611 2
-43.2157 -55.611 2
-48.9598 -55.611 2
-54.7039 -55.611 2
####ControlPointIndex
1
####SpotTunnedID
0 
####CumulativeMetersetWeight
976
####Energy (MeV)
0
####NbOfScannedSpots
0
####X Y Weight
