#################################### 
# Matrix Size= (25,25,400)
# Resol      = (1,1,4000)
# VoxelSize  = (25,25,0.1)
# nbVal      = 4000
#################################### 
0.007862615519
0.007629038188
0.008254414765
0.007690365713
0.008406156606
0.008237274732
0.008433215094
0.008561367093
0.008686186248
0.008503060155
0.007647298068
0.008647692734
0.008265669767
0.008390659812
0.007956286239
0.007585557487
0.009174188614
0.00859581567
0.007995681442
0.008638932983
0.008213049058
0.008724136057
0.009319948592
0.007647482497
0.007930841398
0.00780643999
0.01066750395
0.009535682921
0.01054734666
0.008517561809
0.0086682091
0.008649847317
0.007817945986
0.007940885949
0.008753265887
0.008292157333
0.008553084245
0.00941260761
0.007998706842
0.008602507941
0.008912995774
0.008135683825
0.008000049442
0.008067363934
0.008090257584
0.008216779123
0.008823996277
0.008742343818
0.00804568663
0.008288336611
0.008351455982
0.008552159343
0.007623407766
0.007963890389
0.008883703223
0.008714481038
0.008407845546
0.008777003946
0.009749371502
0.008799145534
0.008777470145
0.009832976645
0.007706858284
0.007668315894
0.00816447991
0.009124625101
0.008809825503
0.008753147841
0.008266328853
0.007882254239
0.007566244018
0.008498450233
0.007811566114
0.008500849902
0.008740272504
0.008294683935
0.00893376029
0.008944780532
0.008773970677
0.009421431065
0.009022494571
0.008966336096
0.00926178259
0.008249493625
0.008015149343
0.007899048634
0.008186375483
0.007800268472
0.008399380522
0.008127393272
0.008072026693
0.009901348391
0.008164837517
0.00800010158
0.007694104758
0.00873399674
0.008634541383
0.009198188767
0.008098966957
0.008970006757
0.007655868071
0.007695115423
0.008226794661
0.00825657751
0.008118833729
0.00855017393
0.007985569091
0.008490445533
0.008819913391
0.008292978571
0.008097060264
0.009248230215
0.00924196606
0.009205280208
0.007997342507
0.00897856303
0.007876989966
0.008133846032
0.008387422704
0.008736305515
0.008279930348
0.00850951702
0.00784714274
0.008204954016
0.008948950719
0.008110793461
0.008361009957
0.009715857181
0.007888839105
0.008096785329
0.00855160403
0.008654254816
0.008580443373
0.008583064213
0.008008208387
0.008217564244
0.00881105771
0.008111820449
0.008364004625
0.008801319903
0.008419051676
0.007875493705
0.008962896244
0.009012021301
0.007915861518
0.008553824931
0.008211582648
0.009529120974
0.008831304146
0.008892768341
0.008617315062
0.008377259016
0.008812094859
0.007985338041
0.007945691885
0.008539837423
0.009314122242
0.008911926131
0.008133353527
0.008829694298
0.008379284868
0.008259091588
0.008683830157
0.007907750352
0.008801639802
0.008268940845
0.008306944616
0.008255316615
0.009281280527
0.009179013635
0.008521803672
0.008826262631
0.008979891567
0.008481852949
0.008945771992
0.008313758276
0.007625088729
0.008262418699
0.007682787539
0.008062527454
0.008527038099
0.008408022234
0.008727082231
0.008554325661
0.008383532118
0.00826950817
0.008673378966
0.00782181967
0.00822762807
0.008626746195
0.008835700481
0.009974065901
0.008327373821
0.007981112976
0.008409831007
0.008454867188
0.008072172211
0.009251543246
0.008793367126
0.008231742555
0.008293534398
0.008671537056
0.009748177622
0.009718249097
0.009069110678
0.008910398287
0.009176671751
0.0091670041
0.007956754554
0.009492265628
0.009021013195
0.009406345511
0.008700960415
0.008966156985
0.009114391366
0.008215985433
0.00891078786
0.009245513976
0.008520656512
0.01065175424
0.008932989301
0.00824337164
0.008145182621
0.007947010637
0.007992325519
0.008532454577
0.007689015032
0.008119343772
0.008687370817
0.008795771599
0.007773079374
0.008078893588
0.008068892438
0.008358058682
0.008849839344
0.007971598914
0.008256307625
0.007860141805
0.007837637672
0.008004012147
0.008168643443
0.008293164585
0.007725147068
0.008654549713
0.008469839273
0.008611116025
0.008792072082
0.007932706385
0.009858568539
0.008774246063
0.008177253664
0.007973977573
0.008239252771
0.008776764236
0.008012662003
0.008510236608
0.007825128547
0.008432236699
0.008504255398
0.008714868629
0.008262972135
0.008885199875
0.008838024388
0.008679613527
0.008530893534
0.008896211735
0.008045471745
0.009114668877
0.008790081478
0.007995558262
0.007684675906
0.007997507397
0.00842823535
0.008645423133
0.00878071178
0.008637529287
0.009192108201
0.00782893288
0.008669771996
0.009917281534
0.008139675208
0.008045419314
0.007928889201
0.009211805302
0.008420259838
0.009070678016
0.008697993499
0.008921762955
0.00855916843
0.008585151137
0.009067651483
0.009028219597
0.008254272307
0.008247961612
0.008258891477
0.00902786006
0.008658156522
0.008307003064
0.007942986165
0.009136865895
0.008123581065
0.00894981509
0.0088202068
0.008599196957
0.008290781756
0.008425634261
0.00821829857
0.008743438978
0.008425835873
0.008246683997
0.007893870568
0.008037729727
0.008786218861
0.008688007229
0.007930789452
0.008401995876
0.008825482922
0.00844171256
0.008383184761
0.008325397247
0.008293020766
0.008984907479
0.008952569703
0.008839833905
0.00909269512
0.008180463675
0.009104869599
0.008602081448
0.009033939481
0.009470905125
0.008479531504
0.00876171478
0.00789901486
0.008169634634
0.008733115772
0.009148689979
0.008422885927
0.008610261484
0.008176425716
0.008550574888
0.008264528577
0.008654112527
0.008754925282
0.008750195116
0.008162423556
0.00889856132
0.009423402509
0.008678987558
0.009123983496
0.008391084296
0.008806589247
0.008759225639
0.008718286108
0.009010433531
0.008153901929
0.008386950957
0.009322009623
0.008011061091
0.008758377882
0.008572485603
0.008179697164
0.00861059864
0.009356268737
0.008662169524
0.008033075228
0.008975276817
0.008803246151
0.00871398704
0.008339326789
0.009109955943
0.008510761527
0.008733056807
0.008263023839
0.009221384009
0.009134947188
0.008905983795
0.008204344381
0.00864749186
0.008818418967
0.007951884812
0.007738969557
0.007601261201
0.008695799919
0.009097760776
0.008607202246
0.009646878784
0.008939115473
0.008728027318
0.009160552946
0.008286802921
0.007880355653
0.008622235271
0.007999918543
0.00923973504
0.008872582016
0.008498938397
0.008101962454
0.008880526473
0.008786644731
0.008520467356
0.008686731268
0.008605854916
0.00879155928
0.008220496824
0.008016092407
0.00810846194
0.008201466349
0.008833037117
0.009106116854
0.008469468635
0.008140706387
0.00948811062
0.008916735389
0.009122491655
0.009087204783
0.008193572465
0.008867203387
0.008604935352
0.008741733058
0.008824517409
0.008034515263
0.008208493558
0.008642119283
0.008099504791
0.007918881829
0.008680616966
0.00849939507
0.008048777889
0.008410634484
0.008082210828
0.008404339869
0.008339494863
0.00846667039
0.008549353402
0.009625095947
0.008434980189
0.008109738728
0.008094297283
0.008436662462
0.008712772039
0.008573952996
0.009069733191
0.008563438165
0.009711975522
0.008553335475
0.008369726882
0.008534564774
0.008163298678
0.008484773214
0.008929841837
0.008719251904
0.008385986871
0.00852542069
0.008639727725
0.008477237434
0.008388812439
0.008270874613
0.008657015981
0.009306975789
0.008619583231
0.008523974357
0.00830683913
0.008927478676
0.008666810755
0.009293817652
0.009670376133
0.009380469957
0.008139936204
0.0096406498
0.009081192329
0.008647374588
0.007906835418
0.007941603429
0.008847779957
0.00859534919
0.00926257386
0.008626147204
0.008428341613
0.009438550755
0.009202918726
0.008445791187
0.009064557271
0.008378919983
0.009127432662
0.008854021306
0.008413452797
0.008616816808
0.008239723128
0.008617217159
0.0089095126
0.008289044162
0.008325481234
0.008866452798
0.007943745757
0.008002984573
0.008479140707
0.009226220105
0.008314646823
0.007973303868
0.008269240855
0.008088980281
0.009043934308
0.008099582707
0.00879951588
0.008020963231
0.008934011894
0.008559196478
0.008399799747
0.008338472002
0.008489068996
0.008429199479
0.008477144339
0.008302622729
0.008419877189
0.008479396925
0.008403162487
0.008065367322
0.007737749318
0.008019654019
0.008743731027
0.009108680614
0.008228031622
0.008740048448
0.008177752675
0.008390103018
0.008183937263
0.008615452353
0.00895234076
0.009011764222
0.00806568768
0.00884095447
0.009282505525
0.008224687898
0.008454913774
0.008226256555
0.008439239495
0.009436691235
0.009280401223
0.008470213749
0.009231754265
0.008839031996
0.009777379372
0.008130153774
0.008959317546
0.008226117012
0.009065395843
0.008595658374
0.008528979684
0.00867791013
0.008285979896
0.008052346137
0.008498553889
0.009010836057
0.008228352965
0.008777108936
0.008294846709
0.008140257872
0.008406482957
0.008509834013
0.008202664046
0.008644613725
0.008950248492
0.008556143661
0.008672447971
0.008540334587
0.008363251924
0.008675904434
0.008401413627
0.008465293438
0.007690163221
0.008715273275
0.008603304213
0.009211375763
0.008092125604
0.008228886969
0.008051076232
0.007764761926
0.008378569988
0.00792884232
0.008155241418
0.008756410294
0.008384824005
0.008566401766
0.007925163276
0.008698491422
0.008153503688
0.009953007105
0.008761315984
0.008508501097
0.008400569529
0.009255310659
0.008291642973
0.008597268429
0.00899406327
0.008769179919
0.008447877057
0.0085240228
0.008138413181
0.008698941863
0.008800083834
0.008198974481
0.009448531356
0.008290225364
0.008622151558
0.008423145406
0.008730730395
0.008624725723
0.009217384378
0.008329377331
0.008431820656
0.008823580053
0.008370837969
0.008097845908
0.007780911826
0.008172576224
0.00854630987
0.007965438814
0.00799246809
0.007821014441
0.008931610399
0.008311052601
0.008537819023
0.008837832304
0.008234558876
0.008062473642
0.008093048938
0.008056845334
0.008121913951
0.008670189564
0.007968480398
0.008034959386
0.008607947996
0.008262882991
0.008309574966
0.008846549282
0.008627540806
0.008526792618
0.008682412694
0.007800460641
0.008427133577
0.007869477439
0.008400647105
0.008467856853
0.008038647091
0.008181071798
0.00889411037
0.008476142124
0.009786866578
0.00850846409
0.008530207486
0.007868525857
0.008842796458
0.008238294411
0.008400020695
0.009026155612
0.008397151771
0.008050373907
0.008925806591
0.008803284538
0.008349003744
0.008235450473
0.008339391766
0.007937102608
0.008337135123
0.008748175925
0.008803850705
0.008714696054
0.007841499968
0.008470930193
0.008298137158
0.008393226591
0.008485619884
0.008453102408
0.008506910784
0.008425703717
0.008470941868
0.008730306324
0.008070590677
0.008481366283
0.008152746986
0.007936206846
0.008732056423
0.007904088048
0.008108813664
0.008581806722
0.008338305042
0.008593486886
0.008926312679
0.00816015055
0.008740611638
0.00806314763
0.008239903488
0.008660673534
0.008242682383
0.008346687806
0.008430818427
0.008437123239
0.009056733977
0.008882476882
0.008766654776
0.008312384213
0.008259724484
0.008772007552
0.008663807799
0.008259958369
0.008709816365
0.008618838103
0.008585464307
0.008396610894
0.008319927984
0.008613319392
0.008749678655
0.008373142362
0.008214038106
0.009127490781
0.008512476197
0.008784826812
0.008297219611
0.008214439964
0.008815561964
0.008535774015
0.008799347525
0.008714232085
0.009503100634
0.008684439907
0.008801960433
0.008217028799
0.008616769904
0.008080772927
0.008538720758
0.008249377429
0.008564881278
0.008135663333
0.00908909389
0.009025886084
0.008823430619
0.008990954653
0.008942197362
0.008236532699
0.008449664409
0.008512356202
0.008049493403
0.008272077987
0.008625079637
0.007921727534
0.008297639742
0.008463811077
0.008613368825
0.008508819046
0.008835940828
0.008346720931
0.008281754295
0.008730126857
0.008280897505
0.008913148725
0.008464909461
0.008504808492
0.008609396191
0.00843653059
0.008322520847
0.009326784131
0.008104516292
0.007827022093
0.008767881003
0.008281730497
0.008338521974
0.009250797905
0.008896796081
0.008137084858
0.008591796977
0.008606288602
0.008383677302
0.008483004934
0.008362729357
0.007946698039
0.008087705677
0.008190186685
0.008566505352
0.008274270043
0.008133263952
0.008151610065
0.008332276851
0.008471539133
0.008791954808
0.007983851266
0.00782609932
0.007712111085
0.008085357822
0.008029079657
0.008989233849
0.008346832431
0.008133425296
0.008340450719
0.008346119866
0.007883278214
0.009041326111
0.008274859416
0.008592989068
0.008545501051
0.008056173192
0.008226922985
0.008118515576
0.008540475563
0.008158488709
0.00851148254
0.008376201937
0.008049359889
0.009343584758
0.008613606579
0.008349057395
0.008413282659
0.008147867741
0.008180703063
0.008606607109
0.00916848893
0.008032613809
0.008591564101
0.0078482922
0.008308574527
0.008162551209
0.00839185897
0.008136915866
0.008243388134
0.008321698921
0.008397763026
0.007997623501
0.008597312023
0.008618226828
0.008188023386
0.008145352073
0.008132230035
0.008626380837
0.008393994544
0.008335626465
0.008157174714
0.008549524805
0.008449883392
0.008180085758
0.00832321932
0.008848195149
0.008288261368
0.008304343835
0.009105118755
0.008807756282
0.008661533288
0.008453134193
0.008245884818
0.008029868045
0.00884659045
0.008284535908
0.008770438569
0.008421863055
0.008122851682
0.008046373666
0.00790938187
0.008258970317
0.008509643958
0.009027514402
0.008223992925
0.008838163146
0.00864888263
0.008403798206
0.008607177176
0.008163124258
0.008669098838
0.008060554255
0.007989636326
0.008381678766
0.008358051711
0.008199165122
0.008140030134
0.009199795478
0.008082882181
0.008051875449
0.008563108531
0.009091951578
0.008653506495
0.008670700672
0.008773394583
0.008496765558
0.008373153626
0.008891753291
0.008738159507
0.008554119945
0.008820416769
0.008462725956
0.008187570772
0.008724918872
0.00896801216
0.008421782189
0.00813050063
0.009145732792
0.008653924502
0.008454967939
0.008181997719
0.008438101151
0.008020538797
0.007888709674
0.007728016259
0.00893960375
0.008521108376
0.008118063007
0.009233224451
0.008172762189
0.009101075985
0.008337161519
0.008923229481
0.008483896259
0.008593384929
0.00828228311
0.008006724157
0.007838301325
0.008482516104
0.007866677562
0.008079594944
0.008941108341
0.0082643517
0.007924247795
0.007814219934
0.0098480901
0.009229716077
0.00883285266
0.008433638648
0.008613410934
0.008273618605
0.007948268097
0.00847317315
0.008035991003
0.008641423983
0.009189116014
0.007927048854
0.008704215216
0.008780242073
0.008164925007
0.009060092792
0.008405308776
0.009434629945
0.009182441778
0.008449613234
0.008541475677
0.008405114322
0.008299935974
0.008918081838
0.008488155919
0.008191308791
0.008370780277
0.008900923625
0.008492434937
0.008177005938
0.009539192757
0.008136400213
0.008153945764
0.008270364713
0.008631769173
0.008097246829
0.008469774038
0.007977886553
0.008178404592
0.008480045628
0.007974647003
0.008467017948
0.007927096075
0.009341630074
0.007877304301
0.00818510103
0.008730491318
0.00863115328
0.008611480373
0.008539986597
0.008417606303
0.008643496237
0.008367147363
0.008495178645
0.008456342805
0.008024660591
0.009238686625
0.008357999407
0.00833208992
0.00822396498
0.008261344833
0.00824560977
0.008147045959
0.008630809849
0.009154051747
0.008074499788
0.008753162719
0.008288893595
0.008519283183
0.008215038401
0.008446285815
0.00867936538
0.00889634462
0.008087666973
0.008460995049
0.008074852372
0.008698174211
0.008503114519
0.008186299666
0.009402153699
0.009009470867
0.008664435133
0.008959601136
0.00838832084
0.00873464255
0.008005121531
0.009446820067
0.007980409051
0.008456110764
0.008183524534
0.008104718541
0.00824121394
0.008658439374
0.00928714209
0.008896501698
0.008297787005
0.008238770493
0.008123949721
0.008078224897
0.007845222563
0.00927821723
0.008636372024
0.008524702485
0.00843942602
0.008711161372
0.008302302276
0.00818799367
0.007798272662
0.008029269844
0.008190955814
0.007862269138
0.008282264533
0.008709122438
0.008095029456
0.00802479573
0.008388077387
0.00811811961
0.008926301729
0.007979593128
0.008477026649
0.008271330752
0.008368687018
0.008101435819
0.008737010924
0.009554083929
0.008552063743
0.009109141181
0.009449663402
0.008853815404
0.008733105439
0.008997189269
0.00836623167
0.008483619787
0.008185958979
0.008648335531
0.008083180949
0.00848260967
0.008507242183
0.00877641232
0.008824892764
0.008879281119
0.009042436723
0.008499803898
0.008284527584
0.008008577171
0.008462056171
0.008089942128
0.00855490411
0.00845858471
0.007863916965
0.009332800103
0.008552771214
0.009236807277
0.008489853985
0.007961745114
0.008098348534
0.009044843651
0.008919206852
0.008713636521
0.008791345675
0.009193903791
0.008872238954
0.008506341896
0.008122103761
0.008008435274
0.008118541619
0.008356604141
0.008123172111
0.008072377739
0.008562975388
0.008662763424
0.008596571163
0.008342678673
0.008397432849
0.008705052443
0.008379879821
0.008383072561
0.008460600995
0.008430153012
0.01012511762
0.008649407665
0.008971254433
0.00831643322
0.008301038895
0.008487035862
0.008158676495
0.007867106492
0.007913798112
0.00915689244
0.008584274993
0.009278657046
0.008935565845
0.008315445881
0.008178218836
0.00927320468
0.008269497542
0.008025659
0.008177675109
0.008151166763
0.008399916444
0.008145299678
0.008652746026
0.009001533499
0.008327466627
0.009044988813
0.008579569387
0.008629080463
0.008674142043
0.008010923654
0.008182748246
0.009510880735
0.008617395703
0.008360913708
0.008068253293
0.008482754439
0.0081538569
0.008350850982
0.008096385353
0.008670443581
0.008170967991
0.0087371298
0.009034669021
0.008189443761
0.008412940151
0.008402268033
0.008684121341
0.008540878828
0.00876795143
0.008747378042
0.008420813734
0.008746348009
0.008270382421
0.008378014755
0.008942287277
0.008386839695
0.008618332501
0.008466630383
0.008323613802
0.008776874918
0.009817535424
0.008010002831
0.008327674205
0.00897990884
0.008456588652
0.008652187278
0.008119908343
0.008159206858
0.00810826652
0.009024190976
0.008315827603
0.00848895903
0.00804725168
0.007979978083
0.008137041817
0.008908817837
0.008178025596
0.00846265236
0.008626577874
0.008300625426
0.008516315601
0.008223411532
0.008392283018
0.008298080741
0.008918651034
0.009508006779
0.008561007183
0.008443228366
0.008583902279
0.008136856631
0.008462046341
0.008501901945
0.008176928226
0.00854004985
0.008369733054
0.008807840865
0.009315764966
0.007943486729
0.008682687223
0.008888973294
0.008495002394
0.008568905833
0.008953707476
0.008165497004
0.008204084851
0.008844297713
0.008927548342
0.008890528313
0.008657702624
0.008623126756
0.008587401678
0.008203898204
0.008082516829
0.007909613293
0.008477543458
0.008256223674
0.008728044328
0.008899321797
0.008754365099
0.008115727156
0.008479285221
0.007888565752
0.008043689708
0.008928822518
0.008151981286
0.008202386371
0.008378704312
0.008126385538
0.009168067694
0.008806200974
0.009079406674
0.00872880216
0.008580038669
0.008064339221
0.008505904342
0.008449265075
0.008176156837
0.008354249895
0.008575137388
0.008310686473
0.007977833273
0.008510565105
0.009081430469
0.00860900319
0.00804759003
0.008229629285
0.00810935022
0.00898174906
0.008230158928
0.00879813856
0.008552519038
0.008749025712
0.008239242749
0.008454652045
0.008549532753
0.008703309775
0.008531891914
0.008117807938
0.008465939926
0.008872314748
0.008722133631
0.008563026408
0.008514481097
0.00819510225
0.008184214241
0.008220673851
0.007916632463
0.008446162237
0.009292639965
0.008430844424
0.009020354589
0.008407663916
0.008607834
0.009152778664
0.008966004418
0.008976918482
0.008914884189
0.008913452243
0.008968436686
0.00840582428
0.008936740579
0.008324557734
0.008197139831
0.008709340571
0.008755261019
0.008891029551
0.008480792714
0.00858827916
0.007996180639
0.008348094941
0.008609598637
0.008886039624
0.008471640771
0.008134644647
0.008426681335
0.008438109827
0.00814968223
0.008082648762
0.008115294221
0.008384740751
0.008025496575
0.008300089269
0.008259122653
0.008964038683
0.009033340828
0.009190665787
0.008570497841
0.008614833441
0.009149746505
0.00857343139
0.008830631656
0.00806310286
0.009080053767
0.00825271577
0.008140068545
0.008254103963
0.008121282693
0.008039576362
0.008528790549
0.008891258574
0.008487209579
0.008776446467
0.008437534278
0.008975634081
0.008608412632
0.008277660696
0.008326890258
0.008749197018
0.008757120859
0.008309777047
0.008848192996
0.008698610218
0.008657653295
0.008072000398
0.007928670526
0.008706511527
0.008190238579
0.008249541249
0.008448349676
0.008515135828
0.0086161079
0.008977073432
0.008817311795
0.008393969731
0.008525937575
0.009120658795
0.008677254652
0.008159211996
0.008378404985
0.008545596409
0.008113132057
0.008367829597
0.008422895387
0.00878961991
0.008885274159
0.00791346159
0.008437190103
0.00797706791
0.008238455126
0.008130922501
0.008301452115
0.00888866079
0.008466977721
0.009080002372
0.008638115502
0.00834005983
0.008611671974
0.008260863992
0.008556955092
0.009642916451
0.008428687873
0.008184464069
0.00837625162
0.008225984986
0.008335555748
0.008799477309
0.008739289408
0.008658623819
0.008497123734
0.008264142696
0.009830606534
0.008110110327
0.008464047401
0.00805656631
0.008211043346
0.008098996299
0.008745860785
0.008224220441
0.008325989275
0.009022056921
0.008243314698
0.008286435897
0.008493453329
0.007963889391
0.008498585426
0.008548425773
0.008372283573
0.008143257422
0.008450338719
0.009020321376
0.008470138771
0.007963095056
0.0083132539
0.008170881561
0.008154130987
0.008586342589
0.008535041326
0.008198590425
0.008526844338
0.00875975031
0.008365330755
0.008461712946
0.008531538107
0.008507929497
0.008332136424
0.008227221785
0.009219962454
0.008416328669
0.008111762765
0.008277790822
0.008338853146
0.008246854887
0.008339291981
0.008543696952
0.007924091393
0.007960332739
0.007945290063
0.008132617156
0.00854124856
0.008730243237
0.008298793708
0.008406745332
0.008818503312
0.00841630592
0.0093231669
0.008287162077
0.008765328985
0.008073436696
0.00942321403
0.008812132322
0.008243074977
0.008126098149
0.008087632842
0.00810880859
0.009077533709
0.0082543892
0.008516418462
0.007989789503
0.009199998275
0.008652844715
0.008461381839
0.008415668903
0.008538610504
0.00866399845
0.008527855958
0.008485688163
0.008320687344
0.008924853381
0.008517360534
0.008352080871
0.008563422442
0.008210380034
0.00818599055
0.008290918936
0.009268743384
0.008684042111
0.009634599377
0.008881094072
0.008527746798
0.008293648407
0.00832875855
0.008349925432
0.008213707262
0.008504420645
0.008700737337
0.008696600868
0.00836966589
0.008874704785
0.008405720525
0.008056822426
0.008259742081
0.00831377895
0.008036184257
0.008300258315
0.008046777611
0.008491982979
0.00845150011
0.00857408625
0.008336151062
0.008292339941
0.009135691134
0.008963904449
0.007989121499
0.008979491773
0.008233157203
0.008414975139
0.008482542926
0.008844564096
0.008744795337
0.008343871725
0.008719340815
0.00854987034
0.008313184046
0.008186359504
0.008707219467
0.008518597185
0.008478489107
0.008167334813
0.008684274243
0.008530605785
0.008477913921
0.00874432527
0.00810064074
0.008695894396
0.008178949984
0.009008139606
0.008163678716
0.00821807025
0.008265044681
0.008351781173
0.008475117683
0.008280328675
0.008835765583
0.008669054592
0.008577280909
0.008907128222
0.008301968016
0.008258632346
0.008251118603
0.008281190566
0.008316739495
0.0095808309
0.0082296607
0.008438204359
0.008515605078
0.008673839311
0.008445009358
0.008288236212
0.008539774639
0.008840339763
0.008210677708
0.008336818957
0.008272174241
0.008405054643
0.008421138849
0.008328401241
0.008505375008
0.008541685566
0.008719888186
0.008182368501
0.008433143808
0.008624375037
0.008128296236
0.00833774628
0.008764318171
0.008928244246
0.008329935868
0.008287337714
0.008136367969
0.008752049037
0.008574093259
0.008296463168
0.008552711443
0.00831047728
0.00899726909
0.008406554114
0.008283452459
0.00830369285
0.008937380575
0.008414526416
0.008325449202
0.009258247885
0.008502987982
0.008436273731
0.008566136072
0.008626651731
0.00834375295
0.008213738784
0.008403868868
0.008299514714
0.008497506699
0.008543419498
0.008453200762
0.008135510162
0.008580126938
0.00845060434
0.008175500711
0.008387405532
0.007987027516
0.008121740373
0.008431121355
0.008780675818
0.008477869668
0.008161527839
0.008494787556
0.008345944633
0.008355943231
0.008021297884
0.008680030322
0.008714773456
0.008077750013
0.008259418946
0.008279583007
0.008023530125
0.008435402581
0.00810800492
0.00855671732
0.008897007333
0.008357406018
0.008408233087
0.008620480002
0.008267746124
0.00845912146
0.008488397869
0.008191468717
0.008447483371
0.008227292292
0.008251978154
0.008477870135
0.008093589784
0.008166501849
0.008454995948
0.008819960274
0.008666420152
0.009225022458
0.008391974949
0.008923854021
0.008855821518
0.008240174731
0.008673389069
0.00843678755
0.008898981992
0.00814099064
0.008485779596
0.008186105063
0.008415938816
0.00863691073
0.008176975546
0.008466232587
0.008177311038
0.008093662607
0.007962483593
0.008096668846
0.008345547276
0.008663559239
0.008639320998
0.008504904883
0.008595718251
0.008066857207
0.008284447385
0.008416981114
0.007889780805
0.008163165993
0.008381857201
0.009147551255
0.008483615121
0.008390367465
0.008075734307
0.008038042154
0.008192130365
0.008719465553
0.008563201593
0.008361793811
0.008555838054
0.008246196911
0.008479987513
0.008494795584
0.00817198988
0.009064392895
0.008195645399
0.008489177979
0.008413847817
0.008886449947
0.008986317292
0.008527558467
0.008357978907
0.007999590979
0.008576239929
0.008317316062
0.00819845525
0.008174959204
0.008690701993
0.008430753332
0.008603173267
0.008490685527
0.008016633799
0.00860898155
0.008316908316
0.008652172838
0.008186143912
0.008183470796
0.008637226369
0.008341608508
0.00842983778
0.008641470008
0.008410339544
0.008093820314
0.00828822547
0.008267367231
0.008223451742
0.008445132599
0.008757427362
0.008336294189
0.008760797527
0.008211890116
0.008107348811
0.008351084242
0.008220259697
0.008740012106
0.008499909877
0.008495954085
0.008510155745
0.009311461289
0.008225365262
0.008547595707
0.008503503834
0.008287047235
0.008703910292
0.009297021018
0.008347483961
0.009121777714
0.008291648728
0.008753562703
0.008488331047
0.008379789528
0.008938942658
0.008362278385
0.008299770054
0.008270421466
0.00831560573
0.008676982233
0.008678980008
0.0081133814
0.008348086807
0.008519808132
0.00862648049
0.008305657674
0.008254197113
0.008139152856
0.00854206957
0.00833267779
0.008564213432
0.008127005809
0.008528048355
0.008369644193
0.008568693339
0.008138286708
0.009247453513
0.008614593531
0.008238457906
0.008541800038
0.008208133793
0.009044289343
0.008327905004
0.008623904948
0.008475507781
0.008544424138
0.008997260961
0.008240937445
0.008276845926
0.008181746737
0.00821344373
0.008656127776
0.00846929998
0.008484203863
0.008092363825
0.008502164516
0.00802679075
0.008296449058
0.008329567545
0.008653572442
0.008336681622
0.008584270112
0.00838025158
0.008213251739
0.009089599721
0.008468119448
0.008081791857
0.008700719528
0.008207634276
0.008126804111
0.008414999963
0.008326481872
0.008673207465
0.008889334499
0.008216844097
0.008404462063
0.008476099507
0.008286879444
0.008053803787
0.008802652211
0.008236399824
0.008003513597
0.008166472891
0.008336696246
0.008126037303
0.008276588031
0.008480392914
0.008667203744
0.008316395645
0.008064134369
0.008056640344
0.008348807378
0.008408436289
0.009009167301
0.007997759427
0.008358162089
0.008412538626
0.008342352097
0.008273615494
0.008274719224
0.008176368044
0.008170776462
0.008184202201
0.008623669682
0.008211583064
0.008512261035
0.008368267892
0.008416674441
0.008746161158
0.008456974145
0.007989871615
0.008447855575
0.008726308824
0.008550664809
0.008270458901
0.008634178427
0.008385620104
0.00852659633
0.008641210324
0.008618735184
0.008479449835
0.00849679516
0.009457069953
0.008271579186
0.008500773236
0.008350234014
0.008235954844
0.008462648978
0.008631374553
0.008593986395
0.008187055077
0.008230361353
0.008158693416
0.008797238778
0.008547277402
0.008198070532
0.008867897873
0.008188024307
0.00865953373
0.008352684819
0.008581369367
0.008249816433
0.0086190587
0.008199727028
0.008313246532
0.008388170206
0.008272182638
0.008084671119
0.008350749034
0.008097734411
0.008311610678
0.008551404815
0.008253130401
0.009514067561
0.008294577094
0.008254619297
0.008527314561
0.008907295706
0.008605219912
0.008358330455
0.008708914596
0.008205094086
0.008325766305
0.008473574135
0.008267855636
0.008566520152
0.008507657434
0.008415126422
0.008193346365
0.008165014636
0.009017515649
0.008419189516
0.008365847002
0.008475340312
0.008593307836
0.008466948476
0.008273736635
0.0083183433
0.008303126451
0.008202119392
0.008574343495
0.008585441136
0.008475314636
0.008343407085
0.008447284951
0.008379044713
0.008501834321
0.008556668517
0.008224462579
0.008884874726
0.008439628279
0.008302914207
0.008357393755
0.008756679832
0.008522043915
0.008174281648
0.008837359641
0.008022672252
0.008917508989
0.008241100078
0.008086353885
0.008498886228
0.008515803761
0.008318049301
0.008136111599
0.008374663265
0.008315042763
0.008328317439
0.008502240112
0.008405224609
0.008487493357
0.008206834818
0.00805217685
0.008369703604
0.008240537182
0.008149301249
0.008077495787
0.008489590085
0.008259723828
0.008108702981
0.00852603299
0.008461699781
0.008119840612
0.008288293285
0.008152967891
0.008334536004
0.008589184379
0.008202016948
0.008590046486
0.008395029995
0.008259978995
0.008486376114
0.008477817641
0.008382362217
0.008801031743
0.008635011131
0.008309227895
0.008487276906
0.008391746742
0.0087572979
0.008510713518
0.008649326967
0.008174377244
0.008532202119
0.0086509641
0.008514947379
0.0080746792
0.008129829744
0.008349478832
0.008972580972
0.008590835884
0.008297511013
0.008444120182
0.008239771563
0.008597798331
0.008452114651
0.008375354489
0.00834755363
0.008186906922
0.008344479026
0.008531171193
0.008281667744
0.008512800894
0.008862488826
0.008241342949
0.008447204021
0.008161149899
0.008355733374
0.00833206689
0.008757030736
0.008489988709
0.008473340005
0.008466279547
0.008287436138
0.008715518632
0.008307142254
0.008510777174
0.008910682261
0.008213294725
0.008947281091
0.00843619799
0.00865619236
0.008303531309
0.008647724995
0.008355903637
0.008284340536
0.008768827034
0.008425172144
0.008694950316
0.008369414943
0.008493595212
0.0082560117
0.008505434681
0.008202312978
0.008480600737
0.008547008638
0.008620168547
0.008266463722
0.008374771503
0.00824942304
0.008607079835
0.00824334392
0.008168977673
0.008325115734
0.008180143033
0.008097825999
0.008461334488
0.00838365016
0.008250848612
0.008237702599
0.008626557899
0.00908374877
0.008547577358
0.008402891343
0.00830265648
0.008328522459
0.008593857732
0.008511524233
0.008236493596
0.008591525753
0.008139779749
0.00828234354
0.008309713662
0.008258993586
0.008275680689
0.008731956877
0.008685364134
0.008248119656
0.008567846843
0.008349119485
0.00851159842
0.008583470244
0.008426387884
0.00867475155
0.008312359372
0.008427345373
0.008844923016
0.008336933905
0.008142929484
0.008413502517
0.008360957983
0.008256861502
0.008260331114
0.008395012679
0.008318366432
0.008379680527
0.008260318149
0.008502578817
0.008405213117
0.008505368743
0.008179450434
0.008105529391
0.008208730345
0.008685679309
0.008587898588
0.00854624654
0.008672223639
0.008295750258
0.0083299331
0.008315449128
0.008506720715
0.008237131306
0.008519974224
0.008247905161
0.008392242552
0.008420756224
0.008569513096
0.008335133691
0.008661325016
0.008902942726
0.008503355061
0.008368753696
0.008245625063
0.008593699036
0.008713045259
0.008443722476
0.008161706507
0.008222696563
0.008343867125
0.008538912795
0.008329758807
0.008327652852
0.008233158542
0.008439192375
0.008441589651
0.008566638065
0.008172592263
0.008553956317
0.008793304868
0.008258627147
0.008481450311
0.008870358547
0.008702200175
0.008571419866
0.008534288003
0.008412248723
0.008436149852
0.008319915306
0.008143133352
0.008344767913
0.008185747332
0.008264730254
0.008220802545
0.008323726398
0.008203667623
0.008493225053
0.008467877508
0.008445281242
0.008407360071
0.008420557962
0.008383390814
0.008588070115
0.008349318156
0.008709376336
0.008513503334
0.008594353611
0.008534048463
0.008162626392
0.00867940839
0.00829337568
0.008404388854
0.008575630982
0.00858570878
0.008604991838
0.008238059302
0.00855420717
0.008573225291
0.008510877772
0.008303264811
0.008325105537
0.008288216036
0.008215383594
0.008542308008
0.008461314706
0.008771791574
0.008255070805
0.008885013734
0.008433043474
0.008493310716
0.008451152156
0.008397272084
0.008321360415
0.008348459134
0.008554346425
0.008939106627
0.008604298287
0.008482305333
0.008624798341
0.008619721596
0.008659636391
0.008205625086
0.008284103764
0.008403536569
0.008370869479
0.008433301589
0.008325995569
0.008283942995
0.008322213
0.008563775353
0.008579770051
0.008460722536
0.008972504895
0.008430077141
0.00871338503
0.008657263588
0.008608552844
0.008528459179
0.008564902901
0.008438402199
0.00866589441
0.008143091042
0.008400970351
0.008597110141
0.008274188181
0.008478997343
0.008477877676
0.008353724391
0.008149816305
0.008405484533
0.008473037652
0.008454539867
0.008530053679
0.008416605704
0.008354237885
0.008355536927
0.00834960934
0.008270129579
0.008740840681
0.00904589163
0.008365474309
0.008502666353
0.008224062753
0.008290799181
0.008305488115
0.008601028663
0.008644355295
0.008534708088
0.008614271138
0.008426780922
0.008366329975
0.008431865549
0.00843943972
0.008299470262
0.008221222254
0.008231800418
0.008221578414
0.008410399788
0.008375295454
0.008235605957
0.008991026358
0.008462926062
0.008477668512
0.008547638711
0.008322346182
0.008568708593
0.008492980363
0.008424253068
0.008494959745
0.008400739046
0.008761673219
0.0081848554
0.008490358807
0.008389392673
0.008307802222
0.008297861882
0.008298821442
0.00830363647
0.008352106884
0.008382153577
0.008369830409
0.008183378709
0.008344327232
0.008510726341
0.008284676167
0.008575832423
0.008308193975
0.008427124476
0.008522462492
0.008507708419
0.008477213634
0.008360699029
0.008354770934
0.00850802918
0.008435689168
0.00818262421
0.008637522802
0.008439685454
0.008557663493
0.008360485569
0.008325658401
0.008222685267
0.008252531089
0.00828812379
0.00819631422
0.008482342278
0.00823900409
0.008330185656
0.008409869827
0.00833869112
0.008463348488
0.008480262372
0.00828183405
0.008234587337
0.008364043777
0.0084962813
0.008444262667
0.008498138847
0.0083071004
0.008287101815
0.008222859759
0.008499567192
0.008410693615
0.008207940763
0.008156066637
0.008363583648
0.008353154105
0.008239009497
0.008448690923
0.008433932677
0.008288289202
0.008654463684
0.008318340417
0.008526795774
0.008465425318
0.008292037165
0.008508511376
0.008467627732
0.008585316393
0.00844824184
0.008281508049
0.008461526108
0.008189346557
0.008470955466
0.008538933209
0.008376710107
0.008405046543
0.008335457495
0.008330030665
0.00824653114
0.008236260059
0.008298204969
0.008293347766
0.008766144086
0.00845154365
0.008309762062
0.008397091714
0.008310700494
0.008505134717
0.008504557044
0.00839394209
0.008525910894
0.008473345162
0.008387339952
0.008314985403
0.008901906869
0.008471412963
0.008458621516
0.008383010707
0.008296584389
0.008373943321
0.008310470085
0.008347980949
0.008262226311
0.008469984201
0.008246923018
0.008508411134
0.008367479533
0.008516116279
0.008400343819
0.008307075785
0.008411340268
0.008598338
0.00825278656
0.008348862691
0.008500973452
0.008382681688
0.008591163778
0.008362633942
0.008470155732
0.008417701091
0.00863763866
0.008322223368
0.008754217583
0.008586230984
0.00834810143
0.008420745874
0.008433060071
0.008592753759
0.008305180832
0.008454536233
0.008642987006
0.008381006583
0.008347963513
0.008439000271
0.008439338895
0.008435142928
0.00848532176
0.008321942337
0.008383178169
0.008286628671
0.008752624057
0.008625546971
0.008406524812
0.008401230792
0.008408441851
0.008523302348
0.008511880111
0.008469050202
0.008444428415
0.008350313654
0.008434659159
0.008383965528
0.008372652533
0.008263339026
0.008443022284
0.008414627008
0.008308089293
0.008477520043
0.008333186717
0.008487143904
0.008501893757
0.008528890958
0.008333699226
0.008634556238
0.008604197818
0.008485098037
0.008405193619
0.008310983331
0.008807439627
0.00839012508
0.008346112977
0.008558266614
0.008483119838
0.008504211965
0.008521438494
0.008587037299
0.008397619792
0.008286152515
0.008488039926
0.008360281417
0.008431522391
0.008445908972
0.0085953702
0.008648994809
0.008475373347
0.008465239787
0.008513471664
0.00830857694
0.008434449393
0.008405321332
0.008332228316
0.008304766856
0.008653575365
0.008484927796
0.008325453799
0.00839143693
0.008401671032
0.008395277363
0.008609138151
0.008470094594
0.00870205508
0.008685377941
0.008648440796
0.008557897161
0.008387204305
0.008701107541
0.008451355591
0.008759823468
0.008627456072
0.008493758257
0.008552105907
0.008469434257
0.008596960777
0.008674806771
0.008447104218
0.00855336847
0.008476732038
0.008535584052
0.008457367871
0.008425083736
0.008406815962
0.008395771683
0.00860255435
0.008417506944
0.008433302164
0.00853631375
0.008560647309
0.00858538925
0.008532804875
0.008517149906
0.008460475743
0.00848117032
0.008643082845
0.008595648029
0.008475589543
0.008586253145
0.008622676818
0.008527866484
0.008509150481
0.008639012636
0.00854733554
0.008496164542
0.008479536868
0.008525194583
0.008521224281
0.008567860041
0.008640149225
0.008521297638
0.008866397503
0.00868145665
0.008526228172
0.008577416254
0.008682485306
0.008613035871
0.008477149289
0.008493950542
0.008578082157
0.00859588028
0.008461453453
0.008609198334
0.008661382024
0.008706901786
0.008673687407
0.008645478852
0.008700858007
0.008650271119
0.008521583787
0.00857548731
0.008631756888
0.008773035027
0.008773830358
0.008570220432
0.008707821722
0.008636115006
0.00851861619
0.008506245321
0.00865664678
0.008735528725
0.008620197115
0.008686865063
0.008754407221
0.008814523598
0.008635951916
0.008566288386
0.008584937479
0.008745446877
0.008769911598
0.008618359459
0.008677610408
0.008691418003
0.008701996033
0.00868746709
0.008603659092
0.008811474951
0.008703658327
0.00876371554
0.00871295187
0.008640568264
0.008653088086
0.008788463338
0.008582079422
0.008668980206
0.008724680295
0.008870729328
0.008994535233
0.008803759041
0.008765393867
0.008778004677
0.008746398818
0.008909526305
0.008748340016
0.008730360641
0.008800418381
0.008668687919
0.008671154953
0.008793597739
0.008747200327
0.008821702622
0.008685638516
0.008779265339
0.008724260792
0.008732059724
0.008816746994
0.008710835778
0.008970252434
0.008773412283
0.008717385516
0.008827643844
0.008713323323
0.008743226115
0.008729324101
0.008776274724
0.008702135283
0.008887972743
0.00891123045
0.008850192116
0.008681573405
0.008890708846
0.008848862914
0.008862063855
0.008737547991
0.008862896356
0.008787956792
0.008788126106
0.008765770687
0.008859407948
0.008721593008
0.008827957948
0.008909251037
0.008846739858
0.008715480841
0.008814715528
0.008794922724
0.008866578508
0.008785657949
0.008827536735
0.008803820068
0.008937355431
0.008830843433
0.008857377105
0.0087527287
0.008770613574
0.008818698144
0.008845469347
0.008772183001
0.008758845857
0.008848547646
0.008726722695
0.008835470728
0.008804491
0.008797583319
0.008821774348
0.008767626327
0.008772198262
0.008856459779
0.008761834766
0.00888642224
0.00874112788
0.008801139773
0.008717080696
0.008751005136
0.008807005398
0.008892390581
0.008665067089
0.008712957914
0.008783539529
0.008730915836
0.008716077599
0.008733015854
0.008708966674
0.008808099863
0.008697525356
0.008624941532
0.008654993133
0.008642272471
0.008648831843
0.008658219369
0.008687558082
0.008607661997
0.008553736077
0.008681662531
0.008492852052
0.008526915291
0.008627964645
0.008520863648
0.008515884395
0.008477835445
0.008498469377
0.00846045357
0.00849635346
0.008467876591
0.008416791109
0.008486873693
0.008411088654
0.00838316075
0.008344794429
0.008391198147
0.008296483583
0.008270618398
0.008256283553
0.008251963408
0.008236569641
0.008238520108
0.008249276835
0.008175345962
0.008200545028
0.008155278297
0.008151722692
0.008088505714
0.008066100433
0.008118272074
0.008064906473
0.008033180803
0.008001755403
0.008033697357
0.00797687162
0.007943237642
0.007943467927
0.007909034686
0.00792168773
0.007962236046
0.007898409267
0.007830675507
0.007916842399
0.007800230966
0.007818387265
0.007821004055
0.007844449743
0.007780515198
0.007774666499
0.007757989404
0.007732802251
0.007739983636
0.007744877766
0.007740921245
0.007735829152
0.007725126467
0.007750915128
0.00773549846
0.007764404308
0.007782016284
0.007693266366
0.007727627837
0.007763635563
0.007834779174
0.007825674528
0.00780743412
0.007858140153
0.007873568781
0.007822523175
0.007883804056
0.007920868187
0.007951898398
0.007967007128
0.008012243662
0.008053173626
0.008106284752
0.008207339189
0.00821132153
0.008221324453
0.008243532599
0.008335809088
0.00833447399
0.008422880713
0.008524027446
0.008513328028
0.008658988556
0.008702199389
0.008756183216
0.008840801082
0.008934086492
0.00899016192
0.009047800517
0.009076651867
0.009275829688
0.009311080484
0.009391662923
0.00946799404
0.009583628238
0.009685335111
0.009848804307
0.01000371885
0.01007252305
0.01027915556
0.01046572933
0.01047962212
0.0107038288
0.01084273417
0.0110697515
0.01113088713
0.01146835816
0.0115266024
0.01182513173
0.01202984875
0.01217307352
0.0123689334
0.01259406438
0.01289584693
0.01307522225
0.01337668726
0.01360496618
0.01378255923
0.01403278917
0.01453577225
0.01480083057
0.01512348474
0.0156027489
0.01579336935
0.01617061475
0.01669211555
0.01700627424
0.01724268787
0.01762627801
0.01832244499
0.01860352261
0.01920405151
0.01972179399
0.0200992343
0.02078882894
0.02172138128
0.021994557
0.02287605825
0.02315136568
0.02393300459
0.02451915803
0.02585297909
0.02724652849
0.0281571085
0.02818226904
0.02886987859
0.03029629706
0.03074534095
0.03203078831
0.03273848373
0.03394432692
0.03494477416
0.03607050348
0.03801205285
0.03866398692
0.04041456557
0.04190103622
0.04303198277
0.04645600634
0.04642297702
0.04959448371
0.05236385789
0.05433913541
0.0561174263
0.05781337417
0.06075391236
0.0633235314
0.07013668921
0.07124637586
0.07437911831
0.07195403584
0.07871657567
0.07554786011
0.08181650017
0.08741441921
0.08787656259
0.09220156391
0.1024716908
0.1081155648
0.1059344175
0.1162281174
0.1103416163
0.1122032162
0.115450893
0.1258593975
0.1207978154
0.1820514179
0.1456050852
0.1463130006
0.1396928541
0.1425353602
0.169231676
0.1442292398
0.1620831472
0.1409156523
0.1646903733
0.1855921789
0.1603456251
0.2536110289
0.1863341544
0.1891275551
0.1894852882
0.1757780675
0.1830424861
0.1935915741
0.1642903675
0.2045088468
0.1707659675
0.1955763549
0.1846030775
0.2127365041
0.2339381063
0.1944355949
0.2120289878
0.1827602377
0.1842790644
0.1872157904
0.2072100309
0.1846955828
0.2098418744
0.1987851589
0.1847943233
0.1787180569
0.222636839
0.1897786722
0.2146477878
0.2048942343
0.2637966276
0.2108395211
0.2093983426
0.3019705053
0.2204174208
0.1879216554
0.229123075
0.1972901953
0.2177995269
0.214428047
0.2020955813
0.2119532161
0.2146085961
0.2127609129
0.2112265657
0.2011572214
0.2461365635
0.220967617
0.2697492983
0.230735527
0.197331112
0.1911726753
0.2319617739
0.2156000025
0.2411880665
0.2363493781
0.2074729806
0.2132909693
0.2236741924
0.2318502709
0.2096800675
0.198821478
0.2094009585
0.2329795946
0.185319277
0.2169176036
0.2003943477
0.1885105118
0.184484916
0.2650923878
0.2290515528
0.2512409176
0.2077168008
0.2215048447
0.2088593715
0.2124037492
0.2159995585
0.2028358463
0.2041907497
0.2070832355
0.324451086
0.1939418141
0.2175494952
0.3160528016
0.2358383822
0.2027076653
0.2091454565
0.265047399
0.2396866828
0.1967017803
0.2088029324
0.2233514942
0.2699157077
0.2104528306
0.233537226
0.2060553308
0.2017516322
0.2388285898
0.3419544845
0.3505192202
0.2235038212
0.2422979973
0.212088379
0.2080293356
0.2031303831
0.2290253328
0.1916222797
0.2283188393
0.2260659167
0.2166235159
0.2113405629
0.2363791116
0.4435092326
0.2389796911
0.2216921419
0.2733168741
0.2132871862
0.3140354216
0.2181740632
0.2219678664
0.216217264
0.2217712904
0.2489531961
0.2552621585
0.2160969155
0.2265085391
0.2321703919
0.260098798
0.2170715558
0.2100526104
0.2412892403
0.2295368584
0.2618591101
0.2984725703
0.1987713052
0.2290616042
0.2461829292
0.2286888461
0.2269471574
0.2109098144
0.2426493817
0.238182687
0.255021409
0.2367551123
0.3416643746
0.2916835621
0.2124282753
0.2831817104
0.2766472999
0.1988317731
0.2341101397
0.2146072077
0.2987771149
0.2449407826
0.2321696299
0.265272674
0.2316586308
0.2364981883
0.3722652292
0.2475838922
0.2506526507
0.3342970082
0.2064610155
0.2061469516
0.2798630777
0.2346524598
0.2027587243
0.269172073
0.2349792432
0.2243607278
0.248851296
0.2332093353
0.298219398
0.209200179
0.2111763518
0.2167218884
0.2001361759
0.2210137947
0.2443146563
0.2427584139
0.2105146394
0.2174589516
0.3030718986
0.1947553957
0.2149311892
0.2492511384
0.2136038252
0.2680444054
0.2072062991
0.2074452775
0.2536174759
0.2661607406
0.2429028163
0.2127710766
0.3204626226
0.198660035
0.217772269
0.2505442158
0.2153174786
0.2494844867
0.2219478945
0.2683861588
0.2346724475
0.2685618695
0.2847183314
0.2731353521
0.2565343634
0.3031935877
0.3255513665
0.2285260462
0.2500740294
0.2797253869
0.2563728802
0.266065779
0.2351319951
0.2513144307
0.651948728
0.2481371819
0.2173479892
0.2531119099
0.2356859747
0.2430332785
0.2644864663
0.2484264951
0.2444081412
0.2848534128
0.2716497921
0.27789347
0.2405307163
0.2598089322
0.3053822063
0.2193767481
0.2631909836
0.2608286932
0.2247415351
0.2703927316
0.3206429577
0.2339355484
0.2851781842
0.2352501766
0.2727363738
0.2369240083
0.2452215218
0.2617408317
0.2551888357
0.2407736406
0.1940610098
0.3156431583
0.2733916113
0.2720653246
0.2269719636
0.309713775
0.2358646868
0.2419837409
0.2629079309
0.2886176234
0.2878344492
0.2267167002
0.3671354056
0.2554360689
0.2250828953
0.2138362997
0.2348963221
0.2238257411
0.2217181154
0.2771069319
0.2238382487
0.3072512362
0.2276896016
0.2700858824
0.2709772834
0.2647452977
0.3125096044
0.2550799405
0.2423814324
0.3194427487
0.273873638
0.2878795284
0.2433579612
0.2569953619
0.2624097753
0.2863460976
0.2771311202
0.2592774731
0.2897332108
0.2981916785
0.3078702246
0.2952335281
0.2215371412
0.2704477562
0.2887364045
0.2303876567
0.2397065821
0.2370476112
0.3515246051
0.4550913057
0.2374552986
0.4527281084
0.2503723346
0.2334832594
0.2575319467
0.2156974199
0.2024837909
0.3272576854
0.298500224
0.2312130891
0.246157456
0.2029094818
0.2457374063
0.1978985728
0.232858419
0.2597868334
0.2536951915
0.2778088397
0.2121611769
0.2937982026
0.2732943498
0.2323257419
0.2260180332
0.2167011331
0.2271204996
0.2750289947
0.2394750779
0.2429796845
0.2811184361
0.2060114713
0.2490132376
0.2250522151
0.2172344675
0.254201918
0.3102943248
0.2507009657
0.2506903871
0.3312248443
0.2665042641
0.2263727649
0.2318951298
0.2387882222
0.2660616776
0.2327931377
0.2225771612
0.2594501896
0.2683560194
0.3448405892
0.258957702
0.2236410756
0.2264939461
0.2474864357
0.2522975093
0.2760591449
0.3483886196
0.2549739027
0.2611076266
0.2824432636
0.2275115538
0.2334824405
0.2106620535
0.29188181
0.3180291314
0.2733460751
0.277344782
0.254390815
0.2464296816
0.3092154378
0.2531782976
0.4569334108
0.2380098876
0.3148950944
0.3548650389
0.3038031158
0.2823363803
0.2874306313
0.4334319978
0.3391975302
0.3582338981
0.3465803933
0.5502726368
0.3069860602
0.2733461723
0.2785511895
0.2842961203
0.2848593898
0.2774418735
0.2772843994
0.4833507663
0.3008331848
0.3003966536
0.2914524526
0.297137495
0.3800418474
0.305269751
0.2687572637
0.3366864794
0.2553090236
0.2669450967
0.2985456258
0.253229112
0.2636894559
0.39507601
0.373482379
0.248837512
0.2355262732
0.2717371588
0.2444648964
0.2848898876
0.4244373423
0.2489491223
0.3722321392
0.3087895356
0.3097182441
0.2398889984
0.3210543842
0.2515846841
0.2906339306
0.2927770745
0.2602189317
0.3665040469
0.2706297744
0.2416006951
0.2524603295
0.303864612
0.2256206157
0.2432411795
0.2609716739
0.2700488507
0.2813911676
0.3177020246
0.2633743833
0.2683543771
0.2643066077
0.2602260609
0.2821261216
0.3082334132
0.3310746627
0.3779794926
0.2813277013
0.3523090381
0.2555523502
0.2562236715
0.3088844148
0.3043251866
0.4805871993
0.3098062633
0.2747948374
0.268124767
0.2485296741
0.3291726043
0.3376536625
0.5672902476
0.3106013477
0.2819462057
0.3656673771
0.29934834
0.2997100917
0.2833292945
0.2907214603
0.3158802857
0.3810292964
0.2627523738
0.2949289169
0.2802800271
0.3374314545
0.2744418516
0.2671526774
0.3613926104
0.2556297156
0.2873283087
0.388547655
0.4131337117
0.3304932922
0.2643051267
0.2757299581
0.4607313607
0.2901564802
0.2538927124
0.2972143628
0.4255918924
0.3710302978
0.2551724974
0.4096207933
0.3435293946
0.2961326186
0.3349514199
0.3641186008
0.3207993205
0.279201993
0.4303538151
0.3035502498
0.2994558244
0.2466397299
0.3053258954
0.3196079796
0.3258220667
0.3420600359
0.3043623642
0.301123216
0.3032845957
0.328587072
0.3398155837
0.314742938
0.3167045204
0.2612203927
0.3001049331
0.2731998549
0.3552326787
0.2731996759
0.336974456
0.3529391262
0.2800661879
0.2985224005
0.3748863158
0.3801649034
0.3095581054
0.2892612048
0.2951225099
0.583689494
0.2827594793
0.314455214
0.4225157878
0.3245735571
0.316091246
0.4784243615
0.3516100343
0.3402721165
0.3789768985
0.2752210816
0.2948596896
0.4355342382
0.3550418381
0.2968502479
0.3123180256
0.3520175978
0.3527433837
0.2848699901
0.3251528486
0.4039588014
0.3318900159
0.3165262381
0.2624623937
0.2771451184
0.2804825617
0.3737869157
0.2564799214
0.2630281615
0.3094013054
0.2983362584
0.3149474988
0.2919807178
0.2835530401
0.3137936912
0.2675609549
0.3050863606
0.3482232133
0.3467863587
0.2834657189
0.2977281675
0.3337317653
0.5697252985
0.3496997374
0.4139500202
0.2965253754
0.5316417257
0.3048531059
0.3823706447
0.3119108173
0.2443827917
0.3150288552
0.4557437719
0.3907888733
0.3141634104
0.3831175491
0.3622108048
0.2891969227
0.4142015206
0.2837787595
0.3408204975
0.3105913468
0.2717047242
0.2714376082
0.3476317595
0.3017211373
0.3188722721
0.3479520495
0.3646822351
0.2821340065
0.4222522014
0.2519808403
0.3156829004
0.2908967503
0.3117059471
0.4024826488
0.4089837248
0.3651806847
0.432824976
0.3774507783
0.5441153575
0.3605541392
0.4182745084
0.2780199513
0.3006023564
0.3411099071
0.3823182108
0.3498183698
0.4030493615
0.3105354968
0.3844560824
0.4023218716
0.3552106372
0.4940688932
0.3001642379
0.2960146876
0.2981642816
0.3100816413
0.3130001209
0.3362647048
0.3334975929
0.2737973898
0.3320208685
0.3099097653
0.2810805801
0.3181126307
0.3003532962
0.610626235
0.3463390056
0.3740526302
0.366333377
0.3275347102
0.3095131004
0.2779203824
0.2675357647
0.3200854497
0.4216554922
0.3427819173
0.2523383601
0.354345498
0.2757595184
0.3226642981
0.349970937
0.3585759034
0.3638651199
0.3224808775
0.3544947791
0.3317586522
0.3259153347
0.3001783546
0.506286892
0.4033617246
0.3114345832
0.431351403
0.290017587
0.3387665475
0.3011983996
0.2910227528
0.2523026695
0.3420701316
0.3248146943
0.3051424653
0.3195588737
0.2703650674
0.2860823648
0.2769905796
0.3277127431
0.4351452294
0.3751668125
0.3521510671
0.3800750016
0.3813608426
0.3358514895
0.3038916016
0.3001213719
0.3763428639
0.3104796015
0.3129392514
0.3008228433
0.310132145
0.3895433784
0.2995327625
0.2967344214
0.3275284541
0.5267276587
0.3363163825
0.3393436873
0.3071738087
0.3619438035
0.3754035035
0.3429144787
0.4421143729
0.3335556058
0.3406192263
0.2884626271
0.2991989214
0.4444992921
0.3003581817
0.3358190279
0.3018973127
0.3869971567
0.2912228318
0.3906368879
0.3604547539
0.3502854807
0.3664127472
0.3587924155
0.3898153093
0.3734353892
0.4025357793
0.2771105719
0.3919248888
0.3586246328
0.4252458798
0.3698412117
0.3132492018
0.3906250943
0.3329197178
0.2882405328
0.3075699106
0.4117480346
0.2937247465
0.2868817139
0.2954792039
0.3121059604
0.3461224526
0.3773030281
0.3325621174
0.3695949602
0.347966637
0.2769667089
0.4223191549
0.4607160743
0.2659686826
0.4606364747
0.3223166487
0.2877677954
0.2863527476
0.3534528575
0.3450458701
0.3129178301
0.3033941757
0.3232091027
0.2834611295
0.2674287892
0.326574488
0.322333924
0.3351795036
0.3516827148
0.3504186887
0.3054088762
0.309005824
0.2875048553
0.3602027473
0.3550308999
0.3668203109
0.3415498433
0.3087761605
0.3606083675
0.3486149104
0.3166968642
0.3262984983
0.3118448958
0.3475605748
0.3658164264
0.4052169331
0.3547458803
0.2719038778
0.4539086389
0.4252216599
0.3507726008
0.3224712951
0.3288327082
0.3249905221
0.2886618659
0.3695299311
0.3564392932
0.3384288009
0.3074660965
0.323534614
0.3848469837
0.3429287418
0.4687332185
0.2950465088
0.3586887311
0.3298686225
0.3428212661
0.285584132
0.274935698
0.3639121355
0.3781070506
0.3267755034
0.3851311896
0.299352334
0.3406131914
0.2996615368
0.3675701857
0.3567742405
0.380989715
0.3140299262
0.3317085782
0.288045593
0.2728938014
0.4265627699
0.2784441368
0.2960326165
0.2905650613
0.3434440557
0.3306125309
0.2609941197
0.3415136088
0.3993214279
0.3092801092
0.2640012692
0.3548870053
0.3163859389
0.2813282237
0.2765491538
0.2853045918
0.3095492092
0.3445007049
0.3553141495
0.4592391669
0.3962861938
0.3409296685
0.3451900634
0.3661022644
0.2851580983
0.3197406181
0.3493400551
0.3178903306
0.4120071695
0.3635103357
0.4746634723
0.4061507715
0.2970135268
0.55193205
0.3244624142
0.3232012822
0.2747266586
0.35029398
0.478150035
0.3741852416
0.3468437366
0.4156533288
0.359962027
0.3661554231
0.3667347579
0.3736708793
0.4335359003
0.2989340786
0.3104504388
0.370629802
0.3176456522
0.3690281719
0.4308706224
0.4144942785
0.297554785
0.4443037839
0.5921909234
0.3663592762
0.3655782436
0.3614541655
0.3321630882
0.2746747507
0.3767497952
0.3244325449
0.385241972
0.3726513263
0.3314765306
0.3884253505
0.3749138346
0.4532542575
0.3702151646
0.4767602085
0.2799440775
0.5060847053
0.5521296602
0.3463829621
0.4464504249
0.354053289
0.3588717058
0.3778946784
0.3323102001
0.4713070569
0.341567322
0.3329745698
0.3307312401
0.3332287303
0.3310751268
0.44125124
0.4333659591
0.2982442391
0.3710218957
0.3585815791
0.298381017
0.3197275767
0.4256808534
0.3265935814
0.462918797
0.3174345065
0.4169322602
0.3624659687
0.3492970396
0.2986918236
0.3831101672
0.3339414852
0.342920885
0.3223175839
0.3130803178
0.3247912471
0.4884041124
0.2869556867
0.3672461017
0.315587406
0.2620455453
0.3269977537
0.3157566919
0.3429411397
0.3556437774
0.3629681464
0.5415415295
0.4427758088
0.4779437812
0.3188314497
0.3559850095
0.2775436347
0.3430457008
0.3724919487
0.3568590811
0.3715268007
0.3243372681
0.344183207
0.7272912587
0.3952182942
0.4290714758
0.364782427
0.4024021702
0.6840513667
0.3890630528
0.4029713198
0.5480586213
0.353058856
0.4574585177
0.5647853913
0.3245721563
0.4109192843
0.4055012516
0.3077079636
0.3570513013
0.3161370983
0.6894277045
0.3403391454
0.6606539039
0.3881289699
0.4232992877
0.3138291844
0.3446006081
0.384367169
0.4338556246
0.3515577715
0.3268233384
0.5000138184
0.3312246868
0.329748801
0.4514268118
0.3758793961
0.3613872104
0.3758482655
0.3310257029
0.4362724071
0.3011748479
0.3313460925
0.3725757343
0.413264947
0.3194874325
0.3385780326
0.4446932908
0.3388395671
0.2982275577
0.4530827779
0.3494247984
0.3470704274
0.3606933295
0.32815329
0.4608592596
0.4396078449
0.3907347795
0.3865276597
0.3528056059
0.4504714833
0.3493707797
0.387287408
0.3890898911
0.3416028778
0.3925345083
0.3806608426
0.4103770276
0.5380325576
0.3121037535
0.4248037853
0.3704079723
0.3883413784
0.390153391
0.3949133079
0.3459152165
0.3592205568
0.3854750466
0.4639449925
0.3721475353
0.3709446609
0.3934207982
0.4481052027
0.5093221104
0.3548907695
0.4209526809
0.4498989036
0.3327170058
0.4435114498
0.4028913012
0.4734565397
0.4389565475
0.5818898479
0.3345904037
0.5619574291
0.4943986214
0.3938006776
0.4242851265
0.4158735368
0.5487584407
0.7385616534
0.480089705
0.3868054343
0.3795655614
0.3766934349
0.3094477768
0.4087311805
0.4286190393
0.327711549
0.4645212788
0.3407488662
0.3947925174
0.4633793925
0.4192934524
0.4003088787
0.4282571729
0.4845709568
0.4214078131
0.3697386452
0.3663154465
0.491417205
0.5574064411
0.4752527496
0.4186673068
0.7229205427
0.4045147402
0.359719139
0.3727311595
0.4048210575
0.3111139786
0.5089160949
0.3995634519
0.437426059
0.3912009591
0.456437862
0.4847171049
0.4427906411
0.6337202767
0.3755146877
0.3294180694
0.4158028266
0.5064413507
0.4238757129
0.4263357011
0.3465011551
0.4049927603
0.35248676
0.6658248209
0.3730301997
0.4414392156
0.4235240266
0.3567987487
0.4918563787
0.4712095381
0.511239547
0.3483393651
0.4712830436
0.3705188458
0.4751736209
0.3907506969
0.3379718725
0.3136536895
0.4698609383
0.5065362696
0.5408709742
0.3628896402
0.5019585794
0.3768053216
0.3934575887
0.4034135534
0.4680316455
0.3943212983
0.3934514142
0.4443421483
0.4027436051
0.5871809806
0.4812841801
0.4726594099
0.3739793391
0.5756440296
0.4775942779
0.3610507846
0.5292274318
0.4688473132
0.5263440298
0.4374385361
0.4176610183
0.3813772577
0.4040132983
0.5779710998
0.4574919501
0.3884465911
0.4202312851
0.3833890167
0.4867097539
0.6073224993
0.4400303241
0.5239182409
0.6734651755
0.623175733
0.500697808
0.4324035584
0.4317800847
0.4862532052
0.5995036622
0.4713876222
0.3578508767
0.3863648469
0.6269843122
0.408286965
0.5479648481
0.4501675516
0.4694314081
0.492619025
0.448105813
0.3794238565
0.4122420376
0.63060367
0.4585481724
0.434807586
0.4941352733
0.4377073481
0.5989079691
0.3584417359
0.6535588772
0.4164875697
0.4623759443
0.4994343108
0.4931345221
0.4769736987
0.5564771995
0.5798437697
0.524034864
0.5942026789
0.4421494141
0.484788921
0.5122250662
0.5644784241
0.5811557345
0.3844662875
0.5603158628
0.332410215
0.3745792703
0.5452399294
0.466159338
