#################################### 
# Matrix Size= (25,25,400)
# Resol      = (1,1,4000)
# VoxelSize  = (25,25,0.1)
# nbVal      = 4000
#################################### 
4442.282544
4396.243596
5346.16301
4644.56183
5611.431291
5415.787478
5840.084467
5908.888079
6163.870861
5905.316487
4720.978541
6192.864332
5582.667413
5768.67151
5321.465192
4678.28223
6870.598115
6276.110325
5282.977497
6219.616329
5521.592963
6283.894373
7479.013492
4839.927829
5051.957812
5090.170895
9925.05905
7537.491213
9648.795904
6134.27977
6326.946074
6301.89787
5081.163078
5327.700761
6408.421186
5773.248604
6375.121752
7613.523292
5517.918337
6424.211157
6687.565666
5603.177494
5443.491528
5423.914933
5474.739522
5765.729879
6736.659088
6647.017121
5388.060011
5952.102763
5778.366037
6210.358616
4836.695768
5356.916332
7010.222591
6559.231298
6224.334649
6788.934456
8500.412134
6648.959216
6702.513874
8776.844679
5119.906373
4971.432451
5828.467463
7075.768075
6766.231022
6690.917525
5979.366395
5407.054635
4906.527252
6242.406784
5250.914867
6332.49518
6824.369975
6091.384636
7142.249451
7090.934671
6703.707884
7903.488017
7169.110052
7194.564355
7799.416449
6063.884203
5753.361999
5470.950794
5981.923247
5323.307435
6187.488756
5697.879366
5683.780486
8858.141853
6007.51337
5554.787101
5157.886585
6875.589164
6746.505711
7694.393472
6005.861187
7074.214578
5088.973452
5219.398214
6195.655936
6137.784664
6010.944916
6701.922865
5570.17039
6477.610793
6946.809296
6119.290496
5844.619506
7691.024833
7827.927257
7732.440626
5610.295129
7331.741256
5381.488019
5970.609293
6358.91606
6824.65007
6150.759317
6557.956777
5491.226733
6142.120358
7303.700017
5965.780286
6279.447874
8630.482063
5615.439271
5893.547244
6606.117953
6824.309822
6691.44581
6658.208237
5695.654789
6059.290359
7139.328493
6035.968977
6317.634496
7242.56162
6346.803485
5622.163292
7130.436565
7465.09231
5702.758705
6634.705364
6147.802734
8312.222126
7278.578948
7348.07628
6853.555326
6367.572794
7073.683354
5688.845778
5828.358754
6813.340911
7912.355692
7571.347303
6030.640826
7192.26314
6427.759181
6306.703459
7086.662856
5811.043981
7125.265272
6352.143472
6398.388975
6404.699362
7946.812061
7849.724509
6671.4557
7346.762642
7530.170979
6554.178905
7335.954228
6214.220826
5353.894271
6232.38072
5391.226603
6055.996012
6710.611426
6552.712468
7021.65749
6728.435268
6421.50996
6277.200017
7037.884839
5720.647002
6220.100568
6906.136866
7211.751816
9747.928756
6384.363167
5849.633287
6586.671975
6680.759948
5996.341152
7950.549534
7390.542069
6264.878638
6376.055472
7185.662483
9144.816161
9017.910343
7805.114033
7611.81579
8142.14463
8016.795087
6007.577421
8585.865932
7763.323527
8529.439352
7084.714119
7647.467054
8026.15482
6438.18284
7628.426629
8137.487453
7024.151037
10999.96858
7542.629551
6373.513442
6375.810146
6117.063212
6065.774157
6846.239467
5647.766069
6118.532118
7132.019135
7433.702404
5685.625136
6085.587428
6235.369318
6411.944608
7507.29574
6038.216994
6397.657165
5859.225302
5854.871919
6118.559746
6398.745983
6565.634776
5579.482946
7206.304176
6894.159439
7217.297076
7190.311352
5903.879305
9359.123533
7471.973718
6405.353912
5996.346988
6331.64904
7478.699653
6091.704498
6952.396482
5867.895558
6850.340653
6835.030193
7261.640635
6611.741402
7663.907987
7608.688054
7104.891687
6876.314736
7712.491003
6321.260218
8233.554844
7443.260882
6174.333923
5773.019428
6107.359844
6713.264362
7347.639365
7476.251001
7392.565296
8058.459218
5842.867137
7337.565606
9569.003588
6480.423685
6175.943052
6205.493639
8165.319326
6986.148301
7941.59988
7505.554511
7637.518229
7046.208323
7162.362057
8136.579479
7943.110597
6632.604141
6570.945451
6552.343352
7999.173207
7208.110806
6674.211976
5951.847836
8334.429947
6502.055415
7784.742596
7712.890913
7505.823409
6677.078796
6984.498667
6465.568434
7257.389949
6732.794844
6686.278489
6042.81252
6326.70417
7671.087839
7237.519957
6053.506949
6782.593566
7800.498777
6966.352783
6769.684605
6745.010613
6834.427173
8151.822214
7906.702993
7745.494163
8020.717207
6557.98216
8169.142833
7527.54128
8192.140558
9001.283447
7018.329703
7448.20019
5956.849768
6498.116849
7447.885027
8335.350461
7027.558809
7218.790836
6622.641837
7178.420982
6636.509805
7341.885469
7525.68014
7735.141306
6606.970776
7955.794167
8743.345515
7506.73021
8354.715806
7054.306773
7784.933348
7554.864756
7417.806237
8212.397603
6592.526719
6906.264123
8683.381511
6217.287512
7554.806739
7398.14898
6482.347709
7268.208965
8585.484564
7234.209365
6318.410495
8202.589958
7394.44857
7366.391565
6642.536041
8260.991713
7157.108952
7536.643397
6724.379824
8442.194928
8433.712942
7952.658904
6642.448045
7439.065435
7688.111942
6149.115889
5807.582092
5638.019031
7328.247
8221.382654
7460.55688
9378.026512
8094.257072
7510.577565
8348.485562
6675.984647
6026.196867
7315.440283
6316.445595
8518.246823
7870.098917
7351.623884
6552.599744
7878.972861
7753.297494
7172.646403
7430.678856
7391.566725
7794.940036
6763.814106
6358.073493
6408.108222
6742.702968
7931.734386
8328.13825
7026.425126
6546.455699
9074.065697
7989.561556
8422.263167
8372.635019
6633.083591
7864.751231
7716.664407
7496.024881
7680.675016
6368.923976
6700.608501
7566.969132
6696.732922
6243.079184
7382.591614
7251.04628
6457.939356
6997.782486
6587.893925
6954.815805
6854.855844
7147.151243
7412.984652
9530.297022
7184.511861
6492.583366
6534.204889
7164.797734
7812.32558
7409.458368
8098.417224
7236.667564
9704.831266
7616.724635
6964.803063
7315.008545
6655.655723
7244.001622
8157.237858
7707.770559
7294.533596
7291.908484
7606.677058
7281.668739
7021.630713
6962.165845
7425.487416
8876.379844
7660.055702
7426.173636
6951.872904
8072.23219
7697.523198
8911.973761
9797.057533
8976.849677
6721.164613
9806.584422
8302.371496
7493.383455
6211.521174
6360.308799
8233.735242
7560.440931
9021.110677
7519.092734
7195.591402
9055.062729
8715.661118
7252.043403
8386.182976
7043.8611
8636.836401
7891.824195
7211.066519
7459.550754
7006.738636
7613.805958
8194.802056
7150.32955
6890.265136
8025.728323
6428.972858
6627.987843
7388.554078
8776.240499
6897.125105
6357.719103
7064.507121
6909.52794
8451.209594
6731.631029
7921.286408
6557.950798
8568.716035
7429.895922
7373.721802
7250.369565
7414.714866
7314.355464
7534.846769
7057.097528
7213.791957
7459.366041
7279.922785
6630.591166
6075.411282
6568.048606
7918.701964
8713.613588
6904.516978
7920.019393
6898.996368
7239.4942
6956.329839
7555.049097
8291.374488
8556.32944
6562.521657
7946.413613
8990.384287
7017.899356
7484.988956
6945.849388
7095.545874
9286.837911
8935.941366
7514.239449
9171.672119
8236.060897
10098.04525
6835.111131
8480.22903
7006.830753
8521.474003
7767.116083
7632.814521
7813.314517
7058.668283
6734.763443
7606.116363
8600.058193
6985.380653
8201.26394
7262.437493
6930.116619
7299.07043
7385.142252
7102.476305
7553.962314
8403.322008
7579.515363
7857.688594
7570.448995
7322.128873
7902.076281
7384.63073
7548.538624
6131.037924
7943.336958
7580.51665
8746.442737
6731.731021
6944.571866
6677.409756
6110.867656
7369.823786
6400.264354
6833.207872
8086.164761
7307.773345
7726.439162
6360.765688
7954.193059
6899.64194
10673.68298
7943.057728
7750.953167
7206.741842
8914.428423
7237.597211
7685.513641
8702.923849
8021.624826
7297.130592
7410.448845
7079.08174
8039.191538
8227.052475
6943.044035
9539.062768
7406.944385
7631.075115
7475.045387
8048.371687
7917.497239
8718.98354
7369.702851
7489.796931
8079.414393
7328.894886
6952.509309
6362.864728
6905.765238
7533.939797
6586.163046
6724.769037
6276.108516
8375.871706
7447.690371
7575.92591
8002.95602
7115.618994
6784.757876
6786.583725
6705.038457
6855.508746
7967.065906
6706.246013
6712.646824
7923.764068
7192.966779
7129.813066
8450.616177
7708.649118
7753.579715
7881.467575
6202.383757
7452.235164
6344.843607
7440.112797
7799.085669
6680.971929
7043.193722
8308.421844
7448.35931
9795.009219
7632.095093
7597.415063
6495.134959
8232.594556
7108.607325
7590.100697
8527.106349
7409.826851
6630.588576
8559.780493
7912.600685
7373.351542
6994.693166
7345.732928
6560.545646
7293.184726
8053.654399
8249.195609
8146.991379
6527.682065
7673.679188
7294.217011
7327.679189
7642.126192
7701.192258
7900.077822
7471.613979
7529.691167
8182.473835
6811.276483
7553.877367
6930.275916
6786.090253
7944.086262
6597.137536
6769.30837
7799.863949
7509.213247
7722.93371
8471.826197
7106.311912
8161.987194
6852.031727
7186.280672
7955.336089
7300.443366
7405.751051
7435.739156
7594.981413
8875.324106
8644.989536
8167.238216
7357.600006
7172.998608
8194.84684
8075.96714
7397.491988
8049.72989
7900.004829
7820.703067
7775.106158
7349.490224
8077.346256
8016.00365
7381.110363
7280.520741
9190.625817
7855.077917
8383.443828
7339.802538
7005.707762
8410.669348
7843.63783
7926.274054
7963.210759
9880.056964
8225.003102
8438.970339
7289.273897
7866.681747
6728.55446
7797.543089
7315.194768
7950.152894
6977.497773
9110.649474
8751.76826
8556.811777
8602.052439
8577.96243
7040.087467
7615.195678
7712.477958
6897.102358
7303.235949
7963.614486
6706.35536
7469.221032
7651.489011
7944.796411
7623.829085
8497.017852
7560.725268
7327.474672
8275.160416
7422.347045
8603.608396
7611.168867
7819.855741
7813.13288
7727.300351
7382.867902
9046.297311
6921.043457
6411.404899
8191.348377
7321.114559
7411.130828
9452.673539
8696.098409
7195.716198
7872.566629
8057.000337
7622.725758
7641.840243
7510.956784
6552.405256
6945.53892
7081.755167
7818.102596
7387.736171
6928.664082
6935.163024
7146.977267
7713.633585
8425.730512
6887.186877
6431.182277
6186.914634
6963.418719
6836.921222
8804.081394
7410.337963
7182.672187
7421.957649
7213.233733
6457.598112
8754.093269
7483.854664
7810.671586
8029.312186
6899.693469
7277.912035
7123.702407
7915.850976
7215.739566
7737.008897
7472.483323
6906.2638
9364.73455
7887.236202
7611.098128
7393.529642
6971.843262
7075.487685
8017.164856
9449.378918
6815.153559
7967.212493
6556.506501
7439.549518
7235.108091
7660.124793
7095.411289
7195.897716
7470.883014
7579.952521
6872.864803
7732.894949
8042.478696
7198.073438
7048.138936
7132.275992
8004.379454
7505.001804
7627.430727
7167.482143
7974.03224
7490.103984
7256.412921
7457.310637
8473.535941
7395.563243
7607.395208
9280.868776
8510.245835
8172.978276
7671.398185
7429.894214
7127.457436
8726.534696
7555.011541
8307.397921
7604.746499
6874.56401
6873.856962
6770.315934
7501.639432
7848.92633
8857.230876
7282.914279
8288.960123
8072.726456
7726.574878
8057.227146
7291.994703
8424.434621
6785.477907
6996.853162
7463.381578
7485.7999
7315.367124
7242.105545
9382.592153
7085.636073
7050.855368
8048.571627
9031.495013
8138.469882
8150.586111
8336.049612
7906.808842
7567.982679
8538.659612
8335.4671
8023.33257
8542.331697
7915.540619
7080.692105
8310.285618
8920.304343
7702.448223
7311.719057
9285.22331
8044.615503
7772.552365
7378.393424
7858.210212
6961.373765
6584.448153
6354.459185
8847.587804
7811.734694
7214.580298
9182.160227
7396.843068
9077.277102
7630.867986
8799.015717
7964.672283
8100.217247
7560.306724
6915.873663
6542.359993
7856.847045
6651.854373
7060.385894
8882.466137
7335.886949
6916.579343
6722.593041
10730.11225
9466.895123
8588.501321
7859.169071
8185.424824
7313.760636
7033.526507
7612.439642
7011.34139
8142.565669
9383.559815
6752.802778
8368.657296
8283.0285
7470.08296
9087.064837
7748.300665
10014.79457
9501.409123
7664.06213
8269.992096
7602.860343
7389.403137
8591.706707
7949.069368
7497.428979
7733.414128
8709.770819
7827.636577
7474.402525
10049.15124
7411.49274
7243.244595
7483.584016
8331.531716
7270.69929
7773.615233
7099.864115
7262.502541
7885.044817
7002.674274
7774.620248
7017.688996
9708.589223
6910.063615
7400.602768
8393.935481
8260.863209
8429.118788
8221.949554
7785.772055
8254.687817
7539.001536
7890.559807
8007.522477
7212.317156
9582.673265
7670.438335
7616.41336
7477.78748
7662.478312
7538.024517
7314.703014
8285.365658
9497.077316
7317.132474
8608.318034
7633.025234
7957.415219
7478.889223
7759.370838
8420.896195
8773.167497
7382.179806
8008.228112
7026.300832
8616.549953
8023.554173
7566.4126
9796.003029
9248.252303
8399.795307
9052.759116
7884.939584
8569.951482
7017.381152
9862.498564
7075.20805
8041.87044
7500.986719
7359.321058
7597.247039
8571.049644
9592.485545
8952.404548
7657.215123
7484.963554
7316.650751
7111.956046
6851.200992
9850.724708
8272.022034
8319.773651
8070.497024
8435.1564
7731.440943
7348.788183
6618.253899
7130.505851
7413.655586
6826.577502
7572.609235
8469.727517
7423.463394
7063.108751
7726.08228
7222.116543
8852.429183
7348.608565
8237.291239
7612.234858
7993.994567
7503.946849
8745.457011
10594.66692
8327.747566
9548.173373
10358.21443
8831.053724
8597.535392
9455.36123
8006.207825
8269.173422
7553.55431
8559.215854
7253.664244
8096.039796
8135.303948
8655.171215
9047.733076
9050.848134
9382.655646
8156.817683
7836.220476
7084.336319
8220.666677
7460.036873
8212.872192
8005.675591
6819.984831
9978.153532
8212.261197
9789.456149
8165.964563
7241.164591
7360.191581
9191.142655
9009.558227
8758.569067
9023.605507
9693.379317
8767.962769
8074.650289
7419.868872
7232.804947
7123.108458
7892.737731
7210.918443
7304.338272
7981.242284
8367.195057
8289.193847
7913.769219
7943.291193
8656.03121
7911.760241
7843.170326
8293.570118
8191.940966
11973.43727
8409.160072
9004.171896
7588.175509
7803.837022
8314.840991
7295.912213
6880.723826
7002.966379
9485.919366
8236.93103
9831.662846
9235.730421
7545.317761
7538.985356
10061.02388
7542.513124
7302.142318
7570.05292
7313.078882
7922.263221
7535.167454
8468.925607
9516.469901
7890.322357
9323.567984
8415.2966
8331.61338
8527.975827
7270.022424
7622.364239
10602.65584
8390.850076
8002.872416
7379.206371
7947.363029
7588.092769
7907.631291
7418.772698
8558.040512
7616.118927
8918.632783
9363.234926
7514.809005
8024.945963
8055.13867
8609.485921
8458.499938
8828.240295
8726.939359
8178.243705
8909.588477
7732.176442
7966.47862
9216.123328
7764.661147
8564.009729
8192.783674
7688.881735
8922.059634
11272.87875
7488.129893
8071.97752
9273.592207
8057.033379
8602.493477
7711.809271
7507.021146
7638.776485
9140.075073
7957.248549
8166.287271
7518.333196
7151.256652
7178.654431
9157.741697
7440.773123
8242.94623
8343.718224
7912.668964
8297.48955
7922.218357
8263.046331
7882.162239
9272.824076
10469.50986
8562.313651
8328.492316
8539.587033
7419.270908
8179.362958
8450.586466
7590.348108
8313.357997
8072.084566
8943.609898
10120.48752
7378.624664
8677.315473
8849.390452
8438.269737
8595.252495
9501.977507
7799.295485
7785.892284
9325.693776
9482.38401
9250.397295
8755.136999
8483.12534
8816.509804
7859.7884
7577.612698
7233.267703
8275.841221
8016.198812
8841.294675
8932.264876
8874.961148
7703.926892
8261.993393
7252.743212
7224.466875
9402.640597
7785.876213
7845.696388
8157.302352
7541.956192
9850.580602
9048.775297
9887.097446
9046.496818
8523.128764
7366.104203
8562.47607
8166.298735
7781.389463
8063.240484
8520.832889
7995.388434
7404.330819
8517.22335
9842.121865
8489.88658
7421.083571
7563.76277
7668.171414
9262.316508
8044.004626
8814.651503
8590.677509
8920.680173
7920.129276
8300.623359
8624.295406
8841.191914
8651.435066
7708.118353
8426.582732
9242.122134
8908.354827
8874.047309
8444.286693
8052.081021
7899.614555
7756.356035
7215.721227
8420.336845
9993.944961
8168.81607
9717.064405
8490.730999
8685.139488
9978.106882
9579.958375
9639.314178
9312.659096
9662.623596
9550.472497
8437.942534
9597.679488
8190.341908
7843.992416
8833.829148
8908.013006
9222.012518
8610.102689
8885.510759
7485.517842
7974.395962
8551.786974
9551.71132
8204.339271
7612.755638
8134.608373
8514.733116
7792.53597
7642.903946
7775.209204
8362.40951
7616.172872
8111.782688
7969.439597
9518.596388
9799.951742
9952.793479
8791.041072
8761.485436
9907.909345
8659.122981
9465.639087
7679.455274
9774.818443
7933.029169
7795.533332
7951.534409
7693.189228
7298.596435
8670.847055
9444.112542
8550.572542
9239.629964
8416.72566
9535.234239
8630.681701
8109.545192
8370.964132
9051.350435
9201.10202
8105.52415
9143.16092
9042.949728
8896.562707
7581.827771
7456.558282
8683.960603
7887.792896
8052.139056
8766.596977
8472.421059
8582.095668
9606.691958
9273.066128
8409.18749
8810.210305
9978.297297
8825.256604
7867.28157
8350.967782
8604.545591
7990.57882
8391.695963
8693.702112
8958.474413
9533.808708
7364.735194
8445.299505
7303.103996
7962.248684
7733.118705
8226.234493
9573.86196
8504.208902
9635.48462
8905.507342
8404.992636
8918.961852
8191.083714
8542.645105
11208.31934
8292.998454
8167.987938
8430.405116
8169.552356
8371.115802
8997.995039
9422.812503
9095.550004
8452.38401
8293.125504
11965.29572
7960.154783
8403.466303
7538.184625
7895.807202
7903.389631
9260.731491
7979.287037
8403.019757
9991.671333
8217.658371
8074.65187
8527.043863
7538.12589
8834.880518
8987.204628
8674.059708
8026.92608
8488.087501
10079.26808
8350.56988
7780.039413
8279.367587
8115.836078
7874.833074
9087.180102
8751.91174
8213.572737
8787.19885
9380.426268
8457.185102
8725.789292
8593.706035
8454.617414
8570.95904
8203.279424
10288.36142
8549.853589
8200.697732
8053.736312
8320.16152
8088.92623
8402.73573
8962.64547
7309.886727
7457.556536
7498.251668
8129.041942
8847.001348
9138.599801
8692.007141
8613.859385
9514.626041
8471.683749
10645.13844
8126.414267
9444.715597
7817.914934
11065.1181
9565.937143
8265.730472
7840.730308
7943.522098
8053.329903
10413.37531
8162.616484
8788.233585
7593.230353
10510.55936
9081.833859
8815.769642
8936.330104
9035.071301
9316.894647
8824.222375
8638.344412
8396.380888
9925.504706
9156.258989
8621.264636
9021.173577
8264.678085
8089.886973
8446.328536
10621.84785
9337.055956
11419.99277
9810.120926
9003.784162
8523.854613
8449.608587
8647.401984
8220.28625
9024.432921
9426.221125
9172.828113
8625.869943
9701.980513
8551.738458
7786.263169
8571.682921
8534.912501
7979.243774
8386.499897
7949.095716
8904.810225
8589.947961
9189.220868
8513.972284
8321.336505
10039.41457
9830.441623
7557.452558
10161.16407
8482.980892
8689.917473
8807.405279
9637.153293
9457.765788
8643.723912
9437.274909
8930.608368
8563.150183
8468.473813
9288.487021
9015.352421
8741.613774
8433.155941
9514.157506
9207.507175
8988.422702
9325.366859
7854.930055
9457.097062
8372.670808
10252.55952
8289.873923
8569.184217
8396.658854
8285.204568
8846.618851
8403.954648
9696.610103
9557.220487
9226.26634
10048.75847
8740.57995
8251.891607
8594.103154
8546.626046
8889.973509
11435.38171
8457.465655
8874.965597
9232.787656
9325.272632
8800.286706
8514.936679
9157.208347
9866.4448
8456.01533
8592.943223
8620.35338
9002.153958
9104.122005
8627.026175
9027.672571
9143.212254
9714.977118
8408.301574
8757.107679
9244.011615
8419.298249
8568.993914
9919.58395
10219.3396
8819.198626
8642.153177
8481.125536
9856.423417
9247.369526
8751.586628
9231.23345
8533.744465
10324.38725
8580.059787
8566.369989
8626.025418
10252.37541
9177.690227
8722.045693
10947.72738
9262.417189
8785.776617
9278.356667
9259.627931
8865.248389
8421.462967
8915.472418
8795.248727
9242.340409
9187.400446
9161.214012
8449.996656
9386.726386
9153.785099
8556.320965
8946.070739
7926.452794
8290.734124
8924.062779
9761.367163
9193.746354
8337.00517
9243.919258
8774.896698
8755.712149
8085.892993
9532.322301
9654.592545
8281.543442
8725.336649
8853.665022
8127.100518
9193.078388
8075.215967
9474.504746
10151.97019
8814.775135
9036.542418
9524.469981
8744.947196
9198.645309
9042.690716
8807.400274
9045.460878
8415.013108
8534.432389
9193.738055
8263.276065
8648.438345
9291.086425
10147.70336
9890.029126
10875.09902
9312.751093
10356.00277
10055.86285
8841.040666
9625.596236
9256.310647
10241.26188
8525.327799
9283.055642
8378.176344
9110.570106
9683.864337
8450.383501
9221.524772
8867.343967
8533.137157
8210.365473
8639.811552
8790.306946
9739.99461
9840.911809
9233.649711
9422.439518
8317.9214
8730.717304
9386.822592
7844.706108
8732.834609
8922.35009
11131.39582
9219.66633
9302.526637
8087.304361
8415.875845
8600.240419
9985.689811
9528.520522
9094.507832
9612.005095
8575.090747
9227.40565
9433.024004
8658.008904
10856.71431
8757.990979
9408.138437
9122.827249
10378.58792
10595.71087
9783.771506
9235.638078
8379.99846
9605.748928
9139.461097
8737.357832
8663.141361
10006.23238
9299.474497
9485.718894
9443.883156
8435.583439
9913.420119
9140.206641
9784.301319
8740.064319
8726.304135
9813.544332
9154.600911
9042.515051
9820.717533
9175.689308
8603.531814
9312.140167
8948.705853
9056.885226
9553.362279
10044.36419
8998.378618
9963.348722
8902.63057
8790.865799
9209.645292
9052.355109
10279.03885
9366.250892
9838.992866
9433.723095
11697.28621
9053.81227
9752.040474
9378.834654
9014.265339
10288.5772
11744.58467
9213.147619
11181.11192
9051.018979
10165.81423
9648.502979
9266.512506
10880.46863
9656.806677
9057.428607
9107.389308
9126.766796
10007.0006
9984.332961
8618.790713
9325.840205
9953.747133
9892.130205
9232.930186
9467.30634
8835.623403
9726.063665
9251.194709
10130.7423
8750.690964
10059.95173
9296.987741
9967.505171
8827.517616
12203.39031
10075.63975
9067.469642
9739.983788
9065.525263
10982.29242
9279.330219
10007.31157
9673.047951
9781.957534
10827.26718
9056.040369
9490.71006
8970.126352
9211.073932
10062.94495
9642.07222
9677.623466
8743.232779
9748.153626
8724.011337
9210.614842
9505.934149
10344.09519
9445.373087
9732.386187
9636.699565
9325.906244
11291.05373
10010.28723
8888.192396
10486.50008
9159.844759
9190.163128
9725.853594
9239.932347
10128.57887
11043.6686
9079.39486
9616.13647
9581.368088
9569.553984
8965.025365
10301.49456
9448.986772
8823.778464
9193.491594
9587.437524
8943.423064
9479.833098
9714.2417
10108.42944
9468.457303
8996.022112
8921.941681
9697.4859
9771.516214
11217.42965
8747.178171
9587.180973
9768.145602
9723.278132
9251.963097
9532.525413
9081.196106
9136.385643
9273.869585
10077.96399
9237.797787
10193.05958
9581.002994
9548.015781
10611.50497
10062.07189
9000.184792
10036.06747
10424.26976
10213.33812
9295.734235
10442.41935
10138.74619
10164.17654
10305.30307
10052.98764
10218.37625
10195.7977
12502.81252
9554.449858
9945.065246
9778.760648
9397.504842
9846.707218
10544.24764
10455.81212
9257.676453
9546.222254
9313.458832
10949.54143
10163.41903
9340.451496
11373.1553
9503.28351
10669.94521
9744.314682
10376.07376
9448.08787
10357.98887
9549.037567
9727.622447
10197.02071
9550.60302
9256.954524
9924.147657
9527.209374
9765.978081
10311.69952
9557.653571
13390.60665
9643.094068
9723.775611
10272.07689
11657.67822
10709.71263
9984.326631
10774.9686
9646.148836
10014.24784
10417.66355
9746.739413
10608.7553
10126.00688
10148.01763
9619.822991
9718.455335
11764.64696
10325.17932
10118.15716
10381.81341
10890.16662
10606.23926
9902.681528
9755.501681
9919.151433
9474.24832
10554.77976
11159.62827
10408.99742
10250.90234
10466.19101
10185.25303
10429.12767
10671.69168
9859.100904
11416.48722
10400.41777
10077.45358
10422.25402
10923.33007
10800.3705
9590.319662
11351.6272
9303.939732
11440.86702
10065.83414
9380.752428
10221.23479
10904.16515
10528.25173
9701.938115
10458.43152
10013.54753
10389.987
10479.68242
10294.1762
10721.67813
9692.270188
9441.844565
10676.54004
9921.264613
9791.650007
9633.066264
10352.86819
10204.86274
9618.982399
11056.97011
10612.98368
9686.471897
10055.26208
9672.869447
9954.189124
10713.88486
10306.3244
11208.28176
10586.11624
10056.90254
10528.13861
10964.50844
10583.46298
11675.38825
11165.83825
10383.60571
10878.10626
10611.83259
11552.02924
10987.94503
11495.15752
10130.35931
10990.76401
11377.41978
10842.12457
9515.832165
9537.518699
10553.71676
12280.07431
11090.47983
10624.62353
11065.8746
10088.78774
11235.35974
10820.68558
10809.50338
10639.22187
10099.95469
10288.72584
10984.92251
10233.52089
10886.47019
12244.53723
10328.5163
10898.41631
10164.09395
10658.37365
10700.01819
11834.01465
10876.46795
10959.17893
11199.57617
10911.75587
11940.34561
10417.51742
11090.38148
12244.61802
10657.2387
12315.46269
10680.83288
11378.5995
10660.02353
11520.31456
10830.51215
10461.03553
11724.95965
10949.55496
11587.2824
10820.33925
11134.76619
10616.25081
11523.7733
10282.95919
11190.84715
11479.44506
11559.43895
10542.95757
10668.65355
10484.86933
11491.45942
10596.24929
10102.74321
10645.40914
10241.81027
10173.01924
10927.40547
10960.61337
10758.25737
10367.40549
11749.38739
13192.94603
11670.2981
10911.57209
10981.43788
10607.78697
11748.30218
11310.1639
10920.13592
11745.75106
10255.51846
10839.69988
10625.34342
10944.89505
10723.90143
11817.17054
11840.12426
11044.3578
11303.37654
11060.30517
11794.40768
11864.14658
11324.62873
11994.95523
10898.47281
11671.83755
12721.64245
11116.26058
10357.05482
11407.09033
11254.80685
10746.77161
11011.38893
11247.79376
11045.64423
11267.98466
11043.00672
11423.20063
11321.56012
11812.45751
10816.87557
10406.45333
10699.30179
11988.1299
11818.48099
11908.68711
12044.41309
11110.63695
11173.3894
11006.02593
11664.43236
11192.33423
11937.50481
10970.21516
11256.86953
11541.14579
11914.72664
11509.4055
12080.59514
13032.69523
11539.86115
11433.58843
11394.65423
12312.45346
12552.25193
11690.80471
10916.86616
11316.96758
11384.22855
11858.45336
11571.04941
11374.10784
11015.90641
11684.71097
11949.50499
11955.75833
10798.55533
12001.10994
12833.62052
11434.25764
12063.81253
13209.03403
12440.00295
12280.25417
12280.77341
11406.7331
12092.283
11374.19892
10718.6419
11797.64573
11263.06844
11420.85072
11197.71129
11543.26134
11274.82882
12201.39236
11961.89842
12081.96894
12110.02697
12147.91878
11898.24744
12699.88696
11703.40808
12723.87034
12399.54573
12449.47164
12310.63084
11479.90999
12787.28181
11640.08384
11942.35072
12465.51643
12262.55914
12683.75496
11789.73044
12258.32679
12811.79594
12534.07354
12053.03644
11849.79214
11624.57389
11665.00721
12346.25525
11942.8328
13576.47772
11847.21665
14021.29332
12257.61059
12491.7314
12806.33259
12262.64468
12190.87488
11742.30614
12852.24552
13960.04608
12870.61593
12457.76405
12679.34115
13125.47796
13618.05045
11754.44858
12043.22033
12677.66367
11966.07163
12645.19069
11999.91129
11930.55206
12558.55631
12961.32339
12824.25887
12931.73174
14366.78534
12960.91437
13810.39944
13378.73702
13536.36679
13187.29242
12915.16832
12846.81956
13349.92054
11977.83921
12359.02558
13561.11132
12132.42977
12965.44779
12712.00006
12464.80838
11958.78749
13112.5325
13067.34849
12933.2712
13410.9972
12878.74681
12827.08896
12843.50771
12629.30267
12563.26397
13610.14524
15179.34782
12745.19913
13239.56919
12546.47824
12416.91537
12944.79817
13981.24495
13909.92571
13291.22498
14473.39445
13349.01917
12857.00842
13207.87886
12724.71659
12871.33097
12318.38918
12465.63415
12581.60561
12733.00425
12791.39412
12619.75652
15149.84528
13725.88652
13970.01184
14005.62108
13351.15638
13768.30825
13274.14911
13533.5926
13742.56104
13542.34928
14761.70327
12470.00001
13690.70368
13460.88255
13152.96595
13065.67108
13258.65304
13300.32397
13015.21016
13712.57772
13529.09502
12735.40786
13282.34519
13549.77895
13372.94596
14321.42582
12916.86556
13929.06456
13980.72896
13977.31636
14151.39115
13315.41052
13915.64367
14139.81742
13645.57928
12896.42028
14728.6266
14075.64681
14355.71682
13762.18468
13567.16725
13391.63772
13432.50434
13608.35071
13442.96367
13847.37371
12761.34665
13918.10009
14109.5147
14070.11676
14486.30417
14148.27341
13730.00444
13716.52509
13986.61904
14636.10788
14376.01179
14567.58133
13835.20857
13798.12354
13391.68686
14474.97995
14545.94682
13235.17749
13289.49943
14418.57876
14236.50042
13844.67461
14283.27199
14042.6403
14073.69314
15396.41964
14424.63784
14914.88686
14958.71357
14384.10377
15252.56462
14962.11721
15528.14122
14658.20502
14150.79215
14864.39615
14190.84005
14685.53605
15316.23094
14743.01255
14656.1574
14861.84994
14717.6555
14176.08067
14399.3765
14486.00942
14708.06332
16785.64046
15148.99535
14721.75736
15003.71106
14815.63999
15263.36465
15479.86824
14915.6593
15393.82613
15753.29961
15534.56506
14893.96123
17425.21106
15479.26239
15535.23301
15141.07511
15315.23951
15211.56843
15417.04718
15278.18156
15057.5956
15675.57368
14648.27017
16204.0557
15772.11136
15798.83866
15313.88288
15761.42285
15501.06164
16742.09903
15023.82611
15542.34199
16222.19211
16180.72281
16688.16152
15856.63834
16337.1277
16189.12599
17133.42046
16126.62474
17661.9005
16066.76375
15909.03388
16253.23812
16545.13788
17090.16666
16118.18555
16746.16742
16732.47401
16184.84627
15949.49445
16615.80296
16651.26055
17219.29845
16742.41514
16203.1881
16151.13102
16208.6885
18061.04125
17387.59078
16625.13709
17020.43915
16653.27957
17167.97965
17479.4165
17182.76463
17298.2615
16555.49161
17059.58298
16666.9383
16726.99749
16449.96394
17242.05442
16825.46253
16163.03927
18026.36878
17362.97961
17537.51967
17346.83505
17765.08312
17221.82711
18355.12527
18286.44079
17688.80504
18115.02511
17553.2723
19455.97054
17696.81248
17426.33452
18099.23608
18418.16392
17907.18664
18377.45482
19143.8911
17882.95077
17368.31621
18197.44326
17563.7401
17808.39021
18467.75898
18509.52172
18859.73361
18625.98633
18514.82607
18581.97329
18083.51417
18445.25922
18368.63901
17922.11399
18326.51412
19913.46133
18996.39822
18305.33342
18086.77065
18351.19403
18514.68095
19663.76668
19364.62795
20506.50555
20373.11584
19718.29616
20159.78116
19669.82829
20099.62179
19333.0965
20863.75802
20630.72441
19764.75321
19938.6905
19364.85278
20371.62937
20434.21045
19918.45045
20196.99762
19838.3349
20365.80582
20114.77037
19858.35381
20001.01933
20064.67979
20909.65641
19994.8263
20443.13604
20844.32083
21006.92488
21080.00181
20941.92627
20713.41887
20987.26865
20769.02078
21703.39321
21378.42316
20645.01911
21846.45493
22175.65448
21204.40701
21236.47511
21853.29374
22773.13845
21730.00703
21022.4268
22521.48532
21804.83852
21913.60514
22780.77672
21256.59263
24625.25477
23580.30623
22574.73878
22030.96935
23379.27274
22455.06077
22279.76911
22219.34431
22572.4726
23502.05301
22699.75809
23881.97573
23273.98786
23149.53349
24311.82413
23845.13313
23871.50343
24331.28746
24111.82184
23754.57281
24458.57836
24705.13936
25123.64698
24420.08387
25042.7857
24411.60774
24110.06054
24129.46792
24792.3401
26525.88467
25570.61914
25098.31153
26196.57471
25755.69719
24967.99819
25176.75991
25406.49277
26823.59005
26530.81773
26275.9685
26209.16922
26275.08836
26113.02309
27758.76117
26304.13386
28090.65714
27280.62271
27394.51601
27067.01489
27369.99097
27423.01182
28030.555
27459.85842
28319.79974
27965.53124
29831.18773
30896.42381
28949.25728
28535.41594
28675.9092
29625.64613
30764.95863
30737.30085
29651.81466
29911.16031
29787.47588
29968.12948
30206.17854
30412.52658
30697.86379
30187.91065
30105.6927
30580.06773
30480.01358
31850.31358
31215.41581
33827.59135
31611.68127
31448.01934
32612.62638
31884.58261
32301.13685
32784.29461
32441.60776
32647.2349
34553.48366
35516.88252
34216.39258
34291.15115
34058.88343
34764.4178
34675.32031
35766.15077
35002.60315
35251.76505
35384.68086
35712.2289
37408.39105
36584.76974
36730.15532
36938.42547
37051.35503
37417.27468
37712.15118
37586.49983
38100.48139
38361.85839
40042.37507
38459.37677
39161.47007
39136.28995
39250.61244
40494.6624
39628.31501
40930.93322
41223.73221
40922.36057
42077.30647
41767.6073
42565.61458
42590.19591
43336.22552
42370.23093
43718.77855
44961.40023
43632.85433
45070.53371
44814.91766
44241.12196
45770.9581
46773.89705
46246.98465
47126.85858
47077.46978
48312.33886
49162.96435
48268.09254
49080.4619
49808.33792
49295.36921
49398.93316
50227.23207
50804.8223
50499.73714
52084.73425
52483.27571
53379.05945
52667.4396
52960.21307
53553.07402
53719.57293
54409.23754
54892.4729
55931.48104
55927.42487
56180.6234
56835.36815
57265.03718
57141.53484
57977.64619
58312.08188
59281.02103
58879.4241
60605.4011
59369.26529
60624.45152
61596.41985
61741.66715
62235.38206
62956.34697
63716.36555
63787.09982
64014.07688
64422.38869
64128.4276
64183.78514
65625.50662
66483.97854
65982.21647
65947.26128
66041.52067
66707.87984
66703.35948
68637.57946
68568.43977
68965.48228
67758.86742
68522.73389
69014.28632
69350.31725
70714.55064
70434.68844
68850.24072
69589.51793
70745.59743
69138.27108
70818.17411
70163.64893
70842.50689
69235.97119
69707.75633
70093.80454
69561.96307
69962.09588
69638.40377
69170.38778
70184.89587
69382.05893
68671.14127
67971.91537
69154.53264
68708.74085
67331.6299
68661.92273
67705.9307
66467.7543
66310.8011
66939.03709
65372.15621
64085.06285
63330.37505
63789.18323
62629.02396
61861.8511
61903.92068
60738.93786
61083.57288
59265.70867
58922.52036
58489.98651
56273.13011
57504.94875
56001.66012
54468.78503
53657.34798
51851.1282
51092.57832
51312.7813
49855.79623
48917.40067
47902.6722
46545.37469
45509.63833
44164.38798
44123.72319
43501.91917
41094.57466
40910.26912
40323.0026
40055.05161
38431.3843
37297.03041
35565.32297
34400.1195
34652.01633
33992.51686
31612.59857
31324.74066
30243.88344
29139.59241
27829.24283
27554.06419
26085.52513
25244.86009
23651.78564
23403.0051
22819.4861
21578.02697
20983.38811
20008.13169
19388.36043
18242.51278
17924.93815
17119.36816
16777.25057
15392.96158
15224.14759
14336.73571
13871.95142
12963.20027
12305.48806
11568.41335
11209.22058
10755.06801
10295.26255
9573.236805
9633.828227
8751.039593
8153.448645
7854.016841
7442.143177
6555.374731
6596.391112
6008.662482
6075.911304
5399.47882
5254.731424
4892.99293
4530.499472
4426.186694
4029.77578
3808.256119
3429.47286
3209.902517
3050.489439
3036.742057
2621.157144
2444.584377
2455.997098
2212.074875
2236.70148
1761.382567
1699.870574
1811.340577
1432.574263
1388.793555
1279.838042
1093.954092
1041.278098
1044.971783
957.026634
790.999116
932.88504
773.878681
696.3057869
591.7941407
606.4316794
488.7789851
492.7297604
446.095394
366.0000098
439.6794594
442.1141934
414.1991721
485.1488348
392.2080962
363.955595
263.7034798
270.4841903
273.0907927
234.2318
262.3401553
542.5510826
223.7636086
248.9726115
199.4118157
182.9838024
227.8875521
152.484987
153.9817044
125.5774357
143.0234204
174.6768114
94.10138248
401.5802097
184.0978582
126.3681593
98.37734964
64.24007855
95.08011914
82.73749773
118.801117
80.98509922
127.4557102
77.23688657
83.44702601
123.0471401
134.5154127
50.99839525
170.296714
68.74296609
56.19248038
107.0619516
93.82078912
96.88793464
125.5189546
36.6930781
64.76413128
58.7419356
19.67607622
68.0139776
33.44786626
57.73047641
84.66977376
41.22830201
43.28977508
79.01047426
56.60480119
53.23537627
26.25341314
25.78678882
42.38795182
77.2440428
47.77883994
57.25508282
67.19548685
70.74525594
79.35471909
64.78000564
127.3188512
54.52720476
163.8074801
105.4634823
51.10883755
69.47595747
119.046223
122.285597
48.88349536
44.69903767
57.67916248
93.03625469
37.60369591
68.55829813
48.74642497
35.52167466
41.73279287
98.5734553
58.03447715
51.69468246
30.96209661
82.38521582
36.65478948
75.56893367
41.42359512
60.85160451
65.34582131
52.01573109
58.69585143
54.22064588
79.64301432
41.39818251
59.71972948
66.49895128
228.7814331
85.24768335
71.39551821
347.0359147
49.38124817
63.15062098
83.85606368
140.4615049
39.9500273
40.72283983
74.90169468
130.5603843
133.0958711
78.19622962
38.43339664
78.6895055
123.45383
130.0141078
186.5472882
368.8366428
86.46208628
155.3553825
42.81973357
43.52974892
52.91675122
45.93624725
69.89557543
103.0178322
68.55067818
52.90237982
79.20599302
73.30777777
589.620079
55.83634498
49.19810268
29.98779451
59.34569995
138.8337466
27.59033498
40.79421915
40.31826594
33.90357178
34.8621779
53.45912587
53.60657422
39.20003174
46.08848404
50.87274171
64.86321615
42.88245443
101.9667435
42.707649
59.47243419
124.8464865
79.11480807
30.45296827
96.38447077
36.24516653
27.37441723
41.54860388
43.01700051
77.31304798
139.7414272
58.55839413
210.2569747
73.42695088
38.84255576
19.29933533
50.44747823
49.81330845
31.25777113
63.87031654
200.9033353
46.70914432
49.99387741
72.52581746
61.90958458
38.35416532
174.899593
36.20532452
35.31301786
325.4782883
77.9892734
77.85914393
170.418032
54.97750055
37.10948706
116.487072
124.9858155
59.11062634
46.47624948
50.91415974
173.2662407
65.55223802
59.98395113
56.18692825
40.48986205
46.79056729
27.09405485
29.28708168
66.74385409
33.75187946
222.8861632
57.75621304
41.65476009
75.57434124
42.13086656
104.5604369
46.21238495
47.61125736
150.6535151
86.07314697
72.57113534
74.4949211
68.20392788
42.59831016
28.3491192
44.12819922
58.16338418
47.34659897
55.3779514
63.33627176
34.4654376
26.42505482
17.95432507
15.04128252
52.18719608
94.27550709
15.87878566
45.3103405
54.54326831
40.60499989
32.11344843
51.81472949
24.92007835
44.26379611
832.7991883
47.77658106
38.09667945
18.15120341
24.49772855
63.546523
26.47460536
26.63319898
23.93231588
31.46879684
32.06557213
52.86436919
29.32956115
65.07733574
57.15009237
55.95097073
29.27131472
19.84407527
53.94018593
41.9683045
160.9955317
65.64679157
65.78570244
40.41418914
21.06317382
33.80183426
32.44402282
29.6800916
27.84121058
37.94591677
39.07508122
124.6501023
68.35649152
40.95358196
42.6184156
87.97946947
34.8296621
39.55901941
50.89140249
31.42203498
27.47163796
33.56684431
87.89810366
28.6265876
34.45171549
61.63171829
35.7230986
44.72666633
103.7731948
136.9830803
87.04009984
147.5435572
49.8928821
54.59654978
70.79466056
28.95493011
88.8895086
79.68398668
46.47500969
16.58345717
82.61978031
15.01953601
63.61498726
19.68823267
43.60181392
25.12130569
62.62663354
75.48707322
57.33392009
93.08909084
66.41894753
105.2028165
41.8936608
17.16703382
26.09323698
70.1902802
66.51192272
77.00495556
172.8316201
468.4674894
62.22047994
304.2042949
70.73781311
53.5418742
38.32153325
50.08758366
91.29128644
105.5593141
76.78570922
95.35277529
40.65570371
55.99497838
64.76288556
57.29441433
61.18522904
66.30168417
45.37481833
38.84906914
69.90775776
82.17801379
66.75306617
39.62468879
53.12377042
49.209808
67.03800277
42.42452198
85.71706797
46.52535134
30.07825425
55.03078111
69.48974574
60.47210752
41.1419703
49.53014302
76.53075784
37.26816057
54.45994642
40.13907567
38.73964367
38.88482641
49.48829518
30.2672282
27.53007337
49.55857502
29.14496105
78.10425558
68.57486943
165.3234497
72.85600028
34.89446982
43.44205966
30.33109229
47.6465136
97.77570538
64.73180105
23.73845397
75.53922422
32.26916092
46.03527106
48.23747094
58.6655895
28.01504538
23.50638151
64.17949382
81.1726026
64.28890692
22.41987422
23.13478342
31.37729791
233.3814838
20.50950544
52.44196138
26.94873602
15.79448382
23.33283529
10.72262401
91.62574281
160.6609774
114.7552839
73.53152635
188.6931803
22.65722258
19.67248403
49.5595569
28.11477536
30.82061004
9.379575465
45.34293091
305.9254924
13.81752857
44.7235612
23.70022552
27.40487652
51.62316841
56.83645087
28.03783069
22.18093229
25.33921436
23.58529734
8.822766715
35.17504692
25.62147213
58.35196716
81.73186106
46.05785673
32.405668
24.51862696
37.4502164
28.83691828
49.33798864
49.09212797
97.31864603
53.07755845
45.81466032
31.10016424
65.87643426
28.47138422
19.41230849
29.90980929
34.26530855
73.71884088
67.96276452
42.36390971
35.91628825
12.89336331
41.90265426
44.21834042
28.06476346
14.28831108
27.77540273
40.36108814
28.44711463
27.18757811
16.93535671
56.14325822
33.06954711
14.842386
24.70917335
165.6782604
69.88250369
75.7560537
31.80435239
41.42854472
22.72781611
24.73720846
476.4836124
25.37845373
41.87383379
31.26641474
45.72006741
18.67117483
58.5158969
388.97055
20.1914444
27.71569585
86.17556559
36.32335644
22.82265894
28.28827255
13.02770966
19.10911048
108.4023836
34.89626713
30.79002412
28.71599661
19.60507579
24.2127139
44.60793485
14.47156126
32.91865888
58.70104644
59.63758319
49.85142388
36.28468487
60.17592939
29.51767305
67.74958135
33.52732062
22.08536824
18.46897793
278.2624234
60.70629021
37.03828791
71.99271458
101.4526259
9.498775963
23.1775116
56.75345626
7.503189202
30.84815777
28.02973481
17.13152185
21.63881801
12.09791909
29.29768463
19.31331631
38.18126464
16.05552081
45.04482323
39.27504251
28.87599427
21.75511384
21.08844884
27.51461243
54.74958473
83.0988199
34.48883475
19.31471028
88.88892666
33.0320754
25.23077017
59.10645394
32.71468928
42.38428844
171.9760501
11.27033069
25.82301825
17.65500614
55.29972232
8.762615843
34.42733487
37.29260187
41.63128828
62.77926646
71.12433135
75.33731839
38.49118566
17.44925925
15.19262263
20.89918145
9.792731467
41.41006144
30.48985164
30.75931704
36.69221542
88.92050046
20.28531973
26.71975329
14.46628363
8.388841343
32.03385401
25.65360298
54.03745472
33.76366772
23.08104923
33.46306088
35.80034657
65.3746737
26.49946109
37.38872606
57.5402484
38.00647778
26.86077228
16.46433469
40.34370429
35.85584831
13.99209635
20.31343225
29.48233073
25.23697672
16.90308832
16.35648201
82.49819966
10.24785652
14.51821438
32.11991191
78.25996746
237.3317323
69.29517234
36.17292872
35.1982441
12.34357907
13.02227557
29.03548567
12.57680499
32.54649978
29.09467569
36.24188272
28.89261519
15.84296314
38.24210386
31.26182057
34.27751001
22.99184634
38.93389976
24.29271325
29.66950381
7.668556708
20.64579537
51.29567155
38.93571985
22.1109425
24.20763701
20.13430903
31.86724812
49.01660423
75.18210914
34.43268132
10.99079934
36.58064619
41.14704038
82.7665644
34.57749923
23.52945695
17.27259754
33.4443528
9.953712821
15.49238884
15.37046436
22.60861693
83.35597173
9.743067876
27.71120159
45.88434221
26.01315876
14.75141845
10.97084414
18.89847491
21.19242317
18.83718031
37.51004644
19.97331121
19.72247392
35.93665066
55.04125828
19.62961635
70.33594606
12.8460371
21.34438505
16.93167025
31.39181093
19.16258154
12.14753092
34.74422209
37.25322356
30.01854235
21.92587984
28.36705438
39.63198027
21.20086166
38.97828226
8.903156926
53.03670152
9.79927697
16.99761708
28.07425347
21.24321274
43.31834195
74.89556845
198.8056401
42.41728152
27.45216733
24.25202062
24.18453101
12.13533516
27.6496789
9.450102769
20.34434454
23.54764492
29.81873018
23.35780123
11.33242724
32.69357435
46.66089495
45.68246799
62.64658888
20.25019217
22.12114734
58.48617316
3.79501458
81.09050949
44.16667621
26.84385886
31.40938714
9.074204434
24.05592696
15.76743266
21.04007812
25.99022441
36.44860515
43.07220108
21.7665809
19.89614692
11.17436325
16.86288638
11.88314425
6.869441805
30.10357228
23.68980749
4.916224653
23.78646107
24.88973488
18.29721747
34.14167388
29.59128641
103.7103526
31.60287489
28.86905931
15.31870464
31.44173469
15.62090106
13.49087049
13.01979112
4.111940651
5.643238322
19.99714523
5.060019715
29.21207243
16.40499706
7.357002307
20.01300976
4.717287251
9.538490547
39.27903369
36.8878262
19.12165036
15.04812039
26.38906994
13.63528432
9.056514008
23.57652982
15.04103142
13.62756851
13.42293007
15.63980036
11.68555589
26.76122248
248.1208948
12.73767975
50.83888268
8.144522008
12.34117027
21.62586703
163.4499373
14.39060769
28.40342944
35.81913429
38.25872767
22.64350581
68.10346648
26.6964582
30.20318921
29.63410578
37.81320557
34.61096384
12.45894907
30.55111988
32.30253025
23.06678079
22.03778635
7.66605003
24.64614455
20.98952392
15.45081815
9.980323789
14.63654576
26.28526592
15.45772753
32.18039217
30.37037
33.1449407
41.70305384
43.00934986
10.96701476
33.74668765
12.70981971
29.77465533
38.8644662
76.40251262
34.44125242
16.91188548
37.70055468
7.426555727
38.49116156
18.53886848
61.5992262
80.92954726
16.06591764
25.30261776
42.0279362
25.97405836
37.50946893
24.55743724
20.31436214
35.21245642
116.7375567
25.14956004
30.81961629
30.44103801
35.63737598
30.80942209
15.1390091
24.7323199
23.49680226
43.089188
20.4435049
29.84883272
18.93881566
30.78636922
10.38847013
32.48057011
45.30250429
228.6559364
19.71088556
46.7561812
26.41976203
61.95923573
31.92215564
41.71833834
39.34531316
20.00252535
23.31438582
42.01438968
32.54675148
25.70466432
35.50559002
49.03770542
25.01865491
59.39520904
43.74152029
13.77166201
18.15682141
45.18824027
26.12047641
1.487149338
8.696850165
23.87696264
33.35108381
23.46710908
24.16466333
29.87718795
148.8441092
540.1256036
59.44733382
60.51575845
203.8739172
12.45096853
14.58593162
39.59748569
17.17671024
131.5698276
27.5675359
23.11278478
27.54867203
19.1544681
5.125477067
43.58220492
36.80705514
5.21904879
22.19565073
23.92594228
17.58538328
34.28831094
25.26739679
16.4339462
8.513737984
22.60732621
51.48812832
218.7375138
20.40323977
21.9028202
99.61891196
52.96321974
25.8888254
27.78639431
24.69459121
54.74627957
7.59324209
15.665355
11.80497451
20.43470909
125.9813446
5.866304947
122.0730876
39.40263557
117.6645285
11.25798563
39.24593207
26.56564826
34.22982204
24.10177858
17.74778338
92.93805775
21.80675044
16.65253419
20.11668768
13.30845103
6.900071024
32.72297194
17.19684232
11.96133547
31.92747757
11.6198746
17.15599631
18.23605884
22.69237308
24.95479079
27.13087959
197.6950518
22.30687396
25.22542255
53.76159054
14.2486079
40.52025607
9.531741161
17.66721441
12.06147168
20.96147804
15.43208928
48.41130838
47.08059677
34.08735531
37.11266878
22.97830664
58.62996597
34.80063713
36.99524653
88.74874243
12.2325757
20.15832303
63.12104547
39.19326418
5.245071654
34.31992873
6.882085629
24.70921046
22.42492987
26.66130355
22.31969123
17.21231501
15.11531518
38.18172119
32.58733737
9.918135831
1.721964926
4.642046906
25.85846268
49.27672797
11.47735588
22.09047452
181.0567826
19.3006967
15.86553778
251.6729711
2.802841558
16.75027706
19.9030327
27.68395624
15.11093946
12.43028842
119.0333071
22.23927341
630.0195796
16.58382099
20.46488897
32.82792942
79.194685
20.2090126
33.84499201
29.17870787
32.26847351
33.17130458
28.47055123
19.9082371
7.00651017
20.58034997
18.03793218
24.06928113
18.51002599
4.254172675
40.03457296
24.41092347
9.548294154
24.19927852
40.86474844
18.41240046
29.95932225
21.13444604
30.73431896
8.554199306
18.06449392
25.06420233
22.09147161
37.77012352
12.74800575
11.88406429
21.34383807
21.53381244
30.14225153
161.3960494
20.47581293
13.0735987
5.613370041
12.89803431
13.09257378
17.43901952
16.73708431
168.9126542
19.09418743
10.1941231
10.12655766
11.97093359
49.26479431
35.33894088
26.65415525
20.55813527
20.74621652
17.68779818
6.231136645
9.67305979
6.085366938
16.21540159
10.93781067
5.367112671
10.26883057
4.056027525
8.292968601
4.464500927
13.89595134
16.91349274
18.19893209
69.0354664
13.91298835
15.71071699
13.06394184
5.793420365
19.28872051
16.7000466
18.777987
10.93347284
5.805845871
8.279950477
10.1338272
11.3056147
18.38646886
6.081589693
37.07754986
14.1828712
52.04923458
21.19654423
16.87891928
20.62661907
27.1099788
67.37423409
18.10029583
57.86191262
130.2488406
8.220234425
45.86832198
8.513034886
20.80787802
25.58653586
11.31390542
546.7071445
16.8921974
4.569126959
10.40506922
21.53030573
17.95891205
5.238260153
5.731033112
8.099785484
45.12658639
60.75059942
11.1008495
7.754780213
7.148137241
12.21797001
7.978233401
12.77209
22.01149201
10.80098913
3.462099608
4.244710895
18.54813181
11.84686837
50.03071238
4.456311086
4.171949234
28.78046403
14.28153704
3.506507702
10.92212865
18.32591408
23.58844212
3.821086695
4.070608913
9.918879376
16.83342001
19.0013622
57.5949145
7.839026121
3.423807949
18.03402301
15.4461524
9.847913831
16.76747683
15.96913479
6.420323316
15.37261637
10.20072769
17.26613043
1.478548502
9.636127526
9.273585563
1.852771323
21.91918388
7.08018258
4.01551216
6.047742526
9.63064269
56.90631692
3.526326754
8.389582429
20.94465226
9.433648193
7.624097487
16.53925093
174.8725528
23.4844509
49.64143068
66.99065121
3.995078032
16.05274481
31.56142779
2.709348581
37.87425551
6.785631942
35.02500304
222.9350428
15.65225601
19.58622674
37.98219945
18.58914903
12.69247683
22.73454715
19.83035835
0.3941895337
14.83598322
18.88268844
15.78183504
13.25459044
10.24370874
22.91433199
37.29365572
7.315161029
3.016191004
15.43789612
10.51453378
25.35075804
5.504113008
3.331659821
23.9229975
3.381473974
21.5832568
13.91131836
23.67755937
11.08467472
9.952639632
5.249094321
3.855503836
17.42926138
3.934753024
17.37880101
11.89565713
8.063343895
4.015624194
8.503217719
8.865343027
12.66696978
28.54920214
7.655657632
7.644382975
14.66649662
