#################################### 
# Matrix Size= (25,25,400)
# Resol      = (1,1,4000)
# VoxelSize  = (25,25,0.1)
# nbVal      = 4000
#################################### 
2.300158127e-14
2.336704102e-14
2.244306183e-14
2.291786735e-14
3.022372152e-14
2.473084988e-14
2.950264577e-14
2.769489425e-14
2.821738812e-14
3.014456898e-14
2.447310574e-14
3.420661324e-14
2.610906155e-14
3.288186e-14
2.723427997e-14
2.464011131e-14
3.471752341e-14
3.120685428e-14
2.78964318e-14
3.142976609e-14
3.029664947e-14
3.629190432e-14
4.223935035e-14
2.519413876e-14
2.774815769e-14
2.881977126e-14
4.121354678e-14
4.188329791e-14
5.193056658e-14
3.673101669e-14
3.249355324e-14
2.582110726e-14
2.520464463e-14
2.844238787e-14
3.311190504e-14
3.283290764e-14
3.386453172e-14
4.157986749e-14
2.76677107e-14
3.151360492e-14
3.451548177e-14
2.906962543e-14
2.864868266e-14
2.879515984e-14
2.802245781e-14
3.004703433e-14
3.137751911e-14
3.278133656e-14
2.748476777e-14
2.936242076e-14
2.891604366e-14
3.317102922e-14
2.558897151e-14
2.703439655e-14
3.365982181e-14
3.32793711e-14
3.197514813e-14
3.418535022e-14
4.918051965e-14
3.818725284e-14
3.2091002e-14
3.728160292e-14
2.654889311e-14
2.763415652e-14
3.015062882e-14
3.408580322e-14
3.786796958e-14
3.443662832e-14
2.516577871e-14
2.836064763e-14
2.578464122e-14
3.395218717e-14
2.701215099e-14
3.385544339e-14
3.779677452e-14
3.158371046e-14
3.346405376e-14
3.844790632e-14
3.55139212e-14
3.137269413e-14
3.545787369e-14
4.105336546e-14
4.412374892e-14
3.009213354e-14
3.057159177e-14
2.957686069e-14
3.136960896e-14
2.890849579e-14
3.448416051e-14
3.143402292e-14
3.033293854e-14
4.831217404e-14
3.197193295e-14
2.970660839e-14
2.848179363e-14
3.628330454e-14
3.159778994e-14
3.965480664e-14
3.140715474e-14
3.089582474e-14
2.598411498e-14
2.714626634e-14
3.329712268e-14
3.002213059e-14
2.913984632e-14
2.854869293e-14
2.932508173e-14
3.170032696e-14
3.400571677e-14
3.139948572e-14
2.819831946e-14
3.981125968e-14
3.59679111e-14
4.609613253e-14
2.855145397e-14
3.713107958e-14
2.670376048e-14
3.192385197e-14
3.426638246e-14
3.640066057e-14
3.218171737e-14
3.684350283e-14
2.753853519e-14
3.121371827e-14
3.641154777e-14
3.044119442e-14
2.997375439e-14
4.294500008e-14
3.079108419e-14
2.887366098e-14
3.57061147e-14
3.249738076e-14
3.291926945e-14
3.193073377e-14
2.728834133e-14
2.946910778e-14
3.806534376e-14
3.191373296e-14
3.209916443e-14
3.731470656e-14
3.487218775e-14
2.706912591e-14
3.699872545e-14
4.263603511e-14
2.944082842e-14
3.414758522e-14
2.77490983e-14
4.513663781e-14
3.98965364e-14
3.536590277e-14
3.022613419e-14
3.195909208e-14
3.654299376e-14
2.869120098e-14
2.984533016e-14
3.162334663e-14
4.699669931e-14
3.697533631e-14
3.200598207e-14
4.036613986e-14
3.154248832e-14
3.132982123e-14
3.575785872e-14
3.073885359e-14
3.609254429e-14
3.347221667e-14
3.442432307e-14
3.534327221e-14
4.13849325e-14
4.131783667e-14
3.7738318e-14
3.700226538e-14
4.127705012e-14
3.426476867e-14
3.795001259e-14
3.228995401e-14
2.600174252e-14
3.269656626e-14
2.651452499e-14
2.792025105e-14
2.973268149e-14
3.057428413e-14
3.797386362e-14
3.620359216e-14
3.31236669e-14
3.230668814e-14
3.748606986e-14
2.944054427e-14
3.371559404e-14
3.403737352e-14
4.080837347e-14
4.191080925e-14
3.476734038e-14
3.021236741e-14
3.612599353e-14
3.413436879e-14
3.164977959e-14
4.008285669e-14
3.697914082e-14
3.267612938e-14
3.550228231e-14
3.753737884e-14
4.782604672e-14
3.979210219e-14
3.389701729e-14
3.445961961e-14
4.152558463e-14
4.328657143e-14
2.89399174e-14
4.191283883e-14
3.681944421e-14
4.558408509e-14
3.610187499e-14
3.958911896e-14
3.957351064e-14
3.138969071e-14
3.920942384e-14
3.877131954e-14
3.651936753e-14
5.569072435e-14
3.989004829e-14
3.217650009e-14
3.191511802e-14
3.080061404e-14
3.006292134e-14
3.439361424e-14
2.827998353e-14
3.439413359e-14
3.583131715e-14
4.018976046e-14
2.813617179e-14
3.230648357e-14
3.052212024e-14
3.564076913e-14
3.62648278e-14
2.90696673e-14
3.359553469e-14
2.6946646e-14
3.213277413e-14
3.106387277e-14
3.212263568e-14
3.181653122e-14
2.902070655e-14
3.61333149e-14
3.580807972e-14
3.812582425e-14
3.986472401e-14
2.946447904e-14
5.468456548e-14
3.743715444e-14
3.213620638e-14
3.098703947e-14
3.3163674e-14
3.921771009e-14
3.031831902e-14
3.515766037e-14
2.922057035e-14
3.261437947e-14
2.952501363e-14
3.804622848e-14
3.486954111e-14
4.01509625e-14
4.170908882e-14
3.768514864e-14
3.671066835e-14
3.762119067e-14
3.057640627e-14
3.354324361e-14
3.802161457e-14
3.20546356e-14
2.805135404e-14
2.950943125e-14
2.955926578e-14
3.869399648e-14
3.134782743e-14
3.827086463e-14
3.091031596e-14
3.060795487e-14
4.035327815e-14
5.583894497e-14
3.131132019e-14
3.166998883e-14
3.258783692e-14
4.517523354e-14
3.677504694e-14
3.699685149e-14
4.062175553e-14
3.984255016e-14
3.335608597e-14
3.777582857e-14
3.67516843e-14
3.866354848e-14
3.528200779e-14
3.486237295e-14
3.491581758e-14
4.524708919e-14
3.690092505e-14
3.47286082e-14
3.02395322e-14
3.698230465e-14
3.18154723e-14
4.258184779e-14
3.946695484e-14
4.108032517e-14
3.635384714e-14
3.499101425e-14
3.318119033e-14
3.832526739e-14
3.599191872e-14
3.345080742e-14
3.083030041e-14
3.026353994e-14
3.78044132e-14
3.477701882e-14
3.190405878e-14
3.507737498e-14
3.992057545e-14
3.5351558e-14
3.50393547e-14
3.626824226e-14
3.554526207e-14
4.323924331e-14
4.4048741e-14
3.929090429e-14
4.606630331e-14
3.741359537e-14
4.078543834e-14
4.09911626e-14
4.509615911e-14
4.739097131e-14
3.115555053e-14
3.432271449e-14
3.111691723e-14
3.34467125e-14
3.800719469e-14
4.25936082e-14
3.53797465e-14
3.671521291e-14
3.206244128e-14
3.328481906e-14
3.604276639e-14
4.149817711e-14
3.404531958e-14
3.969880917e-14
3.512360391e-14
4.226244848e-14
4.843648491e-14
3.391420605e-14
4.381013795e-14
3.932516534e-14
4.161641441e-14
4.168251176e-14
4.093534893e-14
4.772528154e-14
3.431630076e-14
3.786315006e-14
4.844647276e-14
3.208998356e-14
3.267144033e-14
3.710949108e-14
3.19390462e-14
4.078294606e-14
4.32480852e-14
3.990862309e-14
3.475928125e-14
4.206986305e-14
3.991928371e-14
3.836413136e-14
3.429426328e-14
4.136779515e-14
3.828340652e-14
4.159373107e-14
3.55111563e-14
4.517108598e-14
4.466691111e-14
4.194743396e-14
3.517890568e-14
3.898359363e-14
4.114402673e-14
3.319560144e-14
2.926031759e-14
2.90617103e-14
4.078161798e-14
4.485014834e-14
3.997957031e-14
4.770842377e-14
4.204777e-14
3.412394421e-14
4.32415353e-14
3.626671108e-14
3.103567754e-14
3.823776983e-14
3.178053699e-14
3.880948971e-14
3.939449514e-14
3.634880633e-14
3.439912758e-14
4.212918404e-14
3.34907519e-14
3.235353956e-14
3.518962692e-14
3.693419594e-14
4.020688798e-14
3.412270988e-14
3.447874265e-14
3.514287022e-14
3.538922933e-14
4.357096727e-14
4.655115798e-14
3.958238155e-14
3.700508924e-14
4.753311082e-14
4.538711149e-14
4.020579037e-14
4.62504815e-14
3.527071893e-14
4.206501176e-14
3.887596032e-14
4.114083917e-14
3.975853598e-14
3.381422219e-14
3.536215973e-14
3.791005568e-14
3.549139949e-14
3.283136993e-14
4.180803873e-14
3.545306513e-14
3.349592744e-14
3.807659045e-14
3.43437782e-14
3.482488205e-14
3.485814975e-14
3.793279624e-14
3.762812963e-14
4.81989208e-14
3.65636826e-14
3.488926302e-14
3.216130632e-14
3.748144327e-14
3.985549896e-14
3.737540291e-14
4.386151108e-14
3.583750743e-14
4.885946016e-14
4.015847131e-14
3.526829088e-14
3.772335249e-14
3.476053142e-14
3.746479519e-14
4.702195654e-14
3.945602932e-14
3.630184008e-14
4.0604413e-14
4.053091994e-14
3.969331539e-14
3.641841604e-14
3.654929888e-14
4.146052333e-14
4.91689645e-14
3.93685383e-14
4.052455144e-14
3.83408713e-14
3.945567429e-14
4.233553792e-14
4.886732065e-14
4.949018966e-14
5.092762235e-14
3.570313787e-14
5.208620746e-14
3.961091549e-14
4.211824709e-14
2.988088141e-14
3.481798862e-14
4.212883546e-14
4.178451235e-14
4.632864702e-14
4.007023792e-14
3.825982567e-14
4.796174691e-14
4.49826832e-14
3.749383261e-14
4.603708183e-14
3.717872968e-14
4.153123824e-14
4.235945924e-14
3.490031679e-14
3.86265896e-14
3.505379534e-14
3.790108861e-14
4.530073124e-14
3.608644757e-14
3.373997326e-14
3.372115697e-14
3.422244125e-14
3.480833401e-14
3.806284285e-14
4.859262068e-14
3.610856789e-14
3.245434892e-14
3.622418521e-14
3.726151546e-14
4.304901098e-14
3.450346678e-14
4.264359235e-14
3.549528622e-14
4.51762053e-14
3.688946708e-14
3.898652144e-14
3.853981228e-14
4.118698446e-14
3.786193753e-14
4.010957128e-14
3.354398582e-14
3.844596112e-14
3.840771057e-14
3.727230037e-14
3.570177181e-14
3.205112329e-14
3.462445606e-14
4.344160262e-14
4.386334866e-14
3.726558649e-14
3.910436489e-14
3.271529638e-14
3.830360015e-14
3.66906924e-14
3.890223285e-14
4.504188647e-14
4.557775343e-14
3.186507626e-14
4.453917363e-14
4.556675337e-14
3.876951681e-14
3.42046288e-14
3.681598496e-14
3.847733941e-14
4.00456964e-14
3.841240317e-14
3.820706471e-14
4.161862267e-14
4.478722444e-14
5.152582868e-14
3.41260513e-14
4.490857797e-14
3.447535985e-14
3.613956382e-14
4.342647757e-14
3.569644659e-14
4.23081688e-14
3.54313458e-14
3.553174482e-14
3.971488435e-14
4.6259774e-14
3.43974317e-14
4.610930626e-14
3.763613047e-14
3.350384368e-14
3.582086822e-14
4.006392171e-14
3.787790368e-14
4.054248787e-14
4.411391351e-14
3.954535589e-14
4.258466406e-14
4.000010228e-14
3.990491392e-14
4.008999994e-14
3.53111385e-14
3.804141612e-14
3.188133208e-14
4.161085045e-14
4.009297966e-14
4.390750582e-14
3.250592846e-14
3.684786829e-14
3.362382317e-14
3.186826312e-14
3.76242962e-14
3.325411614e-14
3.63015938e-14
3.970767052e-14
3.756572176e-14
3.942709187e-14
3.360405305e-14
3.980922151e-14
3.212686786e-14
4.933146055e-14
4.446595471e-14
4.104894744e-14
3.915489155e-14
4.261024698e-14
3.496346339e-14
3.978459917e-14
4.616997909e-14
3.945636154e-14
3.799717459e-14
4.061872947e-14
3.359836072e-14
4.226270267e-14
4.250548234e-14
3.693641274e-14
4.722247416e-14
3.70097977e-14
3.825917768e-14
3.892123039e-14
4.446245389e-14
4.064275905e-14
4.615301031e-14
3.589247478e-14
3.984177098e-14
4.410952524e-14
3.724558539e-14
3.68743734e-14
3.330368892e-14
3.778090182e-14
3.750794179e-14
3.328020723e-14
3.336535849e-14
3.371293748e-14
4.565658471e-14
4.151508504e-14
4.151175642e-14
4.191921183e-14
3.446010555e-14
3.46838221e-14
3.619429251e-14
3.447485887e-14
3.776236799e-14
4.08558896e-14
3.30690292e-14
3.455826106e-14
3.841718853e-14
3.657354563e-14
3.734497783e-14
4.655398988e-14
4.154355096e-14
4.029793891e-14
4.199852433e-14
3.221272623e-14
4.068051676e-14
3.341513048e-14
3.793630641e-14
3.739446553e-14
3.392701612e-14
3.58994278e-14
4.633152248e-14
4.033436185e-14
5.638063546e-14
3.92174232e-14
4.14867686e-14
3.425452294e-14
4.62260787e-14
3.850711019e-14
3.873528758e-14
4.561048879e-14
3.900835097e-14
3.510924214e-14
4.356940353e-14
4.118773523e-14
4.014012606e-14
3.491275197e-14
3.941282234e-14
3.381725381e-14
3.653070679e-14
4.507576414e-14
4.437135402e-14
3.547899701e-14
3.344012292e-14
3.998672592e-14
3.663214067e-14
3.614322606e-14
3.904187407e-14
3.938899111e-14
3.930828665e-14
4.128312578e-14
4.217109814e-14
3.834071304e-14
3.505636906e-14
4.040958609e-14
3.538222679e-14
3.435580191e-14
4.321235457e-14
3.534845419e-14
3.130533437e-14
4.222030619e-14
3.921706502e-14
4.036984075e-14
4.450963503e-14
3.300631284e-14
4.500331572e-14
3.376869048e-14
3.841821697e-14
4.079208707e-14
3.506261345e-14
3.953971219e-14
4.013669968e-14
4.184217731e-14
4.845016921e-14
4.363166573e-14
4.388547145e-14
3.885746817e-14
3.90481375e-14
4.326365096e-14
4.11129198e-14
3.892453837e-14
4.636601944e-14
4.207119041e-14
4.15638196e-14
3.561462232e-14
3.940120442e-14
4.071784362e-14
4.36169867e-14
3.72928293e-14
3.828602207e-14
4.822120848e-14
3.803888195e-14
4.693141886e-14
3.793049232e-14
3.839847749e-14
4.640354736e-14
4.319566009e-14
4.288931914e-14
4.066559648e-14
5.39295813e-14
4.21774423e-14
4.554050257e-14
3.845118005e-14
4.229484557e-14
3.539749828e-14
3.706857323e-14
3.700466877e-14
4.085561304e-14
3.704198122e-14
4.672794153e-14
4.153201071e-14
4.206636428e-14
3.742945575e-14
3.432583942e-14
3.59433455e-14
3.852961026e-14
3.969526738e-14
3.390615313e-14
3.827933346e-14
4.281016117e-14
3.511446097e-14
4.117283001e-14
3.918102881e-14
4.326822152e-14
3.831437653e-14
4.356120283e-14
4.234319631e-14
3.542824732e-14
4.581951473e-14
3.596125961e-14
3.900589385e-14
4.086252049e-14
3.857136289e-14
4.425314415e-14
3.998220761e-14
3.475751695e-14
4.432571021e-14
3.554018072e-14
3.199011309e-14
3.968724128e-14
3.686608921e-14
3.57641459e-14
4.997836499e-14
4.461998885e-14
3.710595936e-14
4.184630858e-14
4.010831413e-14
4.007362982e-14
4.013162897e-14
3.888885086e-14
3.57302412e-14
3.50260444e-14
3.379531816e-14
3.817191494e-14
3.537021939e-14
3.404884159e-14
3.406954887e-14
4.087351842e-14
4.172023836e-14
4.073370048e-14
3.381415398e-14
3.321074999e-14
3.28844369e-14
3.537688122e-14
3.334906817e-14
4.800903707e-14
3.939090813e-14
3.541590399e-14
4.049608729e-14
3.660046786e-14
3.273809201e-14
4.389641015e-14
3.795544766e-14
3.781226899e-14
4.047420116e-14
3.682708521e-14
3.923580085e-14
3.525407383e-14
4.275125027e-14
3.651494702e-14
3.595098651e-14
4.069042418e-14
3.610794124e-14
3.725616872e-14
4.110087566e-14
3.90245102e-14
3.574643577e-14
3.809707634e-14
3.792269063e-14
4.371084461e-14
4.637111989e-14
3.666879879e-14
4.226354066e-14
3.351625173e-14
4.051911078e-14
3.723103246e-14
3.830843999e-14
3.313001873e-14
3.819424451e-14
3.717240961e-14
3.583430655e-14
3.741364487e-14
3.878024563e-14
4.244089602e-14
3.83507637e-14
3.564848828e-14
3.756966732e-14
4.265262741e-14
3.824927896e-14
4.030306449e-14
3.606488261e-14
3.862742544e-14
4.040444295e-14
3.921346794e-14
3.281712644e-14
4.4015915e-14
3.967560609e-14
3.894576733e-14
4.999687446e-14
3.969253083e-14
4.369988994e-14
4.025403428e-14
3.802154535e-14
3.715597292e-14
4.708037616e-14
3.881442287e-14
4.237512558e-14
4.160879385e-14
3.597837979e-14
3.529784084e-14
3.615756154e-14
3.390982285e-14
3.867539367e-14
4.372755148e-14
3.882760813e-14
4.158492782e-14
3.599308713e-14
4.129116972e-14
4.308325081e-14
3.769220776e-14
4.217583079e-14
3.586882309e-14
3.51667398e-14
3.373363018e-14
3.417317128e-14
3.687962924e-14
3.411027712e-14
5.037070322e-14
3.735739589e-14
3.617119319e-14
4.026188662e-14
4.809228005e-14
4.352359275e-14
4.084546156e-14
4.622826555e-14
3.683357864e-14
3.685283246e-14
4.780385721e-14
4.069212331e-14
4.104538654e-14
4.592553624e-14
3.836748325e-14
3.45008539e-14
3.970370208e-14
4.331775167e-14
4.065664339e-14
3.876033761e-14
4.972216351e-14
4.225539698e-14
4.004172878e-14
3.636789902e-14
3.690428063e-14
3.560212527e-14
3.650879598e-14
3.367188567e-14
4.371373196e-14
4.240189504e-14
3.494835079e-14
4.756726253e-14
4.097450276e-14
5.163811111e-14
4.096240559e-14
3.892047798e-14
4.312187299e-14
4.083794811e-14
4.013638102e-14
3.504398286e-14
3.398638661e-14
3.870996404e-14
3.46153947e-14
3.828388742e-14
4.791808499e-14
3.867705624e-14
3.415713606e-14
3.393527217e-14
5.352658764e-14
5.100284308e-14
4.564221613e-14
4.063109281e-14
3.978889325e-14
3.847469127e-14
3.621557617e-14
3.684276636e-14
3.695491929e-14
4.19961998e-14
5.309094147e-14
3.561797973e-14
4.497075278e-14
4.257645475e-14
3.868409416e-14
4.901579352e-14
3.848222856e-14
5.369379598e-14
4.382569148e-14
4.26420986e-14
4.162613464e-14
4.145448613e-14
3.766673595e-14
4.497821145e-14
4.14342289e-14
3.701056389e-14
4.115771808e-14
4.207995152e-14
3.936857622e-14
3.926007435e-14
4.991329825e-14
3.620693643e-14
4.002239823e-14
4.115481606e-14
4.724948166e-14
3.861669172e-14
3.738404617e-14
3.637937208e-14
3.75206943e-14
3.628935995e-14
3.603936732e-14
4.072855822e-14
3.812886079e-14
5.019539631e-14
3.545338802e-14
4.02641738e-14
4.41582084e-14
4.474523122e-14
4.506903161e-14
4.162375369e-14
4.200217704e-14
4.483192528e-14
3.888822369e-14
4.222995124e-14
3.898904416e-14
3.804244362e-14
5.113311333e-14
4.039507378e-14
3.781339322e-14
3.75437897e-14
3.698144899e-14
3.767403348e-14
3.676485094e-14
4.457551943e-14
4.573341122e-14
3.676889124e-14
4.105582643e-14
4.165665261e-14
3.76368837e-14
3.700072116e-14
3.995237178e-14
4.490035885e-14
3.993858897e-14
3.701859237e-14
3.925432702e-14
3.957932203e-14
4.125350053e-14
4.153728215e-14
3.915625472e-14
5.307534319e-14
4.803160332e-14
4.047601682e-14
4.700245229e-14
3.996856986e-14
4.221946996e-14
3.696424825e-14
5.570488178e-14
3.740557889e-14
4.42616925e-14
3.986433018e-14
4.043487341e-14
4.086066506e-14
3.930894645e-14
5.04023954e-14
4.688192225e-14
4.019554561e-14
3.890964253e-14
3.754256234e-14
3.835703496e-14
3.576690253e-14
5.229363627e-14
4.343730977e-14
4.390545103e-14
4.170585889e-14
4.384203413e-14
4.109214079e-14
3.736260638e-14
3.58047851e-14
3.500444964e-14
3.672537351e-14
3.644137993e-14
4.127602415e-14
4.380435173e-14
3.715935553e-14
3.746836828e-14
4.190242258e-14
3.901817254e-14
4.966720223e-14
3.783127234e-14
4.204336335e-14
3.742896013e-14
4.152545419e-14
3.723801016e-14
4.346209775e-14
5.567816239e-14
4.344097825e-14
5.036334489e-14
6.00280695e-14
4.653769538e-14
4.232936049e-14
4.925548504e-14
4.069845272e-14
4.326131992e-14
3.993561441e-14
4.635426303e-14
3.894167772e-14
4.426775752e-14
4.429291366e-14
4.411477809e-14
4.972005649e-14
4.714430745e-14
4.643815632e-14
4.338078252e-14
3.883541059e-14
3.749003853e-14
4.514902342e-14
3.76247985e-14
4.261786997e-14
4.231729911e-14
3.568595623e-14
4.941814356e-14
4.554854141e-14
5.235988952e-14
4.265559537e-14
3.688165029e-14
3.7602363e-14
4.665839929e-14
4.554564943e-14
4.334388854e-14
4.12979255e-14
4.916653152e-14
4.316370313e-14
3.903143538e-14
3.875503714e-14
3.750676495e-14
3.750360397e-14
4.075234995e-14
3.981758595e-14
3.812536784e-14
4.100006374e-14
4.834488929e-14
3.858068253e-14
4.085521804e-14
4.168593911e-14
4.996345742e-14
4.102692015e-14
4.190422533e-14
4.326328418e-14
4.364343968e-14
6.580916717e-14
4.164191692e-14
5.179297798e-14
3.995043729e-14
3.973068029e-14
4.120672778e-14
3.9337732e-14
3.719775387e-14
3.539112844e-14
5.100743631e-14
4.293303908e-14
5.335264579e-14
4.798041696e-14
3.794740061e-14
3.727784501e-14
5.112689234e-14
4.102231017e-14
3.863361277e-14
3.689266323e-14
3.753509448e-14
4.152165874e-14
4.085822274e-14
4.224445599e-14
4.906749376e-14
3.843209824e-14
5.009235518e-14
4.131527335e-14
4.454801195e-14
4.67360404e-14
3.704757602e-14
3.995517665e-14
5.926560959e-14
4.651953989e-14
3.914940687e-14
3.951118539e-14
4.248898841e-14
3.754762927e-14
4.316289398e-14
3.742773174e-14
4.440310295e-14
4.016812879e-14
4.209312422e-14
4.377880225e-14
3.789534056e-14
4.132864413e-14
3.962502904e-14
4.287446705e-14
4.212707727e-14
4.398675148e-14
4.062747595e-14
3.75664872e-14
4.539987338e-14
3.722599353e-14
4.071188292e-14
4.960278523e-14
4.197937063e-14
4.911109467e-14
4.256129389e-14
4.043450798e-14
4.551759181e-14
6.058669448e-14
3.770106438e-14
4.207751309e-14
5.067460352e-14
4.196886469e-14
4.681913895e-14
3.858420601e-14
4.146465446e-14
3.796913444e-14
4.43537274e-14
4.417022567e-14
4.386765565e-14
3.760052001e-14
3.857437641e-14
3.802079552e-14
4.690043131e-14
3.83175707e-14
4.17046523e-14
4.40843294e-14
3.737492059e-14
4.424225885e-14
4.084697017e-14
4.126108766e-14
4.068424126e-14
5.388474116e-14
5.833212461e-14
4.731679151e-14
4.597083237e-14
4.361216078e-14
3.681559779e-14
4.142233065e-14
4.404520073e-14
4.124100857e-14
3.957837213e-14
4.188098658e-14
4.526779021e-14
5.644479056e-14
3.753420574e-14
4.782521406e-14
4.727180831e-14
4.291379773e-14
4.304474814e-14
4.873050419e-14
4.161222724e-14
4.144159817e-14
4.767804496e-14
5.061196804e-14
4.758229993e-14
4.864483929e-14
4.490825622e-14
4.656821788e-14
4.210456186e-14
3.908601677e-14
3.73544453e-14
4.563061847e-14
4.271199589e-14
4.799948676e-14
4.685359792e-14
4.170020645e-14
4.138163945e-14
4.450579064e-14
3.789796008e-14
3.832640329e-14
5.012454319e-14
4.159443036e-14
3.9982376e-14
4.211157227e-14
4.129647658e-14
5.320918467e-14
4.589261867e-14
5.315644508e-14
4.624531114e-14
4.573295457e-14
3.922591507e-14
4.359359208e-14
4.395188194e-14
4.054056869e-14
4.080420604e-14
4.394722646e-14
4.199035584e-14
3.811490648e-14
4.435736124e-14
5.073665762e-14
4.750516368e-14
3.956624159e-14
4.126190105e-14
3.965633566e-14
4.339687437e-14
3.918668025e-14
4.894814967e-14
4.294928941e-14
4.804315622e-14
4.104775117e-14
4.405085726e-14
4.652485746e-14
4.147330048e-14
4.507796215e-14
4.126008749e-14
4.371113435e-14
4.50014074e-14
4.529172872e-14
4.169395198e-14
4.614070555e-14
4.199967739e-14
4.08681966e-14
4.10716212e-14
3.929368433e-14
4.106252631e-14
5.077748248e-14
4.43927445e-14
5.289008247e-14
4.275208523e-14
4.600704622e-14
5.537784529e-14
5.054138863e-14
5.344268534e-14
5.283153507e-14
5.11741897e-14
5.040737993e-14
4.363090266e-14
4.910376173e-14
4.065725109e-14
4.274224195e-14
4.794507458e-14
4.799762735e-14
4.984246843e-14
4.193031581e-14
4.594988994e-14
3.876008578e-14
4.380568093e-14
4.419335284e-14
4.776023139e-14
4.401732021e-14
3.937365247e-14
4.3355774e-14
4.342316149e-14
4.063204751e-14
3.726060501e-14
4.035637241e-14
4.189402313e-14
3.973017871e-14
4.228837127e-14
4.244966701e-14
5.070158913e-14
5.009276756e-14
5.550846048e-14
4.163614128e-14
4.719033257e-14
4.940122846e-14
4.26305019e-14
4.208582321e-14
4.002779182e-14
5.07800605e-14
4.207555044e-14
3.822817176e-14
4.128607677e-14
4.126763698e-14
3.873766208e-14
4.338602194e-14
5.08748682e-14
4.48816975e-14
4.846863169e-14
4.307780185e-14
5.176619109e-14
4.706069707e-14
4.115567555e-14
4.223923012e-14
4.851680836e-14
5.08402537e-14
4.05912233e-14
4.826749179e-14
4.585476388e-14
4.521664144e-14
3.758257238e-14
3.816681185e-14
4.95319882e-14
4.061782371e-14
4.355533321e-14
4.462133953e-14
4.358527582e-14
4.197069603e-14
5.436332183e-14
4.890907306e-14
4.114952177e-14
4.298212563e-14
5.302132673e-14
4.536157435e-14
4.162496087e-14
4.303499879e-14
4.620371904e-14
3.990324484e-14
4.366112735e-14
4.36878936e-14
4.237837551e-14
4.928943325e-14
3.759116833e-14
4.389597907e-14
3.798593821e-14
3.727887319e-14
4.146819053e-14
4.186562844e-14
4.932903594e-14
4.461552728e-14
5.104053748e-14
4.727207201e-14
4.11172309e-14
4.533516278e-14
4.201704639e-14
4.766508977e-14
6.079958689e-14
4.145646157e-14
4.285938854e-14
4.453934593e-14
4.209635076e-14
4.13530405e-14
4.98374073e-14
5.168908558e-14
4.492718775e-14
4.43922419e-14
4.120072796e-14
6.401677478e-14
3.87982586e-14
4.058533445e-14
4.029928122e-14
4.201713285e-14
4.043597931e-14
5.027559248e-14
4.218266388e-14
4.71281261e-14
5.267594471e-14
4.359702049e-14
4.173383151e-14
4.676036647e-14
3.69024729e-14
4.92816668e-14
4.546843699e-14
4.399410117e-14
4.241580454e-14
4.255950412e-14
4.842186453e-14
4.439919992e-14
3.958436295e-14
4.275453528e-14
3.913716225e-14
4.150508362e-14
4.805749147e-14
4.441577055e-14
4.282771977e-14
4.364219656e-14
4.438966784e-14
4.204505464e-14
4.499600411e-14
4.688020863e-14
4.655809103e-14
4.317698361e-14
4.195740577e-14
5.797740646e-14
4.22311688e-14
4.13720332e-14
4.319014254e-14
4.17744342e-14
4.202351296e-14
4.471946762e-14
4.958097626e-14
3.821933081e-14
3.944096697e-14
3.851772665e-14
4.052954036e-14
4.480898109e-14
5.069917634e-14
4.459872613e-14
4.578755844e-14
5.032110803e-14
4.260138748e-14
5.157635568e-14
4.084101211e-14
4.353451147e-14
4.073478434e-14
5.620047774e-14
4.797802899e-14
4.451148589e-14
3.974922894e-14
4.057161606e-14
4.014817874e-14
5.020873637e-14
4.393107663e-14
4.558144456e-14
3.908598935e-14
5.379486333e-14
4.701524109e-14
4.555875745e-14
4.704546892e-14
4.890645096e-14
4.722086222e-14
4.641378349e-14
4.300834719e-14
4.430685152e-14
4.863779922e-14
4.80492929e-14
4.430132683e-14
4.798798203e-14
4.239822812e-14
4.313109598e-14
4.478934748e-14
5.452895438e-14
5.142764771e-14
6.10905488e-14
4.876665774e-14
4.612499769e-14
4.459559594e-14
4.313936023e-14
4.477581983e-14
4.205236764e-14
4.669193629e-14
4.764878629e-14
4.590587516e-14
4.330439595e-14
4.878280469e-14
4.260040415e-14
4.168560081e-14
4.466830157e-14
4.453963112e-14
4.173941266e-14
4.648874561e-14
4.048070645e-14
4.760553211e-14
4.627824789e-14
4.363541309e-14
4.573307703e-14
4.288172238e-14
5.262190453e-14
5.165793578e-14
3.906896526e-14
5.214281357e-14
4.458654184e-14
4.934342126e-14
4.311290692e-14
4.941199672e-14
4.916334633e-14
4.440799943e-14
4.637994001e-14
5.03174296e-14
4.385897497e-14
4.480824437e-14
4.795137189e-14
4.755739631e-14
4.794265318e-14
4.254850654e-14
4.579042731e-14
4.415225477e-14
4.576493755e-14
5.233325729e-14
4.165062012e-14
5.037805855e-14
4.286967873e-14
5.767006201e-14
4.24889814e-14
4.295910758e-14
4.412448045e-14
4.319061699e-14
4.696606632e-14
4.389473284e-14
5.04845717e-14
5.011688124e-14
5.129622657e-14
4.720031207e-14
4.38743812e-14
4.399927221e-14
4.499049927e-14
4.35077894e-14
4.311915474e-14
6.017204094e-14
4.419381253e-14
4.743836269e-14
4.245299913e-14
4.476242269e-14
4.633226826e-14
4.370851131e-14
4.725035623e-14
5.251883561e-14
4.420778181e-14
4.425727998e-14
4.512486625e-14
4.688324334e-14
4.776203244e-14
4.645283688e-14
4.801359991e-14
4.900127337e-14
5.056486029e-14
4.329918907e-14
4.706469529e-14
5.02848888e-14
4.381583197e-14
4.505139194e-14
5.366937563e-14
5.537386539e-14
4.808004381e-14
4.652159881e-14
4.345936533e-14
5.253642115e-14
4.694279123e-14
4.202125295e-14
4.803218135e-14
4.45321221e-14
5.787398215e-14
4.610061344e-14
4.217846667e-14
4.505327547e-14
5.44416413e-14
4.62862345e-14
4.402133333e-14
6.021558775e-14
4.423992558e-14
4.425135912e-14
4.906011702e-14
5.111185026e-14
4.573167884e-14
4.413740953e-14
4.625797756e-14
4.28781318e-14
4.379623768e-14
4.407152736e-14
4.477565865e-14
4.142788212e-14
5.005915485e-14
4.679429828e-14
4.508954143e-14
4.699747982e-14
4.157181008e-14
4.140982083e-14
4.262583048e-14
5.299641891e-14
4.666506461e-14
4.320224768e-14
4.824441461e-14
4.753749438e-14
4.754288466e-14
4.38456439e-14
4.574167514e-14
5.210798664e-14
4.398151765e-14
4.653344553e-14
4.673010792e-14
4.161126544e-14
4.769250419e-14
4.292878984e-14
4.693940106e-14
4.84341938e-14
4.5097765e-14
4.428137795e-14
5.258522102e-14
4.39285929e-14
4.824564461e-14
4.718367897e-14
4.184529095e-14
4.933938592e-14
4.463843251e-14
4.429794345e-14
4.844225522e-14
4.274397941e-14
4.434261375e-14
4.631721686e-14
5.258292804e-14
4.848322593e-14
5.500960798e-14
4.513561708e-14
5.031493732e-14
5.049236552e-14
4.645363961e-14
5.0951649e-14
5.103216611e-14
5.252924638e-14
4.344793573e-14
4.709744663e-14
4.378499487e-14
4.795518832e-14
4.740677276e-14
4.345912708e-14
4.621771551e-14
4.602854063e-14
4.548605813e-14
4.198099273e-14
4.406930812e-14
4.615036395e-14
5.229796308e-14
4.921122963e-14
4.769031263e-14
5.17949042e-14
4.178541825e-14
4.575819551e-14
4.627701509e-14
4.224868071e-14
4.460580615e-14
4.827758729e-14
6.012611414e-14
4.993139262e-14
4.685877761e-14
4.179426478e-14
4.22302669e-14
4.344580143e-14
5.316999417e-14
4.829158324e-14
4.681650922e-14
4.825990458e-14
4.558802352e-14
5.00998765e-14
4.605626207e-14
4.471626143e-14
5.411305717e-14
4.252770401e-14
4.364746561e-14
4.584730495e-14
5.371434297e-14
5.668206775e-14
5.133565466e-14
4.741659744e-14
4.268026136e-14
5.004024224e-14
4.829589103e-14
4.783358329e-14
4.591047896e-14
5.036214755e-14
5.04287366e-14
4.624400539e-14
4.72440262e-14
4.341136681e-14
5.195172063e-14
4.599461613e-14
5.150979375e-14
4.670759813e-14
4.396699186e-14
5.472408549e-14
4.916653101e-14
4.864683789e-14
5.204253349e-14
4.929673672e-14
4.389236515e-14
4.609915513e-14
4.539834507e-14
4.561266599e-14
4.926968153e-14
4.801815326e-14
4.805293283e-14
4.661772647e-14
4.36528634e-14
4.585651019e-14
4.602180677e-14
4.617990174e-14
5.469823668e-14
4.751374599e-14
5.12517214e-14
4.675368944e-14
5.824290952e-14
4.623675739e-14
5.037393921e-14
4.596921997e-14
4.504914027e-14
5.374859447e-14
6.157476312e-14
4.615069099e-14
6.299181133e-14
4.682034947e-14
5.133500478e-14
5.190067707e-14
4.506282534e-14
5.31649846e-14
4.72527679e-14
4.662896376e-14
4.708205368e-14
4.526716441e-14
4.685391504e-14
4.551911729e-14
4.349688147e-14
4.83744877e-14
4.898927274e-14
5.226715635e-14
4.95357035e-14
4.719220119e-14
4.638070403e-14
4.736320416e-14
4.913977371e-14
5.360543557e-14
4.653411339e-14
5.169045063e-14
5.037446483e-14
5.47809294e-14
4.673858179e-14
6.232711671e-14
5.423301247e-14
4.425162533e-14
5.086436226e-14
4.71165392e-14
5.145797413e-14
4.897938086e-14
5.343027611e-14
5.001453178e-14
5.029633813e-14
5.455680003e-14
4.680669619e-14
4.715367476e-14
4.740574901e-14
4.910124095e-14
5.456724742e-14
4.99753749e-14
5.166196351e-14
4.615308584e-14
4.960834192e-14
4.445022964e-14
4.702981155e-14
5.008327277e-14
5.560261237e-14
4.88054327e-14
5.321753109e-14
5.074126459e-14
4.79102615e-14
5.920578254e-14
5.411544496e-14
4.553355243e-14
5.215499776e-14
4.769158216e-14
4.790256746e-14
4.593765932e-14
4.730284948e-14
5.377171818e-14
5.784716489e-14
4.409530644e-14
4.891698023e-14
5.060260922e-14
4.877342823e-14
4.657032244e-14
5.690859038e-14
4.891767181e-14
4.660674577e-14
4.633256083e-14
4.88522894e-14
4.717472323e-14
4.484462695e-14
5.182075294e-14
5.222477117e-14
4.84836939e-14
4.613759386e-14
4.46668879e-14
4.990430365e-14
5.027836418e-14
5.989872504e-14
4.504434219e-14
5.192451597e-14
5.041428747e-14
4.795608071e-14
4.692972952e-14
4.831639098e-14
4.70349191e-14
4.685994348e-14
4.684179824e-14
5.255721978e-14
4.757357409e-14
5.110082155e-14
5.059111952e-14
4.73616593e-14
5.405197812e-14
5.202943027e-14
4.662787767e-14
5.2853717e-14
5.880926123e-14
5.315948681e-14
4.836079538e-14
5.133670321e-14
5.148980874e-14
5.439533904e-14
5.59484914e-14
5.346254617e-14
5.406679851e-14
5.304720147e-14
6.753042002e-14
5.202891783e-14
5.201832412e-14
5.241570074e-14
4.921967156e-14
4.885126209e-14
5.458801089e-14
5.191989869e-14
4.758274444e-14
4.91669101e-14
5.042677971e-14
5.571259631e-14
5.323741294e-14
4.81763532e-14
5.915766835e-14
4.990622771e-14
5.468876857e-14
4.912733507e-14
5.358798686e-14
4.945595869e-14
5.577254226e-14
4.947541278e-14
5.213671407e-14
5.093255104e-14
4.9721255e-14
4.775967602e-14
5.115271432e-14
4.825827582e-14
5.184667198e-14
5.369517422e-14
4.959804184e-14
7.182305196e-14
4.943441969e-14
4.801650351e-14
5.180440969e-14
6.165861604e-14
5.663260349e-14
5.02754439e-14
5.444576711e-14
5.020584689e-14
5.087436207e-14
5.521414544e-14
5.175414446e-14
5.81887231e-14
5.335358411e-14
5.122578433e-14
5.108852112e-14
4.952754946e-14
5.654936966e-14
5.389602836e-14
5.395238223e-14
5.264223521e-14
5.625463227e-14
5.61288636e-14
5.138148449e-14
4.985792092e-14
5.373214555e-14
5.021792092e-14
5.396241362e-14
5.39035636e-14
5.273126364e-14
4.906611882e-14
5.506162109e-14
5.027784975e-14
5.620190821e-14
5.632995282e-14
5.31401446e-14
5.768237602e-14
5.448224144e-14
5.210299409e-14
5.525032467e-14
5.209981894e-14
5.650065868e-14
4.968209743e-14
5.847554262e-14
4.858325879e-14
5.189237099e-14
4.940445783e-14
4.968320667e-14
5.485129215e-14
5.549731146e-14
5.372880786e-14
4.944797554e-14
5.305273939e-14
5.192193649e-14
5.354051127e-14
5.601035801e-14
5.350067128e-14
5.297095886e-14
4.993657918e-14
4.906219004e-14
5.526209305e-14
5.274497487e-14
5.024890023e-14
5.159719228e-14
5.506402579e-14
5.374245476e-14
5.051399339e-14
5.562711254e-14
5.550527654e-14
4.97093954e-14
4.89919143e-14
5.211266032e-14
5.323404335e-14
5.893963803e-14
5.177666076e-14
6.079798736e-14
5.467178881e-14
5.206922962e-14
5.34906038e-14
5.224180085e-14
5.646737118e-14
6.356551872e-14
5.886748221e-14
5.432099478e-14
5.623545169e-14
5.590953497e-14
5.993223203e-14
5.603129294e-14
5.902057002e-14
5.260274038e-14
5.523360115e-14
5.897754818e-14
5.910484254e-14
4.867256649e-14
4.990432492e-14
5.339794121e-14
6.602888389e-14
6.00487314e-14
5.510832202e-14
5.972187486e-14
5.199763533e-14
5.982959813e-14
5.5290643e-14
5.478183863e-14
5.418668637e-14
5.190941604e-14
5.506339124e-14
5.558271818e-14
5.476819966e-14
5.917717971e-14
6.573738036e-14
5.440935509e-14
5.66681622e-14
5.214030758e-14
5.573563097e-14
5.480619834e-14
6.399952016e-14
5.626299947e-14
5.765315687e-14
5.905089559e-14
5.62403809e-14
6.435551241e-14
5.56627806e-14
5.728141039e-14
6.797317527e-14
5.620098345e-14
6.650713589e-14
5.59034499e-14
6.031176273e-14
5.098779966e-14
5.90920087e-14
5.164161521e-14
5.39756957e-14
6.058567419e-14
5.699188664e-14
5.953939845e-14
5.513430621e-14
5.871805845e-14
5.264936909e-14
6.049603098e-14
5.246229403e-14
5.991608638e-14
5.872477602e-14
6.029541783e-14
5.556284196e-14
5.689178323e-14
5.610580085e-14
5.915732412e-14
5.480318524e-14
5.247398743e-14
5.46624615e-14
5.437966667e-14
5.215449569e-14
5.890926838e-14
5.690086791e-14
5.605343063e-14
5.449092561e-14
5.772549142e-14
7.05453671e-14
5.755053361e-14
5.805298925e-14
5.405762733e-14
5.36933479e-14
6.055340418e-14
5.65031859e-14
5.71438719e-14
5.989521332e-14
5.296018109e-14
5.394608564e-14
5.492590848e-14
5.175553436e-14
5.591324254e-14
6.49774392e-14
5.937346918e-14
5.523546035e-14
5.480281805e-14
5.877464229e-14
6.15117171e-14
6.00202869e-14
5.699065361e-14
5.918910407e-14
5.822007326e-14
6.010166203e-14
6.429538886e-14
5.574490608e-14
5.411094565e-14
5.890924764e-14
5.941657259e-14
5.320243559e-14
5.40148694e-14
5.847206812e-14
5.998665438e-14
5.883112502e-14
5.905182577e-14
6.052259075e-14
5.911569267e-14
6.293632924e-14
5.409399107e-14
5.293829559e-14
5.579656709e-14
6.458274389e-14
6.280027142e-14
5.948518081e-14
6.483958325e-14
5.732307963e-14
5.980787098e-14
5.722261048e-14
6.299972058e-14
5.572037265e-14
6.044869542e-14
5.885344526e-14
5.97598718e-14
5.914413455e-14
6.335496279e-14
5.969929201e-14
6.38495412e-14
6.259715294e-14
6.064856638e-14
5.979013545e-14
5.693363077e-14
6.646963727e-14
6.321835023e-14
6.135957299e-14
5.568168495e-14
5.764758632e-14
5.856229232e-14
6.265850428e-14
5.923041439e-14
5.981360564e-14
5.830448661e-14
6.049372838e-14
6.163654321e-14
6.461885406e-14
5.482842006e-14
6.304888535e-14
6.345386008e-14
5.533948187e-14
6.290214292e-14
6.646157974e-14
6.467523328e-14
5.898858673e-14
6.323607351e-14
6.318696787e-14
5.728756566e-14
5.841226173e-14
5.678789772e-14
6.109290908e-14
5.938786619e-14
5.974875881e-14
5.816145339e-14
5.864403918e-14
5.933538317e-14
6.28258446e-14
6.336367853e-14
6.034115805e-14
6.072734117e-14
6.243662603e-14
6.107402627e-14
7.01690797e-14
6.292481531e-14
6.704154998e-14
6.224455554e-14
6.368829596e-14
5.997260144e-14
5.824330851e-14
6.452657889e-14
5.973905613e-14
6.377698227e-14
6.524305318e-14
6.137013217e-14
6.25263965e-14
6.00351109e-14
6.055170297e-14
6.588603118e-14
5.98202061e-14
5.926648407e-14
6.080731872e-14
6.015754916e-14
5.960354142e-14
6.437531241e-14
6.446633197e-14
7.304618677e-14
6.131792268e-14
7.075175419e-14
6.316800847e-14
6.415869309e-14
6.541257263e-14
6.419054617e-14
6.418372014e-14
6.067692591e-14
6.708515322e-14
7.480800387e-14
6.758814925e-14
6.24062029e-14
6.412318861e-14
6.899288738e-14
7.0776727e-14
6.099922795e-14
6.240133462e-14
6.753705757e-14
6.393513299e-14
6.492326445e-14
6.310675468e-14
6.162802346e-14
6.57888008e-14
6.862798524e-14
6.733166532e-14
6.500139618e-14
7.155771134e-14
6.711667218e-14
6.861068028e-14
6.6364634e-14
7.186305153e-14
7.034629107e-14
6.842679456e-14
6.66886286e-14
6.841239639e-14
6.070409252e-14
6.259716304e-14
7.076279355e-14
6.443145328e-14
6.877423951e-14
6.605492523e-14
6.24599398e-14
6.40102164e-14
6.732473241e-14
6.981067738e-14
6.362872023e-14
6.951689526e-14
6.800924748e-14
6.490777768e-14
6.578438391e-14
6.255363934e-14
6.184292405e-14
7.402016582e-14
8.343918446e-14
6.818062508e-14
6.771699752e-14
6.391723957e-14
6.57125513e-14
6.486819482e-14
7.354548444e-14
7.117339256e-14
7.085651918e-14
7.52158235e-14
6.90614139e-14
6.835544826e-14
6.415343282e-14
6.50261131e-14
6.844428431e-14
6.190167814e-14
6.310057201e-14
6.478532892e-14
6.39899014e-14
6.630879827e-14
6.65716207e-14
7.745447423e-14
6.904927338e-14
7.013564718e-14
6.873412531e-14
6.550553233e-14
7.046923211e-14
7.188803325e-14
6.878886244e-14
6.939055606e-14
6.939203224e-14
7.628721133e-14
6.434860134e-14
6.751199949e-14
6.771653961e-14
6.917593252e-14
6.893509005e-14
6.806955804e-14
6.62237044e-14
6.53944847e-14
7.132414804e-14
6.907655352e-14
6.551698541e-14
6.784489301e-14
7.172713642e-14
6.598737688e-14
7.307554352e-14
6.548367192e-14
6.95052395e-14
7.322977163e-14
7.397753448e-14
6.712963293e-14
6.808520834e-14
7.163715142e-14
7.247090574e-14
7.232250888e-14
6.706770346e-14
7.791015924e-14
7.245972717e-14
7.243332948e-14
6.930652765e-14
6.9491965e-14
6.805308123e-14
6.868465155e-14
7.068543162e-14
6.86640818e-14
7.386092689e-14
6.784098778e-14
7.093832618e-14
7.221917187e-14
7.429500285e-14
7.408915552e-14
7.230959151e-14
7.149598452e-14
7.028532022e-14
7.477005485e-14
7.47418983e-14
7.486428556e-14
7.526157444e-14
7.149895076e-14
7.159789732e-14
6.980491676e-14
7.779393673e-14
7.305467271e-14
7.115907251e-14
6.685989225e-14
7.334303229e-14
7.184862947e-14
7.310248974e-14
7.031963224e-14
7.264960912e-14
7.14925124e-14
8.176032904e-14
7.458650497e-14
7.434011096e-14
7.968539173e-14
7.45310279e-14
7.673123143e-14
7.680063508e-14
8.028109169e-14
7.584607999e-14
7.343041165e-14
7.601740167e-14
7.305968928e-14
7.474529655e-14
7.985127057e-14
7.582474584e-14
7.558441203e-14
7.488257053e-14
7.384043897e-14
7.288172157e-14
7.282711264e-14
7.484514308e-14
7.61084137e-14
8.650623493e-14
7.809868071e-14
7.412503137e-14
7.817810135e-14
7.759406881e-14
7.960305892e-14
8.096554275e-14
7.824821831e-14
7.995439827e-14
8.303722175e-14
7.618368823e-14
7.761632468e-14
9.241173956e-14
8.074156672e-14
8.117653032e-14
7.725415783e-14
8.105987332e-14
7.939181163e-14
7.833356384e-14
7.934348954e-14
7.616189667e-14
8.018832721e-14
7.71696924e-14
8.134565694e-14
8.256099999e-14
8.249184825e-14
7.965736923e-14
7.913558584e-14
8.123448107e-14
8.492363777e-14
7.872726956e-14
7.909107624e-14
8.740416234e-14
8.174088553e-14
8.586947748e-14
8.163935425e-14
8.353397454e-14
8.108429501e-14
8.389014263e-14
8.064272041e-14
9.275542548e-14
8.551384158e-14
8.13478098e-14
8.683135784e-14
8.620365108e-14
8.911849376e-14
8.302370669e-14
8.821817274e-14
8.604894116e-14
8.489055488e-14
8.158736863e-14
8.416928695e-14
8.445656233e-14
8.656387755e-14
8.57446979e-14
8.419219069e-14
8.422087676e-14
8.404926319e-14
9.290381241e-14
9.279182376e-14
8.557273501e-14
8.699008524e-14
8.85066709e-14
8.307177196e-14
9.377414083e-14
8.866073028e-14
8.71156851e-14
8.395294898e-14
8.592133948e-14
8.500620061e-14
8.654400351e-14
8.456508158e-14
8.976535222e-14
8.724375759e-14
8.508196565e-14
9.328308612e-14
8.951610089e-14
8.624891025e-14
9.088068003e-14
9.357308212e-14
8.757462511e-14
9.113462151e-14
9.786702804e-14
9.114936152e-14
9.157828673e-14
9.182655211e-14
1.019254801e-13
9.268564251e-14
8.986335551e-14
9.23440082e-14
9.428831405e-14
9.237646704e-14
9.439909462e-14
1.027377577e-13
9.113624372e-14
8.875604932e-14
9.3252021e-14
9.124686111e-14
9.23366785e-14
9.402197094e-14
9.626089244e-14
9.51371601e-14
9.611077003e-14
9.45745064e-14
9.6485618e-14
9.227730098e-14
9.507961303e-14
9.242848019e-14
9.300734312e-14
9.359763265e-14
1.038036543e-13
9.768617245e-14
9.485354444e-14
9.412590285e-14
9.624348541e-14
9.82109205e-14
1.029738755e-13
9.97704004e-14
1.033001729e-13
1.082265324e-13
1.051492238e-13
1.007757211e-13
1.009975103e-13
1.061824639e-13
1.003487696e-13
1.110974768e-13
1.041798003e-13
1.006157021e-13
1.03394939e-13
1.00117298e-13
1.021204773e-13
1.073124511e-13
1.029028493e-13
1.057005064e-13
1.036539275e-13
1.060188324e-13
1.037996543e-13
1.028287765e-13
1.016772072e-13
1.031029297e-13
1.071448988e-13
1.001014136e-13
1.027177707e-13
1.088383284e-13
1.089531265e-13
1.061082836e-13
1.088741704e-13
1.080117733e-13
1.089753152e-13
1.057859431e-13
1.134860983e-13
1.090442536e-13
1.074417988e-13
1.13199329e-13
1.144155448e-13
1.102530779e-13
1.101925079e-13
1.128388991e-13
1.125329787e-13
1.124809092e-13
1.087770059e-13
1.142391055e-13
1.143804122e-13
1.154840126e-13
1.146864752e-13
1.13188921e-13
1.301469777e-13
1.202295217e-13
1.153368856e-13
1.151269392e-13
1.226517228e-13
1.173445841e-13
1.171490472e-13
1.134707236e-13
1.168887318e-13
1.198292104e-13
1.151094013e-13
1.206991414e-13
1.218947676e-13
1.20791428e-13
1.223149923e-13
1.224254623e-13
1.24000011e-13
1.269606536e-13
1.199635493e-13
1.20679819e-13
1.281647214e-13
1.26874304e-13
1.268467334e-13
1.237849489e-13
1.315332382e-13
1.261314032e-13
1.244990664e-13
1.222538642e-13
1.289844379e-13
1.370038922e-13
1.326792322e-13
1.301551485e-13
1.342110708e-13
1.367672486e-13
1.28244614e-13
1.307124852e-13
1.273667404e-13
1.408931891e-13
1.350149747e-13
1.350269137e-13
1.350303545e-13
1.360247637e-13
1.351797352e-13
1.452349947e-13
1.335933682e-13
1.476586486e-13
1.400053143e-13
1.39254873e-13
1.384537088e-13
1.398628829e-13
1.43163947e-13
1.480888502e-13
1.3894231e-13
1.471751506e-13
1.438489858e-13
1.573195015e-13
1.629963881e-13
1.530233643e-13
1.478055209e-13
1.502756522e-13
1.52036982e-13
1.523249123e-13
1.515525648e-13
1.539773133e-13
1.554231128e-13
1.561940577e-13
1.567014782e-13
1.560053746e-13
1.573424885e-13
1.578028439e-13
1.568022743e-13
1.559732809e-13
1.563299563e-13
1.583598104e-13
1.620000718e-13
1.626004906e-13
1.715683126e-13
1.645296571e-13
1.591356706e-13
1.65700163e-13
1.634603909e-13
1.65066323e-13
1.685492833e-13
1.670542896e-13
1.699594483e-13
1.812189136e-13
1.768820516e-13
1.755649496e-13
1.735191364e-13
1.813792275e-13
1.792611019e-13
1.827924545e-13
1.834095171e-13
1.82070691e-13
1.809562931e-13
1.808990831e-13
1.802552503e-13
1.90658718e-13
1.880448063e-13
1.870421512e-13
1.98013425e-13
1.956156204e-13
1.917089577e-13
1.958675785e-13
1.972388315e-13
1.898807229e-13
1.98724959e-13
2.017427337e-13
1.99357487e-13
2.004809252e-13
2.071776062e-13
2.032612713e-13
2.046423614e-13
2.019955738e-13
2.090672328e-13
2.113562137e-13
2.160295151e-13
2.201279745e-13
2.202469874e-13
2.149291673e-13
2.182753974e-13
2.255305754e-13
2.217828942e-13
2.234443503e-13
2.262279907e-13
2.246740693e-13
2.357339851e-13
2.314598963e-13
2.324930662e-13
2.350641706e-13
2.384625774e-13
2.413855648e-13
2.415584261e-13
2.432800799e-13
2.477477151e-13
2.461841311e-13
2.483275707e-13
2.567189816e-13
2.556971515e-13
2.560029479e-13
2.536283295e-13
2.605348881e-13
2.675067055e-13
2.620392325e-13
2.658489041e-13
2.626982784e-13
2.728930536e-13
2.699170097e-13
2.797699188e-13
2.741771998e-13
2.788724736e-13
2.731187873e-13
2.864524473e-13
2.857762134e-13
2.900305511e-13
2.929205836e-13
2.94714462e-13
2.94066893e-13
3.001318374e-13
2.999919608e-13
3.012047086e-13
3.065518164e-13
3.028843119e-13
3.126214173e-13
3.089148453e-13
3.133536468e-13
3.152004032e-13
3.130509886e-13
3.268415871e-13
3.203428019e-13
3.261514537e-13
3.234407588e-13
3.3371922e-13
3.306888219e-13
3.387048632e-13
3.361828545e-13
3.337542925e-13
3.418445945e-13
3.453052492e-13
3.379379217e-13
3.415822913e-13
3.374889707e-13
3.515908976e-13
3.590768836e-13
3.596596016e-13
3.564249007e-13
3.50446347e-13
3.506631382e-13
3.506805206e-13
3.602464541e-13
3.663008971e-13
3.582421608e-13
3.59254975e-13
3.57590205e-13
3.593669955e-13
3.625232805e-13
3.610902425e-13
3.641951628e-13
3.612928023e-13
3.624992339e-13
3.537004822e-13
3.576069304e-13
3.642579078e-13
3.593072627e-13
3.606401401e-13
3.60030726e-13
3.589134316e-13
3.508628314e-13
3.624525532e-13
3.540895206e-13
3.514821099e-13
3.557161482e-13
3.519606932e-13
3.437199123e-13
3.467417509e-13
3.426767677e-13
3.463624648e-13
3.406761115e-13
3.371746823e-13
3.34916468e-13
3.305501756e-13
3.258949425e-13
3.198186295e-13
3.253861056e-13
3.178078054e-13
3.133188879e-13
3.142552531e-13
3.046329124e-13
3.020730164e-13
3.053514803e-13
2.909334612e-13
2.928715701e-13
2.885498616e-13
2.846966915e-13
2.680014e-13
2.726169579e-13
2.61670134e-13
2.638853341e-13
2.603301021e-13
2.512256557e-13
2.436894975e-13
2.39709326e-13
2.342876522e-13
2.294421627e-13
2.26467937e-13
2.199628829e-13
2.170118427e-13
2.133200073e-13
2.077938387e-13
2.066201092e-13
2.009876106e-13
1.916146433e-13
1.850604597e-13
1.771397922e-13
1.763559435e-13
1.771439179e-13
1.650933868e-13
1.595465746e-13
1.598045907e-13
1.502640708e-13
1.440919265e-13
1.415660976e-13
1.362323722e-13
1.284668893e-13
1.229040303e-13
1.204236727e-13
1.209451945e-13
1.11486546e-13
1.081187245e-13
1.045870133e-13
9.997548655e-14
9.885608018e-14
9.449770755e-14
8.571749634e-14
8.538918253e-14
8.245384612e-14
7.747712533e-14
7.36721299e-14
7.138878199e-14
6.694456079e-14
6.400886867e-14
6.145162648e-14
5.793183869e-14
5.552606548e-14
5.28096791e-14
5.347194332e-14
4.778505973e-14
4.537767101e-14
4.142657081e-14
4.020391305e-14
3.911955476e-14
3.471228219e-14
3.280048473e-14
3.237979704e-14
3.021783748e-14
2.83019334e-14
2.908556965e-14
2.469766165e-14
2.567728783e-14
2.495265597e-14
2.074026946e-14
1.889476493e-14
1.79891063e-14
1.673253621e-14
1.572454796e-14
1.48803329e-14
1.357712223e-14
1.328488418e-14
1.175699378e-14
1.190817218e-14
1.096895054e-14
9.736034822e-15
9.284321181e-15
8.738666288e-15
8.221958418e-15
8.049163504e-15
6.730683755e-15
5.933597368e-15
4.908888586e-15
5.575368042e-15
4.373375385e-15
4.344111654e-15
4.323796325e-15
4.414699038e-15
4.108882679e-15
2.935988424e-15
2.9221379e-15
2.783090372e-15
2.533415254e-15
2.238389859e-15
2.029890641e-15
2.036678235e-15
2.303460892e-15
2.011492306e-15
2.90629584e-15
2.198396274e-15
2.284869684e-15
1.432013271e-15
1.463342634e-15
1.565457225e-15
1.253260116e-15
1.473310888e-15
3.385818169e-15
1.006301265e-15
1.390038715e-15
8.04624137e-16
9.270049496e-16
1.293092006e-15
1.171673514e-15
4.988082461e-16
7.310105193e-16
7.019118224e-16
9.853721932e-16
4.61548623e-16
2.166504163e-15
6.109207616e-16
6.715827253e-16
3.771526853e-16
4.746070287e-16
5.509183729e-16
6.00719537e-16
6.494490629e-16
5.489784993e-16
6.702025442e-16
4.350854853e-16
5.15027536e-16
2.020827292e-16
4.727007888e-16
3.86752841e-16
1.004900449e-15
3.395549499e-16
2.995012081e-16
7.116049331e-16
2.045167284e-16
4.296181536e-16
6.860749468e-16
1.522773601e-16
3.059994427e-16
3.978312505e-16
3.027753837e-16
1.422069455e-16
2.420762784e-16
3.217146522e-16
4.779397927e-16
2.545013671e-16
2.483268434e-16
1.375721111e-16
2.273981365e-16
1.723552044e-16
2.001432356e-16
1.315700841e-16
3.648231837e-16
3.494220922e-16
3.515266895e-16
3.103989926e-16
4.045643403e-16
2.204062966e-16
2.095696094e-16
3.694494253e-16
7.939076569e-16
4.210103735e-16
9.032941083e-16
7.689142842e-16
3.013250112e-16
3.079152077e-16
5.797894324e-16
2.892065919e-16
2.961639329e-16
2.441383066e-16
4.853639609e-16
4.638650161e-16
2.91610882e-16
2.538857457e-16
2.316426564e-16
9.027859705e-17
1.939061495e-16
3.087218194e-16
4.404220268e-16
2.80091233e-16
1.431296648e-16
3.99223934e-16
2.947014506e-16
3.506859083e-16
1.571777035e-16
3.719277479e-16
1.950948406e-16
2.8885183e-16
1.580561742e-16
2.833360565e-16
3.523563846e-16
1.410645422e-16
3.226834353e-16
3.67936608e-16
1.505235652e-15
3.689009675e-16
2.968776282e-16
8.03969855e-16
1.929158582e-16
3.596189395e-16
2.990403385e-16
9.116693823e-16
2.823302495e-16
2.349327964e-16
3.070413621e-16
6.954868261e-16
8.377071886e-16
3.611460285e-16
2.048487998e-16
3.351238973e-16
4.972268541e-16
4.719284611e-16
1.28631981e-15
2.390557135e-15
3.343415425e-16
8.875055224e-16
2.70134512e-16
3.109526968e-16
4.149460404e-16
1.756206745e-16
3.862227048e-16
5.604851889e-16
3.271264454e-16
2.719311946e-16
5.052589661e-16
1.813100691e-16
3.760596026e-16
3.247892479e-16
1.74177866e-16
2.848897727e-16
3.271384651e-16
2.985707497e-16
1.673226762e-16
2.161578765e-16
2.085540119e-16
1.652170603e-16
1.62429998e-16
1.760882645e-16
1.579578192e-16
2.998706092e-16
3.684288176e-16
2.899277715e-16
2.52945827e-16
2.919752057e-16
5.490294176e-16
2.179930447e-16
2.171482772e-16
7.54945107e-16
3.075521199e-16
1.262178357e-16
4.556100128e-16
2.135149978e-16
2.513899374e-16
2.46986082e-16
1.540984957e-16
4.2688192e-16
5.666874657e-16
1.042919036e-15
5.167210825e-16
8.245608522e-16
1.701732095e-16
1.101495064e-16
1.936847163e-16
2.415007843e-16
9.573748082e-17
2.942392404e-16
6.060768256e-16
1.134980257e-16
3.635732775e-16
5.237422861e-16
2.686484132e-16
2.771097315e-16
2.790746631e-16
1.215881521e-16
3.361136523e-16
2.045713395e-15
4.166171921e-16
6.364788464e-16
2.479286542e-16
1.92483711e-16
1.746409982e-16
6.514490095e-16
7.816321818e-16
4.40852153e-16
1.818215578e-16
2.149652034e-16
1.093566807e-15
4.92374027e-16
1.914352006e-16
2.486882433e-16
1.789018989e-16
2.761192734e-16
1.007755991e-16
1.314851705e-16
3.024453287e-16
2.107258281e-16
1.473411637e-15
1.524884614e-16
2.674846295e-16
3.294046045e-16
2.956418565e-16
3.123251261e-16
1.767881393e-16
2.389404918e-16
3.790298565e-16
2.520954237e-16
3.401933412e-16
4.920063053e-16
3.13092459e-16
2.539742406e-16
2.068299871e-16
1.721399293e-16
2.510924912e-16
1.216063681e-16
1.883914649e-16
9.639682363e-17
2.690147723e-16
9.218688358e-17
7.665605286e-17
8.693904516e-17
2.043029585e-16
1.295409997e-16
1.067838988e-16
2.600954536e-16
9.645565538e-17
2.452875041e-16
3.269614973e-16
2.579239091e-16
1.412756637e-16
1.437783844e-16
5.548656996e-15
1.123720585e-16
1.22368542e-16
1.699698798e-16
1.362536543e-16
1.923128123e-16
2.598646819e-16
9.466410263e-17
1.111414912e-16
1.741589599e-16
2.252228061e-16
3.535469913e-16
2.847191237e-16
2.04698396e-16
5.029617173e-16
1.954369396e-16
1.651213065e-16
1.328731179e-16
1.586403013e-16
2.094830163e-16
9.120704984e-16
2.871422242e-16
3.712001518e-16
1.73457688e-16
7.724291934e-17
1.53907592e-16
8.458643938e-17
2.312314781e-16
1.534338366e-16
2.063611658e-16
1.477126844e-16
6.157916065e-16
1.057690007e-16
2.253840045e-16
1.500033002e-16
3.013015083e-16
2.925172558e-16
2.038514525e-16
1.62056541e-16
2.729953882e-16
4.034094556e-17
1.822216618e-16
4.613291127e-16
2.175520078e-16
1.86543193e-16
3.410015279e-16
2.397144186e-16
2.515503196e-16
3.975605484e-16
9.343489748e-16
5.466869632e-16
9.032838906e-16
5.20151489e-16
2.81281834e-16
2.138488654e-16
1.950467683e-16
5.772391296e-16
4.952854343e-16
2.69603691e-16
2.306146052e-16
1.787260242e-16
2.237385367e-16
1.663152766e-16
8.231064695e-17
2.646207843e-16
2.018117625e-16
1.7840439e-16
9.174684085e-17
3.048784873e-16
5.782253167e-16
5.858895902e-16
5.295891323e-16
2.623756871e-16
1.716577654e-16
1.751520154e-16
1.982720667e-16
3.496368154e-16
3.589667205e-16
3.122773501e-16
2.901047654e-15
3.213447603e-16
2.151210974e-15
3.610633304e-16
2.783591409e-16
2.447832778e-16
1.537617454e-16
4.000239032e-16
7.245351957e-16
5.815988036e-16
4.158357797e-16
3.888160415e-16
2.891966527e-16
4.103807409e-16
3.146218179e-16
1.511589001e-16
2.836044691e-16
4.585782878e-16
2.94354425e-16
2.626949869e-16
6.250843192e-16
3.306049272e-16
2.886241333e-16
4.028670833e-16
2.103164119e-16
3.538610653e-16
3.944562781e-16
2.89925901e-16
3.463886011e-16
2.91910493e-16
3.956766451e-17
2.662427916e-16
3.350325366e-16
1.951317193e-16
2.669254718e-16
4.438705642e-16
3.284604087e-16
2.261478607e-16
2.773392642e-16
1.178585672e-16
1.94243289e-16
1.691256455e-16
3.349842624e-16
2.09265932e-16
2.435464905e-16
2.060704193e-16
4.313395109e-16
2.407731695e-16
1.11388393e-15
5.054905464e-16
1.901729437e-16
2.226538231e-16
2.228010402e-16
1.451188866e-16
1.705382829e-16
5.997464415e-16
1.510805023e-16
2.639468323e-16
2.100032772e-16
2.021381356e-16
3.959467845e-16
1.632592258e-16
1.476137239e-16
1.402196632e-16
4.256924089e-16
3.047084441e-16
1.527955273e-16
1.469240527e-16
6.998827969e-17
1.547630765e-16
1.422623808e-15
1.274555844e-16
4.208035424e-16
8.866667319e-17
1.466159029e-16
1.341817936e-16
5.199150338e-17
7.382356847e-17
8.260995014e-16
7.477591235e-16
3.959340893e-16
1.233707555e-15
1.692674668e-16
7.692057777e-17
3.430942067e-16
8.873346515e-17
3.303151985e-16
6.74996195e-17
1.8288873e-16
9.989315435e-17
2.229389297e-17
3.291545771e-17
1.198201811e-16
1.477426913e-16
6.529862033e-17
1.090590095e-16
1.428301037e-16
1.75194206e-16
7.222635714e-17
1.426176598e-16
1.448912701e-16
2.556618158e-16
6.066239906e-17
3.856248025e-16
3.97946076e-16
2.055718468e-16
2.13415231e-16
1.701698787e-16
2.067947542e-16
1.584587385e-16
2.153450715e-16
1.748481481e-16
4.710146579e-16
1.2499577e-16
1.999314949e-16
1.411449832e-16
5.775174171e-16
9.608384341e-17
7.924215532e-17
1.310053176e-16
1.724168091e-16
1.073023352e-16
1.425800271e-16
2.714661112e-16
1.605499946e-16
9.334727663e-17
1.478755029e-16
2.353167055e-16
1.369632601e-16
1.45144242e-16
1.431742034e-16
2.870538966e-16
1.675974155e-16
1.493675392e-16
1.201627915e-16
1.618816827e-16
1.102978283e-16
1.95115356e-16
7.412752457e-17
4.127859252e-16
3.801223603e-16
4.561691022e-16
1.31847256e-16
1.536845494e-16
2.51781995e-16
1.25766156e-16
1.501601065e-16
1.620173999e-16
3.396035632e-16
1.530651256e-16
1.248440251e-16
1.382018681e-16
1.169270926e-16
1.280508925e-16
6.484948447e-17
1.099180445e-16
1.69494252e-16
2.932914078e-16
3.508143564e-17
1.245496652e-16
6.338264234e-17
4.902578819e-17
8.555098739e-16
2.419226816e-16
1.157726648e-16
1.947555213e-16
1.395831173e-16
1.564133736e-16
1.364449709e-16
6.233913448e-17
1.284197921e-16
3.166070575e-16
4.351834562e-16
4.208607854e-16
2.278932446e-16
1.233147413e-16
1.664283521e-16
4.403949591e-16
1.239539392e-16
5.654369383e-17
2.085458888e-16
1.987291586e-15
3.390423721e-16
1.77089576e-16
7.140236768e-16
1.150022936e-16
5.971744988e-17
1.481874372e-16
6.940730536e-17
7.963262127e-17
1.64134031e-16
1.151304056e-16
1.280747287e-16
9.882494823e-17
9.802657363e-17
9.945564168e-17
4.889046975e-17
1.526638666e-16
1.10292803e-16
1.622271243e-16
1.107945761e-16
1.032068002e-16
1.581283059e-16
2.414639836e-16
3.830099423e-17
3.171683249e-16
4.403937829e-16
1.578676818e-16
2.746483472e-16
5.619302404e-16
9.477806335e-17
2.783492814e-16
7.566880882e-17
4.203014788e-16
2.51410819e-16
9.797069504e-16
1.845375704e-16
7.748172725e-17
8.817817509e-17
2.042596114e-16
1.815188764e-16
1.887665011e-16
1.025373298e-16
2.863518296e-16
3.216992897e-16
2.586423128e-16
1.09582566e-16
1.104268395e-16
5.626568088e-17
5.476773967e-17
1.530818577e-16
7.974375127e-17
3.095293314e-16
3.419286384e-17
1.834773851e-16
1.148460625e-16
2.4329735e-16
2.219386454e-16
9.106766551e-17
8.694797346e-17
1.815440374e-16
2.032931716e-16
7.82601176e-17
2.840882915e-16
9.262582638e-17
1.470248682e-16
2.426197864e-16
2.379813029e-16
1.461381882e-16
2.170823838e-16
1.787447101e-16
2.502372111e-16
1.911740534e-16
2.758492528e-16
7.06005318e-17
2.030100426e-16
2.000056927e-16
6.419661221e-17
1.12130023e-16
1.260195041e-16
1.455628044e-16
9.613398464e-17
1.553484287e-16
4.102136148e-16
5.130475107e-17
8.274675156e-17
3.068977931e-16
5.414387735e-16
1.171339256e-15
4.020939631e-16
2.584224132e-16
1.456992824e-16
4.445135697e-17
1.008710035e-16
8.882722654e-17
1.365333017e-16
8.362847547e-17
8.840923946e-17
3.788704052e-16
5.525530308e-17
1.964713544e-16
1.802895854e-16
1.699987357e-16
2.173199868e-16
1.022990373e-16
1.579335633e-16
1.237526334e-16
9.636712976e-17
6.744492476e-17
1.392419933e-16
3.713502678e-16
2.084988603e-16
6.86576899e-17
1.306660545e-16
1.107486767e-16
1.169724869e-16
2.606608252e-16
3.534268951e-16
1.897451918e-16
9.433839819e-17
2.025589482e-16
2.839942868e-16
2.186141951e-16
4.90461464e-17
1.33458717e-16
6.813713407e-17
2.319371652e-16
4.35701393e-17
3.249869813e-17
1.786943588e-16
6.957507472e-17
6.885193108e-17
1.568910224e-16
2.152244471e-16
9.034682251e-17
1.339507064e-16
1.025146224e-16
4.492828899e-17
1.102010982e-16
1.029069021e-16
1.47666518e-16
2.358158884e-16
1.24297392e-16
1.192828742e-16
1.654756998e-16
1.404933286e-16
1.001541809e-16
4.622098298e-16
1.81774774e-16
6.490001229e-17
5.265717604e-17
3.131577535e-16
4.837664717e-17
1.059413526e-16
3.405252829e-16
1.311136097e-16
2.146769003e-16
1.531358481e-16
6.834486541e-17
1.677363666e-16
7.225768353e-17
1.954388473e-16
1.280519499e-16
5.319639774e-17
1.756025294e-16
1.847481855e-16
1.303607402e-16
1.693339049e-16
2.717590311e-16
4.613598748e-16
1.310309656e-15
1.98406634e-16
1.245128351e-16
1.955592862e-16
6.601065116e-17
1.006546266e-16
1.035074165e-16
4.243724375e-17
1.272286238e-16
2.381082848e-16
1.254404694e-16
9.435922547e-17
1.066070015e-16
1.62308157e-16
2.856699456e-16
1.830440359e-16
1.50397103e-16
4.157966885e-16
1.310626007e-16
2.091194928e-16
7.606007977e-17
4.610821458e-16
1.173127682e-16
1.188675125e-16
6.585868865e-17
5.798189433e-17
1.206146938e-16
1.170137203e-16
6.261453915e-17
1.179603123e-16
1.943132112e-16
2.493597941e-16
2.392946614e-16
6.457318188e-17
3.169623231e-17
3.939779731e-17
5.959577918e-17
1.280580291e-16
1.146651747e-16
8.487328984e-17
5.53031225e-17
1.484898107e-16
7.893710038e-17
1.370863228e-16
9.444961394e-17
2.569181073e-16
7.161139739e-16
1.821827793e-16
1.820881055e-16
4.541523504e-17
2.290172137e-16
1.538942631e-16
7.600528329e-17
4.828336262e-17
4.367061024e-17
8.116366182e-17
8.668216719e-17
3.201917511e-17
2.263710947e-16
4.096501775e-17
8.208680952e-17
1.282736721e-16
6.399966649e-17
1.762382065e-17
2.033822062e-16
1.920905604e-16
7.563903428e-17
7.259714495e-17
1.666125998e-16
1.275924242e-16
4.665315464e-17
7.975285235e-17
8.25564199e-17
9.72702457e-17
1.069822517e-16
7.703689286e-17
1.584026852e-16
1.705847801e-16
1.609786577e-15
1.71200431e-16
2.366947661e-16
8.744968042e-17
3.663769574e-17
8.640935362e-17
7.061030108e-16
1.05231829e-16
2.062263475e-16
1.831559012e-16
1.272267222e-16
1.563646658e-16
3.164835368e-16
1.832566397e-16
1.222486964e-16
1.658229676e-16
8.050624399e-17
1.677332028e-16
1.678379975e-16
5.912606795e-17
2.424464294e-16
6.23699338e-17
1.382531595e-16
1.033768198e-16
6.625344533e-17
1.080176335e-16
7.949857193e-17
1.026454668e-16
8.952758702e-17
1.566142648e-16
4.055738969e-17
2.518003278e-16
1.170178962e-16
2.302923774e-16
1.439369154e-16
3.807939602e-16
2.44705578e-17
6.995699381e-17
2.197934289e-17
1.134161652e-16
3.746449989e-16
4.752803287e-16
1.74605442e-16
1.426521974e-16
2.584631307e-17
1.521300442e-16
1.590928284e-16
5.596756774e-17
3.718105846e-16
4.189463782e-16
5.861851447e-17
1.599424251e-16
2.765462078e-16
1.871882584e-16
8.040997925e-17
1.430820765e-16
2.08455696e-16
1.042747195e-16
5.599367428e-16
9.101178104e-17
9.695898263e-17
8.228556949e-17
1.969115176e-16
2.107592039e-16
3.666154072e-17
1.969997829e-16
1.381030768e-16
2.212988195e-16
1.159720263e-17
1.839311439e-16
1.265889119e-16
1.331779759e-16
1.359922935e-16
1.331969425e-16
2.071489992e-16
1.418635423e-15
1.604969967e-16
2.471386041e-16
1.378660352e-16
4.142363618e-16
4.573702767e-16
3.474423552e-17
2.081975053e-16
2.263241498e-16
8.738232761e-17
2.351305596e-16
2.098094563e-16
2.121332742e-16
1.890263327e-16
2.53462779e-16
1.278952074e-16
1.245177105e-16
2.401965711e-16
2.226070656e-16
2.255448438e-16
2.195318044e-16
1.181274479e-16
7.740917597e-17
8.438531245e-17
8.460983722e-17
1.813179703e-16
9.514476312e-17
9.591042666e-17
3.569751712e-16
7.208594663e-16
4.774913248e-16
4.893035607e-16
2.674062059e-16
3.603189112e-17
5.157890685e-17
1.560804352e-16
1.15994645e-16
7.310159855e-17
1.999752319e-16
1.101962139e-16
1.058187556e-16
4.266404634e-17
7.400677738e-17
5.615909324e-17
1.919448094e-16
2.937681609e-16
9.58610901e-17
2.804723682e-17
1.226207021e-16
1.032139674e-16
1.161162508e-16
1.790465105e-16
1.423124186e-16
6.327597981e-17
1.09157247e-16
3.205392241e-16
1.377313029e-15
1.413996123e-16
2.620924408e-16
4.636293118e-16
4.462794007e-16
1.606448496e-16
1.417793309e-16
1.65877362e-16
1.797967896e-16
6.710274371e-17
1.464526729e-16
7.13013467e-17
2.430465834e-16
8.18634965e-16
7.115206924e-17
1.749052994e-16
1.719813753e-16
6.915658891e-16
9.829959183e-17
2.758187857e-16
1.689751043e-16
1.709470326e-16
1.659332978e-16
1.021456444e-16
5.2741092e-16
2.425629038e-16
1.715306541e-16
1.165421258e-16
3.971660347e-17
9.577084241e-17
9.995966238e-17
1.071444779e-16
1.074782023e-16
1.413306246e-16
1.500982179e-17
1.202009817e-16
2.104596252e-16
1.089326934e-16
1.691045819e-16
4.017255001e-17
1.263841613e-15
1.322593535e-16
2.284990305e-16
3.078315158e-16
1.226021117e-16
8.702434478e-17
8.071298792e-17
7.983907045e-17
6.969343679e-17
8.747290077e-17
7.761199491e-17
9.531641421e-17
4.992960773e-16
1.351378364e-16
2.211567798e-16
1.736392865e-16
2.261976356e-16
2.397413206e-16
3.355792562e-16
1.722427587e-16
1.025258029e-16
4.36179189e-17
3.784585428e-16
2.008670781e-16
7.411231713e-17
1.424650069e-16
9.882672616e-17
7.686022202e-17
1.109535295e-16
1.502194102e-16
1.793447116e-16
1.444169089e-16
5.912486075e-17
9.79071981e-17
2.452260644e-16
3.739883432e-17
2.052824509e-17
6.734601782e-17
1.121783044e-16
4.287074857e-16
8.476643129e-17
4.060803446e-17
1.080277094e-15
9.73345019e-17
3.179417598e-17
1.627910038e-15
5.175207309e-17
6.281595278e-17
7.072379796e-17
8.867370411e-17
1.391201506e-16
6.848725648e-17
8.810578797e-16
1.513776997e-16
3.987093009e-15
1.838482853e-16
1.207545845e-16
1.082619959e-16
2.048523033e-16
8.848385375e-17
1.560222926e-16
1.548025125e-16
1.431820232e-16
1.738815705e-16
4.40436597e-17
1.208657951e-16
7.235803747e-17
9.459153732e-17
7.923740423e-17
1.119212929e-16
1.463805655e-16
1.007794074e-16
4.07915826e-17
1.668005247e-16
1.684683161e-16
8.563073278e-17
1.980470857e-16
1.133263365e-16
2.050517501e-16
7.338632128e-17
2.946516445e-17
7.366095001e-17
7.905281784e-17
1.990217648e-16
8.935256541e-17
1.581965809e-16
7.770554413e-17
4.187811011e-18
2.367783575e-17
1.059285067e-16
1.804098519e-16
9.93734172e-16
1.283928525e-16
8.309111528e-17
9.276156683e-17
1.043888488e-16
6.170951942e-17
5.182876715e-17
7.710476564e-17
1.087661358e-15
5.315925427e-17
1.087504955e-16
9.386796877e-17
8.729754674e-17
2.248059451e-16
1.770056768e-16
9.012780794e-17
1.446763668e-16
2.519841581e-17
9.378115168e-17
4.833810416e-17
5.456277139e-17
8.694050932e-18
3.570224036e-17
1.213178772e-16
2.657602865e-17
4.01493204e-17
4.766105311e-17
7.309293938e-17
8.748559486e-17
6.502818774e-17
9.913273882e-17
9.982435444e-17
4.462190443e-16
5.512675125e-17
1.567367018e-16
5.999482904e-17
8.224854536e-17
1.411745471e-16
1.453686894e-17
4.738170243e-17
4.046668356e-17
8.777158435e-17
5.239665284e-17
6.813568847e-17
6.098653599e-17
1.087783051e-16
2.400340502e-17
1.49234245e-16
6.147854546e-17
2.414058717e-16
1.208486617e-16
2.344492794e-16
3.784913099e-17
1.262018221e-16
1.498786e-16
7.586599605e-17
3.459672884e-16
7.831487594e-16
6.879678201e-17
1.092098163e-16
7.303312074e-17
1.460375821e-16
1.885228217e-16
4.345958865e-17
2.43542577e-17
6.683341159e-17
8.208296186e-17
3.433098968e-17
8.865704479e-17
9.485513186e-17
4.567917003e-17
5.110218566e-17
5.985430342e-17
1.38079132e-16
4.80987239e-16
2.054289975e-17
8.411655499e-17
1.15254693e-17
5.414534913e-17
1.756648528e-17
1.826699631e-17
1.868301226e-16
2.029182121e-17
5.064931651e-17
1.248533407e-16
7.137844385e-17
2.209437229e-17
3.559277185e-16
2.042256163e-17
3.768898897e-17
1.310812247e-16
5.321208255e-17
1.52025087e-17
8.404871232e-18
2.209104335e-17
7.50721336e-17
6.647432441e-17
8.317463949e-17
2.502913316e-17
1.063959529e-17
1.778085894e-16
8.294000057e-17
4.078282814e-17
2.937382663e-17
2.930512808e-17
9.46458647e-17
1.749661101e-16
2.314105807e-17
5.955580171e-17
3.403625722e-17
8.45050816e-17
5.924706019e-17
1.198386248e-17
5.535000812e-17
6.414516691e-17
8.529724861e-17
2.028813649e-17
6.673262924e-17
7.200942031e-17
2.667492608e-17
8.773038248e-17
3.871080191e-17
5.007791341e-17
1.345462536e-17
4.160569818e-17
6.027764123e-17
1.462396423e-18
1.232713204e-16
1.565447571e-16
1.153907701e-15
1.39088264e-16
3.233701283e-16
2.538401429e-16
9.827110724e-17
5.880068887e-17
2.168615059e-16
1.859316785e-17
3.161141254e-16
2.341829108e-17
2.378822794e-16
1.536138219e-16
6.591747451e-17
9.332090977e-17
3.12008654e-16
1.21955421e-16
1.225326221e-16
3.810925575e-17
1.174463565e-16
2.626902089e-17
8.277810568e-17
9.560378773e-17
5.234945475e-17
2.520443354e-17
1.033110244e-16
1.099775669e-16
2.178059105e-16
3.527831921e-17
5.681513114e-17
9.163621059e-17
5.893391406e-17
1.198398213e-16
3.23211533e-17
3.708189351e-17
5.430262357e-17
1.074509401e-17
5.242051376e-17
9.274254543e-17
2.404914533e-16
1.063603887e-16
1.161548959e-16
4.063162592e-17
2.582258408e-17
3.753535902e-17
4.706776829e-17
6.17254628e-17
5.859832827e-17
2.768853958e-18
1.518845223e-17
4.368089405e-17
6.202606158e-17
7.412995919e-17
1.652771938e-16
2.859429211e-17
1.135953997e-16
5.149826927e-17
