#################################### 
# Matrix Size= (25,25,400)
# Resol      = (1,1,4000)
# VoxelSize  = (25,25,0.1)
# nbVal      = 4000
#################################### 
3500.233524
3555.846852
3415.241608
3487.494475
4599.252636
3763.382562
4489.52394
4214.431876
4293.941651
4587.207709
3724.160707
5205.343624
3973.109998
5003.751149
4144.33854
3749.574546
5283.090667
4748.859491
4245.100571
4782.780785
4610.350345
5522.669884
6427.714181
3833.8829
4222.537166
4385.608464
6271.613956
6373.532399
7902.461485
5589.491195
4944.661109
3929.290956
3835.481615
4328.180675
5038.757931
4996.301893
5153.287847
6327.358298
4210.295258
4795.538842
5252.345262
4423.629674
4359.573296
4381.863256
4264.278403
4572.365509
4774.830173
4988.454135
4182.456172
4468.185396
4400.258584
5047.755072
3893.966022
4113.92156
5122.136401
5064.241846
4865.773536
5202.107953
7483.976931
5811.091899
4883.403437
5673.275886
4040.040753
4205.189197
4588.129857
5186.959528
5762.505415
5240.345848
3829.567248
4315.741967
3923.741787
5166.626691
4110.536374
5151.904842
5751.671406
4806.207054
5092.345671
5850.756479
5404.281388
4774.095939
5395.752436
6247.238587
6714.469904
4579.228419
4652.189305
4500.817493
4773.626458
4399.109996
5247.578993
4783.428562
4615.872584
7351.83765
4865.284271
4520.561667
4334.177191
5521.361225
4808.349579
6034.414851
4779.339934
4701.529006
3954.096429
4130.94519
5066.943167
4568.575818
4434.31544
4344.357498
4462.50338
4823.953008
5174.772484
4778.172912
4291.039904
6058.222873
5473.366667
7014.614627
4344.777656
5650.370208
4063.607478
4857.967615
5214.438922
5539.219715
4897.207921
5606.608617
4190.638155
4749.90401
5540.876458
4632.346271
4561.214238
6535.095444
4685.590258
4393.809057
5433.528165
4945.243557
5009.44388
4859.014843
4152.565253
4484.420343
5792.540555
4856.427768
4884.645543
5678.313386
5306.626495
4119.206453
5630.229402
6488.079131
4480.116971
5196.361118
4222.680301
6868.604857
6071.199739
5381.756891
4599.619781
4863.330229
5560.879069
4366.043462
4541.671459
4812.238633
7151.65712
5626.670192
4870.465647
6142.66099
4799.934134
4767.571815
5441.40224
4677.64214
5492.332549
5093.587851
5238.473314
5378.313116
6297.694338
6287.484124
5742.775866
5630.768087
6281.277487
5214.193345
5774.990195
4913.678681
3956.778874
4975.554332
4034.810832
4248.725232
4524.529305
4652.599012
5778.619692
5509.231104
5040.547777
4916.225175
5704.390358
4480.073732
5130.623463
5179.589806
6209.957272
6377.718898
5290.671494
4597.524841
5497.42264
5194.349927
4816.261032
6099.55277
5627.24914
4972.444379
5402.510256
5712.19823
7277.861904
6055.307609
5158.231293
5243.844515
6319.097879
6587.073587
4403.891536
6378.027747
5602.94753
6936.694522
5493.752435
6024.418919
6022.043745
4776.682371
5966.639345
5899.971434
5557.28378
8474.658245
6070.21242
4896.413989
4856.638538
4687.04045
4574.783093
5233.80024
4303.467021
5233.879271
5452.580674
6115.820701
4281.58267
4916.194043
4644.661045
5423.584295
5518.549552
4423.636046
5112.353598
4100.568243
4889.760052
4727.101481
4888.217248
4841.63623
4416.185512
5498.536761
5449.044551
5801.74409
6066.358734
4483.715971
8321.547424
5696.946722
4890.282349
4715.409479
5046.635801
5967.900293
4613.647879
5350.067894
4446.599506
4963.047673
4492.927738
5789.631714
5306.223747
6109.916676
6347.022373
5734.684893
5586.394715
5724.952178
4652.921946
5104.396276
5785.886127
4877.869431
4268.675647
4490.556511
4498.140011
5888.204906
4770.311883
5823.815406
4703.734187
4657.72281
6140.703778
8497.213511
4764.756445
4819.336346
4959.008598
6874.478109
5596.191438
5629.944236
6181.558948
6062.984459
5075.915825
5748.483985
5592.636261
5883.571523
5368.990289
5305.132943
5313.265805
6885.412641
5615.346763
5284.777478
4601.658604
5627.73059
4841.475089
6479.833251
6005.828765
6251.341143
5532.095945
5324.708753
5049.301325
5832.09407
5477.019994
5090.329929
4691.557932
4605.311948
5752.833812
5292.144297
4854.955613
5337.850577
6074.857847
5379.573996
5332.064893
5519.069143
5409.050641
6579.871498
6703.055679
5979.038518
7010.075407
5693.361654
6206.467151
6237.772954
6862.445067
7211.65491
4741.052415
5223.011169
4735.173447
5089.706789
5783.691802
6481.622876
5383.86354
5587.086278
4879.057249
5065.070881
5484.757667
6314.927179
5180.798987
6041.110874
5344.8854
6431.229107
7370.754483
5160.846969
6666.746593
5984.252145
6332.919775
6342.978046
6229.279586
7262.528103
5222.035169
5761.772012
7372.27437
4883.248457
4971.73083
5647.085007
4860.279775
6206.087892
6581.216999
6073.039015
5289.445107
6401.922689
6074.661279
5838.008142
5218.681646
6295.086485
5825.723952
6329.467969
5403.860644
6873.846959
6797.124852
6383.292213
5353.300869
5932.273947
6261.034838
5051.494315
4452.647988
4422.425201
6205.885793
6825.008721
6083.835309
7259.962795
6398.56071
5192.76358
6580.220277
5518.836138
4722.81091
5818.779252
4836.158857
5905.779926
5994.802311
5531.328868
5234.639225
6410.949778
5096.408425
4923.354724
5354.932359
5620.409714
6118.427058
5192.575748
5246.754537
5347.817223
5385.306577
6630.351128
7083.857489
6023.393664
5631.197803
7233.284792
6906.72034
6118.26003
7038.102466
5367.272423
6401.184451
5915.894998
6260.549776
6050.199717
5145.632064
5381.187298
5768.909808
5400.854178
4996.067893
6362.079939
5395.020701
5097.196005
5794.252004
5226.21651
5299.427817
5304.490283
5772.370321
5726.008105
7334.603497
5564.027364
5309.224901
4894.101898
5703.686313
6064.954924
5687.54977
6674.564226
5453.522671
7435.120152
6111.059318
5366.902937
5740.498511
5289.63535
5701.152915
7155.500603
6004.166189
5524.181845
6178.919872
6167.736168
6040.274866
5541.921627
5561.838541
6309.197268
7482.218543
5990.852366
6166.76705
5834.468574
6004.112164
6442.351391
7436.316311
7531.100534
7749.839847
5433.07517
7926.145918
6027.735776
6409.285463
4547.081421
5298.378819
6410.896733
6358.499845
7049.997194
6097.632526
5822.135568
7298.511892
6845.17703
5705.571644
7005.628669
5657.621295
6319.958209
6445.991584
5310.906993
5877.947358
5334.262378
5767.545256
6893.575546
5491.40479
5134.333336
5131.469994
5207.752229
5296.909643
5792.159982
7394.514226
5494.770919
4938.695247
5512.364822
5670.219106
6550.923158
5250.516897
6489.229144
5401.445636
6874.625984
5613.603162
5932.719482
5864.742139
6267.571872
5761.587497
6103.618024
5104.509221
5850.460471
5844.639747
5671.860284
5432.867293
4877.334949
5268.928272
6610.665244
6674.843857
5670.838609
5950.652146
4978.404563
5828.796889
5583.354903
5919.892984
6854.186203
6935.731011
4849.023503
6777.68658
6934.057092
5899.697106
5205.041645
5602.421124
5855.235417
6093.897954
5845.353836
5814.106743
6333.255813
6815.433366
7840.87106
5193.084223
6833.90017
5246.239765
5499.487681
6608.363609
5432.056934
6438.186533
5391.715591
5406.993673
6043.557091
7039.516538
5234.381157
7016.619321
5727.225622
5098.400647
5450.990623
6096.671366
5764.017123
6169.496503
6712.973215
6017.759335
6480.261814
6086.959732
6072.474576
6100.639784
5373.423214
5788.8994
4851.497209
6332.073087
6101.093218
6681.563412
4946.544291
5607.272924
5116.658359
4849.508458
5725.424759
5060.398708
5524.144366
6042.459338
5716.511275
5999.762673
5113.649868
6057.912718
4888.861274
7506.946152
6766.544593
6246.566281
5958.340969
6484.154858
5320.51624
6054.165848
7025.852124
6004.216744
5782.167007
6181.098461
5112.783645
6431.267789
6468.212446
5620.747053
7186.014092
5631.914306
5822.036962
5922.783908
6766.011861
6184.755129
7023.269923
5461.887251
6062.865888
6712.305435
5667.794969
5611.306303
5067.942376
5749.256
5707.718689
5064.369083
5077.326856
5130.219204
6947.727051
6317.500119
6316.993591
6378.997549
5243.918463
5277.962216
5507.815943
5246.163529
5746.43564
6217.187973
5032.233361
5258.855141
5846.082041
5565.528257
5682.919875
7084.28843
6321.831881
6132.282606
6391.066819
4901.926651
6190.500856
5084.900839
5772.904477
5690.450597
5162.796323
5462.945317
7050.434763
6137.825215
8579.644506
5967.856636
6313.191105
5212.634216
7034.389003
5859.765744
5894.488321
6940.712468
5936.04136
5342.699917
6630.113167
6267.686119
6108.267655
5312.7993
5997.591228
5146.093396
5559.009316
6859.341491
6752.148865
5398.966848
5088.704029
6084.924204
5574.444876
5500.044977
5941.142692
5993.964744
5981.683654
6282.202043
6417.327997
5834.444491
5334.65403
6149.27236
5384.240975
5228.046202
6575.779741
5379.101677
4763.845562
6424.816163
5967.80213
6143.224168
6773.191584
5022.689586
6848.316754
5138.703339
5846.238543
6207.478912
5335.604261
6016.900514
6107.746251
6367.274929
7372.836872
6639.587832
6678.210362
5913.080981
5942.095821
6583.585697
6256.301185
5923.287295
7055.684291
6402.124678
6324.916232
5419.60544
5995.823286
6196.18102
6637.354071
5674.984246
5826.121969
7337.995093
5788.513765
7141.723158
5772.019726
5843.234716
7061.39505
6573.239282
6526.622276
6188.230383
8206.65876
6418.293411
6930.062412
5851.254654
6436.159089
5386.564893
5640.85839
5631.133818
6217.145889
5636.811789
7110.75928
6320.075759
6401.390268
5695.775185
5223.486701
5469.628432
5863.189662
6040.571907
5159.621526
5825.104139
6514.576521
5343.494086
6265.417938
5962.31837
6584.281216
5830.436769
6628.865237
6443.516796
5391.244086
6972.520699
5472.354487
5935.667452
6218.19702
5869.54331
6734.160442
6084.236636
5289.176627
6745.203082
5408.277394
4868.050808
6039.350546
5610.045668
5442.358983
7605.387932
6789.984522
5646.547573
6367.903599
6103.42672
6098.148684
6106.974622
5917.856598
5437.199583
5330.039417
5142.755369
5808.757875
5382.413766
5181.334943
5184.486045
6219.870614
6348.719039
6198.594014
5145.621684
5053.799524
5004.143285
5383.427521
5074.8479
7305.708205
5994.256464
5389.365756
6162.435559
5569.625109
4981.873456
6679.874944
5775.817269
5754.029255
6159.105068
5604.110289
5970.653228
5364.739478
6505.611837
5556.611096
5470.791191
6192.008504
5494.675558
5669.405473
6254.468386
5938.50037
5439.663969
5797.369416
5770.832514
6651.636766
7056.460444
5580.023274
6431.395309
5100.288826
6165.939126
5665.580398
5829.533384
5041.514358
5812.155847
5656.659547
5453.035581
5693.369186
5901.329749
6458.384114
5835.973936
5424.758945
5717.111685
6490.604042
5820.530637
6133.062584
5488.123172
5878.074551
6148.489709
5967.25475
4993.90041
6698.060428
6037.579978
5926.517783
7608.204585
6040.155476
6649.969755
6125.60148
5785.875593
5654.158316
7164.390528
5906.530624
6448.375588
6331.760127
5474.959725
5371.399661
5502.226459
5160.179961
5885.374049
6654.179112
5908.537072
6328.128347
5477.197795
6283.426118
6556.133556
5735.759105
6418.048181
5458.288088
5351.449543
5133.368087
5200.25464
5612.106103
5190.683809
7665.091456
5684.809576
5504.300835
6126.796399
7318.37559
6623.141977
6215.601101
7034.721785
5605.098417
5608.028341
7274.485246
6192.267067
6246.024406
6988.654375
5838.51821
5250.119287
6041.855446
6591.818397
6186.867959
5898.300274
7566.40083
6430.156055
6093.294187
5534.234272
5615.857394
5417.703719
5555.67507
5123.972203
6652.076145
6452.449193
5318.216501
7238.481781
6235.237765
7857.957481
6233.396895
5922.669411
6562.010833
6214.457753
6107.69776
5332.769177
5171.830944
5890.634747
5267.549372
5825.797132
7291.8677
5885.627047
5197.814503
5164.052675
8145.333761
7761.286456
6945.540533
6182.979836
6054.819293
5854.832441
5511.054753
5606.496545
5623.563262
6390.713086
8079.039914
5420.116349
6843.361534
6479.012574
5886.698034
7458.909963
5855.979418
8170.778457
6669.11343
6489.001834
6334.398938
6308.278564
5731.882968
6844.496546
6305.195949
5632.0309
6263.118301
6403.457888
5990.858135
5974.347015
7595.486493
5509.740014
6090.352587
6262.67669
7190.12392
5876.441161
5688.865045
5535.980168
5709.659283
5522.282698
5484.240419
6197.811498
5802.206171
7638.414371
5395.069837
6127.144447
6719.713727
6809.043106
6858.316979
6334.036619
6391.622665
6822.235653
5917.76116
6426.283886
5933.103375
5789.055759
7781.11015
6147.06397
5754.200333
5713.173795
5627.600381
5732.99346
5594.639876
6783.217451
6959.418017
5595.254702
6247.613081
6339.042966
5727.340244
5630.533097
6079.69641
6832.649436
6077.599031
5633.252623
5973.472423
6022.928085
6277.693862
6320.877933
5958.548408
8076.666268
7309.142192
6159.381363
7152.532571
6082.161331
6424.688912
5624.982883
8476.812632
5692.141757
6735.461276
6066.298802
6153.120422
6217.914673
5981.784058
7669.914168
7134.19108
6116.701049
5921.020541
5712.987023
5836.928256
5442.778469
7957.711107
6610.011984
6681.250728
6346.530863
6671.60035
6253.139169
5685.602475
5448.543196
5326.753264
5588.632452
5545.416126
6281.121361
6665.866083
5654.673061
5701.696644
6376.442669
5937.535944
7558.037174
5756.921064
6397.890133
5695.699765
6319.07803
5666.642219
6613.78406
8472.746646
6610.57023
7663.971712
9134.687689
7081.808837
6441.411349
7495.384685
6193.230236
6583.230975
6077.14638
7053.895275
5925.895452
6736.384212
6740.212312
6713.10478
7566.080197
7174.119183
7066.66162
6601.410029
5909.7244
5704.994284
6870.48962
5725.501195
6485.314876
6439.575926
5430.460578
7520.137018
6931.285712
7967.793103
6491.055687
5612.413653
5722.087104
7100.176786
6930.84563
6595.795739
6284.45417
7481.848307
6568.376275
5939.554198
5897.493683
5707.539605
5707.058587
6201.431972
6059.185565
5801.674636
6239.127471
7356.816048
5870.961513
6217.085779
6343.499599
7603.119394
6243.214309
6376.717
6583.529884
6641.379515
10014.41816
6336.800584
7881.524131
6079.402031
6045.960817
6270.576283
5986.16446
5660.516274
5385.595572
7761.985424
6533.275296
8118.864404
7301.352981
5774.59272
5672.704033
7780.163478
6242.512791
5879.016098
5614.089533
5711.85061
6318.500463
6217.543016
6428.491125
7466.777375
5848.350906
7622.734231
6287.094054
6779.031538
7111.991713
5637.66317
6080.123237
9018.661417
7079.04605
5957.506345
6012.559487
6465.702505
5713.758075
6568.253145
5695.512836
6756.980214
6112.528932
6405.462425
6661.978126
5766.670556
6289.128735
6029.883486
6524.362179
6410.629183
6693.62251
6182.429445
5716.627755
6908.662362
5664.813606
6195.273957
7548.234607
6388.152131
7473.412281
6476.70549
6153.064814
6926.576
9219.695665
5737.106849
6403.086823
7711.337059
6386.553403
7124.637119
5871.497694
6309.825916
5777.900036
6749.466558
6721.542438
6675.499268
5721.806649
5870.001888
5785.761489
7137.007671
5830.922837
6346.347252
6708.471294
5687.476373
6732.503987
6215.830672
6278.848422
6191.067627
8199.835273
8876.609642
7200.366703
6995.54725
6636.619693
5602.362207
6303.385349
6702.516943
6275.792915
6022.783535
6373.180676
6888.56279
8589.407218
5711.715369
7277.735195
7193.521448
6530.347271
6550.274466
7415.496458
6332.282598
6306.317358
7255.339943
7701.805592
7240.770077
7402.460521
6833.851207
7086.453556
6407.202932
5947.860045
5684.360574
6943.775674
6499.638358
7304.2549
7129.880866
6345.670711
6297.193222
6772.60657
5767.069177
5832.266924
7627.632396
6329.574383
6084.262261
6408.269731
6284.233682
8097.033408
6983.645189
8089.007834
7037.315674
6959.348527
5969.148874
6633.794026
6688.316287
6169.204454
6209.3231
6687.607845
6389.823789
5800.082693
6750.019532
7720.780054
7229.031975
6020.937587
6278.972198
6034.647526
6603.858784
5963.17837
7448.616354
6535.748168
7310.900239
6246.384239
6703.377717
7079.855245
6311.141612
6859.675971
6278.696223
6651.680858
6848.026357
6892.2056
6344.718947
7021.397464
6391.242284
6219.060773
6250.016628
5979.461566
6248.632626
7726.992521
6755.403931
8048.474476
6505.738897
7001.058043
8427.046311
7691.065268
8132.566046
8039.565107
7787.360889
7670.672682
6639.471713
7472.296402
6186.960436
6504.241008
7295.974803
7303.971947
7584.708064
6380.687283
6992.360365
5898.261953
6666.068351
6725.061783
7267.846548
6698.274264
5991.630606
6597.604393
6607.85899
6183.125115
5670.080559
6141.174642
6375.164495
6045.88449
6435.173872
6459.718826
7715.443556
7622.796985
8446.922494
6335.921683
7181.122991
7517.562987
6487.237123
6404.351404
6091.173349
7727.384828
6402.788159
5817.318678
6282.651105
6279.845057
5894.849657
6602.20733
7741.812058
6829.809671
7375.646375
6555.304368
7877.447874
7161.39589
6262.807482
6427.695886
7382.977592
7736.544644
6176.912749
7345.038191
6977.884689
6880.779298
5719.075494
5807.98132
7537.461168
6180.960628
6627.972037
6790.190061
6632.528511
6386.832086
8272.662619
7442.669926
6261.871038
6540.744973
8068.446389
6902.834262
6334.22032
6548.790873
7030.986454
6072.220586
6644.071112
6648.144229
6448.870141
7500.550707
5720.383571
6679.809345
5780.457126
5672.860494
6310.364013
6370.843572
7506.57719
6789.305589
7767.022549
7193.561576
6256.957221
6898.815118
6393.885387
7253.368504
9252.092271
6308.579174
6522.067628
6777.712799
6405.953419
6292.841217
7583.937892
7865.71445
6836.732086
6755.327449
6269.66327
9741.663348
5904.070848
6176.016621
6132.48687
6393.898544
6153.288711
7650.61811
6419.087998
7171.656808
8015.888361
6634.31574
6350.787557
7115.693499
5615.582305
7499.368858
6919.095934
6694.740939
6454.565852
6476.433135
7368.529648
6756.386275
6023.69518
6506.111729
5955.643037
6315.978166
7313.081686
6758.907889
6517.248477
6641.190346
6754.935744
6398.147503
6847.204121
7133.930313
7084.912517
6570.397215
6384.809659
8822.630903
6426.469166
6295.731405
6572.399657
6356.966216
6394.869428
6805.122565
7544.915857
5815.97332
6001.874097
5861.38129
6167.526234
6818.744154
7715.076394
6786.748898
6967.657795
7657.544377
6482.806677
7848.559935
6214.924012
6624.803518
6198.758949
8552.229255
7300.989594
6773.473236
6048.783433
6173.929044
6109.49306
7640.444376
6685.150268
6936.292703
5947.855873
8186.158241
7154.478688
6932.840324
7159.078566
7442.270911
7185.768798
7062.952719
6544.735203
6742.333286
7401.389208
7311.83408
6741.492574
7302.504184
6451.891185
6563.414329
6815.756435
8297.867521
7825.930507
9296.368993
7420.998073
7019.007142
6786.272566
6564.671929
6813.697884
6399.26035
7105.280232
7250.887546
6985.662478
6589.78601
7423.455213
6482.657039
6343.448119
6797.336443
6777.756197
6351.636861
7074.359974
6160.095001
7244.305401
7042.327778
6640.158081
6959.367162
6525.466249
8007.664872
7860.974272
5945.265256
7934.759874
6784.89477
7508.766257
6560.646434
7519.201631
7481.363606
6757.725329
7057.802633
7656.984616
6674.178298
6818.632044
7296.933087
7236.980403
7295.60633
6474.759593
6968.094361
6718.807742
6964.215493
7963.740381
6338.124981
7666.210743
6523.633524
8775.861191
6465.701439
6537.242234
6714.581223
6572.471854
7146.995587
6679.619701
7682.419231
7626.46645
7805.931679
7182.641607
6676.52272
6695.527835
6846.366429
6620.737123
6561.597187
9156.596342
6725.131736
7218.866627
6460.225886
6811.659193
7050.548252
6651.281701
7190.257007
7991.980504
6727.257492
6734.789807
6866.813536
7134.392116
7268.120621
7068.895613
7306.402549
7456.700379
7694.637037
6588.993659
7162.004313
7652.032766
6667.613072
6855.632686
8167.062324
8426.440675
7316.513557
7079.359364
6613.368259
7994.656557
7143.453732
6394.525514
7309.230153
6776.613522
8806.892453
7015.296503
6418.449292
6855.91931
8284.580774
7043.543129
6698.884955
9163.223017
6732.148926
6733.888809
7465.654829
7777.874471
6959.154395
6716.548688
7039.243169
6524.919858
6664.631338
6706.523161
6813.673357
6304.230137
7617.682016
7120.857026
6861.438031
7151.775892
6326.132173
6301.481685
6486.526255
8064.656075
7101.191072
6574.241739
7341.526454
7233.951854
7234.772113
6672.149661
6960.675569
7929.460135
6692.82606
7081.162121
7111.088946
6332.136237
7257.540256
6532.628674
7142.937839
7370.405838
6862.689442
6738.456881
8002.08261
6684.77231
7341.713627
7180.110488
6367.748742
7508.152184
6792.791161
6740.977714
7371.632573
6504.505405
6747.775354
7048.257826
8001.733679
7377.867233
8371.010313
6868.449529
7656.605357
7683.605246
7069.017767
7753.496069
7765.748647
7993.564747
6611.628975
7166.988202
6662.920478
7297.513846
7214.059474
6613.332003
7033.116348
7004.328924
6921.777407
6388.398971
6706.185451
7022.867218
7958.369534
7488.65018
7257.206758
7881.817252
6358.637698
6963.189533
7042.140177
6429.134017
6787.826291
7346.57446
9149.607495
7598.239978
7130.669077
6359.983906
6426.33192
6611.304191
8091.069649
7348.704275
7124.236943
7343.883619
6937.293848
7623.878777
7008.547395
6804.634669
8234.578944
6471.593998
6641.992155
6976.749636
8173.905166
8625.514544
7811.931593
7215.554532
6494.8092
7614.804016
7349.359807
7279.008771
6986.363054
7663.789508
7673.922604
7037.116973
7189.293744
6606.064151
7905.680573
6999.16651
7838.430966
7107.663551
6690.615616
8327.561326
7481.848229
7402.764654
7919.499893
7501.662102
6679.259401
7015.074587
6908.429795
6941.04378
7497.545016
7307.095448
7312.387981
7093.987456
6642.813557
6978.150432
7003.304208
7027.36209
8323.627818
7230.337976
7799.159167
7114.677432
8863.03346
7036.014019
7665.583887
6995.301885
6855.290041
8179.117341
9370.053631
7022.916984
9585.690966
7124.821329
7811.832699
7897.91309
6857.372548
8090.307324
7190.624
7095.697476
7164.645802
6888.46756
7129.929123
6926.808138
6619.077224
7361.320145
7454.8742
7953.681563
7538.026538
7181.407345
7057.918897
7207.429484
7477.776475
8157.332335
7081.263753
7865.922175
7665.663873
8336.211469
7112.378446
9484.541989
8252.832974
6733.929318
7740.21333
7169.893588
7830.545388
7453.368917
8130.677689
7610.891564
7653.775051
8302.104894
7122.74366
7175.54464
7213.903686
7471.912807
8303.694712
7604.932919
7861.587187
7023.281417
7549.080189
6764.151652
7156.695928
7621.352128
8461.249927
7426.898599
8098.303513
7721.481114
7290.67717
9009.557319
8234.942302
6929.004785
7936.613986
7257.399948
7289.50634
6990.499188
7198.245094
8182.63616
8802.811575
6710.14171
7443.873189
7700.381428
7422.028363
7086.773815
8659.985308
7443.978428
7092.316484
7050.592773
7434.028952
7178.747662
6824.168513
7885.750747
7947.231657
7377.938445
7020.923947
6797.12132
7594.117751
7651.03989
9115.004876
6854.5599
7901.540741
7671.723827
7297.649645
7141.466085
7352.479357
7157.473162
7130.846492
7128.085265
7997.82156
7239.442235
7776.196193
7698.632998
7207.194396
8225.284325
7917.505929
7095.532201
8042.940611
8949.217242
8089.470706
7359.236535
7812.091154
7835.389775
8277.534793
8513.883586
8135.58834
8227.539596
8072.38384
10276.34741
7917.427948
7915.815866
7976.286098
7489.93482
7433.872622
8306.854363
7900.838113
7240.83772
7481.905918
7673.624816
8477.986579
8101.329005
7331.169304
9002.235608
7594.410542
8322.187023
7475.883643
8154.677102
7525.891483
8487.108771
7528.851882
7933.831691
7750.589862
7566.262578
7267.762036
7784.092902
7343.635765
7889.69494
8170.98819
7547.512788
10929.57268
7522.613816
7306.844401
7883.263737
9382.813833
8617.987388
7650.595501
8285.208615
7640.004672
7741.735038
8402.135514
7875.614695
8854.787718
8119.007191
7795.21223
7774.324393
7536.785709
8605.321397
8201.552888
8210.128459
8010.758665
8560.470145
8541.331473
7818.905684
7587.059524
8176.61425
7641.842022
8211.654973
8202.699552
8024.306442
7466.568144
8378.925335
7650.961608
8552.446935
8571.931944
8086.527331
8777.735058
8290.759045
7928.7004
8407.641038
7928.217226
8597.908871
7560.30383
8898.434079
7393.089594
7896.649124
7518.054411
7560.472628
8346.918821
8445.225908
8176.106341
7524.676658
8073.226566
7901.148213
8147.45257
8523.298051
8141.389976
8060.781728
7599.029235
7465.970289
8409.431875
8026.392929
7646.556255
7851.730716
8379.291266
8178.183039
7686.896437
8464.978207
8446.437983
7564.457861
7455.276175
7930.171345
8100.816242
8969.057149
7879.041081
9251.848864
8319.603151
7923.562338
8139.857972
7949.823125
8592.843391
9672.994086
8958.076938
8266.22156
8557.551367
8507.955445
9120.103756
8526.483795
8981.372861
8004.748595
8405.096161
8974.826074
8994.196915
7406.679869
7594.120989
8125.75717
10047.85324
9137.831885
8386.031984
9088.092947
7912.667579
9104.485585
8413.776424
8336.349829
8245.783365
7899.242931
8379.194704
8458.222556
8334.274338
9005.204723
10003.4941
8279.667666
8623.398486
7934.378528
8481.491847
8340.056733
9739.03765
8561.743412
8773.288674
8985.987613
8558.301464
9793.210273
8470.405944
8716.718672
10343.72307
8552.306212
10120.63057
8507.029458
9177.858311
7758.997245
8992.243943
7858.490714
8213.676154
9219.540404
8672.6608
9060.324854
8389.986091
8935.338586
8011.844253
9205.899073
7983.376367
9117.646813
8936.360823
9175.371047
8455.197921
8657.427704
8537.821932
9002.183226
8339.59822
7985.155793
8318.183781
8275.149872
7936.537584
8964.43569
8658.810151
8529.852566
8292.080546
8784.296084
10735.14277
8757.672122
8834.132608
8226.143985
8170.710272
9214.629761
8598.293448
8695.788944
9114.470485
8059.141635
8209.170284
8358.273458
7875.826201
8508.51964
9887.851114
9035.074799
8405.379081
8339.542344
8943.949152
9360.459692
9133.503383
8672.473166
9007.019295
8859.558385
9145.88653
9784.061057
8482.903274
8234.257626
8964.432534
9041.634001
8096.006376
8219.637357
8897.905351
9128.3854
8952.544334
8986.129163
9209.94077
8995.848019
9577.248056
8231.677586
8055.81124
8490.764716
9827.788907
9556.543646
9052.074361
9866.873077
8723.059631
9101.179286
8707.770879
9586.894544
8479.169934
9198.695851
8955.940884
9093.875079
9000.176122
9640.953031
9084.656433
9716.214811
9525.634376
9229.110936
9098.480407
8663.795795
10114.92427
9620.164207
9337.307374
8473.282687
8772.440983
8911.635093
9534.97043
9013.305635
9102.051951
8872.403868
9205.54868
9379.454931
9833.283922
8343.438294
9594.376124
9656.002589
8421.208411
9572.045801
10113.69813
9841.86335
8976.50585
9622.861221
9615.388639
8717.655342
8888.804397
8641.619071
9296.728165
9037.265643
9092.183975
8850.637988
8924.074807
9029.279114
9560.43521
9642.279337
9182.331502
9241.09838
9501.206417
9293.854701
10677.88176
9575.495939
10201.95429
9471.978358
9691.677542
9126.246914
8863.094177
9819.242076
9090.707483
9705.173257
9928.270552
9338.914202
9514.867113
9135.759205
9214.370881
10026.11483
9103.056366
9018.794489
9253.268851
9154.391075
9070.085721
9796.223311
9810.074085
11115.70151
9330.969297
10766.54944
9612.50352
9763.259568
9954.066937
9768.106767
9767.068025
9233.426507
10208.58955
11383.80357
10285.13227
9496.57682
9757.856724
10498.89634
10770.34964
9282.47237
9495.835996
10277.35747
9729.239622
9879.607148
9603.182309
9378.15845
10011.31893
10443.36786
10246.10219
9891.496734
10889.19484
10213.38591
10440.73451
10098.94555
10935.65956
10704.84865
10412.75195
10148.24897
10410.56093
9237.560548
9525.635913
10768.22934
9804.76647
10465.6239
10051.81605
9504.754158
9740.665336
10245.04718
10623.34239
9682.611689
10578.6365
10349.21231
9877.250471
10010.6468
9519.012755
9410.860647
11263.91542
12697.24143
10375.29145
10304.73958
9726.516716
9999.715772
9871.227004
11191.68144
10830.71167
10782.4919
11445.86295
10509.32426
10401.89493
9762.459094
9895.257998
10415.41343
9419.801468
9602.24147
9858.617001
9737.573928
10090.44882
10130.44346
11786.52651
10507.4768
10672.79421
10459.51958
9968.21295
10723.55704
10939.46112
10467.84913
10559.41101
10559.63565
11608.8999
9792.158591
10273.54429
10304.6699
10526.75098
10490.10111
10358.38998
10077.49978
9951.314431
10853.65267
10511.62811
9969.955806
10324.2019
10914.97687
10041.53697
11120.16884
9964.886372
10576.86281
11143.63828
11257.42805
10215.35819
10360.77155
10901.28353
11028.15893
11005.57684
10205.93416
11855.86974
11026.45784
11022.44081
10546.62411
10574.84278
10355.88265
10451.99098
10756.45689
10448.86081
11239.68345
10323.60762
10794.94077
10989.85168
11305.73836
11274.41383
11003.61116
10879.80165
10695.5705
11378.02873
11373.74405
11392.36816
11452.82504
10880.25303
10895.31009
10622.46577
11838.18374
11116.99285
10828.53254
10174.31078
11160.87357
10933.4649
11124.26934
10700.79188
11055.35286
10879.27329
12441.76395
11350.09729
11312.60262
12126.01326
11341.65514
11676.46804
11687.02944
12216.66307
11541.77136
11174.1704
11567.84199
11117.75624
11374.26117
12151.25564
11538.52486
11501.9524
11395.15065
11236.56573
11090.67425
11082.36421
11389.45518
11581.69162
13163.96556
11884.55773
11279.87319
11896.64345
11807.76911
12113.48438
12320.81846
11907.3134
12166.94896
12636.07332
11593.14642
11811.15587
14062.62748
12286.73522
12352.9252
11756.04364
12335.17308
12081.33812
11920.30074
12073.98477
11589.83032
12202.54677
11743.19023
12378.6618
12563.60494
12553.08187
12121.74898
12042.34732
12361.74377
12923.13604
11980.21236
12035.57413
13300.60641
12438.80516
13067.06788
12423.35478
12711.66598
12338.88942
12765.86536
12271.69342
14114.92741
13012.94948
12378.98941
13213.44068
13117.92028
13561.4824
12634.01668
13424.4773
13094.37751
12918.1017
12415.44394
12808.34376
12852.05949
13172.73724
13048.07972
12811.8291
12816.19437
12790.07931
14137.50798
14120.46626
13021.91151
13237.5948
13468.37911
12641.33095
14269.94899
13491.82288
13256.70778
12775.42283
13074.95991
12935.69993
13169.71294
12868.57325
13659.91718
13276.19704
12947.22937
14195.22343
13621.98771
13124.80753
13829.64063
14239.35316
13326.54634
13868.28382
14892.77839
13870.52686
13935.79796
13973.5774
15510.36766
14104.30828
13674.83069
14052.32055
14348.19258
14057.25993
14365.05046
15633.97487
13868.53068
13506.32792
14190.49613
13885.36373
14051.20517
14307.66219
14648.36695
14477.36455
14625.52228
14391.7435
14682.56424
14042.16948
14468.6074
14065.17496
14153.26262
14243.08911
15796.1762
14865.25694
14434.20573
14323.47789
14645.71806
14945.10974
15669.90577
15182.42142
15719.55962
16469.22151
16000.93636
15335.40469
15369.15516
16158.16824
15270.43394
16906.10346
15853.4157
15311.05403
15733.98053
15235.21007
15540.0411
16330.12246
15659.09746
16084.82702
15773.39174
16133.26785
15795.56751
15647.82553
15472.58709
15689.54441
16304.62542
15232.7929
15630.93338
16562.32071
16579.78994
16146.87995
16567.77491
16436.54085
16583.16648
16097.82823
17269.5886
16593.65709
16349.80577
17225.94989
17411.02583
16777.60823
16768.39108
17171.10197
17124.54896
17116.62535
16552.98905
17384.17643
17405.67958
17573.61843
17452.25428
17224.36607
19804.93467
18295.75965
17551.22958
17519.28128
18664.35472
17856.7483
17826.99275
17267.24899
17787.3796
18234.84284
17516.61248
18367.22337
18549.16612
18381.26695
18613.11323
18629.92384
18869.52859
19320.06025
18255.28567
18364.283
19503.28758
19306.92011
19302.72461
18836.80181
20015.88693
19193.87023
18945.47166
18603.81115
19628.02681
20848.37606
20190.27696
19806.17806
20423.38237
20812.36516
19515.44513
19890.98999
19381.85594
21440.22439
20545.71532
20547.53212
20548.05571
20699.37856
20570.78751
22100.93259
20329.38433
22469.74875
21305.11328
21190.91592
21068.99989
21283.43899
21785.7738
22535.21408
21143.35208
22396.17312
21890.01862
23939.87556
24803.74784
23286.11688
22492.09884
22867.98763
23136.01552
23179.83091
23062.3
23431.28273
23651.29525
23768.61272
23845.82873
23739.90013
23943.37357
24013.42751
23861.16722
23735.01631
23789.29289
24098.18311
24652.1348
24743.50271
26108.16849
25037.07092
24216.24855
25215.19103
24874.35683
25118.7373
25648.75192
25421.25334
25863.34181
27576.73523
26916.77931
26716.35116
26405.03239
27601.13078
27278.80797
27816.18662
27910.08725
27706.35327
27536.77133
27528.06547
27430.09111
29013.22428
28615.45592
28462.87828
30132.41656
29767.53399
29173.04306
29805.87537
30014.54388
28894.83397
30240.69326
30699.9189
30336.94732
30507.90497
31526.96305
30931.00025
31141.1657
30738.3945
31814.51434
32162.8368
32873.98993
33497.66727
33515.77789
32706.54603
33215.75393
34319.80051
33749.50235
34002.33212
34425.92872
34189.4629
35872.49015
35222.08665
35379.30784
35770.56206
36287.70986
36732.5114
36758.81632
37020.80659
37700.66274
37462.72653
37788.90145
39065.8527
38910.35713
38956.89127
38595.53702
39646.53294
40707.45953
39875.45445
40455.1859
39975.74385
41527.11953
41074.2442
42573.59689
41722.53268
42437.02942
41561.47024
43590.50133
43487.59638
44134.99428
44574.78094
44847.7619
44749.21899
45672.14343
45650.85791
45835.40611
46649.09478
46090.9974
47572.72783
47008.6854
47684.15382
47965.18141
47638.09724
49736.66232
48747.71874
49631.64223
49219.14601
50783.2565
50322.1099
51541.9398
51158.15664
50788.5936
52019.72403
52546.34432
51425.23153
51979.8084
51356.91305
53502.85409
54642.02356
54730.69786
54238.46176
53328.68371
53361.6736
53364.31874
54820.00132
55741.32774
54515.00078
54669.12437
54415.79032
54686.17093
55166.47419
54948.40365
55420.89056
54979.2279
55162.81495
53823.87719
54418.33548
55430.43869
54677.08118
54879.90994
54787.1732
54617.15048
53392.06164
55155.71138
53883.07856
53486.29948
54130.60834
53559.12723
52305.09788
52764.94196
52146.35882
52707.22463
51841.91175
51309.08665
50965.44604
50301.01159
49592.60799
48667.95353
49515.17645
48361.95919
47678.86443
47821.35451
46357.08823
45967.53964
46466.43531
44272.39337
44567.32239
43909.67243
43323.32165
40782.73897
41485.10505
39819.2874
40156.38239
39615.36992
38229.91349
37083.10915
36477.4321
35652.39645
34915.04085
34462.44221
33472.54468
33023.47425
32461.67436
31620.73736
31442.12672
30585.0091
29158.69089
28161.31715
26956.00063
26836.71955
26956.62844
25122.8557
24278.77729
24318.04054
22866.22524
21926.9878
21542.62331
20730.97109
19549.26956
18702.74927
18325.30431
18404.66616
16965.30953
16452.81599
15915.38277
15213.63012
15043.28602
14380.05675
13043.94036
12993.97967
12547.29894
11789.9734
11210.95354
10863.48825
10187.1951
9740.460247
9351.315486
8815.696691
8449.601512
8036.239205
8137.018339
7271.624766
6905.283748
6304.03059
6117.974352
5952.963643
5282.293091
4991.367981
4927.350419
4598.35724
4306.807211
4426.055964
3758.332189
3907.405435
3797.135593
3156.121556
2875.284481
2737.467141
2546.250342
2392.861138
2264.393889
2066.079624
2021.608706
1789.104118
1812.109479
1669.184739
1481.56751
1412.828617
1329.794345
1251.165046
1224.870221
1024.232406
902.9368973
747.0032688
848.4238496
665.5122949
661.0591275
657.9676705
671.800664
625.2634864
446.7799403
444.6722563
423.5128927
385.5189301
340.6238524
308.895775
309.9286675
350.525946
306.096034
442.2615128
334.5378844
347.6968549
217.9146207
222.6821227
238.2212682
190.7131089
224.199028
515.232154
153.1324905
211.5272013
122.442555
141.0656843
196.7744711
178.2977816
75.90544861
111.2405054
106.8124518
149.9476381
70.23551747
329.684747
92.96601418
102.1971638
57.39268346
72.22266213
83.83523443
91.41365707
98.82900464
83.54003686
101.9871367
66.20852643
78.37359641
30.75165726
71.93258274
58.85357374
152.9193232
51.67130056
45.5761783
108.2874874
31.12204768
65.37654287
104.4024974
23.17259472
46.56503808
60.53941526
46.0744214
21.64014343
36.83761978
48.95647815
72.72982085
38.7283903
37.78879079
20.93484399
34.60399402
26.22791265
30.45651751
20.0214939
55.51645875
53.17281916
53.49308331
47.23453344
61.5640138
33.54002054
31.8909628
56.22045061
120.8117896
64.06666593
137.4575201
117.0084579
45.85371299
46.85656694
88.22864761
44.00960945
45.0683331
37.15140605
73.85958327
70.58801136
44.37547894
38.63470898
35.24989791
13.73801949
29.50739765
46.97931195
67.02060719
42.62249243
21.78055697
60.75134492
44.84578191
53.3651386
23.91829765
56.59758589
29.68828505
43.95562406
24.05197769
43.11626892
53.61934101
21.46629982
49.10390137
55.99023976
229.0571343
56.13698982
45.17693869
122.3429905
29.35670145
54.72451016
45.5060461
138.7320157
42.96321165
35.75057037
46.72359071
105.834737
127.4769221
54.9568928
31.17258019
50.9970113
75.66480249
71.81505485
195.7439216
363.7796953
50.87795755
135.0549141
41.10734232
47.31879261
63.14383452
26.72483101
58.77290102
85.2910513
49.78001023
41.38074998
76.88707793
27.59060669
57.22634513
49.42435046
26.50527364
43.35270351
49.78183931
45.43458709
25.4620947
32.89352314
31.73641565
25.14167554
24.71755822
26.79598587
24.03701067
45.6323914
56.06514107
44.11935394
38.49167816
44.43091939
83.54778528
33.1727873
33.04423599
114.8827179
46.80131456
19.20702298
69.33181776
32.49134677
38.25491284
37.58476228
23.4497235
64.96016033
86.2348741
158.7047486
78.63130949
125.4763968
25.89587063
16.76184739
29.47370136
36.75004477
14.56871751
44.77544571
92.22889497
17.27140364
55.32625603
79.69975135
40.8811973
42.1687866
42.46779732
18.50250734
51.14762589
311.3035805
63.39813969
96.85528005
37.7281969
29.29094005
26.57575014
99.13334372
118.9437863
67.08606104
27.66844177
32.71202978
166.4120024
74.9263303
29.13138444
37.8437863
27.22414675
42.01806503
15.33538613
20.0085723
46.02419574
32.06690875
224.2143592
23.20471877
40.70410014
50.12668591
44.98888685
47.52764012
26.90248834
36.36043583
57.67833936
38.36226923
51.76844685
74.87037277
47.64440794
38.64817557
31.47406459
26.19515347
38.20964937
18.50527932
28.66820821
14.66905209
40.93694749
14.02841033
11.66502785
13.22982785
31.08951754
19.71272082
16.24969075
39.57966262
14.67800473
37.32628356
49.75490948
39.24921086
21.49842693
21.87927496
844.3591336
17.10006115
18.62126208
25.86492922
20.73420967
29.26493378
39.54454524
14.40537769
16.9128013
26.50239663
34.27296616
53.80051991
43.32673523
31.14969269
76.53749729
29.74034349
25.12710433
20.21978125
24.14086642
31.87778562
138.793055
43.69546717
56.48686497
26.39568157
11.75433343
23.42067299
12.87182335
35.18732743
23.34857992
31.40272237
22.47797157
93.70722819
16.09525004
34.29749629
22.82654283
45.85013647
44.51340511
31.02081025
24.66072793
41.54269215
6.138827083
27.72932704
70.2021138
33.10567313
28.38695001
51.89143153
36.47820706
38.27931877
60.49822154
142.1832511
83.19132555
137.4559653
79.15332681
42.80367048
32.5421526
29.68096972
87.84055883
75.36936964
41.02656536
35.09345566
27.19738326
34.04709953
25.30879508
12.52550781
40.26829849
30.71042327
27.14843903
13.96144745
46.39445826
87.99063048
89.1569306
80.58948701
39.92665396
26.12178086
26.65351346
30.171775
53.20549436
54.62525965
47.52036988
441.4628774
48.90019037
327.3575273
54.94430833
42.35891373
37.24955363
23.39847899
60.87307911
110.2551321
88.50398615
63.27922935
59.1675384
44.00809696
62.44911643
47.87713598
23.00239463
43.15711423
69.78351086
44.79297377
39.97524297
95.12133378
50.30934333
43.92097462
61.30573608
32.00460642
53.84831369
60.02583353
44.11906931
52.71120188
44.42107182
6.021154118
40.51512519
50.98310861
29.69389702
40.6190111
67.54538355
49.98300422
34.41373505
42.20371542
17.93496296
29.55870137
25.73645904
50.97576255
31.84475111
37.06134725
31.35847842
65.63848801
36.63932099
169.5037322
76.92231833
28.93930227
33.88203475
33.90443731
22.08326402
25.95142517
91.26557761
22.99046456
40.16574078
31.95695558
30.76008864
60.25264927
24.8437448
22.46291239
21.33773153
64.77914815
46.36858217
23.2514461
22.35796264
10.65036877
23.55085514
216.4857923
19.39537566
64.03519171
13.49272723
22.31107037
20.41892715
7.911734457
11.23399849
125.7105386
113.7892009
60.25071739
187.7377251
25.7580405
11.70528156
52.20988202
13.50289121
50.26525427
10.27166038
27.83083722
15.20110133
3.392542044
5.008863833
18.23346881
22.48253783
9.936726404
16.59590254
21.73497166
26.65993377
10.99094508
21.70264331
22.04862679
38.90497997
9.231215904
58.68191606
60.55688866
31.28260885
32.4761649
25.89536377
31.46870307
24.11323736
32.76983568
26.60727289
71.67599812
19.02105682
30.42429617
21.47854081
87.88290684
14.62142476
12.05856438
19.93555135
26.23728726
16.32858308
21.69691662
41.30997656
24.43147133
14.20499153
22.50274825
35.8089912
20.84219294
22.08712243
21.78733456
43.68202604
25.50390278
22.7297968
18.28560508
24.63411912
16.78441807
29.69140696
11.28025258
62.81512199
57.8445896
69.4168964
20.06367214
23.3867318
38.31457365
19.13828924
22.85040461
24.65477168
51.67869821
23.29247184
18.99796526
21.03067637
17.79321711
19.48596584
9.868379783
16.726625
25.79255121
44.63121061
5.338468502
18.95317146
9.645165129
7.460430888
130.1860209
36.8142464
17.61754367
29.63664962
21.24086604
23.8019868
20.763323
9.486370777
19.54210262
48.17923705
66.22343502
64.04390258
34.67933641
18.76524863
25.32600217
67.0164882
18.86251769
8.604457684
31.73517954
302.4133232
51.59329975
26.94835904
108.6555564
17.5003135
9.087419582
22.55021641
10.56195982
12.11798299
24.97686707
17.51980877
19.48959307
15.03854856
14.91705702
15.13452345
7.439838993
23.23141082
16.78365336
24.6866862
16.86000998
15.70535077
24.06295424
36.74444467
5.828400337
48.26464713
67.01630921
24.02329412
41.79422889
85.51094999
14.4227195
42.35741338
11.51479536
63.95879089
38.25809046
149.0855377
28.08174719
11.79067369
13.41839071
31.08292126
27.62238165
28.72527882
15.60347505
43.57518998
48.95414039
39.35853293
16.67557403
16.80405017
8.562151452
8.33420434
23.29501802
12.13489404
47.10219397
5.203251329
27.92041497
17.47653926
37.02343464
33.77320359
13.85809489
13.2311865
27.62621049
30.93585463
11.90912416
43.23073923
14.09520584
22.3733041
36.92032735
36.21447259
22.23837481
33.03420875
27.20022677
38.07949832
29.09164474
41.97697502
10.74353738
30.89276987
30.43558712
9.769029858
17.06322975
19.17684214
22.15081659
14.62905493
23.6399303
62.42368425
7.807228883
12.59187142
46.7017433
82.39268962
178.2469163
61.18808759
39.32507002
22.17158493
6.764323201
15.34990415
13.51715921
20.77676462
12.72604653
13.45355261
57.65407508
8.408398621
29.89775412
27.43531602
25.86932033
33.07036565
15.56721322
24.03331954
18.83188425
14.66453346
10.26333729
21.18895598
56.50970868
31.72802304
10.44788813
19.88392446
16.8530253
17.80012492
39.66569725
53.78224444
28.87420972
14.35581407
30.82412521
43.21643419
33.26731
7.46352887
20.30889398
10.36867327
35.29471438
6.630225133
4.945444027
27.19256464
10.58748988
10.47744651
23.87467235
32.75147983
13.74840161
20.38376178
15.60001957
6.836899666
16.76969831
15.65971419
22.47094626
35.88495367
18.91478214
18.15170489
25.18103365
21.37937618
15.24082268
70.3361357
27.66132251
9.876068783
8.013032265
47.65434404
7.36164876
16.12147745
51.81895962
19.95203055
32.66815766
23.30323393
10.4002845
25.52504747
10.99571213
29.74063379
19.48612675
8.095087575
26.72206981
28.11379725
19.83746368
25.76815062
41.35455123
70.20679498
199.3945429
30.19225259
18.94756689
29.75896142
10.0450787
15.31697731
15.75109663
6.457828334
19.36083825
36.23379588
19.08872835
14.35898343
16.22277165
24.69901725
43.47142523
27.85447066
22.88646922
63.27328071
19.94426832
31.82246693
11.57433647
70.16453196
17.85190676
18.08849779
10.02195402
8.823313839
18.35437267
17.80639956
9.528280097
17.95044587
29.56934169
37.94597861
36.4143311
9.826333821
4.82332991
5.995304814
9.068904512
19.48705183
17.44901291
12.91547442
8.415675474
22.59622968
12.01214307
20.86091982
14.37273817
39.09615437
108.9736444
27.72341015
27.70900329
6.911000002
34.85037483
23.41864468
11.5659979
7.347453313
6.645514158
12.35096695
13.1907378
4.872473281
34.44770536
6.233794396
12.49144566
19.51986701
9.739059917
2.681880308
30.94940334
29.23111292
11.51026446
11.0473692
25.35403982
19.41619905
7.099378688
12.13627899
12.56290797
14.80196387
16.27987483
11.72298164
24.10470752
25.95850081
244.9670255
26.05218663
36.01869565
13.30753306
5.575290211
13.14922278
107.4502401
16.01350669
31.38220658
27.87149362
19.36054886
23.79457476
48.16044047
27.88682335
18.60302474
25.23387864
12.25092531
25.52456602
25.54051301
8.997426862
36.89394698
9.491057619
21.03848157
15.73122325
10.08202557
16.43743261
12.09758422
15.61993063
13.62373559
23.83255714
6.171764166
38.31736342
17.80703502
35.0444211
21.90339919
57.94678938
3.723772977
10.64560789
3.344675826
17.25894663
57.01107978
72.32512062
26.57033942
21.70789903
3.933126615
23.15017713
24.2097291
8.516786502
56.57975674
63.75258034
8.920190619
24.33901529
42.08303318
28.48511194
12.23627636
21.77331527
31.72145458
15.86785989
85.20759227
13.84959075
14.75459785
12.52169168
29.96473533
32.07198768
5.578918787
29.97816698
21.01564295
33.67583896
1.764788123
27.9894651
19.26349097
20.26617259
20.69443745
20.26905881
31.52260982
215.8788654
24.42340646
37.60797213
20.97957148
63.03584016
69.59968346
5.287155544
31.68216476
34.44056159
13.29728374
35.78066471
31.92746116
32.2810849
28.76481834
38.57034461
19.46227467
18.94830879
36.55157794
33.87491949
34.32197179
33.40694591
17.97587951
11.7796333
12.84121714
12.87538388
27.59180905
14.47852152
14.59503531
54.32219841
109.6957831
72.66157587
74.45908638
40.69216614
5.483102737
7.848948156
23.75132237
17.6513232
11.12413372
30.43095178
16.76895504
16.10282144
6.492341702
11.26187805
8.545931627
29.20893346
44.70375985
14.58752758
4.268049114
18.65963419
15.70644142
17.66982839
27.24615282
21.65619365
9.628933907
16.6108517
48.77760901
209.5906878
21.51728864
39.88355136
70.55214338
67.91194488
24.44590576
21.57507179
25.24215602
27.3603255
10.21126636
22.28623108
10.85018291
36.98527459
124.5746331
10.82746682
26.61596981
26.17102573
105.2380739
14.95860318
41.97233873
25.71355064
26.01362608
25.25066799
15.54387085
80.25802059
36.91167132
26.10243786
17.73463532
6.043818696
14.57379427
15.2112221
16.30456137
16.35534542
21.50679052
2.284098681
18.29141662
32.0263997
16.57668056
25.73325371
6.113201725
192.3233334
20.12638251
34.77152103
46.84383124
18.65680523
13.2428082
12.28238628
12.14939911
10.60550147
13.31106658
11.81049699
14.50464229
75.97968365
20.56441163
33.65422428
26.42331606
34.42130947
36.48230083
51.06630492
26.21080138
15.60172096
6.637495927
57.5914005
30.56666724
11.27793841
21.67941358
15.03881911
11.69609701
16.88419848
22.85942907
27.29153116
21.97644154
8.997243158
14.89889121
37.31693407
5.691115411
3.123857043
10.24828626
17.07057689
65.23796324
12.89921337
6.179470963
164.3896589
14.81174197
4.838234352
247.7249378
7.875299487
9.558929936
10.76229524
13.49379715
21.17041473
10.42195266
134.0737531
23.03569016
606.7303134
27.9768562
18.37566035
16.47461812
31.17311332
13.46490694
23.7424746
23.55685626
21.78852452
26.46018529
6.702282438
18.39258367
11.01098335
14.39433516
12.05784139
17.03146652
22.27525824
15.33596565
6.207402145
25.38263702
25.63643085
13.03073724
30.13753883
17.24527707
31.20346386
11.16746101
4.483820272
11.20925225
12.02975221
30.28585926
13.59710192
24.07334389
11.82473272
0.6372742952
3.603141606
16.11952264
27.45361739
151.2201106
19.53800312
12.64427449
14.11586196
15.88522736
9.390559984
7.886970299
11.73331009
165.513349
8.089435319
16.54895486
14.28422713
13.28438233
34.20953091
26.93559181
13.71507337
22.01592417
3.834533753
14.27101586
7.355783531
8.303013578
1.323005065
5.432938593
18.46137863
4.044170065
6.109666792
7.252754232
11.12281603
13.31299829
9.895573703
15.08538616
15.1906318
67.90276023
8.388836425
23.85118883
9.129629369
12.51605759
21.48303965
2.212127741
7.210244432
6.157961087
13.35651834
7.973387511
10.36845329
9.280540989
16.55318674
3.652684655
22.70951293
9.355411844
36.73560157
18.38997641
35.67699184
5.759638678
19.20458613
22.80756676
11.54480206
52.64708921
119.1745693
10.46905428
16.61885137
11.11371321
22.22306522
28.68819726
6.613402242
3.706075172
10.17028112
12.49086015
5.224270436
13.49126204
14.43444729
6.951163941
7.776403774
9.108245078
21.01199918
73.19356173
3.126087096
12.80031935
1.753872203
8.239492928
2.673155379
2.779754666
28.43061313
3.087879569
7.707489044
18.99938285
10.86191506
3.362180264
54.16280376
3.10777481
5.73526929
19.9471024
8.097474389
2.313420541
1.278999548
3.361673687
11.42399714
10.11563753
12.65698467
3.808773404
1.619065563
27.05777391
12.62127882
6.206069948
4.469921068
4.459466961
14.40260235
26.62522359
3.521458211
9.062820998
5.179419934
12.85944284
9.015838687
1.823627546
8.422810228
9.761201241
12.97998975
3.087318852
10.15494471
10.95793303
4.059219644
13.3502485
5.890762248
7.620536575
2.047438834
6.331289048
9.172665918
0.2225381345
18.75864112
23.82197991
175.5942938
21.16556243
49.20839791
38.62776943
14.95426858
8.947912754
33.00059697
2.829389365
48.1042258
3.563645758
36.19940383
23.37596894
10.03089968
14.20097919
47.47948142
18.55839596
18.64623074
5.7992228
17.87223537
3.997451588
12.59664269
14.54837295
7.966205206
3.835449493
15.72121094
16.73568274
33.14431041
5.368428984
8.645763279
13.94461244
8.968186113
18.23645753
4.91842639
5.642885386
8.263425946
1.635119683
7.977018513
14.1129674
36.59645123
16.18524369
17.67570916
6.183060961
3.92951569
5.711890867
7.162471942
9.392986146
8.917118813
0.4213464863
2.311281518
6.647079083
9.438729345
11.28062307
25.15082627
4.35129649
17.28622139
7.836677244
