#################################### 
# Matrix Size= (25,25,400)
# Resol      = (1,1,4000)
# VoxelSize  = (25,25,0.1)
# nbVal      = 4000
#################################### 
0.008934437097
0.008809575624
0.00850958461
0.008479147527
0.009614707539
0.00869006639
0.009471423685
0.009181826932
0.009220338414
0.009523520213
0.008540985175
0.01013431925
0.00881517916
0.009924685968
0.009068234012
0.00867524415
0.01006692328
0.009739550654
0.009092478778
0.009626450588
0.009607944478
0.0103919626
0.0110741041
0.008625475593
0.009138686387
0.009341950122
0.01066012126
0.0110732077
0.01217296142
0.01034343372
0.009657930138
0.008668924042
0.008783262924
0.009197427544
0.009851410775
0.009741357512
0.009819226878
0.01086047606
0.008879459189
0.009648924009
0.01003564316
0.009275227111
0.009220177486
0.009291243502
0.009041261051
0.009272639663
0.009544394733
0.009743249144
0.008934459392
0.009447084498
0.009169736705
0.009685759034
0.008645464577
0.008823272278
0.009769352295
0.009761035764
0.009489487924
0.009718196991
0.01174213795
0.01049214557
0.009599961929
0.01014489959
0.008744943768
0.008870771895
0.009265164905
0.009797758818
0.01034555475
0.009963086896
0.008646558545
0.009075490515
0.008591822343
0.009814526931
0.008757239967
0.009916004992
0.01017185441
0.009401014927
0.009695642971
0.01026156755
0.009945875969
0.00945322851
0.009962201904
0.01064333692
0.01104976451
0.009158201284
0.009171114723
0.008976112544
0.009405667709
0.009012600239
0.009854893379
0.009404120085
0.009312415429
0.0113886287
0.009314066853
0.009170214314
0.008856881444
0.009933703204
0.009314175209
0.01048197807
0.00933728041
0.009196334469
0.00862528237
0.008574411309
0.009444294397
0.009099602801
0.009029164242
0.008993660714
0.008973548934
0.009288620662
0.00972707543
0.009364328672
0.00890978169
0.01052228129
0.009987587017
0.01111191308
0.008973893229
0.01000806819
0.008557739148
0.009513351963
0.009649851587
0.009993165904
0.009351450183
0.009937373157
0.008835213496
0.009337218465
0.01001551613
0.00915153177
0.009082514632
0.0107808329
0.009281941627
0.008919332132
0.00983511727
0.009444874276
0.009470693952
0.009267765409
0.008636847318
0.00897875163
0.01025692204
0.009496856964
0.009390528454
0.01014230267
0.009732885795
0.008635418544
0.009991405569
0.01068099923
0.008961340468
0.009537659901
0.008778953537
0.0109343122
0.01041904549
0.009743030662
0.009077531283
0.009192232958
0.009940390749
0.00884490665
0.009113657903
0.009338059052
0.01107259638
0.009793713924
0.009233705213
0.01035113482
0.009233878821
0.009263766418
0.009754691906
0.00915798377
0.009629495184
0.009341391445
0.009771215443
0.009704235472
0.01049707249
0.01039009621
0.009933153955
0.009841639852
0.01048694614
0.009635429753
0.01012846596
0.009419441155
0.00849737438
0.009427839531
0.008444481065
0.008750956346
0.008855607389
0.009133963352
0.01005887576
0.009853431706
0.009372033358
0.009316772472
0.009937553023
0.008970850824
0.009443996887
0.009593132223
0.01030010349
0.01048366102
0.009551255313
0.009022033862
0.009769171727
0.009555819752
0.009183620254
0.01022450819
0.009842575203
0.009255217734
0.009738556569
0.01000190318
0.01110367694
0.01010934374
0.009418783858
0.009589953835
0.01042620001
0.01061868345
0.008786023017
0.01050062002
0.009830344111
0.01076523117
0.009733800432
0.01007823483
0.01003051995
0.009040750198
0.01011824484
0.009988868797
0.009757230248
0.01190614549
0.01012945109
0.009177552154
0.009125119817
0.008965138453
0.008922555387
0.009414937949
0.008674203375
0.009522391125
0.009647667686
0.01007801702
0.008714066538
0.009209946365
0.009022300705
0.009662111203
0.009590167066
0.008788905571
0.009322744176
0.008547869159
0.009037030087
0.008953180273
0.009177436556
0.009160234734
0.008624875585
0.009714354798
0.009632129541
0.009894845293
0.0102311982
0.0088447285
0.01183036592
0.009838893682
0.009093703817
0.008934962649
0.009192037019
0.01007842472
0.008827353664
0.009471255118
0.00879327787
0.009277309096
0.008852952646
0.009876104694
0.009577106581
0.01007123606
0.01032010139
0.009749512252
0.009722322376
0.009873197686
0.008847880096
0.009264253405
0.009719351864
0.009131330966
0.008463172909
0.008785631883
0.00879348298
0.009902128476
0.009013207943
0.009870294083
0.008923825225
0.00891860215
0.01018917998
0.01176020427
0.008906402212
0.009032613578
0.00907462549
0.01066979136
0.00966604482
0.009713083317
0.009928148414
0.009991123979
0.009243846082
0.009811893775
0.009477607535
0.009910064981
0.009573157184
0.009493055563
0.009472158721
0.01047771376
0.00958861887
0.009548437669
0.00887304262
0.009563782995
0.00907732789
0.01035449553
0.009971891524
0.01009273757
0.009610086167
0.009418342618
0.009232891433
0.009858320213
0.009615293386
0.009180173872
0.008920061119
0.008821747891
0.009862146776
0.009397558205
0.009012624899
0.00947993125
0.01000515833
0.009483374366
0.009258716912
0.009619383793
0.009375127512
0.01032145181
0.01042052898
0.009905656987
0.01081008248
0.009596187811
0.01017051039
0.01006579889
0.01051595587
0.01081329863
0.008908932439
0.009245954809
0.008962228547
0.0092137689
0.009787190359
0.01027079403
0.009388121132
0.009545879592
0.008986108594
0.009097490043
0.009525379883
0.01018381611
0.009277947442
0.009983852146
0.009368053597
0.01028117498
0.01112947499
0.009193584202
0.01041562466
0.009763303631
0.01005481837
0.01000208363
0.01013418504
0.01082681141
0.009269581568
0.009738721843
0.01094685824
0.00914946503
0.009136376732
0.009648359476
0.008998491363
0.01016162251
0.01032787505
0.009878026081
0.009374458441
0.01013645928
0.009922869901
0.009879573419
0.009396525247
0.01011987697
0.009714863642
0.01017864108
0.009293449632
0.01067838204
0.01055668279
0.01005344776
0.009284473825
0.009907305962
0.009988764343
0.008923122606
0.008670062986
0.008598656165
0.01019383232
0.01061782426
0.01001157988
0.01084171479
0.01018588807
0.009321978015
0.01018568895
0.009547390692
0.00882081778
0.009679316168
0.008934792158
0.009815881976
0.00987879979
0.009432531027
0.009143898863
0.01027076709
0.009098049939
0.00902593864
0.00935751068
0.009557704827
0.00995233951
0.009197862437
0.009178394311
0.009279793528
0.009456612133
0.01022214526
0.0106876821
0.009935901041
0.009576478294
0.01072169379
0.01038559662
0.009907106377
0.01056636534
0.009341109356
0.01018683665
0.009819443807
0.01006770807
0.009926921536
0.009165786893
0.009376440965
0.009675521801
0.009242545986
0.009087812379
0.0102040481
0.009432058799
0.008971797701
0.00972395563
0.009119556763
0.009399485142
0.009237510738
0.009701670171
0.009545545606
0.0109306609
0.009485515588
0.009175323495
0.00894929007
0.009699719781
0.009712428299
0.009654194864
0.01045046817
0.009460445881
0.01080736423
0.01000536716
0.009360432042
0.009630449813
0.009230117328
0.009549482223
0.0106622684
0.009754968511
0.009390000564
0.009994009651
0.009793463205
0.009769701001
0.009273938576
0.009394670457
0.009952291396
0.01091341158
0.009731502663
0.009946931847
0.009595560148
0.009823928692
0.01009726613
0.01079895155
0.01078017107
0.01100496938
0.009353618843
0.01125796534
0.009800351344
0.01003779691
0.008598532232
0.009147441846
0.01005805186
0.009963070777
0.01044855922
0.009722282201
0.009701497555
0.01062199462
0.01041079648
0.00941264722
0.01067201351
0.009628914627
0.009944620016
0.01001373076
0.00922022134
0.009625992957
0.009243569394
0.009589035636
0.01046575448
0.009355361502
0.009248068651
0.009146243491
0.009072409794
0.009169422006
0.009521852643
0.01084660646
0.009278839749
0.008891587309
0.009371826
0.009374901901
0.01017442853
0.009116922115
0.009946660272
0.009220780042
0.01038251009
0.009455554383
0.009521991699
0.009560981838
0.009852194219
0.009495949891
0.009773857894
0.009007592505
0.009452205476
0.009596108595
0.0095201095
0.009352733328
0.008911807465
0.009206020108
0.009941026036
0.01029736955
0.009411749578
0.009659940737
0.008808490083
0.009619213793
0.009304436594
0.009563691663
0.01030283919
0.01047245982
0.008803760963
0.01031364475
0.01029110101
0.009417885242
0.009185864956
0.009418162158
0.009624302343
0.009784753198
0.00955486941
0.009441431787
0.009959597985
0.0100830792
0.0109131052
0.009015112053
0.01026412969
0.009167819395
0.009214062368
0.009969220748
0.009205790412
0.009888395133
0.009256070135
0.009280533244
0.009620723452
0.01036059727
0.009110924356
0.01031676965
0.009326869357
0.008956100712
0.00928530129
0.009770586756
0.009381268494
0.009739379183
0.01005589135
0.009692721325
0.01006980512
0.009750701086
0.009740688163
0.009716419846
0.009144335895
0.009342928448
0.008858278133
0.009951103413
0.009884011216
0.01020424777
0.008926102893
0.009369944027
0.008906833545
0.008718142118
0.009515381321
0.008892180311
0.009402709165
0.009698197879
0.009575402298
0.00966303503
0.009009046919
0.009666242406
0.00879317657
0.01081039935
0.01013169489
0.009782914402
0.009573836441
0.009992374407
0.00902670085
0.00962216778
0.01036985377
0.009711086505
0.009459267036
0.009846643524
0.009016017837
0.009881322717
0.009944745924
0.009256302846
0.01055164918
0.009253954543
0.009444783084
0.00958335442
0.0101955436
0.009698390231
0.01033162103
0.009264168046
0.009659976296
0.010174842
0.009387375171
0.009312062159
0.008885671184
0.009427185311
0.009445165173
0.008880392995
0.008927485381
0.008965238994
0.01048101879
0.009825098133
0.009953871062
0.009783496683
0.009028141976
0.009106069973
0.009264013625
0.008844033998
0.009474259035
0.009858237933
0.008946351146
0.009089446436
0.009503264227
0.009364736701
0.009290739269
0.01033177979
0.009881108114
0.009578600091
0.009807435893
0.008778535031
0.00970838792
0.009043798665
0.009450605589
0.00937622499
0.008905462756
0.009180236544
0.01048258523
0.009819054768
0.01143754727
0.009661010933
0.00973634925
0.009008558488
0.01026623012
0.009432801252
0.009663056677
0.0104422585
0.0095571255
0.009065887278
0.01002157205
0.01001011213
0.00974435781
0.009075712759
0.009459406238
0.00903503789
0.009362076873
0.01012923315
0.01004850501
0.009206687077
0.008800899953
0.009714599233
0.009217496831
0.009178137407
0.009596986215
0.009452893394
0.009528138582
0.009692219409
0.009923427688
0.00952728429
0.00907168763
0.009761985601
0.009131062604
0.009077329539
0.009856899467
0.009182178301
0.008754217177
0.009903379181
0.009516688417
0.009765906137
0.01007116358
0.00884513932
0.01018415758
0.009024900518
0.009355518436
0.009709877929
0.009000331101
0.009593147032
0.009628738916
0.009723875962
0.01058028616
0.009988377972
0.01002030197
0.009747494799
0.009499329898
0.01005489348
0.009761367044
0.009383058412
0.01038170754
0.00967457336
0.009755028538
0.009076789279
0.009633489803
0.009672482291
0.01009108814
0.00927044933
0.009312418266
0.0104194476
0.009445847585
0.01029348985
0.009355253546
0.009396432415
0.01040480603
0.009961927834
0.009874057548
0.009675874049
0.01102537597
0.009796350118
0.01015482392
0.009318838971
0.009953458591
0.009185553978
0.009246688231
0.009233709898
0.009600953257
0.009329824592
0.01032469307
0.009619571257
0.009844795129
0.009455901873
0.009009563429
0.009171549399
0.009427775288
0.009626234689
0.008904357994
0.009317637793
0.009960403152
0.009045451126
0.00964519605
0.009583528138
0.009997767422
0.00933665113
0.009971668576
0.009869741506
0.009106670577
0.01020088583
0.009176468624
0.009416500325
0.009766158527
0.009528049412
0.01003853676
0.009536548022
0.008990652625
0.01021159578
0.009046289509
0.008675371548
0.009594212129
0.00923366111
0.009186035359
0.01065905951
0.009947739382
0.009304524151
0.009768249145
0.009599817598
0.009575683931
0.009752684325
0.0094151585
0.009090538044
0.009113594046
0.008957457791
0.009439664081
0.009049430318
0.008961076187
0.009022954998
0.009738280658
0.009799350198
0.00986911053
0.008934198765
0.008810569811
0.008662133229
0.009029375705
0.008842131268
0.01056621674
0.009577773605
0.009056312114
0.009696783824
0.009200885857
0.008732077512
0.01005278553
0.009460424067
0.009282998936
0.009682816752
0.009224750135
0.009521168969
0.009066704925
0.00974733452
0.009315674676
0.009062968004
0.009525068724
0.009218299156
0.009253134488
0.009780071389
0.009339785197
0.009222195731
0.009566085546
0.009355771159
0.009923774738
0.01033729174
0.009127709512
0.009733391826
0.008707353001
0.009616184869
0.009284621564
0.009350572895
0.008800096165
0.009485731031
0.009265119117
0.009109833828
0.009197249584
0.009499142351
0.009904000829
0.009401797605
0.009226825131
0.009150349784
0.009896865011
0.009391820057
0.009546171733
0.009120561035
0.009498012933
0.009639125828
0.009420155758
0.008641657556
0.01005525576
0.009469040187
0.009476173991
0.01061752712
0.009422909425
0.009932059732
0.009628719504
0.009332666953
0.009188038687
0.01035647622
0.009436554975
0.009746629067
0.009680840312
0.009089774965
0.008970219602
0.009161555791
0.008929514376
0.00939976674
0.01005596837
0.009212257482
0.009737306636
0.009162953543
0.009612138563
0.009764689479
0.009349504769
0.009756703467
0.009037427006
0.009022281937
0.008866892211
0.009029684426
0.009173488388
0.008849447948
0.01054688752
0.00926056308
0.009020876216
0.009365389008
0.01044654558
0.00990881554
0.009571104929
0.01022773309
0.009182665364
0.009130205262
0.01035339961
0.00963775098
0.009673871867
0.01008522729
0.009389286751
0.008906704493
0.009518316277
0.009773965837
0.00950311314
0.009388496314
0.01049402808
0.009676901589
0.009562727019
0.009130824583
0.009067750804
0.009071105178
0.009108505554
0.008896842799
0.009959394815
0.00974190654
0.008911107467
0.01025882661
0.009455673347
0.01060632657
0.009592384165
0.009362503427
0.009765332297
0.009668630728
0.009545656102
0.0089650164
0.00875985112
0.009441898571
0.008848498266
0.009243258883
0.01047034941
0.009303997264
0.008787851212
0.008864664919
0.01098393193
0.01061572517
0.01011906109
0.009511797704
0.009543290816
0.009244595186
0.009141594177
0.009242007299
0.009164636186
0.009676497553
0.01078904942
0.008977070544
0.01010429374
0.009725100038
0.009347249763
0.0103831404
0.009286258401
0.0108722042
0.009935707245
0.009860257586
0.009690142659
0.009546503868
0.009171535945
0.009911700899
0.009555015962
0.009094644541
0.00962614095
0.009769559906
0.009410503548
0.009368483654
0.01044152647
0.009075541651
0.009459688724
0.009567796836
0.01013550481
0.009285546716
0.009148610516
0.009197749003
0.009215749724
0.008955871391
0.009156622603
0.00951435968
0.009136901183
0.01040690613
0.009001643354
0.009448086552
0.009866890186
0.009802331019
0.01004018691
0.009613225421
0.009688981983
0.009954732344
0.009313565829
0.009667639694
0.009471442264
0.00910570888
0.01055947949
0.009486785101
0.009209851381
0.00922359554
0.00910073513
0.009051837666
0.009071958521
0.009962702343
0.01010479564
0.008991105859
0.009462542057
0.009546637199
0.009197309917
0.009184649569
0.009549919659
0.009957448109
0.009405261168
0.009037815952
0.009356791789
0.009325826168
0.009776368039
0.009443236951
0.00925483636
0.01073604537
0.01025016649
0.00946877359
0.01025381748
0.009373843284
0.009593431047
0.009180742697
0.01100333129
0.009002819862
0.009793090329
0.00935585363
0.009341452167
0.009525464824
0.009271700593
0.01045343626
0.01015911665
0.009458826026
0.009206242192
0.009164155509
0.009102242929
0.008956107934
0.01086283298
0.009879461414
0.009817179724
0.009521554534
0.009725773821
0.00946826058
0.009059395714
0.008894379026
0.008866719165
0.009159295954
0.008970378751
0.009533811518
0.009735764276
0.009019675369
0.009147082234
0.009642149422
0.009063109137
0.01034206562
0.00908981221
0.009542028543
0.009041630067
0.00968725604
0.009018449804
0.00964618512
0.01082093213
0.009714346223
0.0102946048
0.01116267253
0.01008111504
0.009583221033
0.01024251545
0.009343682731
0.009675779842
0.009292669473
0.01000163475
0.009129182735
0.009779714065
0.00985358198
0.009831615579
0.01029298618
0.01008177396
0.01012963448
0.009579469399
0.009193165692
0.009122345858
0.009811753267
0.009156222401
0.009494506322
0.009592176749
0.008939304678
0.01030296406
0.01012195951
0.01055393191
0.009687400133
0.009006627196
0.009073093783
0.01008698933
0.009828940731
0.009655431905
0.009408362327
0.01027398567
0.009762514782
0.009232841141
0.009195150701
0.009148664896
0.009262812944
0.0094102122
0.009387264391
0.009143532864
0.009328708506
0.01008889524
0.009226680517
0.009565758549
0.009637423097
0.01038000538
0.0094543184
0.009474647829
0.00989053393
0.009718115795
0.01164511984
0.009599448102
0.01050796475
0.009323731351
0.009293335713
0.009427207851
0.009275034209
0.00902266874
0.008956147116
0.01057231439
0.009737179436
0.0106882729
0.0101134308
0.009157759455
0.009123227136
0.01053354797
0.009366423631
0.009263941401
0.009018880602
0.009030731717
0.00946826879
0.009408635962
0.009572018337
0.01024967731
0.009239519441
0.01040734932
0.009351155763
0.009878959824
0.009898942808
0.009048716863
0.009260184301
0.01131422631
0.009946921649
0.009278276514
0.009309227874
0.00955598789
0.009016486023
0.009588763337
0.009054025553
0.009736276286
0.009329365796
0.009491713967
0.009666266575
0.00902177576
0.009433205528
0.009203251405
0.009688455536
0.009486597578
0.009767366562
0.00937538678
0.009041051548
0.009720705567
0.009036602756
0.009501749748
0.01017984506
0.009456513324
0.01032126688
0.009550894411
0.009375469436
0.009931664415
0.01139741726
0.009034934261
0.009558751428
0.01026761914
0.009487579049
0.009921681057
0.009112224833
0.009303136311
0.00913075665
0.009749309292
0.009698742612
0.009796601581
0.009152252001
0.009096107523
0.00913293487
0.00994668223
0.009140257254
0.009514104793
0.009760746312
0.008870625172
0.009733805695
0.009348762404
0.009478747429
0.009338233224
0.01064229528
0.01093483152
0.01003287373
0.009902132944
0.009591749901
0.009090341971
0.009400867586
0.009616886132
0.009315996058
0.009261709469
0.009402635862
0.00991623265
0.01087482949
0.00904899282
0.0101134255
0.009895786932
0.009631434925
0.009517273804
0.01022364672
0.009367126264
0.009388712992
0.01007098876
0.01032638535
0.009955174249
0.01000664664
0.009695817763
0.009835960168
0.009410563416
0.009231285244
0.008925572403
0.009813516254
0.00944173656
0.01012457187
0.009874086108
0.009408613409
0.009357281027
0.009832885565
0.009031431517
0.009070292754
0.01028821215
0.009372823441
0.009173462947
0.009463468788
0.009274888367
0.01051058939
0.009880496989
0.01049891554
0.009829972399
0.009803232947
0.009087020823
0.009467814968
0.009630609891
0.009247449813
0.009381618854
0.009625116979
0.009500793002
0.008968172312
0.009747207257
0.01028223884
0.00998820149
0.009084322304
0.009358796544
0.009173407404
0.009714075855
0.009111656084
0.01035184248
0.009522277261
0.01015122196
0.009376185146
0.009738682897
0.009781560643
0.009251448701
0.009637674692
0.009282504211
0.009630769627
0.00976773472
0.009659690571
0.009315818763
0.009673804165
0.00945977211
0.009271415582
0.009230612749
0.009129294281
0.009400551534
0.01030279835
0.009675764518
0.01053386034
0.009486276218
0.009679973662
0.01081587073
0.01025859231
0.01036523855
0.01042725451
0.01028268176
0.01013308635
0.009628271425
0.01013350636
0.009183311435
0.009301565494
0.01003630511
0.01005928371
0.01018240448
0.009400150944
0.009889237155
0.009055472462
0.009492616986
0.00957028069
0.009859496256
0.009669954135
0.0091633237
0.009584280428
0.009647875972
0.009208240466
0.008880796319
0.009139726984
0.009389112797
0.009059188617
0.009468569161
0.009513385631
0.01012961097
0.01027897983
0.01052978001
0.009290463797
0.00984280531
0.01011322896
0.009479224168
0.009381064278
0.009189172806
0.01036485859
0.009275446994
0.009043842851
0.009370880029
0.009325429399
0.009140586119
0.00954611508
0.01013091304
0.009665108765
0.01001085467
0.009453432011
0.01035423739
0.009826868916
0.009344511898
0.009459457946
0.009991056634
0.01010317558
0.009170063799
0.01004645108
0.009728457969
0.009665831573
0.00889027256
0.008990447941
0.01029197198
0.009222307588
0.009402277951
0.009685928347
0.009500886297
0.00932005391
0.01049761872
0.01004953707
0.00921472266
0.009585879613
0.01032399025
0.009762712874
0.009220390375
0.009397398284
0.009909557173
0.00909748046
0.009607265348
0.009602700666
0.009369539407
0.01009604644
0.008910934258
0.009508579102
0.008935338344
0.008887599608
0.009201770222
0.009337790612
0.01019901575
0.009655671769
0.01014211381
0.009806210113
0.009215608647
0.009718518307
0.009278870707
0.009837935537
0.01118671465
0.00926676192
0.009448529576
0.009597763425
0.009290860927
0.00936560846
0.009830597222
0.01024187716
0.009584212935
0.009507474018
0.009224071295
0.01145841998
0.009004313037
0.009220374955
0.00899317319
0.00933665454
0.00908960174
0.01009794987
0.009368629581
0.009760985064
0.01036921483
0.009411413926
0.009312235838
0.009805441401
0.008782659157
0.009853802446
0.009499933837
0.009494203968
0.009316583802
0.009356428338
0.009865453855
0.009386319547
0.009028156392
0.009364840315
0.008912244948
0.009284286546
0.009788301867
0.009586404856
0.009340416515
0.009543194753
0.009400463619
0.009247643746
0.009627520229
0.009717842438
0.009756606101
0.009416580692
0.009373209988
0.010643284
0.009311420183
0.009142278244
0.009355965749
0.009338327286
0.009277962986
0.009439458703
0.009892896735
0.008866386538
0.00896542779
0.008974509596
0.009137250991
0.009632817794
0.01016785988
0.009410442314
0.009584574669
0.009947376253
0.009283364241
0.01012271311
0.009156940633
0.009480395289
0.009152365226
0.01059978678
0.009897471365
0.009404791531
0.009008904756
0.009034742663
0.00908643212
0.00994285345
0.009388442532
0.009633445045
0.009018634703
0.01029408921
0.009669078972
0.009483949165
0.009706694703
0.009868187694
0.009799833117
0.009699537848
0.009333496217
0.009348908173
0.009879867747
0.009777778099
0.00933098401
0.009811838929
0.009281676581
0.009328354247
0.009507915392
0.01041801144
0.009907601855
0.01090334702
0.009789683857
0.009528073771
0.009448791014
0.009430938237
0.009480655102
0.009208241723
0.009612177224
0.009655406295
0.0095633043
0.009346634293
0.009822438708
0.009333604496
0.009144259318
0.009481269969
0.009391427399
0.009119863439
0.009699855301
0.009147051148
0.009728320595
0.009640482006
0.00931937996
0.009554148587
0.009275883593
0.01040763914
0.01014320453
0.008866309125
0.01012020715
0.009433486927
0.009813131188
0.009256647689
0.01001864013
0.009825846291
0.009314005646
0.009814950888
0.009929204685
0.009324761038
0.009407521166
0.009717740254
0.009706706165
0.00972740217
0.009248166267
0.009473786389
0.009315842202
0.009524261645
0.009975274207
0.009125639375
0.009963269976
0.009264389054
0.01042076725
0.009200931105
0.009248105112
0.009359202252
0.009429815864
0.009709408267
0.009242562198
0.01007800879
0.009866077379
0.01001519413
0.009659061634
0.009385006729
0.00928042583
0.009247324661
0.009261059388
0.009333937977
0.01088284135
0.009366751964
0.009639964749
0.009084573372
0.009644722935
0.009519318164
0.00924177401
0.009560114831
0.01011632688
0.009294988181
0.00952745119
0.009309018072
0.009541179721
0.009560675366
0.009423819029
0.009791411582
0.009707669974
0.009971993001
0.00922654979
0.009538403525
0.009774302749
0.009463382032
0.009308920537
0.01012804259
0.01021138284
0.009670457521
0.009440879165
0.009117754765
0.01017768153
0.009594513122
0.009040149215
0.00973986686
0.009345265093
0.01052244813
0.009562361769
0.0090889323
0.009332998366
0.0101841814
0.009445527291
0.009364814299
0.01078680915
0.009298691212
0.009323275849
0.009666239861
0.009906435652
0.009389189389
0.009255662281
0.009478737107
0.009270634444
0.009150180042
0.009243067708
0.009304287808
0.009002196471
0.00982454797
0.009493704675
0.00943569206
0.009599332079
0.009056908708
0.009069140214
0.00923183128
0.01004752601
0.009546730207
0.009242137118
0.009821476466
0.009444922734
0.009592297234
0.009210781816
0.00942301778
0.009967739071
0.009342591888
0.009509311451
0.009442047404
0.008948662475
0.009524058367
0.009092839178
0.009687208249
0.009619513466
0.009507355407
0.009204589759
0.009820079952
0.009215827423
0.009728275332
0.009507470982
0.009120472886
0.009663040134
0.009370933024
0.009323727797
0.009605443016
0.00906592852
0.009219359012
0.009428787795
0.009998182423
0.00959678598
0.01025575081
0.009290404104
0.00967040899
0.009802718302
0.009414930891
0.009860321029
0.009859365281
0.01002749163
0.009074702279
0.009391594288
0.009229422806
0.009641054113
0.009455265698
0.009258983283
0.009314903012
0.009478326566
0.009244278764
0.009052970695
0.009159582414
0.009296310101
0.009707836513
0.009699321021
0.009563067138
0.009899853657
0.009115684866
0.009377143655
0.009377255573
0.008968908274
0.009143064033
0.009622170744
0.01064119655
0.009699391006
0.009575243939
0.00899769436
0.008998474975
0.009149255006
0.01004628613
0.009617584174
0.009455105431
0.00950968262
0.009297723811
0.009691098765
0.009246284543
0.00907772457
0.01012038021
0.009069580183
0.009300459415
0.009386302483
0.009924405719
0.01028508633
0.009809215029
0.009382189129
0.008984922825
0.009827797321
0.009485519057
0.009386409895
0.009294493474
0.009681437873
0.009587990988
0.009359546682
0.009423579087
0.009082821724
0.009878215019
0.009328586935
0.00984993196
0.009321049803
0.009148594975
0.009932811849
0.009525218677
0.009515904329
0.009811826978
0.009589084773
0.009223245616
0.009247653002
0.009227070552
0.009231679137
0.009539586691
0.00949683566
0.009416016347
0.009336808992
0.009108799189
0.009219603309
0.009254767447
0.009271324236
0.009840334787
0.009468699776
0.009752892462
0.009480058517
0.01039297668
0.009216538702
0.009632529897
0.009234023622
0.009065856598
0.009959805607
0.01075923734
0.009197712941
0.01071127722
0.009398127877
0.009705527255
0.009561848067
0.009194212003
0.009759275244
0.009369370243
0.009421337772
0.009221339233
0.009220982765
0.009329351435
0.00922469678
0.008995740512
0.009422237476
0.009559668879
0.009799526851
0.0094603218
0.009401629476
0.009187535321
0.0093813472
0.009355393953
0.009919113829
0.009203217492
0.009767090967
0.009625269489
0.009868499253
0.0092428914
0.01055924739
0.009980266678
0.009107994049
0.009543743119
0.009176218817
0.009657576028
0.009370429323
0.009852891614
0.009536553824
0.00958137816
0.009940812897
0.009299127403
0.009344824011
0.009375674299
0.009377119401
0.009881918694
0.00954438563
0.009739705978
0.009043499789
0.009501416795
0.009084141812
0.009238274429
0.009567244449
0.01002314875
0.009405868924
0.009698243879
0.00956459958
0.009241986908
0.01036535252
0.009870101728
0.009113435754
0.00972865123
0.009290143952
0.009213288341
0.009299467444
0.009201090028
0.009822328332
0.01014835837
0.009151229165
0.00938392529
0.009465581517
0.009367269925
0.009093916239
0.01011765607
0.009342118529
0.009166549789
0.009125284571
0.009467146088
0.009205762742
0.0091456904
0.009651128541
0.009800053774
0.009251326895
0.00921960063
0.009016702834
0.009396522043
0.00936874147
0.01026664364
0.009017726438
0.009654434231
0.009559292884
0.009343093897
0.009100852579
0.009349285008
0.009221188938
0.009251535052
0.009232298898
0.0096730108
0.009301961762
0.009470331087
0.009534228372
0.009207687948
0.009826435267
0.009663215195
0.009125480864
0.009613351122
0.01005853807
0.009606594732
0.009310891375
0.009519389769
0.009636952096
0.0097435593
0.01002721477
0.009639616542
0.00972207914
0.009735752645
0.0108373877
0.009564652813
0.009518724298
0.009635240172
0.009301204053
0.009437502629
0.009800648878
0.009604111265
0.009160844308
0.009463354501
0.009332351661
0.00986037102
0.009664024834
0.009302671736
0.01013107739
0.009245106939
0.009740164088
0.00929528673
0.009554578834
0.009402468354
0.009835988659
0.009394515589
0.009437423784
0.009403965396
0.009476060614
0.00907002933
0.009466965606
0.009278041091
0.009456118936
0.009471784142
0.009297694176
0.0110291976
0.009242313548
0.009140715065
0.00950033041
0.01024977586
0.009922831341
0.009481559588
0.009620673309
0.009211347299
0.009410006671
0.009810410323
0.009364803838
0.009893555123
0.009578965053
0.009389567524
0.009223044905
0.009258738132
0.009889052251
0.009619010336
0.009511734151
0.009592764905
0.009711354691
0.009737738951
0.009304616544
0.009193461252
0.009507004087
0.009201467983
0.009564057075
0.009532992754
0.0095359264
0.00922885896
0.009517192569
0.009380247145
0.009744492862
0.009623812571
0.00943826374
0.009929819944
0.009791920876
0.009429460728
0.009618865781
0.009389479655
0.009760441022
0.009223318102
0.009894723648
0.009148136124
0.009245698511
0.009266303837
0.009139983845
0.009554404355
0.009527373576
0.009498230962
0.009100404629
0.009397091991
0.00941008718
0.009505947703
0.009629046149
0.009355793628
0.009431631542
0.00928595723
0.009072911854
0.009633211384
0.00940035808
0.009255690473
0.009176725894
0.009591328595
0.009388910046
0.009144422941
0.009616133033
0.009468116999
0.009165325761
0.00916552673
0.009169764503
0.009565889298
0.009802175908
0.009270411514
0.009944758634
0.00949811733
0.009334103372
0.009384750328
0.009315997996
0.009695789457
0.01010043434
0.009907370332
0.009349415712
0.009496051507
0.009545306532
0.009943552662
0.009567551491
0.009901074058
0.009259906414
0.009663331071
0.009833215341
0.009700745875
0.009018765137
0.009166294887
0.009392065828
0.01021136049
0.009938547301
0.009484942356
0.009736471007
0.009180185624
0.009816452501
0.009418153476
0.009437943479
0.009317458144
0.009226075922
0.00950302198
0.009601473716
0.009369791035
0.009773308875
0.01004260136
0.009275943546
0.009580314466
0.0092553037
0.009505139231
0.009419979797
0.01009916318
0.009525211624
0.009581800095
0.009571109104
0.009542158322
0.01005999577
0.009490382703
0.009502255145
0.01037791743
0.00953091668
0.01018728057
0.009424600978
0.009793911705
0.009110510156
0.009906728626
0.0091025949
0.009315507087
0.009731917158
0.009514213011
0.009614334236
0.009522433065
0.009627739071
0.009258646732
0.009735765303
0.009264304064
0.009695402397
0.009561547048
0.009734972413
0.009404794921
0.009507132502
0.009396542269
0.009748054943
0.009362126623
0.009181120027
0.009440570989
0.009255144063
0.009057570094
0.009631979079
0.009483038445
0.009402863291
0.009203308892
0.009496474711
0.01057528273
0.009562440931
0.009523733661
0.009326681597
0.009244551442
0.009624769855
0.009428054794
0.009296579638
0.009649017043
0.009239006222
0.009310025731
0.009303043473
0.009174784002
0.00938543946
0.009970706662
0.009679415632
0.009305527865
0.009248604133
0.00947576479
0.009723476901
0.009604963543
0.009459013923
0.009672612866
0.00945100832
0.00951913011
0.009879334704
0.009354818095
0.009109606084
0.009512587984
0.009578189743
0.009104706097
0.009344499329
0.009470722105
0.009352555046
0.009421919226
0.009621670988
0.009617634998
0.009431447178
0.009877808209
0.00923489839
0.009090016268
0.009312590773
0.00982525411
0.009845829651
0.009567524511
0.00989444738
0.009452669891
0.009510695654
0.009280224292
0.009790297141
0.009309218918
0.009596079625
0.009309902136
0.009586177324
0.009441423231
0.009871580036
0.009532949042
0.00972969219
0.009704239312
0.009558956859
0.009388880156
0.00927234075
0.009727972102
0.009597238907
0.009596684632
0.009273639622
0.009304127535
0.009453324173
0.00963080147
0.009465339515
0.009559541312
0.00941137517
0.009511483871
0.009544635753
0.009815592431
0.009171194808
0.009868286154
0.009634366038
0.009147306418
0.009604416676
0.009876615637
0.009715343996
0.009337378172
0.009589686831
0.009559379262
0.009291829357
0.009322834264
0.009271539944
0.009488499516
0.009380953389
0.009491159544
0.009337717165
0.009374458522
0.009189533457
0.009691912204
0.009631258477
0.009335802088
0.009335972327
0.009400784009
0.009522870949
0.009997640712
0.009568262277
0.009858951366
0.009448610159
0.009562129005
0.009355809819
0.009242872592
0.0096616345
0.009411713332
0.009557265814
0.00976035315
0.009472878093
0.00958371431
0.009334914958
0.009402900647
0.009700677507
0.009309801983
0.009267736438
0.009350781331
0.009311037321
0.009297592623
0.009666556382
0.009582351395
0.0100897027
0.00937294744
0.01016139136
0.009434945294
0.009553968825
0.009710749619
0.009598894647
0.009483056649
0.009263662102
0.009775946131
0.01019888308
0.009859039041
0.00941973962
0.009577392525
0.00990557848
0.009959211585
0.009340004553
0.009361189788
0.009606578651
0.009389309793
0.009547178867
0.009368995223
0.009307031425
0.009597248919
0.009734943093
0.00986761619
0.009441863433
0.009973621694
0.009653118591
0.009766151541
0.009563318716
0.009931558972
0.009787939526
0.00966027001
0.009538730982
0.009710340808
0.009213411155
0.009500692371
0.00987975449
0.009406422656
0.009620263438
0.009674841082
0.009295134116
0.009228609366
0.009620119096
0.009645859877
0.009428030568
0.009694156427
0.009601130427
0.009473171327
0.009443747362
0.009308980452
0.009187920892
0.00991176736
0.01030460707
0.009518831508
0.009636586083
0.00931873595
0.009286068148
0.009410765639
0.009921811918
0.009656834384
0.009544468277
0.009913104377
0.009609624596
0.009566272172
0.00931360807
0.009466977802
0.009485659112
0.009196942634
0.009213921421
0.009414061097
0.009357056813
0.009325409158
0.009325480809
0.01016596756
0.009510679535
0.009515330622
0.009524737201
0.009346098113
0.009574822449
0.009658148539
0.009420167801
0.00952336303
0.009524816521
0.00991151129
0.009272862493
0.00949497431
0.009373436469
0.009411614591
0.009330529495
0.009395973638
0.009330733861
0.009257312274
0.009518266005
0.009466127808
0.00923460248
0.009420394519
0.009688438288
0.009287365349
0.009631365122
0.009127676875
0.009385920599
0.009595318715
0.009704285868
0.00936883012
0.009322772641
0.009544820446
0.009547494309
0.009607811726
0.00930776706
0.009830391313
0.009429712026
0.009591338771
0.009342322312
0.009423530669
0.009299596909
0.009225244333
0.009520144983
0.009322481065
0.009614878852
0.009187703184
0.00949833102
0.009588352838
0.009563859492
0.009505020584
0.00950827066
0.009472540714
0.009321686149
0.009509392617
0.009611808184
0.009528212421
0.009579117838
0.009359965825
0.009283033528
0.009352771742
0.009612173079
0.009605993644
0.009329805992
0.009223234261
0.00954660473
0.009429757257
0.009419698339
0.009305090301
0.009284174153
0.009424085393
0.009721193998
0.009537377968
0.009542209397
0.009677192249
0.009363885057
0.00971325325
0.009527543347
0.009733540987
0.009533299009
0.009347047939
0.009512887513
0.0092566462
0.00939441576
0.00964236427
0.009591690311
0.009477663596
0.009323345155
0.009259912573
0.009287954193
0.009261639708
0.009375862272
0.009394068873
0.009972047144
0.009474237383
0.009374983972
0.009570513899
0.009372498173
0.009572285306
0.009583291399
0.009534763697
0.009669418537
0.009674598463
0.009439346214
0.009294367017
0.01012387926
0.009456430278
0.009793445827
0.009349470963
0.009581973383
0.009501518317
0.009464923489
0.009321166779
0.009363776765
0.009449910349
0.009263868049
0.009586136026
0.009476129802
0.009571008749
0.009428724526
0.009295964481
0.009581403261
0.009589874483
0.009353123259
0.009386929665
0.009731076341
0.009586332815
0.009475923516
0.009466088501
0.009639023285
0.009396181025
0.009580607372
0.009405695037
0.01003884329
0.009521429987
0.009408862141
0.009688158958
0.009713332378
0.009653816507
0.00957761836
0.009614486322
0.009545878044
0.00948343793
0.009327958112
0.009453365318
0.009420796986
0.009680241171
0.009571674453
0.009469031791
0.009379790236
0.00943368972
0.009839644604
0.009827673046
0.009379032842
0.00965132554
0.009514455767
0.009375781007
0.009719797657
0.009609161233
0.00951478841
0.009450298871
0.009510587279
0.009465915727
0.009383118446
0.009413030955
0.009569364323
0.009387052618
0.009324066242
0.009699954689
0.009378081018
0.009414201343
0.009589005576
0.009660533919
0.009490078941
0.009535000088
0.009858894556
0.009613049754
0.009641685033
0.009517059914
0.009852481489
0.009622191703
0.00938565365
0.009473958756
0.009584906528
0.009504887106
0.009744835957
0.009937182432
0.009330379537
0.009319350636
0.009521542026
0.009479371744
0.009504372983
0.009602028917
0.009585082405
0.009608987533
0.009582398527
0.009674331058
0.009532258975
0.009403894021
0.009537441435
0.009492150785
0.009383297358
0.009400353638
0.009754155916
0.00959552052
0.009416692762
0.00948977697
0.009545809353
0.00949710677
0.009713987901
0.009560132625
0.009912496041
0.009942583423
0.009742820159
0.009578150156
0.009667415989
0.009845349964
0.009552419589
0.01010527924
0.009765419061
0.009650051013
0.009566673241
0.009493862905
0.009568660656
0.00978805194
0.009603777833
0.009673541998
0.009573919308
0.009609140674
0.00960583805
0.00956721109
0.009479642412
0.009476606524
0.009710175648
0.009501623956
0.009583194835
0.009629763432
0.009506938117
0.009689398542
0.009756104569
0.00959375956
0.009578856896
0.009630626644
0.009812573836
0.00962915308
0.009535714763
0.009769892788
0.009773612478
0.00959454137
0.009523166026
0.009728061271
0.00971970384
0.00965620616
0.009529670267
0.009645878294
0.009599493714
0.009686220248
0.009712280187
0.009544438418
0.01019979582
0.009859779023
0.009641629526
0.009567105272
0.00991969842
0.009704118311
0.009667124867
0.00954332318
0.009702329746
0.009872001588
0.009519587642
0.009752685832
0.009643621586
0.009720801814
0.009737747774
0.009844300247
0.009753460162
0.009907054772
0.00973569827
0.00970888874
0.009734384688
0.009825842847
0.009750199609
0.009764605773
0.009804146357
0.009675578473
0.009652695065
0.00966924183
0.009770998217
0.01000248681
0.009808803503
0.00979343837
0.009864423855
0.009935637954
0.009724418672
0.009620436494
0.009749046133
0.009925968959
0.009740087006
0.009737323545
0.009745745008
0.009902572923
0.009863780313
0.009956259936
0.009839855018
0.009913984622
0.009807588995
0.009784739806
0.009783552852
0.009840320584
0.009694032283
0.009904756275
0.009792903187
0.00974222747
0.009839972175
0.01006739972
0.01025542054
0.01001211692
0.009897251384
0.009814356186
0.009862807206
0.009958930212
0.009911509152
0.009944110928
0.009950073843
0.009802719472
0.009802364156
0.009906996409
0.009958511669
0.009961800951
0.009888995295
0.009784409198
0.009907427928
0.009851525197
0.009805220202
0.009789769643
0.01002993148
0.009857787867
0.009819984683
0.009960394051
0.009790484294
0.009883310138
0.009944957282
0.009826175738
0.009792650471
0.01010451701
0.01012247533
0.01008068509
0.009870048883
0.009924421524
0.009974875948
0.009910548784
0.009974860364
0.009980957088
0.01000842755
0.009937207563
0.01002316671
0.01007464451
0.009897192592
0.0100276702
0.009946186806
0.009994914901
0.009909565074
0.009885277691
0.009927438557
0.009989751541
0.009945558655
0.01016692773
0.009958581257
0.01003376522
0.009934254242
0.009953858032
0.009894279323
0.009902019585
0.009959852788
0.01004970241
0.009843129513
0.009904098578
0.009931194863
0.009939196168
0.009994657246
0.009959431538
0.009825383019
0.01005220117
0.01002205054
0.009874157852
0.009874252081
0.009921577027
0.009883739811
0.009934804162
0.009955148297
0.00984394721
0.0099322482
0.009866123868
0.009994654399
0.009940248393
0.009884161982
0.00985356645
0.009857416799
0.009840547025
0.009842381277
0.009794285226
0.009889046317
0.009821780265
0.009779786775
0.00982293095
0.009840469644
0.009861388079
0.009694316842
0.009847496745
0.00966253929
0.009807854317
0.009756378246
0.009650492168
0.009647179672
0.009751774725
0.009630125772
0.009633377863
0.009502939196
0.009608900522
0.009567600332
0.009578401571
0.009611034909
0.009581839288
0.009565593367
0.009479452048
0.009475723003
0.009521629516
0.009418510412
0.009404267671
0.009374735436
0.009370056699
0.009283748606
0.00930550999
0.009204710505
0.009255315216
0.009248572646
0.009263831956
0.009127920098
0.009240339831
0.009166336503
0.00918197952
0.009071258376
0.009100488345
0.009014344527
0.009002900813
0.009073577292
0.009037966719
0.009037682256
0.008958224667
0.008935891
0.008971423249
0.008958403944
0.008917678406
0.008945876022
0.0088807055
0.008860399999
0.008807879948
0.008880810951
0.008810764813
0.008854609064
0.008794827984
0.008701257866
0.00872533145
0.008717508583
0.008734264998
0.00875251641
0.008817420189
0.008682687494
0.008735279006
0.008802876952
0.008722383243
0.008746336972
0.008791632231
0.008723140801
0.008785147555
0.008812895459
0.008885473939
0.008808277855
0.008841021929
0.008852603262
0.008931912686
0.008938973432
0.008897708359
0.009032459752
0.008985618315
0.009028071852
0.009103330292
0.009225877653
0.009283214095
0.009209933443
0.009354044347
0.009321102053
0.009358541941
0.009531487023
0.009475254955
0.009659340172
0.009671912028
0.009700420946
0.009816405398
0.009939545574
0.009952913748
0.01008627695
0.01020364203
0.01019683464
0.01033535662
0.01038242497
0.0104648154
0.01062678859
0.01064865996
0.0108502857
0.01093010129
0.01111374907
0.01132674787
0.01142483884
0.01158527513
0.01175839405
0.01191829952
0.01194895653
0.01227948484
0.01243898465
0.01262082736
0.01291355848
0.01312511687
0.01330232456
0.01356488382
0.01358229202
0.01402450476
0.01419042743
0.01443587708
0.01475428107
0.01491381356
0.01519915412
0.01570528945
0.0159536882
0.01620128288
0.01675250166
0.01718814863
0.01760649166
0.01787113746
0.01822781371
0.01867170956
0.01919851859
0.01932465502
0.01996815887
0.02005410968
0.02101237636
0.02178230602
0.02236880836
0.02287429782
0.02317463343
0.02447101877
0.02519977549
0.02509936893
0.02608695114
0.02687582996
0.02692974378
0.02895457099
0.0296233186
0.03227796307
0.03130722483
0.03248403282
0.03345597484
0.03466503686
0.03577681594
0.03744287601
0.03837850807
0.03892217966
0.04081995152
0.04227545136
0.04316549927
0.04536428944
0.04672734679
0.04934833074
0.05006313647
0.05212994273
0.0544743425
0.06019814491
0.06127632307
0.06078688612
0.06833566935
0.0699635769
0.07048327026
0.07998761836
0.07710512035
0.07995427459
0.0819264215
0.08856859738
0.09246564643
0.09430686139
0.106356223
0.09987770921
0.10538148
0.1161736795
0.1238049859
0.1243538719
0.1347944357
0.1185464502
0.1270416658
0.1233300186
0.1543804115
0.147771422
0.1957281891
0.1436793065
0.1589581962
0.1542119699
0.1433783427
0.2012873748
0.1456724246
0.1837136841
0.1764457422
0.1724391353
0.2118831162
0.1784534158
0.3408639427
0.1768253985
0.2046786921
0.1788232367
0.1968067046
0.1921381137
0.2017244808
0.201483762
0.2372386861
0.1928991342
0.2061561615
0.2000593994
0.2554771903
0.2088637379
0.2226005859
0.2437439531
0.2294575306
0.2039639135
0.1906967045
0.2297569395
0.2011182871
0.2823881495
0.2591569723
0.2079377679
0.206357751
0.222518861
0.2342311158
0.2217524394
0.2402372885
0.2632871387
0.2225018813
0.2103574313
0.2490127422
0.2195338379
0.2130058824
0.2235502879
0.2518319609
0.2103314651
0.2398944461
0.2350974158
0.2111782365
0.24288347
0.2363437106
0.2004961383
0.2234367156
0.2772389762
0.2265084662
0.2925390342
0.2379802171
0.2505816672
0.2356206729
0.3030923392
0.2412992035
0.2448482841
0.2679390547
0.2324631912
0.2582045565
0.2590205041
0.2209343494
0.2180661201
0.2379775452
0.2503115694
0.2418045149
0.1816429556
0.2363665964
0.2300162374
0.2009614614
0.2100320784
0.2622393143
0.2813960765
0.2494202985
0.232634381
0.2182991787
0.2491699338
0.2293845385
0.2531368965
0.2545163472
0.2179509669
0.2248508003
0.3570922647
0.2325078858
0.2632113828
0.3097581711
0.2880345003
0.24137776
0.2454377932
0.3117433212
0.2158421278
0.2396547823
0.24548248
0.256561383
0.3089756515
0.2335121637
0.2724223417
0.2436175613
0.203833122
0.2916623701
0.2800586389
0.3783471199
0.2396322113
0.3160806584
0.2262377314
0.2270022913
0.2090607008
0.2430082622
0.2300705645
0.2823711043
0.2206448145
0.2274568904
0.2332272075
0.2290016429
0.2632582669
0.3010850191
0.2483647591
0.2508576002
0.2449467273
0.2945425663
0.2944476803
0.256444385
0.2592839634
0.2405590513
0.2522841351
0.2498423797
0.2985462874
0.2544193753
0.2350382315
0.2258860518
0.2372307112
0.247434406
0.2871600556
0.2825839831
0.2972615989
0.3800614763
0.2398576664
0.2308774721
0.3418128856
0.2483766102
0.2495785081
0.2824374035
0.2540908436
0.2713163274
0.3216152086
0.2919607801
0.312023656
0.3634197753
0.2770970069
0.2740118411
0.4279288239
0.2241668882
0.2402956948
0.2579740788
0.2466233463
0.2987431342
0.2298972519
0.3167342328
0.2658226526
0.2226731458
0.2429314622
0.2904106952
0.258077076
0.3804841524
0.239092188
0.2940022584
0.2685428273
0.2810720333
0.2562227794
0.3701970223
0.3027068796
0.2511381927
0.3201024159
0.2676276617
0.2839907467
0.2732360391
0.2599717543
0.2389321506
0.2496495036
0.2237525078
0.2611065962
0.3163400939
0.2642341376
0.2236321697
0.3012196685
0.2797976668
0.2374840412
0.2535094899
0.2175202626
0.3299697592
0.2572709288
0.2373184592
0.222091451
0.2554545139
0.2743002888
0.2292182853
0.360692025
0.2251113616
0.2476177907
0.2799374762
0.2524492048
0.2624601404
0.2685697165
0.3257954973
0.2675016172
0.2626140258
0.3182003926
0.2880120244
0.3173762534
0.3213311957
0.3082370343
0.2370776221
0.3642093326
0.3140089065
0.2437065964
0.3822591869
0.2575986173
0.3362400729
0.5948631594
0.2785190568
0.286280174
0.295828578
0.3101007079
0.2345111981
0.2696208263
0.2527032795
0.2812086462
0.2992019371
0.3246079895
0.348268949
0.2452153912
0.3072155529
0.3013955761
0.2552590464
0.3114836668
0.3227347109
0.3244800777
0.2879222023
0.4387316785
0.3255705907
0.2833381429
0.2890518083
0.3031059992
0.249248697
0.2839376499
0.2919521328
0.2911826533
0.2686756779
0.2683974448
0.412733071
0.2594346519
0.2742328369
0.3282808788
0.3412755565
0.4356806791
0.2897980565
0.2631281975
0.2945763175
0.3568582106
0.2602977224
0.2807945726
0.3445589609
0.2893737591
0.2481456385
0.2275881832
0.2460587425
0.2668830058
0.3287526947
0.2492641549
0.3267257089
0.2213108443
0.3065640259
0.2953232993
0.2662472
0.3602840528
0.2819394045
0.2684131537
0.3064257587
0.3076010494
0.2852147694
0.2839207264
0.3076426428
0.2730973686
0.3214701115
0.2993657535
0.293834212
0.3424710397
0.3791178043
0.277955017
0.3546023727
0.2862467089
0.2917690668
0.3020771699
0.2912042242
0.2792058903
0.2659601582
0.2702900427
0.5353500259
0.2240492913
0.4071953929
0.2672703431
0.3244905543
0.3109651549
0.281809546
0.2653236789
0.3129069824
0.3432428093
0.3036351654
0.2564905714
0.246978839
0.3041648063
0.2272937568
0.3036540989
0.2481356103
0.2730288059
0.2567458345
0.2622455604
0.262987705
0.2501376185
0.2435302343
0.2157029415
0.2668827041
0.3097637303
0.236682353
0.2946556594
0.2909071697
0.2630868454
0.3315617434
0.2576180636
0.2358977435
0.2941165332
0.2905947048
0.3098491586
0.262048188
0.2875303641
0.3439568429
0.3202588679
0.2722106899
0.297296433
0.2308857951
0.2659540799
0.2702747815
0.2271098087
0.3058939962
0.3657960247
0.3508487901
0.2814764067
0.2838906425
0.2667810358
0.2973161143
0.2802530637
0.28570191
0.3357659434
0.2857740356
0.255920126
0.3291606596
0.265785553
0.2134667219
0.3057037818
0.3289016986
0.2950430063
0.3905452712
0.2750331027
0.3149545235
0.2798445109
0.356939339
0.3007761497
0.6055950602
0.3611032667
0.2998444723
0.3096357519
0.2937383913
0.3400130269
0.310177055
0.3264434631
0.5370632872
0.3794562236
0.4471994911
0.5950556964
0.3045289278
0.3265982613
0.2737353636
0.331193666
0.2812598114
0.3165188358
0.2550146989
0.3245789589
0.3778072512
0.4269199207
0.3115304326
0.2683795124
0.3241590234
0.2804461684
0.3140333834
0.3384430014
0.357942438
0.2745438595
0.288596383
0.2854077363
0.3399609385
0.4370957869
0.6488039781
0.2706363317
0.2633641452
0.3159951953
0.2893330666
0.3642900298
0.3303752357
0.2682897992
0.3286606224
0.2966933771
0.3394911107
0.3162349668
0.3426196299
0.3130668094
0.2792038948
0.3308441793
0.2864977011
0.3039611529
0.2577920775
0.2864787005
0.3240965149
0.3431933957
0.3038496095
0.2781467309
0.276692481
0.3194780121
0.3133639276
0.3593147047
0.2870605784
0.3175994659
0.276099685
0.3561366024
0.3554886317
0.3027537418
0.3067312945
0.4193896916
0.335260547
0.4348607639
0.2862716896
0.3089876627
0.275159958
0.2953692295
0.3774742368
0.3465139842
0.287524783
0.323614748
0.416473772
0.3486900103
0.3222749568
0.3200132286
0.3327474678
0.3523350557
0.3941088913
0.2982402465
0.3855203755
0.3899963318
0.2756527694
0.3616298363
0.3338648189
0.2742821565
0.3843949455
0.2991424008
0.3922164471
0.3416665771
0.3276084905
0.4131345789
0.2965129586
0.3115181814
0.3736083679
0.3216479446
0.3314960639
0.2877687125
0.3760848866
0.4636276741
0.3222459231
0.3274275347
0.4227751232
0.6597163009
0.2479303411
0.361838934
0.544976869
0.340714889
0.4815320548
0.3444926956
0.3430779903
0.3637605031
0.3172037186
0.3502208894
0.3873596417
0.3648561131
0.3043122486
0.3583469888
0.4000642048
0.3274010523
0.3787826325
0.4118012443
0.4216853912
0.3677404223
0.3643944491
0.2765516925
0.496438717
0.3705708353
0.3541973039
0.2921125376
0.3253107372
0.3926119764
0.3347367016
0.3400763099
0.2974382376
0.3867892995
0.3570043381
0.5164645178
0.3739990923
0.3556458033
0.4136325756
0.4423220629
0.3928518127
0.3035426981
0.4029286212
0.3951101545
0.4522836945
0.5312729247
0.4042562246
0.3588984173
0.3691840009
0.4928310599
0.3067770857
0.3200428001
0.3917349074
0.5074629728
0.4022774643
0.4749456592
0.3972226834
0.3991488474
0.3230386761
0.3877764239
0.4863626956
0.2897722421
0.3558392312
0.2943703783
0.3433060626
0.3139940725
0.3213860202
0.2641534075
0.2984381426
0.3513363609
0.3237595782
0.2905200352
0.4231012589
0.3390417005
0.339549725
0.3089754318
0.3383738096
0.4299499854
0.352776232
0.323736635
0.3552772129
0.3245072018
0.4560798344
0.4699465882
0.396737514
0.3485208549
0.3840770048
0.4372451915
0.4213699181
0.338589041
0.3894020777
0.4207632949
0.4014838019
0.3640587411
0.3864626802
0.3437257319
0.3486752569
0.4777458535
0.3440582553
0.3779980957
0.2792406115
0.2774681394
0.309252184
0.3225959193
0.3112626565
0.3819942657
0.3383609128
0.3258036864
0.4485717772
0.354553076
0.3343252675
0.317574603
0.3507989703
0.3905396546
0.3241412894
0.3044564339
0.3753811976
0.3730532386
0.3568228425
0.4740611674
0.3888444005
0.4307374331
0.3234417251
0.4188342698
0.3723487407
0.3134168931
0.5649825732
0.384916105
0.3535196373
0.3542656809
0.4198634184
0.4071462122
0.3835005174
0.4279364315
0.3382485384
0.3058404745
0.3402940729
0.3016087568
0.3684672245
0.3149610771
0.3426355471
0.3352660944
0.3399127635
0.3287405869
0.3750876195
0.3719417974
0.3155647329
0.6198003307
0.3735314259
0.4034430927
0.3648284092
0.4377505518
0.526055258
0.2800527674
0.2881241014
0.4043785305
0.4204569259
0.286511624
0.3018487362
0.3390158336
0.3249679093
0.3334187228
0.3202099993
0.3528469438
0.342920386
0.4911104381
0.3198813262
0.3104909673
0.3315747131
0.4255309267
0.4881783244
0.4268101164
0.4069043311
0.4046088358
0.3117805819
0.3477477717
0.4020399785
0.3525953817
0.3684723191
0.2741091009
0.3731362581
0.3185894641
0.3636240862
0.3272761064
0.3410724576
0.3421203346
0.299565656
0.4657466975
0.4638030566
0.4455167802
0.5298533797
0.4587124546
0.4221047453
0.3570857701
0.3925165621
0.4704558302
0.3568377451
0.3472566364
0.5054544807
0.3103370722
0.4724103095
0.3251192377
0.3340013437
0.410281098
0.3808241033
0.3550558403
0.3871291866
0.3298088635
0.4129768884
0.4476257833
0.4226046701
0.3102953947
0.3137814167
0.3976433201
0.3286528367
0.3662157458
0.3597914367
0.3629185268
0.3435916547
0.6559840225
0.454956254
0.3744788999
0.3175456712
0.5933726273
0.407207951
0.3727998197
0.4013729727
0.3739571436
0.381065669
0.4372812153
0.3244977503
0.3253915685
0.4591307778
0.472677883
0.4713977945
0.36935333
0.4029332973
0.4259285196
0.315435244
0.307088838
0.3557659444
0.3018648545
0.3344060347
0.2951485189
0.3566933879
0.4512762352
0.3353513222
0.3883043934
0.396289949
0.3360662873
0.3513554327
0.3731701253
0.4379899763
0.3510542235
0.5662878848
0.3467900702
0.4383253163
0.3129024736
0.415197698
0.3070840069
0.4097822463
0.3604369551
0.3660927355
0.3082156854
0.331369828
0.3043384576
0.3856843439
0.5750183025
0.3377865836
0.4400245489
0.4016941639
0.4013589441
0.3441591344
0.389431544
0.3751055954
0.3400960361
0.4318087138
0.3425441399
0.3403091942
0.3098604642
0.3251045219
0.4537031872
0.3199053022
0.462681025
0.338548504
0.4360197378
0.3473227062
0.3654234843
0.5816898445
0.4864945081
0.3239011938
0.3083807382
0.3036637739
0.2786638458
0.4544955837
0.4590103223
0.4344320265
0.4190017937
0.3151579
0.3471672434
0.3530255834
0.3741932279
0.3278602062
0.2852473505
0.36090327
0.3857860725
0.4837346456
0.382476246
0.389274285
0.4059101083
0.3547044404
0.3548879979
0.3864337448
0.3028171912
0.3215731739
0.3238039257
0.4391998443
0.3670308954
0.4031863477
0.3707708068
0.5337756702
0.3608618947
0.3279411613
0.4802124008
0.3609378323
0.297799065
0.4019980113
0.4481616058
0.347734937
0.3942652134
0.4166873225
0.3539463998
0.4303874912
0.2827797109
0.3918159962
0.3327506865
0.282998379
0.2920876354
0.3675354564
0.5695919787
0.4492794229
0.3169334939
0.5646697884
0.5254530427
0.3672154174
0.4117981239
0.4163784561
0.3639405426
0.3483689782
0.459519658
0.3103214734
0.3263472736
0.4242446586
0.4634802431
0.356482893
0.3126550173
0.3969811277
0.444639307
0.4659235364
0.2959909977
0.3844782848
0.4721898335
0.3770992236
0.3707039971
0.3562043209
0.352288809
0.4533837096
0.3494856065
0.5608402356
0.3959511666
0.5124104358
0.399905052
0.4008548367
0.3738324388
0.4038527096
0.4944937391
0.4707293952
0.3674293144
0.4552615761
0.637514554
0.3382715123
0.3472316509
0.4302357117
0.359149712
0.394892723
0.3013064002
0.4040273204
0.4792892344
0.4774271312
0.3472139239
0.4424765595
0.2908475209
0.4905159979
0.3950039124
0.3388558781
0.3879284771
0.7485052591
0.3573347753
0.5391992204
0.4132460182
0.3967290842
0.3488805557
0.3890083284
0.4077734261
0.3844084278
0.3543132794
0.3537905852
0.4101928824
0.3967606935
0.4492042243
0.3899553904
0.3811316921
0.3375822317
0.5452751603
0.371749287
0.2913502244
0.3580001697
0.3452058019
0.4208619667
0.5545909382
0.3630047733
0.3329431361
0.5074790988
0.3201257259
0.3641233734
0.4031383946
0.3816052699
0.3392521312
0.368597588
0.5096614899
0.344375036
0.3601670316
0.361827889
0.4223891825
0.363729699
0.3224433401
0.332767967
0.3063092335
0.424428444
0.3388706942
0.4117262895
0.6329963727
0.3523842252
0.3532230797
0.3715130234
0.4501341035
0.4751469602
0.3211131434
0.4011957813
0.3585036512
0.3939405013
0.3502537216
0.543902979
0.5451038437
0.5034629312
0.6371708838
0.4879854339
0.4287219436
0.4749555758
0.4011703541
0.3919483916
0.781381602
0.3975159676
0.7391386991
0.6144057811
0.4485326971
0.4645583004
0.4160613161
0.4872762536
0.4290166892
0.3234436784
0.4899019702
0.4536640775
0.7759914836
0.3532087293
0.4826977294
0.3399667441
0.3480053176
0.4511580727
0.3983980352
0.4255979529
0.4196537802
0.6941380928
0.4126765609
0.3549371258
0.4624221297
0.4277937905
0.3915488734
0.405303708
0.3919298702
0.4334008811
0.4515617332
0.4032884285
0.4075997772
0.3650600867
0.4075743711
0.4002056686
0.4254470542
0.4096923568
0.4721290493
0.3976029378
0.3843741216
0.3599708907
0.413310147
0.3888035382
0.4598258057
0.4874136928
0.454047972
0.5880821531
0.4115118466
0.5182849341
0.401392162
0.4505132878
0.4053196142
0.338733593
0.4832553417
0.4129502637
0.4005840974
0.6151004435
0.4307430059
0.4302580967
0.3363208338
0.4347004046
0.4518864859
0.4339558502
0.3913888857
0.3739325367
0.5214445208
0.5446444813
0.4515437133
0.4923098622
0.4560668172
0.3695230358
0.3731660025
0.4622445734
0.48988595
0.4263264566
0.4301843072
0.3778574554
0.4632370227
0.5370101508
0.5493782566
0.5937809458
0.5354994404
0.4150639498
0.4106607191
0.5761044221
0.4274435824
0.5451010047
0.7377406035
0.4719829365
0.3497795938
0.4971739699
0.5281522868
0.483216257
0.3685750926
0.5199872134
0.5035802237
0.4114762185
0.4001224947
0.4213616558
0.4242246756
0.4327436263
0.3921230114
0.560197262
0.4018238136
0.5328595494
0.4857160226
0.4450805923
0.4827545908
0.4182237663
0.5013784164
0.4534075882
0.5237688025
0.5365605385
0.613250729
0.4405171266
0.486750556
0.4990665457
0.3961901391
0.480387004
0.3737589189
0.3952629231
0.4162795257
0.6141525575
0.4967651344
0.4223223264
0.6558827618
0.5677202116
0.4505191383
0.6557390215
0.4868097453
0.4410906302
0.42915827
0.3782642971
0.5627546478
0.5534423398
0.5528022016
0.3894339738
0.445164532
0.5431194206
0.4834693317
0.4516849996
0.5488103251
0.7508919168
0.640826006
0.479836348
0.51176561
0.4968234322
0.5549552323
0.3926150149
0.471920354
0.5873314113
0.6441912259
0.4342176005
0.377789811
0.3726494237
0.460774159
0.6949026545
0.4412618437
0.5973181669
0.5638662357
0.63874302
0.4904131973
0.4313886738
0.5363378394
0.4423179415
0.5188006538
0.459247026
0.4238996909
0.6013789181
0.6147171518
0.4035723864
0.4636170754
0.4466940903
0.5229672999
0.3448179354
0.3821784488
0.4066307161
0.558530315
0.5067476083
0.3863016947
0.5859302219
0.4387102837
0.7432156433
0.6201808818
0.5955102425
0.4335146411
0.6421415144
0.6515397973
0.4057885115
0.5374116988
0.4351313546
0.4691337876
0.4841990725
0.5057565193
0.4048627499
0.4472307183
0.4988320744
0.5270059507
0.5745091634
0.5977003576
0.4768587917
0.4657133592
0.4971043383
0.4471635281
0.508134712
0.4859243055
0.4975436276
0.5759711238
0.8315010158
0.4971419306
0.4358171964
0.4285022987
0.8031155259
0.4564270169
0.4801834246
0.4232001292
0.4425840951
0.5307202166
0.4769666567
0.6418016996
0.5314712115
0.5683360979
0.4701754386
0.6250273825
0.4067158989
0.6229231764
0.4349674008
0.583137089
0.4747594319
0.4226199155
0.6245397318
0.4847855812
0.415584399
