#################################### 
# Matrix Size= (25,25,400)
# Resol      = (1,1,4000)
# VoxelSize  = (25,25,0.1)
# nbVal      = 4000
#################################### 
2.919220168e-14
2.88896594e-14
3.513199965e-14
3.052146825e-14
3.687519475e-14
3.55895328e-14
3.837777582e-14
3.882991476e-14
4.050551929e-14
3.880644425e-14
3.102363623e-14
4.06960482e-14
3.66861746e-14
3.790848972e-14
3.496969938e-14
3.074305991e-14
4.514973639e-14
4.124309441e-14
3.471677972e-14
4.08718474e-14
3.62848274e-14
4.129424683e-14
4.91479027e-14
3.180530457e-14
3.319864729e-14
3.344976234e-14
6.522194898e-14
4.953218564e-14
6.340650177e-14
4.031106316e-14
4.157715858e-14
4.141255577e-14
3.339056799e-14
3.501067606e-14
4.211256755e-14
3.793856783e-14
4.189374225e-14
5.003182603e-14
3.626067981e-14
4.221633043e-14
4.394694928e-14
3.68209554e-14
3.577158835e-14
3.56429419e-14
3.597693273e-14
3.788915896e-14
4.426956385e-14
4.368048687e-14
3.540732336e-14
3.911389754e-14
3.797219674e-14
4.081101087e-14
3.178406527e-14
3.520266448e-14
4.606727052e-14
4.310360744e-14
4.090285356e-14
4.46130884e-14
5.585996454e-14
4.369324924e-14
4.404518057e-14
5.767652495e-14
3.364516731e-14
3.266947956e-14
3.830143535e-14
4.649799886e-14
4.44638941e-14
4.396897583e-14
3.929305892e-14
3.553214543e-14
3.224295881e-14
4.102161355e-14
3.450608201e-14
4.161362421e-14
4.484595085e-14
4.002918028e-14
4.693487736e-14
4.659766527e-14
4.405302693e-14
5.193731238e-14
4.711139024e-14
4.727866171e-14
5.125341212e-14
3.984846278e-14
3.780788415e-14
3.595203532e-14
3.930986112e-14
3.498180557e-14
4.066072292e-14
3.744328326e-14
3.735063328e-14
5.821076461e-14
3.947802512e-14
3.650296075e-14
3.389475206e-14
4.518253478e-14
4.433427037e-14
5.056325973e-14
3.94671679e-14
4.648779015e-14
3.344189341e-14
3.429897216e-14
4.071439307e-14
4.033409537e-14
3.950057533e-14
4.404129678e-14
3.660405114e-14
4.256724303e-14
4.565055374e-14
4.021256202e-14
3.840757756e-14
5.054112291e-14
5.144076923e-14
5.081328439e-14
3.686772853e-14
4.818011175e-14
3.53641359e-14
3.923551213e-14
4.178724749e-14
4.484779148e-14
4.041935754e-14
4.3095232e-14
3.608527748e-14
4.036258713e-14
4.799584038e-14
3.920377859e-14
4.126502692e-14
5.671471152e-14
3.690153296e-14
3.872910335e-14
4.341172037e-14
4.484555556e-14
4.397244742e-14
4.375402865e-14
3.742866458e-14
3.98182746e-14
4.691568246e-14
3.966501949e-14
4.151596809e-14
4.759407295e-14
4.17076504e-14
3.694571947e-14
4.685724967e-14
4.905642046e-14
3.747534755e-14
4.359958088e-14
4.039992853e-14
5.462328483e-14
4.783075873e-14
4.828745641e-14
4.503774069e-14
4.184413472e-14
4.648429924e-14
3.738391956e-14
3.830072097e-14
4.4773474e-14
5.199558579e-14
4.975466897e-14
3.963000586e-14
4.726353941e-14
4.223964606e-14
4.144413541e-14
4.656959328e-14
3.818693795e-14
4.682326682e-14
4.174274182e-14
4.204664145e-14
4.20881098e-14
5.222201382e-14
5.158400861e-14
4.384108358e-14
4.827882392e-14
4.948408115e-14
4.307040593e-14
4.820779705e-14
4.083639116e-14
3.518280518e-14
4.095572786e-14
3.542813244e-14
3.979662599e-14
4.409839316e-14
4.306076933e-14
4.614241429e-14
4.42155215e-14
4.219857966e-14
4.125025526e-14
4.624905138e-14
3.759289945e-14
4.087502955e-14
4.538327723e-14
4.739160812e-14
6.405794755e-14
4.195447167e-14
3.844052533e-14
4.328393225e-14
4.39022259e-14
3.940460755e-14
5.22465744e-14
4.856651788e-14
4.116928604e-14
4.189987814e-14
4.722016358e-14
6.009462816e-14
5.926067396e-14
5.129085346e-14
5.002060528e-14
5.350563045e-14
5.268190321e-14
3.947844603e-14
5.642151921e-14
5.101622957e-14
5.605071521e-14
4.655678727e-14
5.025488549e-14
5.274341015e-14
4.230814453e-14
5.012976245e-14
5.347502608e-14
4.61588005e-14
7.228565452e-14
4.956595193e-14
4.188317334e-14
4.189826599e-14
4.019792555e-14
3.98608825e-14
4.498966495e-14
3.711396664e-14
4.020757838e-14
4.686764944e-14
4.885014351e-14
3.736275529e-14
3.999108426e-14
4.097536725e-14
4.213572151e-14
4.933375784e-14
3.967979221e-14
4.204183241e-14
3.85035587e-14
3.84749507e-14
4.020775994e-14
4.204898751e-14
4.314568752e-14
3.666524806e-14
4.735580927e-14
4.530456826e-14
4.742804847e-14
4.725071335e-14
3.879699989e-14
6.150293661e-14
4.910164123e-14
4.209241113e-14
3.940464589e-14
4.160806385e-14
4.914584032e-14
4.003128223e-14
4.568726961e-14
3.856053478e-14
4.501661566e-14
4.491600386e-14
4.771944959e-14
4.344867453e-14
5.036292613e-14
5.000005155e-14
4.668938299e-14
4.518730283e-14
5.06821866e-14
4.153979431e-14
5.410632736e-14
4.891295649e-14
4.05742767e-14
3.793706181e-14
4.013416043e-14
4.411582677e-14
4.828458525e-14
4.912974915e-14
4.85798134e-14
5.295569662e-14
3.839606197e-14
4.821838613e-14
6.28821512e-14
4.258572779e-14
4.0584851e-14
4.077904096e-14
5.365792162e-14
4.590906772e-14
5.218776227e-14
4.932231546e-14
5.018950737e-14
4.630374867e-14
4.706704619e-14
5.346905938e-14
5.219768986e-14
4.358577281e-14
4.318058632e-14
4.30583437e-14
5.256610205e-14
4.736768143e-14
4.385919628e-14
3.91122223e-14
5.476922223e-14
4.272787944e-14
5.115698374e-14
5.068481458e-14
4.932408251e-14
4.387803543e-14
4.589822725e-14
4.248810737e-14
4.769151646e-14
4.42441702e-14
4.393849068e-14
3.970999144e-14
4.157556892e-14
5.041010811e-14
4.756094196e-14
3.978026926e-14
4.457141961e-14
5.126052457e-14
4.577898263e-14
4.448658912e-14
4.432444542e-14
4.491204115e-14
5.356922613e-14
5.19584394e-14
5.089906494e-14
5.270767719e-14
4.30953988e-14
5.368304757e-14
4.946680023e-14
5.383417578e-14
5.915141128e-14
4.612054594e-14
4.894541487e-14
3.91450922e-14
4.270199739e-14
4.89433438e-14
5.477527134e-14
4.618119447e-14
4.743786463e-14
4.352030611e-14
4.717257648e-14
4.361143866e-14
4.824677385e-14
4.945456986e-14
5.083103175e-14
4.341732465e-14
5.228103921e-14
5.745638714e-14
4.93300415e-14
5.490252958e-14
4.635696716e-14
5.115823726e-14
4.964635487e-14
4.874568278e-14
5.396729377e-14
4.332240637e-14
4.538411349e-14
5.706233717e-14
4.085654371e-14
4.964597362e-14
4.861650625e-14
4.25983714e-14
4.776261299e-14
5.641901307e-14
4.753918659e-14
4.152106752e-14
5.390284341e-14
4.859218922e-14
4.840781424e-14
4.365103972e-14
5.428662715e-14
4.703252571e-14
4.952661427e-14
4.418887138e-14
5.547739355e-14
5.542165467e-14
5.226043601e-14
4.365046146e-14
4.888538636e-14
5.052198101e-14
4.040855785e-14
3.816418835e-14
3.704991454e-14
4.815714945e-14
5.402633852e-14
4.902661614e-14
6.162715644e-14
5.319094014e-14
4.935532416e-14
5.486158789e-14
4.387084529e-14
3.960080264e-14
4.807299086e-14
4.15081553e-14
5.597716416e-14
5.171789785e-14
4.831076929e-14
4.306002857e-14
5.177621245e-14
5.095034408e-14
4.713462916e-14
4.883027444e-14
4.857325135e-14
5.122399562e-14
4.444801148e-14
4.178171061e-14
4.211051092e-14
4.430928086e-14
5.212293175e-14
5.472787672e-14
4.617374454e-14
4.301965334e-14
5.96296956e-14
5.250293964e-14
5.534641314e-14
5.502028465e-14
4.358892349e-14
5.168275584e-14
5.070961188e-14
4.925969205e-14
5.047310969e-14
4.185301393e-14
4.403265951e-14
4.972589807e-14
4.400719137e-14
4.102603219e-14
4.851427192e-14
4.764982941e-14
4.243797333e-14
4.59855211e-14
4.329196223e-14
4.570316805e-14
4.504628697e-14
4.696708921e-14
4.871399801e-14
6.262779325e-14
4.721260234e-14
4.266563443e-14
4.293914785e-14
4.708305209e-14
5.133824372e-14
4.869082524e-14
5.321827834e-14
4.755534051e-14
6.37747349e-14
5.005286347e-14
4.576879873e-14
4.807015371e-14
4.373725495e-14
4.760353584e-14
5.360481472e-14
5.065116648e-14
4.793560378e-14
4.7918353e-14
4.99868364e-14
4.785106312e-14
4.614223833e-14
4.575146841e-14
4.879615919e-14
5.83306145e-14
5.033761106e-14
4.880066865e-14
4.568382894e-14
5.304620491e-14
5.058382654e-14
5.856451786e-14
6.438079445e-14
5.899084617e-14
4.416774281e-14
6.444339985e-14
5.455855199e-14
4.924233407e-14
4.081865056e-14
4.179639979e-14
5.410751283e-14
4.968299838e-14
5.928170477e-14
4.941128111e-14
4.728541089e-14
5.95048187e-14
5.727446073e-14
4.765638194e-14
5.510931426e-14
4.628832403e-14
5.675646868e-14
5.186066425e-14
4.738710473e-14
4.902000444e-14
4.604437591e-14
5.003368355e-14
5.385166566e-14
4.698797527e-14
4.527897708e-14
5.274060745e-14
4.224762167e-14
4.355543708e-14
4.855345391e-14
5.767255461e-14
4.532405696e-14
4.177938176e-14
4.642399816e-14
4.540556148e-14
5.553663291e-14
4.423652225e-14
5.205427347e-14
4.309519271e-14
5.630881966e-14
4.882512944e-14
4.845598447e-14
4.764538241e-14
4.872536801e-14
4.806586203e-14
4.951480783e-14
4.637530645e-14
4.740501478e-14
4.901879062e-14
4.783958968e-14
4.357254466e-14
3.992421231e-14
4.316154986e-14
5.203728995e-14
5.72610055e-14
4.537263223e-14
5.204594736e-14
4.533635386e-14
4.757391558e-14
4.571311743e-14
4.964756626e-14
5.448628579e-14
5.622742187e-14
4.312522984e-14
5.221939544e-14
5.907978808e-14
4.611771793e-14
4.918717011e-14
4.564424576e-14
4.662796752e-14
6.102791585e-14
5.872201958e-14
4.937938803e-14
6.027111053e-14
5.412279574e-14
6.635871774e-14
4.491653574e-14
5.572733244e-14
4.604498126e-14
5.599837139e-14
5.104115213e-14
5.015859722e-14
5.134474246e-14
4.638562858e-14
4.425710674e-14
4.998315183e-14
5.651478283e-14
4.590402317e-14
5.389412956e-14
4.77246861e-14
4.554085878e-14
4.796541731e-14
4.853103329e-14
4.667351044e-14
4.964042453e-14
5.522194241e-14
4.98083449e-14
5.163634413e-14
4.974876579e-14
4.811694453e-14
5.192803524e-14
4.852767186e-14
4.960478306e-14
4.028975956e-14
5.219917738e-14
4.98149248e-14
5.747674035e-14
4.423717935e-14
4.56358506e-14
4.388021031e-14
4.015721181e-14
4.843036888e-14
4.20589654e-14
4.490402858e-14
5.313776199e-14
4.802260802e-14
5.077384611e-14
4.179940221e-14
5.227051762e-14
4.53405962e-14
7.014148763e-14
5.219734243e-14
5.093493847e-14
4.735868536e-14
5.858064853e-14
4.756144963e-14
5.050490643e-14
5.719075851e-14
5.271364155e-14
4.795266978e-14
4.86973341e-14
4.651977442e-14
5.282908018e-14
5.406359742e-14
4.562581054e-14
6.268539684e-14
4.867430475e-14
5.014716682e-14
4.912182652e-14
5.2889407e-14
5.202937317e-14
5.729629384e-14
4.842957417e-14
4.921876544e-14
5.309340234e-14
4.8161407e-14
4.568801104e-14
4.181319593e-14
4.53808351e-14
4.950884772e-14
4.328058786e-14
4.419142907e-14
4.124308252e-14
5.504155435e-14
4.894206462e-14
4.978475702e-14
5.259096058e-14
4.675987686e-14
4.458564225e-14
4.459764071e-14
4.406177071e-14
4.505057748e-14
5.235511079e-14
4.40697061e-14
4.411176865e-14
5.207055527e-14
4.726816334e-14
4.685315238e-14
5.55327333e-14
5.065693987e-14
5.095219868e-14
5.179260632e-14
4.075860455e-14
4.897193047e-14
4.169477118e-14
4.889226904e-14
5.125123841e-14
4.390361892e-14
4.62839384e-14
5.45983115e-14
4.894646052e-14
6.436733408e-14
5.015386955e-14
4.992597174e-14
4.268240207e-14
5.410001688e-14
4.671380009e-14
4.987790581e-14
5.603538402e-14
4.869324671e-14
4.357252765e-14
5.625010026e-14
5.199719575e-14
4.845355133e-14
4.596521981e-14
4.827205721e-14
4.31122446e-14
4.792673975e-14
5.292412204e-14
5.420910973e-14
5.353748058e-14
4.289628349e-14
5.042713701e-14
4.793352336e-14
4.815341811e-14
5.021978833e-14
5.060793755e-14
5.191490248e-14
4.909927722e-14
4.948092809e-14
5.377065147e-14
4.475990773e-14
4.96398663e-14
4.554190559e-14
4.459439788e-14
5.220410139e-14
4.335270608e-14
4.448411671e-14
5.125635283e-14
4.934635863e-14
5.075081024e-14
5.567211371e-14
4.669871591e-14
5.363602471e-14
4.502772845e-14
4.722422597e-14
5.227802897e-14
4.797443948e-14
4.866646282e-14
4.886352791e-14
4.990997915e-14
5.832367678e-14
5.681004654e-14
5.367053149e-14
4.835004102e-14
4.713694366e-14
5.385195996e-14
5.307074891e-14
4.861218887e-14
5.289833235e-14
5.191442281e-14
5.139329589e-14
5.109365845e-14
4.829674806e-14
5.307981169e-14
5.267670233e-14
4.850453797e-14
4.784351911e-14
6.039566366e-14
5.161918822e-14
5.509131411e-14
4.8233086e-14
4.603760158e-14
5.527022503e-14
5.154401035e-14
5.20870495e-14
5.232977691e-14
6.492622039e-14
5.405013008e-14
5.545620335e-14
4.790103997e-14
5.169544211e-14
4.421630476e-14
5.124110144e-14
4.807137747e-14
5.224396791e-14
4.585222128e-14
5.987010377e-14
5.751173672e-14
5.623059151e-14
5.652788789e-14
5.63695818e-14
4.626352582e-14
5.004281602e-14
5.068210087e-14
4.532390748e-14
4.799279079e-14
5.233242997e-14
4.407042467e-14
4.908355211e-14
5.028131555e-14
5.220876809e-14
5.009954995e-14
5.583765921e-14
4.968486689e-14
4.815207414e-14
5.437973596e-14
4.877552243e-14
5.653811278e-14
5.001635407e-14
5.138772773e-14
5.134354884e-14
5.077950537e-14
4.851608753e-14
5.944721727e-14
4.548123502e-14
4.213217485e-14
5.382897001e-14
4.811027903e-14
4.870181571e-14
6.211769504e-14
5.714590553e-14
4.728623099e-14
5.173411427e-14
5.294610967e-14
5.00922995e-14
5.021790923e-14
4.935781618e-14
4.30587505e-14
4.564220554e-14
4.653734269e-14
5.137620704e-14
4.854807908e-14
4.553131352e-14
4.557402094e-14
4.696594593e-14
5.068969501e-14
5.53691986e-14
4.525874847e-14
4.226214073e-14
4.065695011e-14
4.57597016e-14
4.492843064e-14
5.785550944e-14
4.869660545e-14
4.720051302e-14
4.877296354e-14
4.740134645e-14
4.243573086e-14
5.752701538e-14
4.917971617e-14
5.132737459e-14
5.276415859e-14
4.534093481e-14
4.782637615e-14
4.681299654e-14
5.201855484e-14
4.741781338e-14
5.084330451e-14
4.910499007e-14
4.538411137e-14
6.153980908e-14
5.183051452e-14
5.001588921e-14
4.858615054e-14
4.581506299e-14
4.64961563e-14
5.268433312e-14
6.209604463e-14
4.478538571e-14
5.235607407e-14
4.308570159e-14
4.888856748e-14
4.754509252e-14
5.033806509e-14
4.662708311e-14
4.728742382e-14
4.909447373e-14
4.981121766e-14
4.51646318e-14
5.081626994e-14
5.285068155e-14
4.730172145e-14
4.631643558e-14
4.686933736e-14
5.260031459e-14
4.931868338e-14
5.012321793e-14
4.710069253e-14
5.240088964e-14
4.922078322e-14
4.768509598e-14
4.900528364e-14
5.568334919e-14
4.859951423e-14
4.999155568e-14
6.098869002e-14
5.592458613e-14
5.370825196e-14
5.041214753e-14
4.882511821e-14
4.68376725e-14
5.734591581e-14
4.964731946e-14
5.459158285e-14
4.997414985e-14
4.517579804e-14
4.517115171e-14
4.449073786e-14
4.929658774e-14
5.157876342e-14
5.820477817e-14
4.785924811e-14
5.447041993e-14
5.304945295e-14
5.077473796e-14
5.294760014e-14
4.791891959e-14
5.536068272e-14
4.459037389e-14
4.59794141e-14
4.904517848e-14
4.919249918e-14
4.80725101e-14
4.759107588e-14
6.165715928e-14
4.656284584e-14
4.633428646e-14
5.289072089e-14
5.934994483e-14
5.348148205e-14
5.356110315e-14
5.477986577e-14
5.195913498e-14
4.973255854e-14
5.611130562e-14
5.477603782e-14
5.27248639e-14
5.613543651e-14
5.201651535e-14
4.653035684e-14
5.461055918e-14
5.861926179e-14
5.061619105e-14
4.804853704e-14
6.101730559e-14
5.286472346e-14
5.107687635e-14
4.848668376e-14
5.163977191e-14
4.57462633e-14
4.326931854e-14
4.175795939e-14
5.814140928e-14
5.133436074e-14
4.741019532e-14
6.034003253e-14
4.860792453e-14
5.965079916e-14
5.014580568e-14
5.782222063e-14
5.233938123e-14
5.323010708e-14
4.968211645e-14
4.544726202e-14
4.299273864e-14
5.163081394e-14
4.37122746e-14
4.639691575e-14
5.837061022e-14
4.820735493e-14
4.545189936e-14
4.417712964e-14
7.051230932e-14
6.221115136e-14
5.643883751e-14
5.1646073e-14
5.379004373e-14
4.806195315e-14
4.622041085e-14
5.002470489e-14
4.607462264e-14
5.350839728e-14
6.166351822e-14
4.437565118e-14
5.499414527e-14
5.443144061e-14
4.908921622e-14
5.971511869e-14
5.091750771e-14
6.581164074e-14
6.24379581e-14
5.036393907e-14
5.434577264e-14
4.996175508e-14
4.855903345e-14
5.645990152e-14
5.223684758e-14
4.9268919e-14
5.08196817e-14
5.723575297e-14
5.143885905e-14
4.911760199e-14
6.603741359e-14
4.8704194e-14
4.759856109e-14
4.917793763e-14
5.475017668e-14
4.777897802e-14
5.108386092e-14
4.665634459e-14
4.772511356e-14
5.181611396e-14
4.601766719e-14
5.109046532e-14
4.611633557e-14
6.379943009e-14
4.540908163e-14
4.863263117e-14
5.51602594e-14
5.428578269e-14
5.539146445e-14
5.403006387e-14
5.116374877e-14
5.424520146e-14
4.954211064e-14
5.185235539e-14
5.262096879e-14
4.739532321e-14
6.297198069e-14
5.040583993e-14
5.005081795e-14
4.913984603e-14
5.03535311e-14
4.953569022e-14
4.806814594e-14
5.444679911e-14
6.240949188e-14
4.808411099e-14
5.656906189e-14
5.015998191e-14
5.229169185e-14
4.914708607e-14
5.099025471e-14
5.533743017e-14
5.765236056e-14
4.851156575e-14
5.262560582e-14
4.617292775e-14
5.662315747e-14
5.272632015e-14
4.972224086e-14
6.437386484e-14
6.077435276e-14
5.519876691e-14
5.948968064e-14
5.181542243e-14
5.631693832e-14
4.611431259e-14
6.481083639e-14
4.649431869e-14
5.284668443e-14
4.929229848e-14
4.836135082e-14
4.992486758e-14
5.632415483e-14
6.303646151e-14
5.883020643e-14
5.031894436e-14
4.918700318e-14
4.808094538e-14
4.673580601e-14
4.502226932e-14
6.473346518e-14
5.435911226e-14
5.467290924e-14
5.303480237e-14
5.543114027e-14
5.080671502e-14
4.829213464e-14
4.349147103e-14
4.685770498e-14
4.871840701e-14
4.486045749e-14
4.976296169e-14
5.565832236e-14
4.878285845e-14
4.641480885e-14
5.077150089e-14
4.745971932e-14
5.817322413e-14
4.829095429e-14
5.413088086e-14
5.002335916e-14
5.253207091e-14
4.93117508e-14
5.747026271e-14
6.962223821e-14
5.472530936e-14
6.274526665e-14
6.806840442e-14
5.803275654e-14
5.649820439e-14
6.213535704e-14
5.261232963e-14
5.434039277e-14
4.963774335e-14
5.624638977e-14
4.76670332e-14
5.320265521e-14
5.34606773e-14
5.687695485e-14
5.945665231e-14
5.947712274e-14
6.165757652e-14
5.360205356e-14
5.149526764e-14
4.655430458e-14
5.402163352e-14
4.902319895e-14
5.397041251e-14
5.260883208e-14
4.481713413e-14
6.557085629e-14
5.396639739e-14
6.43308424e-14
5.366216175e-14
4.758489246e-14
4.836707141e-14
6.039906003e-14
5.920578851e-14
5.755642783e-14
5.92980994e-14
6.369947908e-14
5.761815799e-14
5.30620953e-14
4.875923726e-14
4.752995755e-14
4.680909344e-14
5.18666675e-14
4.738613166e-14
4.800003463e-14
5.244827003e-14
5.498453625e-14
5.447195583e-14
5.20048747e-14
5.219887663e-14
5.688260625e-14
5.199167281e-14
5.154093817e-14
5.450071425e-14
5.383286418e-14
7.868274744e-14
5.526030691e-14
5.917039255e-14
4.986525455e-14
5.128246166e-14
5.464049455e-14
4.794466328e-14
4.521627691e-14
4.601958674e-14
6.233616806e-14
5.412851377e-14
6.460820125e-14
6.069206595e-14
4.958361734e-14
4.954200432e-14
6.611543396e-14
4.956518684e-14
4.798560405e-14
4.974616301e-14
4.805747304e-14
5.206069254e-14
4.951691519e-14
5.565305265e-14
6.253692913e-14
5.185079501e-14
6.126928539e-14
5.530063275e-14
5.475071333e-14
5.604109775e-14
4.777453003e-14
5.00899238e-14
6.967473693e-14
5.513998384e-14
5.259041119e-14
4.8492026e-14
5.222563447e-14
4.986471083e-14
5.196453966e-14
4.875203382e-14
5.623866607e-14
5.00488831e-14
5.860827724e-14
6.152995439e-14
4.938313083e-14
5.273546621e-14
5.293387584e-14
5.657673659e-14
5.558454098e-14
5.801426825e-14
5.734857504e-14
5.374285342e-14
5.854884311e-14
5.081154831e-14
5.235125147e-14
6.056321907e-14
5.102501967e-14
5.627789244e-14
5.383840199e-14
5.052703966e-14
5.863079659e-14
7.407906785e-14
4.920781059e-14
5.304453136e-14
6.094087247e-14
5.294632681e-14
5.653078615e-14
5.067770663e-14
4.933195337e-14
5.019777593e-14
6.006347238e-14
5.229059659e-14
5.366428241e-14
4.940628985e-14
4.699406766e-14
4.717411058e-14
6.017956758e-14
4.889660833e-14
5.41680423e-14
5.483025961e-14
5.199764444e-14
5.452647056e-14
5.206039772e-14
5.430012895e-14
5.179717127e-14
6.093582474e-14
6.879977588e-14
5.626674676e-14
5.473020344e-14
5.611740011e-14
4.875530777e-14
5.375020853e-14
5.553253805e-14
4.987953166e-14
5.463074914e-14
5.304523481e-14
5.87724129e-14
6.650619579e-14
4.848820335e-14
5.702247455e-14
5.815325528e-14
5.545159939e-14
5.648320246e-14
6.24416932e-14
5.12526172e-14
5.116453885e-14
6.12832549e-14
6.231293567e-14
6.078844846e-14
5.753387419e-14
5.574636537e-14
5.793718201e-14
5.165014288e-14
4.979584165e-14
4.753299852e-14
5.438420983e-14
5.267798482e-14
5.810005435e-14
5.869785974e-14
5.832129162e-14
5.062590803e-14
5.429320963e-14
4.766098069e-14
4.747516439e-14
6.178890647e-14
5.116443324e-14
5.155753804e-14
5.360523853e-14
4.956152699e-14
6.473251819e-14
5.946350121e-14
6.497248651e-14
5.944852832e-14
5.600924555e-14
4.840592586e-14
5.626781408e-14
5.366435774e-14
5.113494882e-14
5.298711644e-14
5.599415834e-14
5.254123063e-14
4.865712985e-14
5.597043847e-14
6.467693209e-14
5.579079647e-14
4.876721959e-14
4.970482765e-14
5.039094299e-14
6.086677487e-14
5.286070911e-14
5.79249703e-14
5.64531382e-14
5.862173154e-14
5.204666944e-14
5.454706421e-14
5.667405626e-14
5.809937907e-14
5.685240296e-14
5.065345198e-14
5.537479891e-14
6.073406872e-14
5.854073624e-14
5.831528638e-14
5.549113946e-14
5.291378267e-14
5.191185815e-14
5.09704431e-14
4.741769287e-14
5.533375443e-14
6.567462875e-14
5.368090027e-14
6.385512426e-14
5.579634552e-14
5.707388961e-14
6.557054973e-14
6.295413995e-14
6.334419316e-14
6.119759826e-14
6.349736965e-14
6.276037521e-14
5.544944919e-14
6.307059321e-14
5.382235606e-14
5.154634049e-14
5.805099507e-14
5.853848999e-14
6.060191954e-14
5.658078965e-14
5.839061778e-14
4.919064565e-14
5.240327982e-14
5.619757131e-14
6.276851607e-14
5.391433892e-14
5.002678144e-14
5.345610637e-14
5.595407404e-14
5.120819745e-14
5.022489929e-14
5.109433561e-14
5.495308831e-14
5.004923759e-14
5.330610871e-14
5.237070936e-14
6.255090321e-14
6.439981358e-14
6.540420417e-14
5.776981572e-14
5.757559258e-14
6.510925069e-14
5.690292365e-14
6.220289739e-14
5.046509422e-14
6.423465157e-14
5.213144034e-14
5.122789444e-14
5.225304645e-14
5.05553461e-14
4.796230249e-14
5.697996772e-14
6.206143695e-14
5.618959074e-14
6.071769156e-14
5.531002373e-14
6.266023789e-14
5.671602343e-14
5.329140513e-14
5.500930451e-14
5.948042358e-14
6.046450742e-14
5.326498109e-14
6.008375084e-14
5.942521882e-14
5.846324502e-14
4.982354075e-14
4.900033959e-14
5.706614263e-14
5.18341728e-14
5.291416404e-14
5.760918277e-14
5.567602282e-14
5.639674313e-14
6.312981814e-14
6.093741537e-14
5.526048709e-14
5.789578522e-14
6.557180103e-14
5.79946611e-14
5.169938382e-14
5.487789966e-14
5.65442715e-14
5.250962453e-14
5.514554253e-14
5.71301584e-14
5.88700942e-14
6.265087009e-14
4.83969295e-14
5.54977951e-14
4.799192366e-14
5.232345469e-14
5.081774034e-14
5.40582221e-14
6.291407771e-14
5.588491478e-14
6.331902744e-14
5.852202416e-14
5.523292085e-14
5.861043969e-14
5.382723079e-14
5.613749605e-14
7.365481946e-14
5.449695759e-14
5.367545825e-14
5.539991749e-14
5.368573872e-14
5.50103012e-14
5.912980169e-14
6.192146498e-14
5.977087847e-14
5.554435051e-14
5.449779249e-14
7.862924576e-14
5.230969474e-14
5.522289064e-14
4.953674236e-14
5.188683835e-14
5.193666584e-14
6.085635902e-14
5.243542123e-14
5.521995619e-14
6.565968773e-14
5.400186461e-14
5.306210569e-14
5.60349734e-14
4.953635639e-14
5.805790409e-14
5.905889313e-14
5.700107948e-14
5.274847844e-14
5.577897393e-14
6.623532466e-14
5.487528487e-14
5.112607705e-14
5.440738314e-14
5.333274532e-14
5.174900809e-14
5.971587615e-14
5.751267959e-14
5.39750161e-14
5.774456678e-14
6.16429263e-14
5.557590061e-14
5.734101744e-14
5.647303999e-14
5.55590272e-14
5.632355943e-14
5.390737419e-14
6.760936942e-14
5.618486618e-14
5.389040876e-14
5.292466032e-14
5.46754581e-14
5.315590882e-14
5.521808972e-14
5.889750405e-14
4.803649599e-14
4.900689956e-14
4.927432525e-14
5.341952689e-14
5.813755543e-14
6.005377771e-14
5.711902e-14
5.660547656e-14
6.252481231e-14
5.567117762e-14
6.995390885e-14
5.340225928e-14
6.206539989e-14
5.137497384e-14
7.271378078e-14
6.286200024e-14
5.431776763e-14
5.152490374e-14
5.220039401e-14
5.292198963e-14
6.84308909e-14
5.364016005e-14
5.775136648e-14
4.989847216e-14
6.906953025e-14
5.968074362e-14
5.793231808e-14
5.872457415e-14
5.937344619e-14
6.122543194e-14
5.798786473e-14
5.676637849e-14
5.517632925e-14
6.522487758e-14
6.016982405e-14
5.665413973e-14
5.928211811e-14
5.431085193e-14
5.316222229e-14
5.550455731e-14
6.98008561e-14
6.135792081e-14
7.504581909e-14
6.446663978e-14
5.916784457e-14
5.601401542e-14
5.552611198e-14
5.68258998e-14
5.401913356e-14
5.93035367e-14
6.194386454e-14
6.027870708e-14
5.668440324e-14
6.375600134e-14
5.619725249e-14
5.11669761e-14
5.632831637e-14
5.608668169e-14
5.243513693e-14
5.511139689e-14
5.223702072e-14
5.85174431e-14
5.644834402e-14
6.038643112e-14
5.594907427e-14
5.468317945e-14
6.597342963e-14
6.460017606e-14
4.966336046e-14
6.67734994e-14
5.574541614e-14
5.710528786e-14
5.787735215e-14
6.332999303e-14
6.215115846e-14
5.680172956e-14
6.201650384e-14
5.86869741e-14
5.627224398e-14
5.565008372e-14
6.103875288e-14
5.924386472e-14
5.74450071e-14
5.541799437e-14
6.252173336e-14
6.050659852e-14
5.906689763e-14
6.128110659e-14
5.161821655e-14
6.214676397e-14
5.502051983e-14
6.737409928e-14
5.447642492e-14
5.631189629e-14
5.517815589e-14
5.444574052e-14
5.813504187e-14
5.522609977e-14
6.372071e-14
6.280471923e-14
6.062987328e-14
6.603483256e-14
5.743821339e-14
5.422682633e-14
5.647564963e-14
5.616365658e-14
5.841994448e-14
7.514694659e-14
5.557774425e-14
5.832132086e-14
6.067272773e-14
6.128048738e-14
5.783057286e-14
5.595541174e-14
6.01760627e-14
6.483676884e-14
5.556821352e-14
5.646802721e-14
5.664815147e-14
5.915713178e-14
5.982720888e-14
5.669200135e-14
5.932482587e-14
6.008408819e-14
6.384140778e-14
5.525466534e-14
5.75468244e-14
6.074648533e-14
5.532692935e-14
5.631064572e-14
6.518596969e-14
6.715579651e-14
5.795485145e-14
5.679140757e-14
5.573322378e-14
6.477091391e-14
6.076855165e-14
5.751054314e-14
6.066251436e-14
5.607900601e-14
6.784611104e-14
5.638336446e-14
5.629340275e-14
5.668542493e-14
6.737288942e-14
6.031065818e-14
5.73164166e-14
7.19423545e-14
6.086743649e-14
5.773522066e-14
6.097218185e-14
6.084910704e-14
5.825746479e-14
5.534115467e-14
5.858750908e-14
5.779746608e-14
6.07355031e-14
6.037446832e-14
6.020238569e-14
5.552866215e-14
6.168432715e-14
6.015356702e-14
5.622736617e-14
5.878858417e-14
5.208822408e-14
5.448207768e-14
5.864396014e-14
6.414625726e-14
6.041617008e-14
5.478614516e-14
6.074587841e-14
5.76637239e-14
5.753765376e-14
5.313597608e-14
6.264110225e-14
6.344459406e-14
5.442168164e-14
5.733804292e-14
5.818134537e-14
5.340676894e-14
6.041178059e-14
5.306581263e-14
6.226115755e-14
6.671308233e-14
5.792578274e-14
5.938311355e-14
6.258950119e-14
5.746691249e-14
6.044836328e-14
5.942351674e-14
5.787731926e-14
5.94417207e-14
5.52987698e-14
5.608352666e-14
6.041611555e-14
5.430163864e-14
5.683271019e-14
6.105583471e-14
6.668504311e-14
6.499175188e-14
7.146508144e-14
6.119820282e-14
6.805387063e-14
6.608151858e-14
5.809838515e-14
6.32540465e-14
6.08273077e-14
6.729985755e-14
5.602369638e-14
6.100306089e-14
5.505669915e-14
5.98695822e-14
6.363695194e-14
5.553120428e-14
6.059871434e-14
5.827123576e-14
5.607501512e-14
5.395393975e-14
5.677601971e-14
5.776499145e-14
6.400580877e-14
6.466898028e-14
6.067839268e-14
6.191901393e-14
5.466073728e-14
5.737340158e-14
6.168495937e-14
5.155103048e-14
5.738731533e-14
5.86327053e-14
7.314932097e-14
6.05865017e-14
6.11310134e-14
5.31452508e-14
5.530443923e-14
5.651598031e-14
6.562038051e-14
6.261611908e-14
5.97640299e-14
6.31647331e-14
5.635071071e-14
6.063736019e-14
6.198856926e-14
5.689560256e-14
7.134426741e-14
5.755262895e-14
6.18250352e-14
5.995012931e-14
6.82022876e-14
6.962909843e-14
6.42934861e-14
6.069145912e-14
5.506867308e-14
6.312362107e-14
6.005943767e-14
5.741703943e-14
5.69293302e-14
6.575537483e-14
6.111095644e-14
6.233485067e-14
6.205992955e-14
5.543394653e-14
6.514546442e-14
6.006433698e-14
6.429696773e-14
5.743482495e-14
5.73444007e-14
6.44891365e-14
6.015892808e-14
5.942236236e-14
6.453627477e-14
6.029750926e-14
5.653760952e-14
6.119418815e-14
5.880590067e-14
5.951679514e-14
6.277936525e-14
6.600595579e-14
5.913232236e-14
6.547356734e-14
5.850311962e-14
5.776866392e-14
6.052064903e-14
5.948702574e-14
6.754810671e-14
6.154977364e-14
6.465637006e-14
6.19931633e-14
7.68680368e-14
5.949660138e-14
6.408496746e-14
6.16324671e-14
5.923672102e-14
6.761078742e-14
7.717885591e-14
6.054366438e-14
7.347602743e-14
5.947824543e-14
6.680405768e-14
6.340457683e-14
6.089434863e-14
7.150036757e-14
6.34591441e-14
5.952036593e-14
5.984867978e-14
5.997601781e-14
6.576042309e-14
6.561146405e-14
5.663788249e-14
6.128421716e-14
6.541047106e-14
6.500555899e-14
6.067366436e-14
6.221385364e-14
5.806278591e-14
6.391426237e-14
6.079368861e-14
6.657358453e-14
5.750465733e-14
6.610838842e-14
6.109461487e-14
6.55008812e-14
5.800951921e-14
8.019387048e-14
6.621148131e-14
5.958635001e-14
6.400573765e-14
5.957357264e-14
7.216949665e-14
6.097857948e-14
6.576246663e-14
6.356587269e-14
6.428156569e-14
7.115075727e-14
5.951124321e-14
6.236764983e-14
5.894666423e-14
6.053003726e-14
6.612805815e-14
6.336231747e-14
6.359594042e-14
5.74556463e-14
6.405942527e-14
5.732933371e-14
6.052702038e-14
6.246769405e-14
6.797562062e-14
6.206972054e-14
6.395581046e-14
6.332701138e-14
6.128465113e-14
7.419850368e-14
6.578202105e-14
5.840824e-14
6.891142609e-14
6.019338773e-14
6.039262312e-14
6.39128819e-14
6.071967866e-14
6.655936765e-14
7.257282664e-14
5.966471589e-14
6.319188219e-14
6.296340379e-14
6.288576809e-14
5.891314339e-14
6.769567308e-14
6.209346766e-14
5.798494759e-14
6.041449595e-14
6.300328874e-14
5.877118513e-14
6.22961725e-14
6.383657501e-14
6.642695687e-14
6.222141713e-14
5.911683672e-14
5.863002146e-14
6.372646525e-14
6.421295116e-14
7.371468733e-14
5.748157321e-14
6.300160283e-14
6.419080138e-14
6.389595741e-14
6.079873803e-14
6.2642437e-14
5.967655267e-14
6.00392275e-14
6.094269525e-14
6.622675491e-14
6.070565152e-14
6.698309887e-14
6.29610046e-14
6.274423105e-14
6.97328885e-14
6.612232093e-14
5.914419153e-14
6.595143434e-14
6.850248314e-14
6.711635815e-14
6.108637752e-14
6.862175216e-14
6.662618164e-14
6.679329566e-14
6.772070049e-14
6.606262431e-14
6.714946592e-14
6.700109233e-14
8.216150614e-14
6.278651221e-14
6.535341854e-14
6.426055754e-14
6.175515716e-14
6.470706447e-14
6.929091086e-14
6.870976197e-14
6.083628302e-14
6.273244499e-14
6.120285368e-14
7.195427544e-14
6.678831772e-14
6.13802344e-14
7.473802936e-14
6.245027553e-14
7.011692512e-14
6.403419787e-14
6.818576598e-14
6.208756058e-14
6.806692216e-14
6.275094565e-14
6.392450582e-14
6.700912922e-14
6.276123294e-14
6.08315389e-14
6.521595982e-14
6.260750295e-14
6.417655764e-14
6.776273434e-14
6.280756522e-14
8.79955937e-14
6.336903249e-14
6.389922656e-14
6.750235658e-14
7.660775524e-14
7.037825441e-14
6.561142245e-14
7.080708024e-14
6.338910671e-14
6.580804792e-14
6.845907082e-14
6.405013185e-14
6.97148192e-14
6.654246595e-14
6.668710834e-14
6.321610795e-14
6.386426467e-14
7.731069406e-14
6.785131609e-14
6.649088201e-14
6.822348374e-14
7.156409731e-14
6.969828518e-14
6.50748964e-14
6.410771258e-14
6.518312743e-14
6.225947246e-14
6.936012207e-14
7.333484888e-14
6.840212185e-14
6.736320925e-14
6.877796623e-14
6.693179858e-14
6.853440667e-14
7.012840192e-14
6.478850886e-14
7.502278259e-14
6.834574118e-14
6.622340076e-14
6.848923683e-14
7.178202899e-14
7.097400733e-14
6.302222854e-14
7.459655872e-14
6.114029947e-14
7.518299301e-14
6.614704429e-14
6.164506964e-14
6.716825067e-14
7.165608783e-14
6.918579464e-14
6.375572272e-14
6.872697522e-14
6.580344588e-14
6.827719599e-14
6.886662424e-14
6.764758087e-14
7.045688502e-14
6.36921905e-14
6.204653307e-14
7.016026265e-14
6.519701406e-14
6.434525921e-14
6.330313535e-14
6.803327191e-14
6.706066267e-14
6.321058406e-14
7.266023679e-14
6.974260574e-14
6.365408737e-14
6.607757067e-14
6.356469966e-14
6.541337558e-14
7.040567195e-14
6.772741206e-14
7.36545725e-14
6.956604791e-14
6.608835082e-14
6.918505129e-14
7.205263025e-14
6.954861217e-14
7.672413564e-14
7.337565743e-14
6.823526172e-14
7.148484337e-14
6.973504138e-14
7.591348908e-14
7.220664246e-14
7.553975989e-14
6.65710677e-14
7.222516723e-14
7.476605314e-14
7.124839178e-14
6.253273828e-14
6.267525008e-14
6.935313658e-14
8.069779495e-14
7.288044395e-14
6.981909635e-14
7.271875207e-14
6.629788254e-14
7.383251384e-14
7.110750667e-14
7.103402353e-14
6.991502845e-14
6.63712655e-14
6.761176414e-14
7.218678012e-14
6.724898803e-14
7.153980643e-14
8.046426507e-14
6.787324488e-14
7.161830969e-14
6.679275295e-14
7.004088328e-14
7.031454796e-14
7.776653979e-14
7.147407731e-14
7.201760769e-14
7.359736423e-14
7.170596985e-14
7.846528757e-14
6.845811059e-14
7.287979766e-14
8.046479598e-14
7.003342499e-14
8.093034765e-14
7.018847277e-14
7.47738056e-14
7.005172537e-14
7.570507792e-14
7.117208143e-14
6.874408729e-14
7.704989124e-14
7.195436432e-14
7.614515318e-14
7.110523084e-14
7.317146919e-14
6.976407547e-14
7.572780679e-14
6.757386893e-14
7.354000197e-14
7.543650636e-14
7.596218153e-14
6.928243321e-14
7.010843706e-14
6.890070973e-14
7.5515458e-14
6.963263668e-14
6.638959013e-14
6.995568772e-14
6.730346124e-14
6.685140497e-14
7.180881024e-14
7.202703406e-14
7.069726337e-14
6.812880289e-14
7.721041669e-14
8.669667842e-14
7.669068605e-14
7.170476213e-14
7.216388107e-14
6.970845583e-14
7.720328528e-14
7.432408507e-14
7.176103884e-14
7.718652079e-14
6.739354382e-14
7.123245803e-14
6.982382701e-14
7.192374204e-14
7.04714953e-14
7.76558497e-14
7.780668878e-14
7.257735567e-14
7.427948232e-14
7.268215293e-14
7.75062649e-14
7.796455002e-14
7.441913986e-14
7.882415149e-14
7.161868097e-14
7.670080241e-14
8.359953434e-14
7.304986062e-14
6.806078406e-14
7.496103142e-14
7.396030941e-14
7.062178531e-14
7.236070265e-14
7.391422326e-14
7.258580938e-14
7.404690661e-14
7.256847718e-14
7.506689934e-14
7.439897465e-14
7.762487835e-14
7.108246944e-14
6.838540355e-14
7.03098402e-14
7.877929923e-14
7.766446126e-14
7.825724555e-14
7.914916094e-14
7.301290526e-14
7.342527936e-14
7.232546004e-14
7.665213966e-14
7.354977421e-14
7.844661937e-14
7.209013165e-14
7.397386416e-14
7.584196912e-14
7.829693396e-14
7.563338965e-14
7.938692922e-14
8.564359965e-14
7.583352715e-14
7.513516219e-14
7.487930834e-14
8.091057268e-14
8.248639437e-14
7.682544402e-14
7.173955182e-14
7.436879502e-14
7.481079661e-14
7.792713739e-14
7.603847901e-14
7.474428894e-14
7.239038906e-14
7.678539939e-14
7.852547784e-14
7.856657135e-14
7.096207905e-14
7.886459683e-14
8.433539173e-14
7.513955987e-14
7.927664325e-14
8.680239982e-14
8.174875674e-14
8.069897688e-14
8.070238902e-14
7.495868396e-14
7.94637353e-14
7.474488747e-14
7.043693256e-14
7.752754356e-14
7.401459993e-14
7.505145707e-14
7.358510926e-14
7.585587133e-14
7.409188263e-14
8.018074108e-14
7.860692057e-14
7.939595702e-14
7.958033874e-14
7.982934258e-14
7.818864189e-14
8.345656939e-14
7.690826634e-14
8.36141748e-14
8.148289445e-14
8.181097967e-14
8.089859539e-14
7.543956162e-14
8.403087956e-14
7.649213479e-14
7.8478464e-14
8.191641707e-14
8.058269501e-14
8.33505589e-14
7.747552873e-14
8.055488237e-14
8.419197278e-14
8.236693613e-14
7.920582878e-14
7.787022069e-14
7.639021206e-14
7.665591727e-14
8.113269919e-14
7.848163194e-14
8.921703465e-14
7.785329598e-14
9.214011455e-14
8.05501759e-14
8.208868721e-14
8.41560707e-14
8.058325718e-14
8.011162607e-14
7.716388266e-14
8.44577848e-14
9.173763188e-14
8.457850491e-14
8.186547279e-14
8.332155381e-14
8.625331594e-14
8.949022742e-14
7.724367603e-14
7.914132278e-14
8.331053034e-14
7.863434459e-14
8.309713603e-14
7.885671997e-14
7.840092983e-14
8.252782324e-14
8.517458374e-14
8.427387218e-14
8.498012393e-14
9.441049527e-14
8.517189583e-14
9.075423765e-14
8.791759311e-14
8.895344801e-14
8.665952609e-14
8.487127835e-14
8.442212842e-14
8.772822734e-14
7.871167453e-14
8.121661863e-14
8.911605526e-14
7.972755743e-14
8.520168697e-14
8.353616995e-14
8.19117642e-14
7.858647728e-14
8.616824563e-14
8.587132153e-14
8.499024041e-14
8.812958903e-14
8.46319365e-14
8.429246998e-14
8.440036483e-14
8.299272882e-14
8.255875936e-14
8.943827882e-14
9.975020239e-14
8.375433567e-14
8.700305979e-14
8.244845289e-14
8.159703803e-14
8.506598919e-14
9.187693902e-14
9.140826876e-14
8.734251287e-14
9.511107087e-14
8.7722304e-14
8.448908392e-14
8.679480864e-14
8.361973586e-14
8.458320375e-14
8.094957888e-14
8.191719067e-14
8.267929041e-14
8.367419772e-14
8.405790337e-14
8.292999686e-14
9.955632817e-14
9.01988659e-14
9.180312127e-14
9.203712531e-14
8.773634857e-14
9.047763785e-14
8.723029975e-14
8.893521758e-14
9.030844152e-14
8.899276161e-14
9.700567551e-14
8.194588069e-14
8.99676639e-14
8.845740772e-14
8.643395165e-14
8.58602985e-14
8.712846823e-14
8.740230631e-14
8.552869752e-14
9.011140787e-14
8.890566203e-14
8.368999295e-14
8.728415981e-14
8.904158522e-14
8.787953754e-14
9.411241783e-14
8.488243165e-14
9.15340386e-14
9.18735482e-14
9.185112249e-14
9.299504484e-14
8.750144675e-14
9.144584398e-14
9.291898875e-14
8.967113158e-14
8.474807667e-14
9.678831411e-14
9.249729531e-14
9.433775912e-14
9.043739718e-14
8.915585143e-14
8.800236934e-14
8.827092193e-14
8.942648617e-14
8.833965486e-14
9.099721194e-14
8.386044818e-14
9.146198623e-14
9.271985619e-14
9.246095495e-14
9.519590634e-14
9.297455684e-14
9.022592656e-14
9.013734784e-14
9.191225453e-14
9.618033267e-14
9.447112633e-14
9.573001444e-14
9.091726941e-14
9.067356729e-14
8.800269225e-14
9.512148984e-14
9.558784452e-14
8.697420001e-14
8.733117347e-14
9.475085275e-14
9.35543355e-14
9.097947492e-14
9.386169214e-14
9.228039496e-14
9.248445688e-14
1.011766772e-13
9.479066962e-14
9.801231256e-14
9.830031728e-14
9.452430234e-14
1.002313423e-13
9.83226841e-14
1.02042278e-13
9.632554274e-14
9.299110859e-14
9.768051579e-14
9.325428099e-14
9.650514704e-14
1.006497219e-13
9.688285054e-14
9.631208698e-14
9.76637835e-14
9.671621812e-14
9.31572906e-14
9.462466618e-14
9.519396938e-14
9.66531837e-14
1.103058612e-13
9.95507429e-14
9.674317327e-14
9.859601566e-14
9.736011755e-14
1.003023141e-13
1.017250549e-13
9.801738859e-14
1.011596342e-13
1.035218933e-13
1.020844919e-13
9.787480102e-14
1.145087623e-13
1.017210736e-13
1.020888813e-13
9.949869551e-14
1.006432067e-13
9.996193825e-14
1.0131223e-13
1.003996826e-13
9.895011479e-14
1.030111218e-13
9.626025649e-14
1.064840107e-13
1.036455136e-13
1.038211505e-13
1.006342917e-13
1.035752747e-13
1.018643261e-13
1.100197312e-13
9.872820054e-14
1.021355975e-13
1.066031931e-13
1.0633068e-13
1.09665284e-13
1.042009777e-13
1.073584856e-13
1.06385901e-13
1.125912772e-13
1.059751776e-13
1.160641531e-13
1.055818047e-13
1.04545292e-13
1.068072101e-13
1.087254124e-13
1.123070374e-13
1.0591972e-13
1.100464664e-13
1.099564809e-13
1.063577771e-13
1.048111762e-13
1.091897839e-13
1.094227914e-13
1.131556195e-13
1.100218085e-13
1.064783093e-13
1.061362193e-13
1.065144549e-13
1.186870834e-13
1.142615427e-13
1.092511226e-13
1.118488271e-13
1.094360593e-13
1.12818381e-13
1.148649701e-13
1.129155396e-13
1.136745206e-13
1.087934514e-13
1.121060586e-13
1.095258168e-13
1.099204923e-13
1.080999825e-13
1.13305159e-13
1.105675496e-13
1.062144736e-13
1.184592352e-13
1.140998118e-13
1.152467917e-13
1.139937188e-13
1.167422117e-13
1.131722364e-13
1.206196394e-13
1.201682834e-13
1.162409547e-13
1.190418351e-13
1.153503092e-13
1.278537801e-13
1.162935752e-13
1.14516145e-13
1.189380785e-13
1.210338942e-13
1.176760367e-13
1.207663767e-13
1.258029683e-13
1.175167721e-13
1.14134881e-13
1.195834413e-13
1.154190978e-13
1.170268017e-13
1.213598053e-13
1.216342468e-13
1.239356438e-13
1.223995872e-13
1.21669104e-13
1.22110358e-13
1.188347628e-13
1.212119494e-13
1.207084442e-13
1.17774131e-13
1.204316229e-13
1.308601544e-13
1.248337274e-13
1.202924352e-13
1.188561627e-13
1.205938055e-13
1.216681503e-13
1.292193004e-13
1.272535276e-13
1.3475731e-13
1.338807472e-13
1.295776378e-13
1.324788308e-13
1.292591339e-13
1.32083497e-13
1.270463206e-13
1.371049738e-13
1.35573607e-13
1.298829275e-13
1.310259463e-13
1.272550051e-13
1.33870979e-13
1.342822269e-13
1.3089294e-13
1.327233966e-13
1.303664654e-13
1.338327099e-13
1.32183045e-13
1.304980184e-13
1.314355366e-13
1.318538776e-13
1.374065924e-13
1.313948395e-13
1.343408809e-13
1.369772435e-13
1.380457865e-13
1.385260073e-13
1.376186519e-13
1.361170289e-13
1.379166168e-13
1.364824136e-13
1.426225877e-13
1.404870659e-13
1.356675438e-13
1.435627095e-13
1.457260252e-13
1.393435289e-13
1.395542625e-13
1.436076503e-13
1.496523564e-13
1.427974788e-13
1.381476565e-13
1.479986325e-13
1.432892297e-13
1.440039832e-13
1.497025508e-13
1.396864636e-13
1.618234312e-13
1.549566126e-13
1.483485845e-13
1.447752352e-13
1.536355327e-13
1.475621274e-13
1.464102084e-13
1.460131304e-13
1.483336924e-13
1.544423761e-13
1.491701416e-13
1.569390161e-13
1.529436592e-13
1.521258145e-13
1.5976374e-13
1.566969072e-13
1.56870198e-13
1.598916421e-13
1.584494365e-13
1.561017953e-13
1.607281268e-13
1.623483881e-13
1.650985866e-13
1.604751625e-13
1.645672115e-13
1.604194621e-13
1.584378622e-13
1.585653967e-13
1.629214227e-13
1.743133101e-13
1.680358382e-13
1.649320962e-13
1.721492689e-13
1.692520679e-13
1.640757497e-13
1.654476152e-13
1.669572914e-13
1.762696638e-13
1.743457275e-13
1.726710006e-13
1.72232033e-13
1.726652168e-13
1.716002143e-13
1.824150865e-13
1.728560876e-13
1.845961216e-13
1.792730273e-13
1.800214706e-13
1.77869316e-13
1.798603057e-13
1.802087291e-13
1.842011639e-13
1.804508644e-13
1.861019188e-13
1.83773864e-13
1.960339172e-13
2.030340542e-13
1.902383625e-13
1.875188282e-13
1.884420715e-13
1.946832125e-13
2.021701385e-13
2.019883869e-13
1.948551775e-13
1.965594524e-13
1.957466673e-13
1.96933822e-13
1.984981476e-13
1.998541517e-13
2.017292286e-13
1.983781012e-13
1.978378107e-13
2.009551386e-13
2.002976386e-13
2.093024855e-13
2.051302916e-13
2.222960514e-13
2.077343271e-13
2.066588322e-13
2.143119797e-13
2.095276824e-13
2.122650444e-13
2.154400876e-13
2.131881408e-13
2.145394076e-13
2.270662106e-13
2.333971303e-13
2.248510361e-13
2.253423078e-13
2.238159739e-13
2.284523521e-13
2.278668531e-13
2.350351821e-13
2.300175732e-13
2.316549262e-13
2.325283747e-13
2.346808376e-13
2.458270687e-13
2.404146891e-13
2.41370082e-13
2.427387172e-13
2.434808272e-13
2.458854469e-13
2.478232107e-13
2.469975002e-13
2.503751002e-13
2.520927239e-13
2.631361416e-13
2.527335603e-13
2.573473256e-13
2.571818559e-13
2.579331195e-13
2.661083216e-13
2.6041517e-13
2.689752499e-13
2.708993614e-13
2.689189152e-13
2.765085752e-13
2.74473405e-13
2.797174635e-13
2.798789983e-13
2.847814885e-13
2.784335112e-13
2.872954135e-13
2.954612297e-13
2.867307676e-13
2.961783941e-13
2.94498628e-13
2.907279629e-13
3.007811922e-13
3.073719473e-13
3.039093731e-13
3.096914135e-13
3.093668579e-13
3.174817283e-13
3.230715642e-13
3.171909662e-13
3.225294042e-13
3.273125992e-13
3.239416551e-13
3.246222196e-13
3.300653377e-13
3.338609384e-13
3.31856089e-13
3.422718055e-13
3.448907975e-13
3.507773883e-13
3.461010198e-13
3.480249637e-13
3.519209149e-13
3.530150528e-13
3.575471437e-13
3.607226969e-13
3.675504785e-13
3.675238236e-13
3.69187703e-13
3.734903201e-13
3.763138652e-13
3.755022767e-13
3.809967339e-13
3.831944587e-13
3.89561786e-13
3.869227151e-13
3.982648727e-13
3.90141678e-13
3.983900614e-13
4.047772948e-13
4.05731779e-13
4.089761979e-13
4.137139769e-13
4.187083948e-13
4.19173221e-13
4.206647875e-13
4.233479849e-13
4.214162367e-13
4.217800155e-13
4.312542044e-13
4.368956028e-13
4.335983026e-13
4.333685965e-13
4.339880166e-13
4.383669572e-13
4.383372519e-13
4.510478661e-13
4.505935187e-13
4.532026605e-13
4.45273461e-13
4.502931652e-13
4.535233734e-13
4.557315812e-13
4.646965616e-13
4.628574634e-13
4.524453573e-13
4.573034745e-13
4.649005838e-13
4.543381321e-13
4.653775172e-13
4.61076343e-13
4.655374187e-13
4.549801626e-13
4.580804713e-13
4.606173647e-13
4.571223994e-13
4.597518488e-13
4.57624725e-13
4.545491851e-13
4.612159661e-13
4.559401697e-13
4.512684157e-13
4.466734933e-13
4.54444994e-13
4.515154991e-13
4.424658945e-13
4.512078365e-13
4.449255904e-13
4.367889861e-13
4.357575773e-13
4.398859936e-13
4.295893269e-13
4.211312677e-13
4.161718807e-13
4.19186912e-13
4.115629927e-13
4.065215609e-13
4.067980187e-13
3.991424017e-13
4.014071508e-13
3.894611617e-13
3.872059196e-13
3.843635486e-13
3.697956055e-13
3.778904302e-13
3.680116562e-13
3.579384566e-13
3.526061452e-13
3.407366768e-13
3.357519104e-13
3.371989615e-13
3.276244687e-13
3.214578568e-13
3.147896277e-13
3.058702259e-13
2.990639446e-13
2.902237101e-13
2.899564838e-13
2.858703347e-13
2.700506101e-13
2.68839457e-13
2.649802691e-13
2.632194448e-13
2.525496094e-13
2.450952687e-13
2.337154539e-13
2.26058387e-13
2.277137123e-13
2.233798499e-13
2.077403551e-13
2.058487136e-13
1.987459231e-13
1.914891388e-13
1.828782526e-13
1.810699322e-13
1.71419513e-13
1.658951316e-13
1.554263353e-13
1.537914885e-13
1.499569273e-13
1.417987507e-13
1.37891116e-13
1.314822751e-13
1.274094843e-13
1.19879613e-13
1.177926898e-13
1.124989334e-13
1.102507275e-13
1.011539528e-13
1.000446015e-13
9.421302585e-14
9.115872293e-14
8.518691753e-14
8.086479996e-14
7.602115633e-14
7.366074186e-14
7.067630466e-14
6.765471979e-14
6.290996954e-14
6.330814255e-14
5.750694832e-14
5.357991413e-14
5.161221542e-14
4.890561156e-14
4.307826424e-14
4.3347801e-14
3.948557645e-14
3.992749818e-14
3.54823614e-14
3.45311623e-14
3.21540188e-14
2.97719141e-14
2.908642874e-14
2.648143744e-14
2.502573386e-14
2.253658168e-14
2.109368792e-14
2.004611414e-14
1.995577402e-14
1.722478191e-14
1.606444422e-14
1.613944226e-14
1.453652154e-14
1.469835384e-14
1.157482321e-14
1.117060073e-14
1.190311938e-14
9.41407855e-15
9.126376169e-15
8.410381348e-15
7.188855765e-15
6.842698532e-15
6.86697137e-15
6.28904493e-15
5.19800474e-15
6.130399848e-15
5.085498796e-15
4.575733029e-15
3.888940817e-15
3.985130553e-15
3.211982707e-15
3.237944997e-15
2.931489967e-15
2.405147803e-15
2.889328026e-15
2.905327739e-15
2.721885798e-15
3.188127385e-15
2.57737272e-15
2.39171305e-15
1.732912098e-15
1.777471143e-15
1.79460028e-15
1.539240667e-15
1.723953091e-15
3.565342921e-15
1.470449555e-15
1.636109053e-15
1.310423163e-15
1.202467428e-15
1.49754981e-15
1.002046234e-15
1.011881825e-15
8.252248235e-16
9.398700986e-16
1.147878519e-15
6.183817685e-16
2.63896102e-15
1.20978838e-15
8.304210176e-16
6.464810383e-16
4.221499444e-16
6.248134796e-16
5.4370466e-16
7.806946387e-16
5.32188875e-16
8.375677953e-16
5.075577133e-16
5.483672838e-16
8.085971333e-16
8.8396022e-16
3.351329918e-16
1.119094963e-15
4.517404083e-16
3.692656205e-16
7.035513953e-16
6.165378655e-16
6.366934341e-16
8.248405185e-16
2.411264312e-16
4.255937265e-16
3.860192174e-16
1.293001919e-16
4.469499027e-16
2.198007101e-16
3.793724721e-16
5.564024997e-16
2.709293916e-16
2.844762422e-16
5.192127417e-16
3.719751628e-16
3.498331826e-16
1.725227794e-16
1.694563847e-16
2.78549963e-16
5.0760474e-16
3.139758711e-16
3.762484507e-16
4.415712383e-16
4.648983397e-16
5.214749267e-16
4.256980439e-16
8.366684346e-16
3.583223585e-16
1.07645134e-15
6.930471472e-16
3.35858757e-16
4.565572186e-16
7.823053387e-16
8.035926967e-16
3.2123505e-16
2.937371294e-16
3.790352656e-16
6.113823431e-16
2.471105032e-16
4.505268735e-16
3.203342999e-16
2.334286215e-16
2.74244624e-16
6.477697352e-16
3.813701953e-16
3.397086028e-16
2.034656192e-16
5.413896599e-16
2.408748197e-16
4.965968577e-16
2.72212749e-16
3.998827841e-16
4.294162687e-16
3.418183552e-16
3.857163779e-16
3.563078246e-16
5.23369442e-16
2.720457515e-16
3.924447331e-16
4.369939953e-16
1.503423897e-15
5.60200199e-16
4.691715004e-16
2.280526354e-15
3.245060037e-16
4.149906373e-16
5.510552511e-16
9.230346201e-16
2.625292837e-16
2.676077763e-16
4.922121354e-16
8.579699813e-16
8.746317851e-16
5.138619804e-16
2.525628333e-16
5.171035142e-16
8.112696725e-16
8.543801566e-16
1.225884667e-15
2.423788572e-15
5.681805773e-16
1.020908871e-15
2.813873917e-16
2.860532163e-16
3.477393566e-16
3.018673803e-16
4.593147136e-16
6.769756998e-16
4.504767995e-16
3.476449158e-16
5.204975819e-16
4.81737803e-16
3.874654097e-15
3.669252974e-16
3.233024738e-16
1.970630496e-16
3.899868197e-16
9.123379005e-16
1.813082835e-16
2.680768413e-16
2.649491425e-16
2.227953525e-16
2.290947769e-16
3.513035401e-16
3.522724884e-16
2.576007314e-16
3.028677955e-16
3.343072668e-16
4.262448569e-16
2.817995582e-16
6.700685314e-16
2.806508345e-16
3.908196465e-16
8.204214337e-16
5.198983653e-16
2.001199119e-16
6.333849506e-16
2.381830063e-16
1.798893926e-16
2.730342368e-16
2.826837199e-16
5.080582035e-16
9.18302671e-16
3.848130853e-16
1.381691495e-15
4.825209423e-16
2.552515988e-16
1.26824461e-16
3.315126726e-16
3.273452628e-16
2.054086272e-16
4.197200748e-16
1.320224597e-15
3.069464285e-16
3.285318612e-16
4.765991963e-16
4.068352386e-16
2.520421694e-16
1.149342515e-15
2.379211869e-16
2.320574455e-16
2.138861664e-15
5.125019797e-16
5.116468414e-16
1.119892197e-15
3.612814512e-16
2.438628385e-16
7.654880266e-16
8.213370259e-16
3.884420472e-16
3.054159736e-16
3.34579443e-16
1.138609036e-15
4.307727241e-16
3.941810503e-16
3.69229135e-16
2.660767763e-16
3.074814948e-16
1.780470075e-16
1.924583559e-16
4.386033599e-16
2.217985152e-16
1.464683473e-15
3.795415989e-16
2.737318362e-16
4.966323932e-16
2.768605421e-16
6.871128373e-16
3.036820031e-16
3.12874612e-16
9.900108228e-16
5.656246852e-16
4.768970001e-16
4.895390465e-16
4.4819815e-16
2.799323206e-16
1.8629459e-16
2.899858977e-16
3.822173004e-16
3.111354247e-16
3.639129906e-16
4.162106306e-16
2.26487621e-16
1.736507127e-16
1.179858042e-16
9.884291428e-17
3.429451274e-16
6.195260182e-16
1.043465176e-16
2.977542704e-16
3.584279192e-16
2.66833398e-16
2.110316608e-16
3.404974849e-16
1.637608472e-16
2.908769648e-16
5.472691487e-15
3.13961027e-16
2.503501159e-16
1.192795788e-16
1.609854e-16
4.175922844e-16
1.739763312e-16
1.750185199e-16
1.572698236e-16
2.067953704e-16
2.107170445e-16
3.473951312e-16
1.927375073e-16
4.276519313e-16
3.755585121e-16
3.676785539e-16
1.923547443e-16
1.304041879e-16
3.544647983e-16
2.75792275e-16
1.057972784e-15
4.313940773e-16
4.32306922e-16
2.655794962e-16
1.384154232e-16
2.221267902e-16
2.132040112e-16
1.950409978e-16
1.82956898e-16
2.493593877e-16
2.567796263e-16
8.191309063e-16
4.492007131e-16
2.691240848e-16
2.800644423e-16
5.781519728e-16
2.288811012e-16
2.59959798e-16
3.344298951e-16
2.064880775e-16
1.80528273e-16
2.205825675e-16
5.776172821e-16
1.881179574e-16
2.26397447e-16
4.050092565e-16
2.347522672e-16
2.939186895e-16
6.819395216e-16
9.001763546e-16
5.719789598e-16
9.69573915e-16
3.278681764e-16
3.587780553e-16
4.652229993e-16
1.902756412e-16
5.841322421e-16
5.236386895e-16
3.054078264e-16
1.089772254e-16
5.429310868e-16
9.870000841e-17
4.180421933e-16
1.293800772e-16
2.865267873e-16
1.65083201e-16
4.115472842e-16
4.960589165e-16
3.767665252e-16
6.117295528e-16
4.364682553e-16
6.91334197e-16
2.753017583e-16
1.128121655e-16
1.71470191e-16
4.612513489e-16
4.370792364e-16
5.060335921e-16
1.135752951e-15
3.078506893e-15
4.088782695e-16
1.999060852e-15
4.648494296e-16
3.51847316e-16
2.518277296e-16
3.291476464e-16
5.999153856e-16
6.936769005e-16
5.045928276e-16
6.266052236e-16
2.671665952e-16
3.679677476e-16
4.255855403e-16
3.765069154e-16
4.020751783e-16
4.35697666e-16
2.981779828e-16
2.552944011e-16
4.593947691e-16
5.400280438e-16
4.386638965e-16
2.603913405e-16
3.490997713e-16
3.233793946e-16
4.405363408e-16
2.787902817e-16
5.632847327e-16
3.057386436e-16
1.976575005e-16
3.616315812e-16
4.566478274e-16
3.973889417e-16
2.703620678e-16
3.254844576e-16
5.029174293e-16
2.449055522e-16
3.578803742e-16
2.63771604e-16
2.545753179e-16
2.555293779e-16
3.252094569e-16
1.988993319e-16
1.809122779e-16
3.256712968e-16
1.915244185e-16
5.132575783e-16
4.506357708e-16
1.086413446e-15
4.787689735e-16
2.293069814e-16
2.854769715e-16
1.99319011e-16
3.131062962e-16
6.42527368e-16
4.253812702e-16
1.559958713e-16
4.964016238e-16
2.120549165e-16
3.025181095e-16
3.169897381e-16
3.855175134e-16
1.840992433e-16
1.544708206e-16
4.217518153e-16
5.334210426e-16
4.224708172e-16
1.473309011e-16
1.520288853e-16
2.061940905e-16
1.533652863e-15
1.347770235e-16
3.446193028e-16
1.770920533e-16
1.037925329e-16
1.533303717e-16
7.046310077e-17
6.021132462e-16
1.05577428e-15
7.541076817e-16
4.832081538e-16
1.239986273e-15
1.48890622e-16
1.29276586e-16
3.256777491e-16
1.847546131e-16
2.025358485e-16
6.163733529e-17
2.979684364e-16
2.010371602e-15
9.080108629e-17
2.938982844e-16
1.557446552e-16
1.800895541e-16
3.392386523e-16
3.734974352e-16
1.842489756e-16
1.45760708e-16
1.665151752e-16
1.549894114e-16
5.797829894e-17
2.311507775e-16
1.683700157e-16
3.834565624e-16
5.37096177e-16
3.026665299e-16
2.129519648e-16
1.611227327e-16
2.461019215e-16
1.895001333e-16
3.242217262e-16
3.226060671e-16
6.39523829e-16
3.48796092e-16
3.010683789e-16
2.043729227e-16
4.329031609e-16
1.870980474e-16
1.275668576e-16
1.965505742e-16
2.251724846e-16
4.844390804e-16
4.46613359e-16
2.783919716e-16
2.360218018e-16
8.472798803e-17
2.753608583e-16
2.905782554e-16
1.844259628e-16
9.389480624e-17
1.825244455e-16
2.65230546e-16
1.869385612e-16
1.786615902e-16
1.112897128e-16
3.6894216e-16
2.173146078e-16
9.75358774e-17
1.623748973e-16
1.088745064e-15
4.592288134e-16
4.978265061e-16
2.090004542e-16
2.72245275e-16
1.493545232e-16
1.625591284e-16
3.131184379e-15
1.667730344e-16
2.751714663e-16
2.054654281e-16
3.00446767e-16
1.226965408e-16
3.845338172e-16
2.556097374e-15
1.32686904e-16
1.821320853e-16
5.662977232e-16
2.386968268e-16
1.499777774e-16
1.858947398e-16
8.561083721e-17
1.255744095e-16
7.123599665e-16
2.293187923e-16
2.023348549e-16
1.887055036e-16
1.288336167e-16
1.591124429e-16
2.931384525e-16
9.509902416e-17
2.163230545e-16
3.857505166e-16
3.919049135e-16
3.275957361e-16
2.384426988e-16
3.954426242e-16
1.939736738e-16
4.452124382e-16
2.203228398e-16
1.451327144e-16
1.213678156e-16
1.828585351e-15
3.989278596e-16
2.433949574e-16
4.730959417e-16
6.666900378e-16
6.242065444e-17
1.523096711e-16
3.729520409e-16
4.930677197e-17
2.027168768e-16
1.84195774e-16
1.125788006e-16
1.421982355e-16
7.950077253e-17
1.925280326e-16
1.269163362e-16
2.509059626e-16
1.055079223e-16
2.960094392e-16
2.580936603e-16
1.897569189e-16
1.429624668e-16
1.385815165e-16
1.808106772e-16
3.597837155e-16
5.460790677e-16
2.26641374e-16
1.269254966e-16
5.841284178e-16
2.170683646e-16
1.658025405e-16
3.884146285e-16
2.149826802e-16
2.785258893e-16
1.130130623e-15
7.406232343e-17
1.696944644e-16
1.160188473e-16
3.633989128e-16
5.758302098e-17
2.262372312e-16
2.450661668e-16
2.735775925e-16
4.125503026e-16
4.673894117e-16
4.950748113e-16
2.529425906e-16
1.146667935e-16
9.983743706e-17
1.373377568e-16
6.435236596e-17
2.721238132e-16
2.003622888e-16
2.021330651e-16
2.411207622e-16
5.843359032e-16
1.333038002e-16
1.755873065e-16
9.506434253e-17
5.512678357e-17
2.105086107e-16
1.685811617e-16
3.551039946e-16
2.218759811e-16
1.516757742e-16
2.199005607e-16
2.352598978e-16
4.296058705e-16
1.741396692e-16
2.456978414e-16
3.781223998e-16
2.497573609e-16
1.765140047e-16
1.08194419e-16
2.651163091e-16
2.356246243e-16
9.194824834e-17
1.3348854e-16
1.937414237e-16
1.658433265e-16
1.11077663e-16
1.074856713e-16
5.421321266e-16
6.734319378e-17
9.540560239e-17
2.110741352e-16
5.142808299e-16
1.559611692e-15
4.553691995e-16
2.377082998e-16
2.313032164e-16
8.111511278e-17
8.557512745e-17
1.908050073e-16
8.264774338e-17
2.138774326e-16
1.911939711e-16
2.38161427e-16
1.898661423e-16
1.04111112e-16
2.51305764e-16
2.054352378e-16
2.252526658e-16
1.510895826e-16
2.558518605e-16
1.596381539e-16
1.949714207e-16
5.039347493e-17
1.356726449e-16
3.370865258e-16
2.558638212e-16
1.453007742e-16
1.590790804e-16
1.323114422e-16
2.094137698e-16
3.221097673e-16
4.940548627e-16
2.262723651e-16
7.22253994e-17
2.403875914e-16
2.703953855e-16
5.438956699e-16
2.272240275e-16
1.546224595e-16
1.135058713e-16
2.197776216e-16
6.541024558e-17
1.018073333e-16
1.010061137e-16
1.485712128e-16
5.47768926e-16
6.402600456e-17
1.821025515e-16
3.015262893e-16
1.709439617e-16
9.693808938e-17
7.209426494e-17
1.2419023e-16
1.392647777e-16
1.237874361e-16
2.464950911e-16
1.312534543e-16
1.296050916e-16
2.361556122e-16
3.617004313e-16
1.289948835e-16
4.622085836e-16
8.441698658e-17
1.402633864e-16
1.112654874e-16
2.062894619e-16
1.259257914e-16
7.982679375e-17
2.283196371e-16
2.448073946e-16
1.972651072e-16
1.440846456e-16
1.8641245e-16
2.604392561e-16
1.393202308e-16
2.561435175e-16
5.850657854e-17
3.48527603e-16
6.439537935e-17
1.116988532e-16
1.844883258e-16
1.395985385e-16
2.846639677e-16
4.921718773e-16
1.306439715e-15
2.787427014e-16
1.804003229e-16
1.593707447e-16
1.589272406e-16
7.974665003e-17
1.816982587e-16
6.210080138e-17
1.336916783e-16
1.547419807e-16
1.959520532e-16
1.534944339e-16
7.447038727e-17
2.148439246e-16
3.066293605e-16
3.001996846e-16
4.116784196e-16
1.330729615e-16
1.453678347e-16
3.843384894e-16
2.493871785e-17
5.328815725e-16
2.90238747e-16
1.764028591e-16
2.06404963e-16
5.96306073e-17
1.580821266e-16
1.036147678e-16
1.382636511e-16
1.707932499e-16
2.395198914e-16
2.830464673e-16
1.430378219e-16
1.307463737e-16
7.343167893e-17
1.108134782e-16
7.808939216e-17
4.514213777e-17
1.978238765e-16
1.556761937e-16
3.230668472e-17
1.563113471e-16
1.635614469e-16
1.202391017e-16
2.243600266e-16
1.944574196e-16
6.815265577e-16
2.076764565e-16
1.897113462e-16
1.006659777e-16
2.06617533e-16
1.026518439e-16
8.86544717e-17
8.555880101e-17
2.702137912e-17
3.708421281e-17
1.314100782e-16
3.325162561e-17
1.91965437e-16
1.078044852e-16
4.834611328e-17
1.315143311e-16
3.099937913e-17
6.268163652e-17
2.581198881e-16
2.42406207e-16
1.256568145e-16
9.888784901e-17
1.734142401e-16
8.960347879e-17
5.95143557e-17
1.549317961e-16
9.88412642e-17
8.955277481e-17
8.820800521e-17
1.027760395e-16
7.67909517e-17
1.75859819e-16
1.630512046e-15
8.370492254e-17
3.340847642e-16
5.352125324e-17
8.109928354e-17
1.421131289e-16
1.074101768e-15
9.456704247e-17
1.866514865e-16
2.353833602e-16
2.514150064e-16
1.48800483e-16
4.475379737e-16
1.754342242e-16
1.984785034e-16
1.947388046e-16
2.484872838e-16
2.274439383e-16
8.187326002e-17
2.007649095e-16
2.122742011e-16
1.5158201e-16
1.448200328e-16
5.037700244e-17
1.619607072e-16
1.379314371e-16
1.015341539e-16
6.558511801e-17
9.61832102e-17
1.727320981e-16
1.015795585e-16
2.114715778e-16
1.995771222e-16
2.178100523e-16
2.740491957e-16
2.826334441e-16
7.206910037e-17
2.217643975e-16
8.352184187e-17
1.956624178e-16
2.553955819e-16
5.020746733e-16
2.263286896e-16
1.11135473e-16
2.47747005e-16
4.880317954e-17
2.529424322e-16
1.218270973e-16
4.047957366e-16
5.318238185e-16
1.055762445e-16
1.662746827e-16
2.761841413e-16
1.706870156e-16
2.464912961e-16
1.613777722e-16
1.334946507e-16
2.313966118e-16
7.671340721e-16
1.652688728e-16
2.025293181e-16
2.000415129e-16
2.34188946e-16
2.024623275e-16
9.948511885e-17
1.625270035e-16
1.544078711e-16
2.831580958e-16
1.343433048e-16
1.961498703e-16
1.244553269e-16
2.023108369e-16
6.826722797e-17
2.134441797e-16
2.977027752e-16
1.502599203e-15
1.295289394e-16
3.072555286e-16
1.736159314e-16
4.071615183e-16
2.097745914e-16
2.741496369e-16
2.585554398e-16
1.314454334e-16
1.53209132e-16
2.760951211e-16
2.138790867e-16
1.689167083e-16
2.333229222e-16
3.222484325e-16
1.644086374e-16
3.903121658e-16
2.874448595e-16
9.049967689e-17
1.193164972e-16
2.969518959e-16
1.716491934e-16
9.772715484e-18
5.715084564e-17
1.569060729e-16
2.191647099e-16
1.542127441e-16
1.587966813e-16
1.96336205e-16
9.781204172e-16
3.549404028e-15
3.906547008e-16
3.976757912e-16
1.339745604e-15
8.182081641e-17
9.585060229e-17
2.602125769e-16
1.128757535e-16
8.646034792e-16
1.811584608e-16
1.518843225e-16
1.810344979e-16
1.258724744e-16
3.36817748e-17
2.863979279e-16
2.418754247e-16
3.429667594e-17
1.458574294e-16
1.572279398e-16
1.155613246e-16
2.253236435e-16
1.660432302e-16
1.079947228e-16
5.594753459e-17
1.485627309e-16
3.383512442e-16
1.437420865e-15
1.340787049e-16
1.439331106e-16
6.546398929e-16
3.480447218e-16
1.701269122e-16
1.825966761e-16
1.622790716e-16
3.597619959e-16
4.989854929e-17
1.029439703e-16
7.757570424e-17
1.342855037e-16
8.278790875e-16
3.855008218e-17
8.021962036e-16
2.589321307e-16
7.732256137e-16
7.398119854e-17
2.579023628e-16
1.745746143e-16
2.24939287e-16
1.583834378e-16
1.166285275e-16
6.107370476e-16
1.433017937e-16
1.09431161e-16
1.321956445e-16
8.745571281e-17
4.53434159e-17
2.150371091e-16
1.130080503e-16
7.860322118e-17
2.098095641e-16
7.63593309e-17
1.127396331e-16
1.198372013e-16
1.491216114e-16
1.63988958e-16
1.782889991e-16
1.299141548e-15
1.465883264e-16
1.657673989e-16
3.532911691e-16
9.363389911e-17
2.662765089e-16
6.263728333e-17
1.160990732e-16
7.926126045e-17
1.377471353e-16
1.014110783e-16
3.181321007e-16
3.093874067e-16
2.240030752e-16
2.438837469e-16
1.510006072e-16
3.852834155e-16
2.286903653e-16
2.431121135e-16
5.832072053e-16
8.03856606e-17
1.324692488e-16
4.147962835e-16
2.575562588e-16
3.446768368e-17
2.25531418e-16
4.522522592e-17
1.623751412e-16
1.473641239e-16
1.752032075e-16
1.466725543e-16
1.131097282e-16
9.932941564e-17
2.509089628e-16
2.141457945e-16
6.517645346e-17
1.131579248e-17
3.050494158e-17
1.699273854e-16
3.238191553e-16
7.542277742e-17
1.4516627e-16
1.189804129e-15
1.268334071e-16
1.042594598e-16
1.653854309e-15
1.841871047e-17
1.100734726e-16
1.307916232e-16
1.819235103e-16
9.930066084e-17
8.168491825e-17
7.822204628e-16
1.461440933e-16
4.140137069e-15
1.089796163e-16
1.34483829e-16
2.157268311e-16
5.20423272e-16
1.328023523e-16
2.224103989e-16
1.917461837e-16
2.120503991e-16
2.179833011e-16
1.870925735e-16
1.308258236e-16
4.604287456e-17
1.352425743e-16
1.185352235e-16
1.581698827e-16
1.216375605e-16
2.79560486e-17
2.630848705e-16
1.604149655e-16
6.274606036e-17
1.59024153e-16
2.685403205e-16
1.2099602e-16
1.968759458e-16
1.388837844e-16
2.019687917e-16
5.621342382e-17
1.187097724e-16
1.647079496e-16
1.451728224e-16
2.482041726e-16
8.377277921e-17
7.809543812e-17
1.40259792e-16
1.415081975e-16
1.980780549e-16
1.060604763e-15
1.345556152e-16
8.591239438e-17
3.688793513e-17
8.475868322e-17
8.603708801e-17
1.145995037e-16
1.099867772e-16
1.109999695e-15
1.254763435e-16
6.699008773e-17
6.654608542e-17
7.866629465e-17
3.23740734e-16
2.322277971e-16
1.751562329e-16
1.350965917e-16
1.363325567e-16
1.162343382e-16
4.094755248e-17
6.356595049e-17
3.998963533e-17
1.065585696e-16
7.187718745e-17
3.526966913e-17
6.748102353e-17
2.665394926e-17
5.449676141e-17
2.933820849e-17
9.131643702e-17
1.11146035e-16
1.19593225e-16
4.536625571e-16
9.142839474e-17
1.03242064e-16
8.584893491e-17
3.807112538e-17
1.267547063e-16
1.097433861e-16
1.233984508e-16
7.18486816e-17
3.815277887e-17
5.441121357e-17
6.659385674e-17
7.429419026e-17
1.20825612e-16
3.996481338e-17
2.43652965e-16
9.320191419e-17
3.420385214e-16
1.392918591e-16
1.109188375e-16
1.35546629e-16
1.781516508e-16
4.427458655e-16
1.189450426e-16
3.802361975e-16
8.559226897e-16
5.4018793e-17
3.014210133e-16
5.594291422e-17
1.367377616e-16
1.68140434e-16
7.434867224e-17
3.592654241e-15
1.110060939e-16
3.002575239e-17
6.837630795e-17
1.414851534e-16
1.180159473e-16
3.44229223e-17
3.766115117e-17
5.322726978e-17
2.96546741e-16
3.99219035e-16
7.294858764e-17
5.096008768e-17
4.697356863e-17
8.028968016e-17
5.242849732e-17
8.393104748e-17
1.44647241e-16
7.09780726e-17
2.275098645e-17
2.789387107e-17
1.218879707e-16
7.78510073e-17
3.287739201e-16
2.928438943e-17
2.741572204e-17
1.891291475e-16
9.385029104e-17
2.304281167e-17
7.177413394e-17
1.204276798e-16
1.550100771e-16
2.511004924e-17
2.674977001e-17
6.518133961e-17
1.106198417e-16
1.248663479e-16
3.784816348e-16
5.151370477e-17
2.249935504e-17
1.185095346e-16
1.015034932e-16
6.471499366e-17
1.101864999e-16
1.049402416e-16
4.21907817e-17
1.010202555e-16
6.703348946e-17
1.134633731e-16
9.716195592e-18
6.332325226e-17
6.094082881e-17
1.217537912e-17
1.440406435e-16
4.652700853e-17
2.638770489e-17
3.974238869e-17
6.328720898e-17
3.739565559e-16
2.317305142e-17
5.513165357e-17
1.376365656e-16
6.199267108e-17
5.010131374e-17
1.086867267e-16
1.149164822e-15
1.543267048e-16
3.26215778e-16
4.402251728e-16
2.625342321e-17
1.0548968e-16
2.074040893e-16
1.780432681e-17
2.488884699e-16
4.459138612e-17
2.301647728e-16
1.465004683e-15
1.028578911e-16
1.287097512e-16
2.495978173e-16
1.22157513e-16
8.340787416e-17
1.493987559e-16
1.303140479e-16
2.590393622e-18
9.749380188e-17
1.240864901e-16
1.037094122e-16
8.710177109e-17
6.731593694e-17
1.505802015e-16
2.450730921e-16
4.807115575e-17
1.982072397e-17
1.014492375e-16
6.909564795e-17
1.665910338e-16
3.616995889e-17
2.189380897e-17
1.572085884e-16
2.222115978e-17
1.418331182e-16
9.141742047e-17
1.555957059e-16
7.2842296e-17
6.540319317e-17
3.44941184e-17
2.533621949e-17
1.145353786e-16
2.585700092e-17
1.142037813e-16
7.817161981e-17
5.298779599e-17
2.638844111e-17
5.587840128e-17
5.82580867e-17
8.324025608e-17
1.876094234e-16
5.03087094e-17
5.023461865e-17
9.638003053e-17
