#################################### 
# Matrix Size= (25,25,400)
# Resol      = (1,1,4000)
# VoxelSize  = (25,25,0.1)
# nbVal      = 4000
#################################### 
2.168808473e-05
2.223329326e-05
2.266721476e-05
2.267108595e-05
2.280500081e-05
2.286164173e-05
2.31905934e-05
2.297878377e-05
2.31331737e-05
2.312883808e-05
2.298502492e-05
2.329040024e-05
2.313173774e-05
2.316486667e-05
2.345903337e-05
2.30663096e-05
2.312804054e-05
2.358745916e-05
2.325931369e-05
2.336424198e-05
2.315172704e-05
2.32560313e-05
2.375402033e-05
2.32722288e-05
2.293032429e-05
2.338224051e-05
2.391522844e-05
2.330864253e-05
2.384809079e-05
2.353295312e-05
2.348564034e-05
2.348870131e-05
2.332729521e-05
2.351812281e-05
2.340742037e-05
2.344838298e-05
2.389116831e-05
2.373138825e-05
2.376191675e-05
2.384563491e-05
2.348457351e-05
2.354311724e-05
2.359717393e-05
2.335889092e-05
2.340191211e-05
2.364731581e-05
2.380762082e-05
2.386887581e-05
2.334405013e-05
2.381976282e-05
2.329278232e-05
2.358295906e-05
2.333762313e-05
2.351465599e-05
2.412347513e-05
2.378630692e-05
2.401335175e-05
2.402737604e-05
2.421160857e-05
2.371873758e-05
2.387269244e-05
2.439348073e-05
2.37522277e-05
2.352245469e-05
2.392737471e-05
2.359794801e-05
2.389807801e-05
2.391810167e-05
2.39375919e-05
2.386817923e-05
2.368233632e-05
2.379265968e-05
2.373304517e-05
2.395698655e-05
2.419092267e-05
2.407847262e-05
2.421355804e-05
2.409678277e-05
2.388431139e-05
2.415649312e-05
2.402117209e-05
2.421404692e-05
2.44094156e-05
2.415519751e-05
2.42139805e-05
2.395794328e-05
2.417571492e-05
2.39305586e-05
2.396621806e-05
2.376536994e-05
2.389815742e-05
2.433738897e-05
2.429104969e-05
2.383702805e-05
2.387952027e-05
2.429892588e-05
2.434610341e-05
2.441166165e-05
2.44845256e-05
2.400087186e-05
2.383744096e-05
2.401834662e-05
2.44833695e-05
2.428116449e-05
2.443516578e-05
2.450417996e-05
2.391328828e-05
2.425952409e-05
2.418726569e-05
2.413850924e-05
2.415928356e-05
2.427462886e-05
2.450627584e-05
2.445314363e-05
2.396406534e-05
2.441061039e-05
2.382753546e-05
2.430825931e-05
2.433046767e-05
2.420236938e-05
2.423850019e-05
2.435498895e-05
2.416044656e-05
2.444202022e-05
2.444426396e-05
2.436723649e-05
2.425407619e-05
2.448008269e-05
2.430353906e-05
2.426101727e-05
2.432434909e-05
2.443048935e-05
2.439892492e-05
2.43308452e-05
2.411304256e-05
2.423953252e-05
2.45446981e-05
2.450706848e-05
2.431903102e-05
2.474878383e-05
2.421627582e-05
2.435913416e-05
2.411511491e-05
2.454042562e-05
2.440848211e-05
2.437061465e-05
2.443365478e-05
2.449403376e-05
2.472626922e-05
2.467284356e-05
2.458739283e-05
2.437646112e-05
2.442872836e-05
2.416738485e-05
2.458352288e-05
2.473683534e-05
2.444773885e-05
2.499120498e-05
2.443163142e-05
2.458368652e-05
2.44854925e-05
2.460555348e-05
2.481114348e-05
2.466430518e-05
2.454666783e-05
2.466472629e-05
2.464149234e-05
2.48072804e-05
2.458736765e-05
2.470819819e-05
2.452954137e-05
2.485595939e-05
2.473508617e-05
2.442712034e-05
2.45068581e-05
2.426443529e-05
2.454832001e-05
2.445032407e-05
2.444951068e-05
2.469721912e-05
2.45863678e-05
2.46381319e-05
2.457507265e-05
2.454072351e-05
2.446123055e-05
2.45171195e-05
2.475530616e-05
2.473951065e-05
2.452914478e-05
2.465463603e-05
2.460028869e-05
2.534478954e-05
2.455429322e-05
2.451945876e-05
2.46965983e-05
2.474032333e-05
2.454602294e-05
2.467197701e-05
2.50228799e-05
2.460501739e-05
2.463808492e-05
2.501915134e-05
2.511563677e-05
2.50173715e-05
2.493559295e-05
2.506218798e-05
2.517061207e-05
2.500237271e-05
2.492405627e-05
2.499034644e-05
2.500095015e-05
2.513499419e-05
2.475904618e-05
2.496505837e-05
2.516095724e-05
2.499068505e-05
2.508842541e-05
2.49765743e-05
2.517296191e-05
2.521413203e-05
2.488512701e-05
2.478254302e-05
2.508473614e-05
2.518086616e-05
2.493344381e-05
2.481786972e-05
2.500427532e-05
2.465132996e-05
2.488030324e-05
2.508900056e-05
2.481770484e-05
2.470751594e-05
2.504060983e-05
2.451724608e-05
2.505932178e-05
2.494117906e-05
2.47906729e-05
2.491577145e-05
2.49777482e-05
2.500527064e-05
2.505790049e-05
2.500279517e-05
2.473688924e-05
2.510408185e-05
2.508807263e-05
2.524953172e-05
2.468520621e-05
2.478262749e-05
2.512442355e-05
2.521501689e-05
2.50445323e-05
2.484716931e-05
2.471332144e-05
2.521914785e-05
2.492350076e-05
2.507461802e-05
2.504532992e-05
2.511936171e-05
2.487949756e-05
2.502641647e-05
2.518178866e-05
2.521890179e-05
2.526159966e-05
2.485506397e-05
2.487685824e-05
2.526748935e-05
2.528560712e-05
2.548319631e-05
2.512132634e-05
2.514543991e-05
2.529423734e-05
2.50026174e-05
2.487853643e-05
2.537573994e-05
2.520371836e-05
2.547638641e-05
2.499899364e-05
2.497976297e-05
2.528734835e-05
2.52545385e-05
2.530674185e-05
2.499343872e-05
2.541996885e-05
2.511054413e-05
2.54030944e-05
2.514833547e-05
2.549246197e-05
2.507258365e-05
2.509938478e-05
2.522907949e-05
2.546365181e-05
2.526865955e-05
2.5247976e-05
2.514950547e-05
2.508076288e-05
2.535868296e-05
2.509680285e-05
2.51668372e-05
2.485102129e-05
2.557672027e-05
2.539898153e-05
2.52339832e-05
2.548521364e-05
2.578486137e-05
2.522132036e-05
2.538394802e-05
2.503675533e-05
2.493759489e-05
2.492177004e-05
2.537317352e-05
2.519540698e-05
2.53207682e-05
2.55140682e-05
2.506181927e-05
2.510074984e-05
2.508449978e-05
2.561426873e-05
2.530283144e-05
2.511665913e-05
2.524426341e-05
2.550990069e-05
2.572151615e-05
2.542307895e-05
2.548249152e-05
2.521227506e-05
2.533125096e-05
2.541056173e-05
2.58135076e-05
2.564551028e-05
2.5645326e-05
2.528415784e-05
2.521076496e-05
2.499932609e-05
2.524866957e-05
2.529252972e-05
2.554516962e-05
2.547035508e-05
2.52546426e-05
2.54683501e-05
2.535914601e-05
2.522417703e-05
2.534041474e-05
2.536114421e-05
2.572551407e-05
2.548168009e-05
2.56561914e-05
2.540227928e-05
2.555011037e-05
2.564388004e-05
2.561516607e-05
2.564342819e-05
2.539783581e-05
2.528420483e-05
2.574398531e-05
2.548031668e-05
2.53574073e-05
2.558960855e-05
2.518410724e-05
2.540018893e-05
2.567875082e-05
2.518710384e-05
2.533994977e-05
2.535203691e-05
2.513058552e-05
2.531877336e-05
2.582908876e-05
2.500149134e-05
2.520881827e-05
2.501006551e-05
2.553878728e-05
2.543953545e-05
2.544296342e-05
2.539522444e-05
2.550628127e-05
2.57339977e-05
2.562982204e-05
2.541991977e-05
2.552703736e-05
2.544938551e-05
2.523133591e-05
2.51925728e-05
2.526991402e-05
2.519588572e-05
2.551154055e-05
2.568315974e-05
2.57002556e-05
2.57614398e-05
2.541351733e-05
2.553227684e-05
2.523132026e-05
2.520372806e-05
2.538795137e-05
2.541936384e-05
2.557016871e-05
2.559212936e-05
2.581866228e-05
2.55652979e-05
2.558371592e-05
2.564917933e-05
2.543821995e-05
2.539776713e-05
2.556812307e-05
2.570363545e-05
2.560087343e-05
2.545172398e-05
2.526166511e-05
2.561998888e-05
2.5806816e-05
2.565314805e-05
2.532869355e-05
2.543213589e-05
2.570223091e-05
2.565833637e-05
2.575153436e-05
2.577496388e-05
2.543527111e-05
2.559890389e-05
2.612712731e-05
2.534920375e-05
2.541954882e-05
2.541524019e-05
2.551810486e-05
2.576150572e-05
2.585275343e-05
2.552893262e-05
2.5333228e-05
2.56400683e-05
2.554705045e-05
2.545323516e-05
2.569647188e-05
2.539391339e-05
2.540611795e-05
2.555377665e-05
2.577380592e-05
2.596654356e-05
2.571641039e-05
2.542363774e-05
2.555347578e-05
2.567600002e-05
2.596424037e-05
2.569398681e-05
2.5398053e-05
2.542370057e-05
2.596943186e-05
2.611346842e-05
2.551687206e-05
2.564713376e-05
2.557265966e-05
2.567162705e-05
2.588824568e-05
2.577080537e-05
2.606344229e-05
2.563398025e-05
2.583613617e-05
2.576108713e-05
2.556266894e-05
2.581589215e-05
2.547576213e-05
2.591410181e-05
2.598702452e-05
2.587327656e-05
2.568550415e-05
2.575979958e-05
2.590900196e-05
2.600266734e-05
2.620449064e-05
2.585672955e-05
2.577169161e-05
2.62978588e-05
2.568352745e-05
2.562040991e-05
2.550297513e-05
2.56940612e-05
2.624984617e-05
2.589005251e-05
2.624939719e-05
2.572727472e-05
2.575643451e-05
2.580975665e-05
2.59679508e-05
2.580402865e-05
2.586007068e-05
2.563322705e-05
2.606343003e-05
2.568098664e-05
2.582958999e-05
2.565286558e-05
2.599596572e-05
2.591554455e-05
2.600681223e-05
2.610527716e-05
2.5514378e-05
2.586174072e-05
2.582544157e-05
2.602875279e-05
2.594366255e-05
2.599241634e-05
2.55602235e-05
2.558708224e-05
2.601006177e-05
2.629433083e-05
2.601916015e-05
2.591977958e-05
2.588775393e-05
2.583305002e-05
2.652081006e-05
2.577361184e-05
2.616158592e-05
2.613197929e-05
2.595925721e-05
2.596548715e-05
2.620539398e-05
2.589226064e-05
2.581482576e-05
2.606690319e-05
2.598428929e-05
2.583324782e-05
2.577097758e-05
2.585713574e-05
2.604814942e-05
2.623275796e-05
2.584217892e-05
2.606125779e-05
2.59900977e-05
2.595223316e-05
2.607821706e-05
2.582062479e-05
2.603483154e-05
2.627366152e-05
2.569928694e-05
2.580762422e-05
2.614854541e-05
2.606405267e-05
2.618699315e-05
2.592498589e-05
2.554383593e-05
2.614312204e-05
2.607514614e-05
2.619087545e-05
2.655565194e-05
2.627945627e-05
2.631355981e-05
2.602038963e-05
2.630922084e-05
2.603898206e-05
2.606542704e-05
2.624059607e-05
2.621543888e-05
2.606986461e-05
2.594697195e-05
2.607733334e-05
2.626292919e-05
2.634341944e-05
2.599205491e-05
2.640831874e-05
2.629078986e-05
2.616819887e-05
2.600819672e-05
2.584443072e-05
2.629078955e-05
2.573195224e-05
2.621610793e-05
2.60410839e-05
2.616020247e-05
2.607352191e-05
2.618343696e-05
2.622356905e-05
2.617591879e-05
2.626578883e-05
2.604823727e-05
2.617355313e-05
2.590051041e-05
2.598995092e-05
2.594377043e-05
2.591434472e-05
2.597013826e-05
2.575651209e-05
2.622071462e-05
2.581596483e-05
2.593702184e-05
2.628414357e-05
2.609069002e-05
2.626088559e-05
2.574808273e-05
2.624180297e-05
2.606833442e-05
2.657696357e-05
2.603597934e-05
2.648090957e-05
2.586130958e-05
2.61141448e-05
2.625589458e-05
2.609751592e-05
2.654977184e-05
2.614103713e-05
2.587774884e-05
2.584572255e-05
2.64539236e-05
2.638027856e-05
2.638096662e-05
2.600569015e-05
2.646264653e-05
2.656581563e-05
2.593011782e-05
2.626795953e-05
2.629953474e-05
2.640440374e-05
2.593225372e-05
2.6374821e-05
2.626690436e-05
2.607378478e-05
2.61718734e-05
2.634721629e-05
2.622788039e-05
2.601925531e-05
2.599244909e-05
2.606833687e-05
2.625246679e-05
2.591542216e-05
2.622770692e-05
2.657226191e-05
2.609061147e-05
2.590839942e-05
2.621353886e-05
2.614118855e-05
2.604629478e-05
2.600524495e-05
2.608552752e-05
2.634848492e-05
2.629490771e-05
2.609060613e-05
2.646616972e-05
2.626560092e-05
2.600361586e-05
2.659700461e-05
2.604535445e-05
2.642876795e-05
2.616978235e-05
2.583037563e-05
2.621547994e-05
2.589710326e-05
2.627645622e-05
2.669007554e-05
2.601708029e-05
2.624968954e-05
2.623169235e-05
2.60576332e-05
2.589066653e-05
2.627720148e-05
2.615082513e-05
2.620517908e-05
2.626277485e-05
2.618878215e-05
2.654196533e-05
2.618706002e-05
2.623379899e-05
2.588117772e-05
2.653127218e-05
2.5862515e-05
2.631954728e-05
2.598703865e-05
2.630038249e-05
2.61101218e-05
2.621321166e-05
2.625586587e-05
2.640517734e-05
2.65087038e-05
2.636094374e-05
2.646504945e-05
2.63378383e-05
2.610013435e-05
2.63650159e-05
2.656817817e-05
2.673941725e-05
2.625398274e-05
2.621554409e-05
2.651901533e-05
2.616598012e-05
2.622544869e-05
2.612855735e-05
2.655813425e-05
2.612463798e-05
2.629177948e-05
2.596273464e-05
2.633816095e-05
2.659488508e-05
2.617244661e-05
2.639311989e-05
2.643440371e-05
2.645466754e-05
2.626828175e-05
2.632634763e-05
2.635791828e-05
2.652572237e-05
2.638460334e-05
2.617504244e-05
2.643413594e-05
2.662646664e-05
2.679266882e-05
2.638480795e-05
2.640684212e-05
2.623911269e-05
2.641328897e-05
2.654742943e-05
2.664580032e-05
2.636470971e-05
2.639317844e-05
2.636212275e-05
2.687436428e-05
2.63684378e-05
2.670481887e-05
2.618993634e-05
2.625773639e-05
2.658155057e-05
2.688586466e-05
2.664577843e-05
2.667663598e-05
2.642292131e-05
2.607377579e-05
2.662704806e-05
2.655393314e-05
2.58963967e-05
2.620939635e-05
2.677724086e-05
2.67278197e-05
2.671289677e-05
2.658787881e-05
2.634375603e-05
2.597395439e-05
2.646668659e-05
2.653103458e-05
2.664306919e-05
2.627227725e-05
2.68813851e-05
2.653057966e-05
2.683350824e-05
2.640455965e-05
2.651089879e-05
2.606781442e-05
2.643013621e-05
2.64031798e-05
2.639907181e-05
2.643684718e-05
2.648010819e-05
2.644971978e-05
2.665350854e-05
2.644891056e-05
2.648464697e-05
2.626187579e-05
2.670184716e-05
2.66591333e-05
2.64498502e-05
2.666933534e-05
2.662327371e-05
2.663676843e-05
2.637571976e-05
2.660986106e-05
2.627635425e-05
2.66652747e-05
2.642004095e-05
2.610555114e-05
2.626597055e-05
2.617324103e-05
2.642004007e-05
2.643844442e-05
2.641994321e-05
2.690404613e-05
2.682863272e-05
2.667529784e-05
2.642995818e-05
2.669288243e-05
2.665062345e-05
2.637262257e-05
2.652055723e-05
2.60625301e-05
2.636690145e-05
2.629226164e-05
2.641588233e-05
2.658232827e-05
2.618787474e-05
2.614140074e-05
2.596420927e-05
2.653195664e-05
2.67222159e-05
2.659616844e-05
2.62166572e-05
2.609250001e-05
2.64084558e-05
2.635022288e-05
2.671792906e-05
2.639231729e-05
2.666305698e-05
2.643314143e-05
2.60411685e-05
2.608063859e-05
2.648892413e-05
2.675279586e-05
2.632221518e-05
2.683590646e-05
2.638221827e-05
2.65353116e-05
2.660196741e-05
2.666125192e-05
2.664255959e-05
2.644784198e-05
2.641014536e-05
2.641703552e-05
2.651341842e-05
2.638780564e-05
2.674033378e-05
2.615486142e-05
2.622243573e-05
2.631098147e-05
2.662583091e-05
2.714015524e-05
2.629671012e-05
2.658907547e-05
2.639630598e-05
2.656562868e-05
2.666506278e-05
2.668996298e-05
2.648927294e-05
2.633286063e-05
2.657967396e-05
2.653132224e-05
2.652292027e-05
2.61777058e-05
2.663199362e-05
2.651428643e-05
2.637364007e-05
2.65732445e-05
2.65438047e-05
2.641163705e-05
2.681199237e-05
2.655758197e-05
2.673082229e-05
2.621148184e-05
2.664725684e-05
2.655068523e-05
2.662810955e-05
2.655166616e-05
2.687727252e-05
2.708373072e-05
2.680787056e-05
2.671339223e-05
2.651663603e-05
2.674950898e-05
2.690164506e-05
2.702759704e-05
2.684839246e-05
2.659879805e-05
2.649889053e-05
2.611875084e-05
2.636472796e-05
2.661687236e-05
2.683591332e-05
2.664417831e-05
2.668515354e-05
2.655385285e-05
2.636629983e-05
2.658775852e-05
2.676752535e-05
2.669051137e-05
2.676781317e-05
2.709762876e-05
2.614877771e-05
2.67877435e-05
2.637686859e-05
2.649087315e-05
2.669324823e-05
2.675149709e-05
2.695230586e-05
2.664732879e-05
2.668383223e-05
2.68130071e-05
2.675596811e-05
2.668158424e-05
2.664865803e-05
2.663567804e-05
2.678264056e-05
2.658801511e-05
2.659969467e-05
2.674180989e-05
2.67989717e-05
2.68199271e-05
2.690485129e-05
2.629865776e-05
2.674177904e-05
2.695715358e-05
2.666882428e-05
2.691115222e-05
2.697012963e-05
2.652601234e-05
2.668511681e-05
2.68640375e-05
2.688520907e-05
2.661717622e-05
2.631748848e-05
2.638923388e-05
2.693211285e-05
2.65453335e-05
2.677259885e-05
2.656661235e-05
2.692788929e-05
2.679688315e-05
2.681311231e-05
2.69072206e-05
2.692110118e-05
2.680443383e-05
2.68650794e-05
2.657565065e-05
2.64012916e-05
2.674258807e-05
2.652565027e-05
2.661058906e-05
2.698061822e-05
2.652056137e-05
2.685257e-05
2.684463175e-05
2.693030993e-05
2.69856022e-05
2.685456234e-05
2.690102791e-05
2.688260172e-05
2.645098036e-05
2.699711104e-05
2.635228191e-05
2.666135871e-05
2.672549311e-05
2.698493175e-05
2.652340694e-05
2.689916036e-05
2.653019358e-05
2.708675534e-05
2.69322526e-05
2.680033082e-05
2.715433419e-05
2.717353706e-05
2.65149613e-05
2.724793498e-05
2.65482221e-05
2.650340435e-05
2.66036586e-05
2.688126713e-05
2.704919767e-05
2.688463725e-05
2.683730205e-05
2.666175725e-05
2.70546993e-05
2.690350493e-05
2.707456688e-05
2.670810784e-05
2.676680015e-05
2.706396665e-05
2.694536378e-05
2.664044598e-05
2.702380615e-05
2.666389602e-05
2.679831265e-05
2.684906607e-05
2.665081123e-05
2.703844786e-05
2.70014239e-05
2.699924968e-05
2.689427419e-05
2.685893088e-05
2.695086e-05
2.728593301e-05
2.71733962e-05
2.682594216e-05
2.690243685e-05
2.655604164e-05
2.676008758e-05
2.708108032e-05
2.707881255e-05
2.712382703e-05
2.68157511e-05
2.680395395e-05
2.690685725e-05
2.711430714e-05
2.694434976e-05
2.686217767e-05
2.699187025e-05
2.725135639e-05
2.710713886e-05
2.712953096e-05
2.697251787e-05
2.679743215e-05
2.693797485e-05
2.668979415e-05
2.705999352e-05
2.694861806e-05
2.718319506e-05
2.706743243e-05
2.656181196e-05
2.73135468e-05
2.695956336e-05
2.718991972e-05
2.694859057e-05
2.732227728e-05
2.70724905e-05
2.718197273e-05
2.709017137e-05
2.712622055e-05
2.677531106e-05
2.691239525e-05
2.696834701e-05
2.713984201e-05
2.708125803e-05
2.708418313e-05
2.706436421e-05
2.736595037e-05
2.699651565e-05
2.722202908e-05
2.698637018e-05
2.687155988e-05
2.694185504e-05
2.671210905e-05
2.699351824e-05
2.738373088e-05
2.695281234e-05
2.738341844e-05
2.724167356e-05
2.698435624e-05
2.71021557e-05
2.679052611e-05
2.66897478e-05
2.690939456e-05
2.689880945e-05
2.688677319e-05
2.688698871e-05
2.704590711e-05
2.723439639e-05
2.679679587e-05
2.681666665e-05
2.678639225e-05
2.697950477e-05
2.748726408e-05
2.740007181e-05
2.699275289e-05
2.734064246e-05
2.736005961e-05
2.739516941e-05
2.758113825e-05
2.73091745e-05
2.745889501e-05
2.757217212e-05
2.716685321e-05
2.717460784e-05
2.766411582e-05
2.736952265e-05
2.743178199e-05
2.716793334e-05
2.737889911e-05
2.69604409e-05
2.714631149e-05
2.713352907e-05
2.713142179e-05
2.758796188e-05
2.742421357e-05
2.742006222e-05
2.719307978e-05
2.734352364e-05
2.689117904e-05
2.742067132e-05
2.731850775e-05
2.711119031e-05
2.707080433e-05
2.686817796e-05
2.73995395e-05
2.711692037e-05
2.742047752e-05
2.724010365e-05
2.734651373e-05
2.710701212e-05
2.713157807e-05
2.723947766e-05
2.748900886e-05
2.765595967e-05
2.741255639e-05
2.7013597e-05
2.703504283e-05
2.713737162e-05
2.717198097e-05
2.660077337e-05
2.720607978e-05
2.674903044e-05
2.70905231e-05
2.67010349e-05
2.702510173e-05
2.710528512e-05
2.728761876e-05
2.71608221e-05
2.735448863e-05
2.716344663e-05
2.703518026e-05
2.754671164e-05
2.747596099e-05
2.767130507e-05
2.713448846e-05
2.707382201e-05
2.680441326e-05
2.723287999e-05
2.749639053e-05
2.678954642e-05
2.697665818e-05
2.705528309e-05
2.722691827e-05
2.705827855e-05
2.735593017e-05
2.752892344e-05
2.67317735e-05
2.716731617e-05
2.768940678e-05
2.687478841e-05
2.724353916e-05
2.722503935e-05
2.684566581e-05
2.711685471e-05
2.726980825e-05
2.722027047e-05
2.774001219e-05
2.729676595e-05
2.732589673e-05
2.736462594e-05
2.70725049e-05
2.724784242e-05
2.723336974e-05
2.730206757e-05
2.771653726e-05
2.720529555e-05
2.73811659e-05
2.724287351e-05
2.689543976e-05
2.733679384e-05
2.725043272e-05
2.722124789e-05
2.730743627e-05
2.733008479e-05
2.766470139e-05
2.741515088e-05
2.708667644e-05
2.724991758e-05
2.733568992e-05
2.734638907e-05
2.755865198e-05
2.742769863e-05
2.733381918e-05
2.748332509e-05
2.762161976e-05
2.720768484e-05
2.726326416e-05
2.747907865e-05
2.688748929e-05
2.748159827e-05
2.73593892e-05
2.695849825e-05
2.754510695e-05
2.768871596e-05
2.764202964e-05
2.76085124e-05
2.744948327e-05
2.716388606e-05
2.743584929e-05
2.767354432e-05
2.717260348e-05
2.758159547e-05
2.711783696e-05
2.745052157e-05
2.724350418e-05
2.756999085e-05
2.71143544e-05
2.664379458e-05
2.749450138e-05
2.699041384e-05
2.745587587e-05
2.709999845e-05
2.742347791e-05
2.73735632e-05
2.769675846e-05
2.771904561e-05
2.73789264e-05
2.763630776e-05
2.755026104e-05
2.766227666e-05
2.766125451e-05
2.755209824e-05
2.708725621e-05
2.735173036e-05
2.767162189e-05
2.7263991e-05
2.732382861e-05
2.747043572e-05
2.748169601e-05
2.764458891e-05
2.766806436e-05
2.745842164e-05
2.708780845e-05
2.76738323e-05
2.768996947e-05
2.786649886e-05
2.767525593e-05
2.752187241e-05
2.794726571e-05
2.791907644e-05
2.768991655e-05
2.766061553e-05
2.733635521e-05
2.798389454e-05
2.765279627e-05
2.755814747e-05
2.751104995e-05
2.746244356e-05
2.775022275e-05
2.757307477e-05
2.718280147e-05
2.754272449e-05
2.767359593e-05
2.743384011e-05
2.762127958e-05
2.703773464e-05
2.779747852e-05
2.769711659e-05
2.763306956e-05
2.758559228e-05
2.734535799e-05
2.771159392e-05
2.764793027e-05
2.803323079e-05
2.788880433e-05
2.753788934e-05
2.723183914e-05
2.784114883e-05
2.737108136e-05
2.76075574e-05
2.750609157e-05
2.754986641e-05
2.753319228e-05
2.759734452e-05
2.775232484e-05
2.79631829e-05
2.739196626e-05
2.738995425e-05
2.704253538e-05
2.763093368e-05
2.742718657e-05
2.788603465e-05
2.731283985e-05
2.773546555e-05
2.763037523e-05
2.764008425e-05
2.757774844e-05
2.779935596e-05
2.765102768e-05
2.790044173e-05
2.767405363e-05
2.774927863e-05
2.773417305e-05
2.76961433e-05
2.815471515e-05
2.762057481e-05
2.801895389e-05
2.778920471e-05
2.741438451e-05
2.745339224e-05
2.780372828e-05
2.753938959e-05
2.743491036e-05
2.797253505e-05
2.804711572e-05
2.770891096e-05
2.793685039e-05
2.794235187e-05
2.79948058e-05
2.770727235e-05
2.822760327e-05
2.789177348e-05
2.796589096e-05
2.805949209e-05
2.78205713e-05
2.764768993e-05
2.762043331e-05
2.75911489e-05
2.764584685e-05
2.800086197e-05
2.80903258e-05
2.768480244e-05
2.737423277e-05
2.748974815e-05
2.815144584e-05
2.736253871e-05
2.744561679e-05
2.739088662e-05
2.798573206e-05
2.771674815e-05
2.767616783e-05
2.780280696e-05
2.791020611e-05
2.782374164e-05
2.776816254e-05
2.765949184e-05
2.785880888e-05
2.805132057e-05
2.778670027e-05
2.799837953e-05
2.780789224e-05
2.784760585e-05
2.777803718e-05
2.819961869e-05
2.780927029e-05
2.78716214e-05
2.761758318e-05
2.775470023e-05
2.764514215e-05
2.763545501e-05
2.718994906e-05
2.794184893e-05
2.797605469e-05
2.788286856e-05
2.803240288e-05
2.782609485e-05
2.78472319e-05
2.762005314e-05
2.783929746e-05
2.811781175e-05
2.78314614e-05
2.803543704e-05
2.772520062e-05
2.766026166e-05
2.797980945e-05
2.788328616e-05
2.760159227e-05
2.786557359e-05
2.739400679e-05
2.774805196e-05
2.783481109e-05
2.836231921e-05
2.766442892e-05
2.751768152e-05
2.794691345e-05
2.795332612e-05
2.795749251e-05
2.817489689e-05
2.803521818e-05
2.77087857e-05
2.781694976e-05
2.791212488e-05
2.778025559e-05
2.819272306e-05
2.801534707e-05
2.832922192e-05
2.756136408e-05
2.812746717e-05
2.774648843e-05
2.787442127e-05
2.741066929e-05
2.771612218e-05
2.767435013e-05
2.795879671e-05
2.817578299e-05
2.787339421e-05
2.767241847e-05
2.796019506e-05
2.813056768e-05
2.806695144e-05
2.803559346e-05
2.76435281e-05
2.810799833e-05
2.764970531e-05
2.825644373e-05
2.805175063e-05
2.811701835e-05
2.808893659e-05
2.759124428e-05
2.842890448e-05
2.819024114e-05
2.769007532e-05
2.81985295e-05
2.848857456e-05
2.81494461e-05
2.771736588e-05
2.757456578e-05
2.769205344e-05
2.808724726e-05
2.816223276e-05
2.779361372e-05
2.817463522e-05
2.835970084e-05
2.814060604e-05
2.775002529e-05
2.782407841e-05
2.7894138e-05
2.830482109e-05
2.838188842e-05
2.846767709e-05
2.815261693e-05
2.790160921e-05
2.848920817e-05
2.76101896e-05
2.834100888e-05
2.800926333e-05
2.82127442e-05
2.784757578e-05
2.841369841e-05
2.805166948e-05
2.828653483e-05
2.813509535e-05
2.829884559e-05
2.813282341e-05
2.825169315e-05
2.780834868e-05
2.765867695e-05
2.843386548e-05
2.817077701e-05
2.816172991e-05
2.811571805e-05
2.856579691e-05
2.77429042e-05
2.799228363e-05
2.790737759e-05
2.812937148e-05
2.835871845e-05
2.760603527e-05
2.775701707e-05
2.78851424e-05
2.836805741e-05
2.818321955e-05
2.802580138e-05
2.874859231e-05
2.825282275e-05
2.83112583e-05
2.798696973e-05
2.832964257e-05
2.783639779e-05
2.837763815e-05
2.802306694e-05
2.8577258e-05
2.840795514e-05
2.82236131e-05
2.78827222e-05
2.819788741e-05
2.831824281e-05
2.87755639e-05
2.800870937e-05
2.817108303e-05
2.79054959e-05
2.852580281e-05
2.818773086e-05
2.839809278e-05
2.874639394e-05
2.848997475e-05
2.851354857e-05
2.819097101e-05
2.80306204e-05
2.818138672e-05
2.857256983e-05
2.87517248e-05
2.844932384e-05
2.838584115e-05
2.833380003e-05
2.811580243e-05
2.836621513e-05
2.846433241e-05
2.847870971e-05
2.839660096e-05
2.854554439e-05
2.847671518e-05
2.848675445e-05
2.824327018e-05
2.84997462e-05
2.824619741e-05
2.858728667e-05
2.855963519e-05
2.818651192e-05
2.839733747e-05
2.840814986e-05
2.815418279e-05
2.802373915e-05
2.868341776e-05
2.843644538e-05
2.844147939e-05
2.823387891e-05
2.835046531e-05
2.843863934e-05
2.806468104e-05
2.861349337e-05
2.832558125e-05
2.815073776e-05
2.807480698e-05
2.83119046e-05
2.784199473e-05
2.873439244e-05
2.862643233e-05
2.834962244e-05
2.831404431e-05
2.840927116e-05
2.846370692e-05
2.851428616e-05
2.851559845e-05
2.828761635e-05
2.848547863e-05
2.876486411e-05
2.832917494e-05
2.852550755e-05
2.822153487e-05
2.877144277e-05
2.874676141e-05
2.878745631e-05
2.861909735e-05
2.826528812e-05
2.799534305e-05
2.862225194e-05
2.862751229e-05
2.877181084e-05
2.853870695e-05
2.882414615e-05
2.837091648e-05
2.789032719e-05
2.84017848e-05
2.833103285e-05
2.852506179e-05
2.88621659e-05
2.866046781e-05
2.880646602e-05
2.881782263e-05
2.814704158e-05
2.875081683e-05
2.856754131e-05
2.901161574e-05
2.857478233e-05
2.859544942e-05
2.857127636e-05
2.887756131e-05
2.849410474e-05
2.842796669e-05
2.849037569e-05
2.867799657e-05
2.87589412e-05
2.865886884e-05
2.845437242e-05
2.872165714e-05
2.888838258e-05
2.899623262e-05
2.853946385e-05
2.858921982e-05
2.864968237e-05
2.893029765e-05
2.867641857e-05
2.839790493e-05
2.853187073e-05
2.888536293e-05
2.841154294e-05
2.90856291e-05
2.89814389e-05
2.885028275e-05
2.870551632e-05
2.896257255e-05
2.903339988e-05
2.870385917e-05
2.885502791e-05
2.875026691e-05
2.844575695e-05
2.890720039e-05
2.819797737e-05
2.85927375e-05
2.862242986e-05
2.899865983e-05
2.913595323e-05
2.870634252e-05
2.893034592e-05
2.896663653e-05
2.84338339e-05
2.87785316e-05
2.854844866e-05
2.887777149e-05
2.858963629e-05
2.8753006e-05
2.891631926e-05
2.89538286e-05
2.871301994e-05
2.89770567e-05
2.891240912e-05
2.889906233e-05
2.897417499e-05
2.895193993e-05
2.885864667e-05
2.852104853e-05
2.86870256e-05
2.867418468e-05
2.879915721e-05
2.894427703e-05
2.862723415e-05
2.896553948e-05
2.872271959e-05
2.865709081e-05
2.868385716e-05
2.878821422e-05
2.885712057e-05
2.882668658e-05
2.894048976e-05
2.908178605e-05
2.874888332e-05
2.908844614e-05
2.835949658e-05
2.911304123e-05
2.898686202e-05
2.874856834e-05
2.893260326e-05
2.897450106e-05
2.894391532e-05
2.901593952e-05
2.867002646e-05
2.931660165e-05
2.881283255e-05
2.853177321e-05
2.864785749e-05
2.894426238e-05
2.873872926e-05
2.913932968e-05
2.917555296e-05
2.92331535e-05
2.936929198e-05
2.893778107e-05
2.942815705e-05
2.918888921e-05
2.898308784e-05
2.919953752e-05
2.895079804e-05
2.918353813e-05
2.910761926e-05
2.902151986e-05
2.905750126e-05
2.861198252e-05
2.9024361e-05
2.916054208e-05
2.876698109e-05
2.902768217e-05
2.946694428e-05
2.920397041e-05
2.911648035e-05
2.937507488e-05
2.874929363e-05
2.915526422e-05
2.938787101e-05
2.891512193e-05
2.890163832e-05
2.892879667e-05
2.886225829e-05
2.945748017e-05
2.872197846e-05
2.929308591e-05
2.883937397e-05
2.952402575e-05
2.896548538e-05
2.941761377e-05
2.849370774e-05
2.920256206e-05
2.89674391e-05
2.933202386e-05
2.91738771e-05
2.918589627e-05
2.932653787e-05
2.873607726e-05
2.898999494e-05
2.926028895e-05
2.913593899e-05
2.942419553e-05
2.921940817e-05
2.924093981e-05
2.905107223e-05
2.934332018e-05
2.932015944e-05
2.96852058e-05
2.94248589e-05
2.927979172e-05
2.924747886e-05
2.94138569e-05
2.917500177e-05
2.91340257e-05
2.945905039e-05
2.927236873e-05
2.897347814e-05
2.929125095e-05
2.931451916e-05
2.959954994e-05
2.941649368e-05
2.925983444e-05
2.922324662e-05
2.92097373e-05
2.935407294e-05
2.935277578e-05
2.886823882e-05
2.935042515e-05
2.91472307e-05
2.932361372e-05
2.979427198e-05
2.928050974e-05
2.961371248e-05
2.961891835e-05
2.929095155e-05
2.911973477e-05
2.916139828e-05
2.940163247e-05
2.959186151e-05
2.94075985e-05
2.961776108e-05
2.969000725e-05
2.913905853e-05
2.987923244e-05
2.920873411e-05
2.973391545e-05
2.960182456e-05
2.956778249e-05
2.914634367e-05
2.93180257e-05
2.982659373e-05
2.984011777e-05
2.942583188e-05
2.967324866e-05
2.93614874e-05
2.948047219e-05
2.961506092e-05
2.939754997e-05
2.986852709e-05
3.007288697e-05
2.934324187e-05
2.952810782e-05
2.93994471e-05
2.95066141e-05
2.946641365e-05
2.927910347e-05
2.960311854e-05
2.996910687e-05
2.950796437e-05
2.960523522e-05
3.016488592e-05
2.955159343e-05
2.954741588e-05
2.953874138e-05
3.007813476e-05
2.945301489e-05
3.009954952e-05
2.948142155e-05
2.98192782e-05
2.954116732e-05
3.057997426e-05
2.982136862e-05
2.957723061e-05
2.956948268e-05
2.968292871e-05
2.965946691e-05
2.960052101e-05
2.968809379e-05
2.969742006e-05
2.962405719e-05
2.960286252e-05
2.954972198e-05
3.011979246e-05
2.962121957e-05
2.990098798e-05
2.966003561e-05
2.967149218e-05
2.967409835e-05
2.956602896e-05
2.971932932e-05
2.977388313e-05
2.960214269e-05
2.995380854e-05
3.008037094e-05
2.983284889e-05
2.941218991e-05
2.997735252e-05
3.008749579e-05
2.992403211e-05
3.023693767e-05
2.984897034e-05
3.012312419e-05
2.983875204e-05
3.01842878e-05
2.99917661e-05
2.954264668e-05
2.969819407e-05
3.025911906e-05
2.967424892e-05
2.985938331e-05
2.955429444e-05
3.020815239e-05
3.008149724e-05
2.951157234e-05
3.020057384e-05
3.003040611e-05
3.004363563e-05
3.005631158e-05
2.977913246e-05
3.01034626e-05
2.974350146e-05
2.968912467e-05
2.994188855e-05
3.009499618e-05
2.999860167e-05
3.018461927e-05
3.008547584e-05
3.009181112e-05
2.992120449e-05
2.99789842e-05
3.006566781e-05
3.024804043e-05
2.975010551e-05
3.019380326e-05
2.982357875e-05
2.993446325e-05
3.010955217e-05
2.979351979e-05
2.995109298e-05
3.035403187e-05
2.99332557e-05
2.971040851e-05
3.014519239e-05
3.035486434e-05
3.038069634e-05
3.034822679e-05
2.994581785e-05
3.024819505e-05
2.983173811e-05
3.029066294e-05
3.072869133e-05
3.026020417e-05
3.006672878e-05
2.977355954e-05
3.050891222e-05
3.041318266e-05
3.026864953e-05
3.023994061e-05
3.002288876e-05
3.030568342e-05
3.011981044e-05
3.000818679e-05
3.044784874e-05
3.045137401e-05
3.007280821e-05
3.03777591e-05
3.026775171e-05
3.044433764e-05
3.018610253e-05
3.016651019e-05
3.078119318e-05
3.046552042e-05
3.052951553e-05
3.024341411e-05
3.037949289e-05
3.015019818e-05
3.02207095e-05
3.049534193e-05
3.036035468e-05
3.080753782e-05
3.023165455e-05
3.045107075e-05
3.052826267e-05
3.084272629e-05
3.042611698e-05
3.03908799e-05
3.031238061e-05
3.113770907e-05
3.029595863e-05
3.05691809e-05
3.041784378e-05
3.102642011e-05
3.077878335e-05
3.059300393e-05
3.050599334e-05
3.063003758e-05
3.075823193e-05
3.082626993e-05
3.055643109e-05
3.077130444e-05
3.027034513e-05
3.063530996e-05
3.063191287e-05
3.089499604e-05
3.078860677e-05
3.088670242e-05
3.07697809e-05
3.076679188e-05
3.10798884e-05
3.112827841e-05
3.077808779e-05
3.038526558e-05
3.069501957e-05
3.03668573e-05
3.066501199e-05
3.149078681e-05
3.080713884e-05
3.105397578e-05
3.099381956e-05
3.082317422e-05
3.074104487e-05
3.089786136e-05
3.089362624e-05
3.078102811e-05
3.092421349e-05
3.09397728e-05
3.126022251e-05
3.05482784e-05
3.120945964e-05
3.065598023e-05
3.085798649e-05
3.07632966e-05
3.070145277e-05
3.115304977e-05
3.064765758e-05
3.044363007e-05
3.138196994e-05
3.156687999e-05
3.097799275e-05
3.125007795e-05
3.079668482e-05
3.132038625e-05
3.081399689e-05
3.08913619e-05
3.122171564e-05
3.069668717e-05
3.08773148e-05
3.15928995e-05
3.093062961e-05
3.107070002e-05
3.109102043e-05
3.067247405e-05
3.129697692e-05
3.09491522e-05
3.156330133e-05
3.115742379e-05
3.101509147e-05
3.096001641e-05
3.086783051e-05
3.063370433e-05
3.084206451e-05
3.167267729e-05
3.154249388e-05
3.136424678e-05
3.106830481e-05
3.094269662e-05
3.160921327e-05
3.140754711e-05
3.142372053e-05
3.131930615e-05
3.138244968e-05
3.144945099e-05
3.141456368e-05
3.141288286e-05
3.152107664e-05
3.172537989e-05
3.150692576e-05
3.144598527e-05
3.155653627e-05
3.12957036e-05
3.091199213e-05
3.073802453e-05
3.14864744e-05
3.161288689e-05
3.137342243e-05
3.178924543e-05
3.188128625e-05
3.119356024e-05
3.155219179e-05
3.149638869e-05
3.176764171e-05
3.162103312e-05
3.141163403e-05
3.110723129e-05
3.144141396e-05
3.125813891e-05
3.136752097e-05
3.195805396e-05
3.155599657e-05
3.162762755e-05
3.161030813e-05
3.161860481e-05
3.176998899e-05
3.179493301e-05
3.143707158e-05
3.161817378e-05
3.198964229e-05
3.225496417e-05
3.208909372e-05
3.144151817e-05
3.166742925e-05
3.178583833e-05
3.21633e-05
3.174765552e-05
3.135102825e-05
3.153917258e-05
3.181915441e-05
3.176594084e-05
3.187226369e-05
3.159353822e-05
3.160565112e-05
3.178436386e-05
3.168565397e-05
3.180603887e-05
3.179470944e-05
3.193588309e-05
3.230046099e-05
3.163561703e-05
3.192335411e-05
3.20819816e-05
3.192122693e-05
3.178535337e-05
3.156218338e-05
3.176291536e-05
3.187546877e-05
3.195464186e-05
3.148467372e-05
3.171518125e-05
3.165751688e-05
3.18705783e-05
3.161695262e-05
3.195737184e-05
3.216881274e-05
3.162927025e-05
3.215866898e-05
3.236701119e-05
3.234542868e-05
3.181303368e-05
3.229867865e-05
3.164618393e-05
3.227914651e-05
3.197687523e-05
3.24662157e-05
3.228437364e-05
3.183521502e-05
3.216798755e-05
3.174380146e-05
3.241476438e-05
3.202137376e-05
3.186324421e-05
3.206472789e-05
3.260449367e-05
3.175782527e-05
3.223469013e-05
3.265396086e-05
3.247702826e-05
3.231951426e-05
3.231305622e-05
3.213901024e-05
3.280751051e-05
3.263921699e-05
3.236319815e-05
3.198009159e-05
3.248647903e-05
3.24710043e-05
3.212830483e-05
3.250783447e-05
3.232965707e-05
3.233199883e-05
3.241766518e-05
3.255452298e-05
3.216996826e-05
3.23962683e-05
3.270279357e-05
3.253689018e-05
3.220363892e-05
3.224456568e-05
3.226334851e-05
3.239780527e-05
3.267918969e-05
3.238901298e-05
3.251507567e-05
3.247342697e-05
3.228524618e-05
3.249209611e-05
3.286582044e-05
3.281926419e-05
3.249571173e-05
3.235333706e-05
3.264875844e-05
3.259901838e-05
3.29376024e-05
3.247831153e-05
3.282119611e-05
3.233087857e-05
3.269750541e-05
3.312750342e-05
3.304568689e-05
3.291036523e-05
3.277068743e-05
3.275773573e-05
3.310611365e-05
3.272382806e-05
3.263810783e-05
3.304692732e-05
3.277274473e-05
3.262143263e-05
3.277967277e-05
3.313962959e-05
3.266602549e-05
3.253650776e-05
3.277628448e-05
3.297439277e-05
3.313296156e-05
3.31417902e-05
3.3163501e-05
3.280358481e-05
3.30879494e-05
3.323214046e-05
3.249079575e-05
3.335844907e-05
3.280324908e-05
3.25327378e-05
3.33091272e-05
3.317572901e-05
3.308916459e-05
3.293877854e-05
3.303106031e-05
3.312079621e-05
3.328418063e-05
3.30542233e-05
3.330828792e-05
3.349684183e-05
3.349680133e-05
3.329726128e-05
3.35835067e-05
3.315780861e-05
3.314849607e-05
3.347370811e-05
3.322652873e-05
3.327344432e-05
3.358809357e-05
3.33453672e-05
3.329026414e-05
3.327585366e-05
3.332028404e-05
3.300925408e-05
3.349638463e-05
3.37277468e-05
3.312469716e-05
3.378936371e-05
3.36651512e-05
3.383542823e-05
3.346123109e-05
3.328871566e-05
3.364114083e-05
3.328944036e-05
3.305340213e-05
3.399822764e-05
3.374044705e-05
3.411176078e-05
3.359804563e-05
3.367752186e-05
3.42684967e-05
3.374761047e-05
3.395460819e-05
3.32162711e-05
3.391710525e-05
3.383182998e-05
3.374493298e-05
3.367519284e-05
3.341389498e-05
3.401662381e-05
3.448983805e-05
3.380988364e-05
3.389960303e-05
3.428844594e-05
3.344180686e-05
3.412404841e-05
3.366892887e-05
3.3741312e-05
3.445932809e-05
3.402335079e-05
3.378009106e-05
3.439704449e-05
3.419378154e-05
3.456059416e-05
3.451899291e-05
3.419478511e-05
3.458963395e-05
3.446029682e-05
3.395826199e-05
3.437430824e-05
3.41240284e-05
3.439079536e-05
3.386511037e-05
3.466716543e-05
3.406555765e-05
3.436787162e-05
3.403478266e-05
3.420141754e-05
3.433517957e-05
3.48635142e-05
3.452684979e-05
3.44241628e-05
3.474487956e-05
3.45058235e-05
3.469275217e-05
3.470956995e-05
3.444325907e-05
3.468208384e-05
3.41605134e-05
3.486315517e-05
3.45355429e-05
3.463292725e-05
3.485235986e-05
3.43938283e-05
3.505542342e-05
3.518409249e-05
3.491890983e-05
3.457057906e-05
3.574313615e-05
3.508789614e-05
3.468316099e-05
3.488093399e-05
3.420637087e-05
3.498106239e-05
3.454599647e-05
3.47073529e-05
3.491162392e-05
3.433525603e-05
3.455764157e-05
3.490517147e-05
3.504116462e-05
3.542829664e-05
3.568002128e-05
3.543398652e-05
3.552952995e-05
3.504639986e-05
3.471754365e-05
3.534020443e-05
3.531657779e-05
3.545025e-05
3.549201385e-05
3.49118204e-05
3.526891981e-05
3.539109786e-05
3.532635726e-05
3.525096452e-05
3.550624974e-05
3.554145322e-05
3.495511261e-05
3.57511854e-05
3.556329857e-05
3.528773449e-05
3.534482334e-05
3.50032409e-05
3.571962899e-05
3.571383749e-05
3.500621623e-05
3.584065851e-05
3.550672122e-05
3.556375151e-05
3.591282013e-05
3.531973068e-05
3.613256027e-05
3.576854311e-05
3.543817306e-05
3.551336595e-05
3.596016649e-05
3.597530782e-05
3.583223481e-05
3.590829993e-05
3.580159688e-05
3.601310824e-05
3.593803476e-05
3.601770873e-05
3.619773263e-05
3.550355668e-05
3.508601267e-05
3.624202968e-05
3.614582655e-05
3.640237434e-05
3.639462643e-05
3.589599744e-05
3.620572304e-05
3.639484446e-05
3.618456579e-05
3.644099648e-05
3.633748531e-05
3.63476674e-05
3.623401218e-05
3.627243546e-05
3.601241282e-05
3.622588957e-05
3.66970138e-05
3.586619659e-05
3.616748566e-05
3.674108945e-05
3.655379508e-05
3.654490652e-05
3.620116862e-05
3.595753031e-05
3.66276231e-05
3.669460527e-05
3.694799206e-05
3.665520149e-05
3.697425122e-05
3.701267251e-05
3.714721468e-05
3.696887167e-05
3.714707933e-05
3.667517042e-05
3.675778201e-05
3.687442974e-05
3.7222534e-05
3.661124526e-05
3.709247956e-05
3.709412875e-05
3.686043757e-05
3.742701232e-05
3.726918563e-05
3.694610569e-05
3.728221973e-05
3.711603983e-05
3.742125849e-05
3.782774955e-05
3.726958275e-05
3.736497995e-05
3.733013823e-05
3.747971346e-05
3.717506814e-05
3.744032964e-05
3.723435645e-05
3.724293001e-05
3.790820987e-05
3.802880952e-05
3.75593512e-05
3.795567224e-05
3.758558844e-05
3.771022889e-05
3.756340881e-05
3.817101196e-05
3.769137948e-05
3.82339047e-05
3.789088952e-05
3.800541888e-05
3.782953059e-05
3.755460398e-05
3.828880237e-05
3.840910264e-05
3.777293132e-05
3.769947658e-05
3.867430905e-05
3.787975604e-05
3.851357421e-05
3.800604753e-05
3.821303101e-05
3.834363079e-05
3.883314696e-05
3.848349033e-05
3.853412589e-05
3.861875926e-05
3.868218246e-05
3.878437503e-05
3.904884092e-05
3.885524751e-05
3.778183344e-05
3.866469821e-05
3.874473439e-05
3.903421492e-05
3.893706835e-05
3.911845224e-05
3.917121974e-05
3.830424251e-05
3.884583071e-05
3.871447127e-05
3.90900428e-05
3.913016418e-05
3.981173373e-05
3.902520524e-05
3.914274325e-05
3.879533123e-05
3.931564e-05
3.929897008e-05
3.912558928e-05
3.925156046e-05
3.974040995e-05
3.927584219e-05
3.934255881e-05
3.975089768e-05
3.961078814e-05
3.985918297e-05
3.94320256e-05
3.962893431e-05
3.940626374e-05
3.953035825e-05
3.971841463e-05
3.980097841e-05
3.944944209e-05
3.915917815e-05
4.053110311e-05
4.046492789e-05
3.993257248e-05
3.964621494e-05
3.999474234e-05
4.029764243e-05
4.015761834e-05
4.022337902e-05
4.011407689e-05
4.097909118e-05
4.07943831e-05
4.053528964e-05
4.057579227e-05
4.047611729e-05
4.023102245e-05
4.094224438e-05
4.027052371e-05
4.071367975e-05
4.123759072e-05
4.07523469e-05
4.070006836e-05
4.067267113e-05
4.056675066e-05
4.05043357e-05
4.117734878e-05
4.05094092e-05
4.063813508e-05
4.121008944e-05
4.113595357e-05
4.097778347e-05
4.141789933e-05
4.120798075e-05
4.126432693e-05
4.111601721e-05
4.171431278e-05
4.173593666e-05
4.157113405e-05
4.15869688e-05
4.101401936e-05
4.126258633e-05
4.147743546e-05
4.168682641e-05
4.204536895e-05
4.211764822e-05
4.206079408e-05
4.155549075e-05
4.246122716e-05
4.279277647e-05
4.170223844e-05
4.210396104e-05
4.220365706e-05
4.260912576e-05
4.235958517e-05
4.225625243e-05
4.204888023e-05
4.249042709e-05
4.2174981e-05
4.275804182e-05
4.252283087e-05
4.252331782e-05
4.278884108e-05
4.291627081e-05
4.280469962e-05
4.305121218e-05
4.317619961e-05
4.301996965e-05
4.299006169e-05
4.338819544e-05
4.328491767e-05
4.333030959e-05
4.328093014e-05
4.340392456e-05
4.324555419e-05
4.382110971e-05
4.348665207e-05
4.362403348e-05
4.353435892e-05
4.338509179e-05
4.405631763e-05
4.420012303e-05
4.370029257e-05
4.382919796e-05
4.379498262e-05
4.518513935e-05
4.440310344e-05
4.375954124e-05
4.505110373e-05
4.434911861e-05
4.421838804e-05
4.470882129e-05
4.378765162e-05
4.53010838e-05
4.527088201e-05
4.509888568e-05
4.428740704e-05
4.507216737e-05
4.45273299e-05
4.506180368e-05
4.491194061e-05
4.482490865e-05
4.564419201e-05
4.556863381e-05
4.594069678e-05
4.507978443e-05
4.472479452e-05
4.600876776e-05
4.571322744e-05
4.544830866e-05
4.615137666e-05
4.663428334e-05
4.599752052e-05
4.637087009e-05
4.585587751e-05
4.623846934e-05
4.666597335e-05
4.651283521e-05
4.630302033e-05
4.664877148e-05
4.673518732e-05
4.655238384e-05
4.771897702e-05
4.747668476e-05
4.667634872e-05
4.731990232e-05
4.660101725e-05
4.682859919e-05
4.740512777e-05
4.751780833e-05
4.793176026e-05
4.753689784e-05
4.813726627e-05
4.774882643e-05
4.773312615e-05
4.752802819e-05
4.908453286e-05
4.824508399e-05
4.868435944e-05
4.85697279e-05
4.833851657e-05
4.832776374e-05
4.900329567e-05
4.897999536e-05
4.875919195e-05
4.941710793e-05
4.968346993e-05
4.9057532e-05
4.983586688e-05
5.002183129e-05
4.946596756e-05
4.932540993e-05
4.93758717e-05
5.036765372e-05
5.039011969e-05
5.129258585e-05
5.048217137e-05
5.030008769e-05
5.09563461e-05
5.109613627e-05
5.05866224e-05
5.102751094e-05
5.083470915e-05
5.119791564e-05
5.058459965e-05
5.130198825e-05
5.117239218e-05
5.180914236e-05
5.191181764e-05
5.24821457e-05
5.186883996e-05
5.206584595e-05
5.236096796e-05
5.245035485e-05
5.261187504e-05
5.30880427e-05
5.252822111e-05
5.314195105e-05
5.35318003e-05
5.413172073e-05
5.349675041e-05
5.459205539e-05
5.313098473e-05
5.393153774e-05
5.378239529e-05
5.539776275e-05
5.403055155e-05
5.468346672e-05
5.478540874e-05
5.517831911e-05
5.58784294e-05
5.613032304e-05
5.556620748e-05
5.521661631e-05
5.569051846e-05
5.680505125e-05
5.638842543e-05
5.642070433e-05
5.634749567e-05
5.705959609e-05
5.802029689e-05
5.701457815e-05
5.667563421e-05
5.733868235e-05
5.725087842e-05
5.884417684e-05
5.809298199e-05
5.871912405e-05
5.875097129e-05
5.90233346e-05
5.994129222e-05
5.911674962e-05
6.050932105e-05
5.978412737e-05
6.051699325e-05
5.988554744e-05
6.066479795e-05
6.189965992e-05
6.094659708e-05
6.135502382e-05
6.18394653e-05
6.058352435e-05
6.264317859e-05
6.289533019e-05
6.314124328e-05
6.349274543e-05
6.305720739e-05
6.326737292e-05
6.549095384e-05
6.453663047e-05
6.455614664e-05
6.542381766e-05
6.51965028e-05
6.513876574e-05
6.586340794e-05
6.549781992e-05
6.61284355e-05
6.772153589e-05
6.774485768e-05
6.842078418e-05
6.791180169e-05
6.802669809e-05
6.81761214e-05
6.8913766e-05
6.979052711e-05
6.907014493e-05
7.126566524e-05
7.097934279e-05
7.030935991e-05
7.160382362e-05
7.191585809e-05
7.215960469e-05
7.250972773e-05
7.304421367e-05
7.333842936e-05
7.333456586e-05
7.48517097e-05
7.347469996e-05
7.491405582e-05
7.576290675e-05
7.619972054e-05
7.608215624e-05
7.739212933e-05
7.810050824e-05
7.827904585e-05
7.845910385e-05
7.885551348e-05
7.865683743e-05
7.858853242e-05
8.01823279e-05
8.045796401e-05
8.059707573e-05
8.061074242e-05
8.129650085e-05
8.193173009e-05
8.14043673e-05
8.312058459e-05
8.340559592e-05
8.397400248e-05
8.2906447e-05
8.396414785e-05
8.462021705e-05
8.482352526e-05
8.602524893e-05
8.571824424e-05
8.431868275e-05
8.545255666e-05
8.690179307e-05
8.497749546e-05
8.728437463e-05
8.667911843e-05
8.706840744e-05
8.581923709e-05
8.681593603e-05
8.712123167e-05
8.69759094e-05
8.750867213e-05
8.722531998e-05
8.687700626e-05
8.755634053e-05
8.711120008e-05
8.678334652e-05
8.605427221e-05
8.697195281e-05
8.636972359e-05
8.530706811e-05
8.713543782e-05
8.614351369e-05
8.49579193e-05
8.409003317e-05
8.458534355e-05
8.378403304e-05
8.242193905e-05
8.177525395e-05
8.260439309e-05
8.121601571e-05
8.034080595e-05
8.005569741e-05
7.914901346e-05
7.892678916e-05
7.73498159e-05
7.662207576e-05
7.540374536e-05
7.39252444e-05
7.463937512e-05
7.345957586e-05
7.164803982e-05
7.11237087e-05
6.918502914e-05
6.786488145e-05
6.809616093e-05
6.599695542e-05
6.504932431e-05
6.397549214e-05
6.24608975e-05
6.111910507e-05
5.983456998e-05
5.942714156e-05
5.881991056e-05
5.594512259e-05
5.560878732e-05
5.47358116e-05
5.411501776e-05
5.236898548e-05
5.104996618e-05
4.902540394e-05
4.747077862e-05
4.731958732e-05
4.592716903e-05
4.350243065e-05
4.324663358e-05
4.160576681e-05
4.031702169e-05
3.85936969e-05
3.819190168e-05
3.606876159e-05
3.530383326e-05
3.33105867e-05
3.25720102e-05
3.178557335e-05
3.042019979e-05
2.946269376e-05
2.809759825e-05
2.728009187e-05
2.586614756e-05
2.521036217e-05
2.432030123e-05
2.364727359e-05
2.186783177e-05
2.135855821e-05
2.028499347e-05
1.934118583e-05
1.847148941e-05
1.757734e-05
1.651079873e-05
1.595247117e-05
1.541189277e-05
1.475095158e-05
1.368423322e-05
1.352020975e-05
1.248318582e-05
1.173329734e-05
1.129970825e-05
1.063477399e-05
9.552801981e-06
9.463682695e-06
8.684365189e-06
8.62902702e-06
7.868966588e-06
7.577274656e-06
6.934717449e-06
6.331720598e-06
6.056073991e-06
5.773364337e-06
5.478803179e-06
4.954473287e-06
4.723257449e-06
4.41973775e-06
4.314464876e-06
3.866021661e-06
3.626667973e-06
3.521696076e-06
3.171558636e-06
3.135398504e-06
2.661872621e-06
2.522224475e-06
2.535191781e-06
2.088443984e-06
2.057746896e-06
1.849069513e-06
1.619120639e-06
1.522240602e-06
1.476618487e-06
1.371666148e-06
1.186669974e-06
1.236420709e-06
1.01674238e-06
9.494176466e-07
8.384076456e-07
8.773160182e-07
7.199660357e-07
7.531880928e-07
6.617524219e-07
5.610234435e-07
6.116720516e-07
5.845924088e-07
5.091269822e-07
5.222460753e-07
4.792332228e-07
4.207649057e-07
3.77263403e-07
3.757438383e-07
3.669295546e-07
3.117197816e-07
3.437162827e-07
3.279858145e-07
2.633577512e-07
2.764526858e-07
2.591367211e-07
2.432828632e-07
2.28668955e-07
2.194765381e-07
1.96256973e-07
2.038563868e-07
1.861503361e-07
1.825520971e-07
1.550848019e-07
2.025571557e-07
1.86664092e-07
1.523677121e-07
1.341840801e-07
1.168872229e-07
1.365594563e-07
1.204463745e-07
1.700695686e-07
1.128027264e-07
1.694754981e-07
1.15192725e-07
1.268514242e-07
1.33666623e-07
1.270909091e-07
9.415241975e-08
1.577746111e-07
1.162950529e-07
1.042778215e-07
1.416785153e-07
1.198306554e-07
1.366177707e-07
1.368647788e-07
7.811549326e-08
1.116368315e-07
1.099346105e-07
5.107419774e-08
1.113988272e-07
6.90696165e-08
9.506091168e-08
8.941792695e-08
7.806833453e-08
8.054686093e-08
7.545840541e-08
8.750039828e-08
9.952959592e-08
5.732623885e-08
6.598149826e-08
7.662907253e-08
1.050703449e-07
8.767788992e-08
9.151583281e-08
9.791566797e-08
1.013412014e-07
1.081102961e-07
1.02568489e-07
1.175167433e-07
8.56657659e-08
1.216287408e-07
1.140948364e-07
9.287129101e-08
1.117687539e-07
1.205787577e-07
1.314825611e-07
7.431128974e-08
7.251436936e-08
9.383764484e-08
1.159265415e-07
7.027951092e-08
9.154862408e-08
8.53578437e-08
7.684444578e-08
7.90841142e-08
1.092424745e-07
1.053783284e-07
8.49683949e-08
7.118013349e-08
1.234292201e-07
8.412660297e-08
8.406283527e-08
7.203109962e-08
7.95930607e-08
9.976230178e-08
8.346673892e-08
9.403270408e-08
8.886881586e-08
1.059132385e-07
8.13158199e-08
9.701792579e-08
1.009465833e-07
1.195063679e-07
1.22039055e-07
9.956499536e-08
1.510975531e-07
7.638287346e-08
1.004957639e-07
1.122400867e-07
1.14626427e-07
6.759959793e-08
8.316484324e-08
1.062523187e-07
1.311433239e-07
1.095680173e-07
1.077128065e-07
6.804993201e-08
1.103579716e-07
1.411771238e-07
1.223878757e-07
1.023896616e-07
1.404543377e-07
1.06649112e-07
1.31869034e-07
7.909232322e-08
8.130133523e-08
9.180172017e-08
7.586188402e-08
1.118427412e-07
1.139577432e-07
9.388585213e-08
8.607187772e-08
1.07950679e-07
9.285288096e-08
1.403503791e-07
8.015432622e-08
8.110604077e-08
5.136124069e-08
9.25889377e-08
9.61830939e-08
6.171697847e-08
7.376299314e-08
7.528177044e-08
6.730490692e-08
6.079797232e-08
7.342671088e-08
8.685398049e-08
7.085785458e-08
7.495813887e-08
7.029652256e-08
9.510987225e-08
7.991732461e-08
1.072805048e-07
7.298435835e-08
7.54952791e-08
9.596514815e-08
1.147107882e-07
6.175781301e-08
1.02229238e-07
6.74853422e-08
5.909858274e-08
7.834488366e-08
6.928996996e-08
9.463366793e-08
1.188271088e-07
8.285613455e-08
1.087941263e-07
7.530877192e-08
7.520917149e-08
3.976817961e-08
6.581471421e-08
9.099467386e-08
6.121927935e-08
9.546286906e-08
1.216118924e-07
7.152689472e-08
7.806968356e-08
8.229689426e-08
8.706826153e-08
6.712864836e-08
9.106928712e-08
6.230076379e-08
6.077495849e-08
1.383433991e-07
1.096499754e-07
1.097253695e-07
1.195754124e-07
8.100220156e-08
7.70179653e-08
1.027870807e-07
1.219636194e-07
8.784464445e-08
7.022717098e-08
7.843371495e-08
1.131490436e-07
9.921124569e-08
9.401593438e-08
8.866335134e-08
8.150357018e-08
7.933943276e-08
5.461563579e-08
5.714697655e-08
9.948384119e-08
6.848586927e-08
1.262774209e-07
1.000319799e-07
7.697720404e-08
8.940865892e-08
7.789694251e-08
9.779273849e-08
8.410182241e-08
8.526689436e-08
1.240623587e-07
8.93551307e-08
8.990397836e-08
1.039872214e-07
6.60628324e-08
8.421990366e-08
6.267531045e-08
6.796780998e-08
9.079769171e-08
7.070178783e-08
8.595016991e-08
7.601438656e-08
6.412970377e-08
4.906742418e-08
3.815037887e-08
3.639939846e-08
7.218816909e-08
8.209358959e-08
3.137754893e-08
7.550789156e-08
7.570621587e-08
5.839660421e-08
5.666318493e-08
6.93533186e-08
5.442424523e-08
6.786353237e-08
1.134715455e-07
7.140772993e-08
7.279762583e-08
4.314889741e-08
5.383424371e-08
8.408328169e-08
4.987017978e-08
5.325290392e-08
5.131049538e-08
5.048337552e-08
5.343672076e-08
6.707070885e-08
5.771805954e-08
7.959584867e-08
6.345919628e-08
8.740625633e-08
5.26962536e-08
4.378140422e-08
8.377264521e-08
6.14179578e-08
1.014413652e-07
8.87850745e-08
7.29086747e-08
6.927338657e-08
4.313685999e-08
6.29057752e-08
5.954403812e-08
5.335692159e-08
5.300440602e-08
6.558478078e-08
8.257349303e-08
9.067337952e-08
7.752368098e-08
6.029793435e-08
7.373196492e-08
7.7635435e-08
6.414180165e-08
6.662942531e-08
6.955817102e-08
4.978792975e-08
4.667982974e-08
6.550902197e-08
6.54626353e-08
5.369479088e-08
6.684859573e-08
9.411307234e-08
6.522705705e-08
7.659538043e-08
1.177797801e-07
1.082719057e-07
1.068451308e-07
1.013435983e-07
7.95253296e-08
7.013105731e-08
7.959706297e-08
5.210299008e-08
7.733778622e-08
8.970957605e-08
7.210076863e-08
3.267942289e-08
8.507882396e-08
3.451018066e-08
8.401632268e-08
4.425961963e-08
6.450626521e-08
4.487036328e-08
7.320216798e-08
8.590157334e-08
6.699421525e-08
8.294375159e-08
6.78591074e-08
8.905899606e-08
7.48957081e-08
3.927298592e-08
4.535155641e-08
9.321991081e-08
8.721662351e-08
9.48971591e-08
9.587068637e-08
1.219189815e-07
8.515580793e-08
9.875869552e-08
8.611306147e-08
8.033789825e-08
6.161974933e-08
8.411033328e-08
1.209632682e-07
8.04800663e-08
7.525326371e-08
1.082638987e-07
6.640140539e-08
9.453689109e-08
8.395012504e-08
9.804885627e-08
8.611142457e-08
8.034794196e-08
6.806514741e-08
5.751405104e-08
1.01024334e-07
7.909671881e-08
7.66363204e-08
6.945683962e-08
8.266672226e-08
8.298391635e-08
9.241310716e-08
6.07099247e-08
9.910665227e-08
7.196218959e-08
5.001113504e-08
9.230826542e-08
8.581584259e-08
8.857754017e-08
7.569079886e-08
7.097175531e-08
7.227265672e-08
6.242269691e-08
7.54623768e-08
4.903325122e-08
5.986917871e-08
7.061472533e-08
7.776586985e-08
5.906128534e-08
5.055347438e-08
7.752087286e-08
6.217710149e-08
8.731984729e-08
7.91044318e-08
9.558259113e-08
8.449547238e-08
6.771050795e-08
7.459813567e-08
5.704560078e-08
7.013457462e-08
9.182121653e-08
5.92004275e-08
4.898465658e-08
8.532893476e-08
5.155755906e-08
7.644890572e-08
7.625484968e-08
9.320401375e-08
4.648559657e-08
3.908011729e-08
7.513027692e-08
8.32749622e-08
8.079717457e-08
4.925531453e-08
3.987506391e-08
5.67166887e-08
8.570584119e-08
4.87766601e-08
5.895266318e-08
3.750040501e-08
3.353438273e-08
4.385778026e-08
2.920432987e-08
5.661322492e-08
9.579270894e-08
7.66566168e-08
6.342533259e-08
6.399269504e-08
3.974792976e-08
4.159549454e-08
6.478707965e-08
4.78108117e-08
4.995969972e-08
2.829757966e-08
6.225282531e-08
9.276317124e-08
3.167519189e-08
5.706934752e-08
4.28191752e-08
4.516336192e-08
4.846418724e-08
6.330813648e-08
5.050584688e-08
3.585866762e-08
5.054288102e-08
4.66367614e-08
2.550477444e-08
6.003897692e-08
4.920836229e-08
4.956523222e-08
6.205197247e-08
6.991422619e-08
6.19584542e-08
4.6712028e-08
6.417120177e-08
4.832002311e-08
4.242357195e-08
7.214809585e-08
6.793822122e-08
6.048152515e-08
5.602286182e-08
5.959371905e-08
6.480616437e-08
5.436878829e-08
3.886172246e-08
4.788500456e-08
5.766576391e-08
6.00537973e-08
7.8088956e-08
6.906043814e-08
6.085302152e-08
3.02923389e-08
7.354808126e-08
7.00799241e-08
5.203756209e-08
3.588209455e-08
4.801196143e-08
5.126150126e-08
5.191289083e-08
4.980881842e-08
3.99134063e-08
7.381211241e-08
5.225171581e-08
3.204069909e-08
3.848868508e-08
8.729604088e-08
7.617306974e-08
6.333078249e-08
5.657088674e-08
6.439619108e-08
3.956513916e-08
4.189548969e-08
1.164345711e-07
4.168427272e-08
6.036601242e-08
5.346034668e-08
6.9743658e-08
3.365054056e-08
5.807582634e-08
8.912166039e-08
3.708601795e-08
4.786591545e-08
6.507824791e-08
5.161143528e-08
4.086124167e-08
4.81217564e-08
3.182634114e-08
3.54754226e-08
7.004724766e-08
5.763316481e-08
4.823002041e-08
4.901167199e-08
3.363788085e-08
4.596222964e-08
6.408792097e-08
2.698412958e-08
5.753595389e-08
6.835562522e-08
5.095018527e-08
4.381050215e-08
4.672280826e-08
7.523769043e-08
5.051109744e-08
4.57968572e-08
5.11560398e-08
4.744950257e-08
3.706648762e-08
1.004763929e-07
5.383162383e-08
6.11394e-08
5.309973544e-08
7.516188917e-08
2.66794804e-08
3.684524958e-08
5.303752949e-08
2.188867079e-08
5.099479144e-08
3.153653273e-08
3.495402546e-08
3.982115089e-08
3.61511261e-08
4.544465783e-08
3.524850397e-08
4.861547755e-08
3.002892625e-08
5.652770041e-08
5.335116452e-08
4.54200848e-08
3.638816134e-08
3.4642479e-08
4.272239252e-08
5.989161435e-08
8.945816218e-08
5.0164436e-08
4.123759435e-08
6.80363324e-08
5.392838794e-08
3.821186201e-08
5.584028354e-08
5.235286354e-08
5.590560149e-08
8.967356042e-08
2.26373891e-08
4.208149533e-08
3.723689918e-08
6.459351634e-08
1.300065535e-08
5.319419766e-08
4.97831533e-08
3.914687321e-08
6.257846057e-08
6.839533715e-08
4.650738844e-08
4.52323706e-08
3.146966153e-08
2.636535737e-08
4.258068451e-08
2.720610097e-08
3.787570706e-08
3.986833473e-08
4.789395734e-08
4.971870051e-08
6.866991987e-08
3.273120697e-08
4.651566833e-08
2.998615755e-08
1.837993552e-08
4.371599037e-08
4.101987521e-08
7.179760969e-08
5.374614046e-08
4.390880643e-08
3.96724253e-08
5.980256841e-08
7.880107641e-08
4.265070569e-08
5.254048723e-08
6.174155504e-08
5.412581074e-08
4.685486353e-08
3.314803146e-08
6.085479536e-08
5.031379028e-08
2.753681025e-08
3.331651778e-08
4.910323437e-08
4.325422524e-08
3.158023835e-08
1.81974139e-08
6.658200824e-08
1.982433798e-08
3.294007104e-08
2.732740023e-08
7.438905351e-08
1.032817034e-07
6.841493264e-08
6.30885763e-08
4.827697234e-08
1.976195682e-08
2.367180077e-08
4.396821179e-08
2.372920291e-08
4.037576213e-08
4.78126545e-08
3.725836305e-08
4.855604213e-08
2.993797615e-08
5.104008424e-08
5.275208422e-08
5.529225364e-08
3.535879313e-08
5.30136896e-08
3.962334442e-08
4.012968023e-08
1.946579763e-08
4.128479232e-08
4.348090079e-08
6.347988755e-08
3.818408895e-08
4.335778624e-08
3.69022738e-08
3.595465983e-08
4.388293438e-08
6.086665711e-08
3.475387361e-08
2.251564205e-08
2.849475417e-08
4.560671608e-08
5.575658375e-08
5.421887958e-08
4.136598602e-08
3.123305262e-08
3.877630687e-08
2.311957801e-08
2.50340447e-08
3.236399231e-08
3.17044553e-08
5.817344481e-08
2.252640434e-08
2.731305894e-08
5.784996685e-08
4.416854336e-08
3.302106493e-08
2.738254517e-08
3.560399475e-08
3.509449112e-08
3.336146872e-08
5.734217844e-08
3.45055987e-08
3.673459684e-08
5.467234273e-08
5.978512412e-08
3.781406025e-08
3.520817026e-08
2.652852678e-08
3.166205692e-08
2.879409347e-08
4.385112656e-08
3.62558269e-08
3.214795257e-08
5.647927406e-08
4.888165197e-08
3.330942476e-08
3.501793679e-08
5.410699454e-08
4.554345136e-08
4.280317104e-08
4.960098712e-08
2.185596544e-08
5.206395234e-08
2.205396006e-08
3.277328232e-08
3.831547705e-08
3.561375399e-08
5.176795552e-08
7.390579548e-08
7.139172107e-08
4.139108375e-08
4.312720675e-08
2.926663943e-08
4.346846123e-08
2.636060068e-08
4.475300459e-08
2.707828108e-08
4.582785939e-08
3.636541315e-08
4.309618206e-08
4.060160064e-08
2.700476883e-08
5.421385589e-08
6.120898732e-08
6.255175322e-08
6.191349014e-08
2.651004471e-08
3.213730302e-08
5.567081264e-08
1.313915527e-08
6.05311528e-08
5.072592844e-08
4.370524885e-08
4.786991054e-08
2.051873645e-08
4.049559847e-08
3.252747168e-08
3.908793006e-08
4.213937368e-08
3.972964403e-08
5.616735934e-08
4.030481892e-08
3.491124647e-08
1.626879807e-08
3.130025386e-08
2.604089127e-08
2.187290042e-08
3.885955838e-08
3.323628403e-08
1.657524595e-08
2.827876271e-08
3.834173928e-08
3.219239623e-08
5.192572993e-08
4.660705946e-08
5.873136651e-08
4.797927022e-08
4.101483237e-08
3.323392141e-08
3.714287481e-08
3.479023736e-08
2.410331525e-08
2.566145261e-08
1.483990924e-08
1.661971686e-08
3.194999015e-08
1.479269345e-08
3.71018637e-08
2.579370067e-08
2.509152506e-08
2.926061217e-08
1.552515793e-08
1.861786221e-08
4.344052852e-08
4.970286392e-08
2.869674196e-08
2.986974584e-08
4.568638014e-08
3.077641915e-08
1.873609487e-08
4.237690021e-08
3.46549834e-08
3.202668999e-08
3.009202768e-08
2.928975789e-08
2.322546505e-08
3.987586465e-08
1.092535694e-07
2.62928409e-08
6.599334386e-08
1.732296053e-08
1.95467676e-08
4.482145091e-08
7.114824591e-08
3.017079215e-08
4.747587273e-08
5.357793098e-08
4.486046121e-08
3.535289224e-08
6.760583067e-08
4.365654924e-08
4.358857847e-08
4.92302609e-08
5.894449438e-08
4.618005972e-08
2.807143247e-08
4.227328879e-08
4.142830961e-08
3.513469571e-08
3.940326023e-08
2.29693656e-08
4.426485723e-08
3.260500406e-08
2.838177553e-08
2.207745157e-08
2.871409594e-08
4.256398335e-08
2.794904741e-08
4.171379151e-08
4.460783495e-08
4.522967272e-08
5.30854056e-08
4.837053463e-08
2.320657286e-08
3.675006069e-08
2.576216202e-08
5.144434602e-08
3.520773121e-08
5.269489476e-08
4.288878749e-08
3.269149926e-08
4.786617954e-08
2.14957657e-08
5.509609953e-08
2.986909032e-08
5.644585183e-08
6.814220332e-08
3.341837814e-08
3.985583063e-08
4.318281806e-08
3.80974549e-08
3.349460618e-08
4.305571728e-08
3.221171474e-08
4.611445307e-08
8.079183803e-08
4.501537475e-08
5.176213453e-08
3.886540376e-08
4.04732525e-08
4.354338448e-08
2.589822919e-08
4.258724868e-08
3.648151414e-08
5.615429232e-08
3.153315322e-08
3.925546836e-08
2.928149085e-08
4.529372694e-08
2.490858219e-08
5.072012845e-08
6.322620568e-08
9.087373823e-08
4.087377072e-08
5.921200188e-08
4.534723668e-08
5.875258332e-08
4.380833072e-08
6.34398867e-08
4.708346636e-08
2.871110186e-08
4.002117555e-08
6.293940785e-08
4.120915409e-08
4.107888625e-08
5.42956192e-08
6.491161892e-08
4.494205871e-08
6.382279968e-08
4.921378522e-08
2.677383912e-08
2.37854368e-08
4.348443463e-08
3.842869965e-08
9.056261512e-09
2.064945421e-08
4.392720545e-08
4.630064516e-08
3.554768896e-08
3.964084716e-08
3.400910215e-08
8.603577096e-08
1.255138719e-07
4.86641318e-08
6.714100026e-08
6.631708633e-08
2.787834986e-08
3.029171759e-08
5.871684292e-08
3.032964193e-08
6.1495611e-08
3.597015714e-08
3.553221122e-08
3.237048134e-08
3.11679576e-08
1.58500879e-08
4.614583682e-08
4.162040442e-08
1.350830079e-08
4.040064665e-08
4.03898363e-08
2.900451376e-08
4.725633111e-08
3.491811033e-08
2.411871431e-08
1.804561486e-08
4.09625948e-08
4.140031678e-08
6.402213145e-08
3.16062065e-08
3.281706024e-08
7.078604555e-08
5.616499624e-08
4.74861685e-08
3.58668381e-08
3.926507207e-08
4.923497755e-08
1.895574963e-08
3.060886657e-08
2.267540238e-08
3.090884521e-08
6.348064948e-08
1.677096761e-08
5.940734208e-08
5.74805709e-08
5.494519911e-08
1.557827924e-08
4.636291724e-08
2.959491484e-08
4.236075175e-08
3.506834815e-08
2.857796538e-08
7.436747549e-08
2.539929647e-08
3.062624782e-08
3.453004044e-08
2.827603082e-08
2.02075778e-08
4.42924524e-08
2.409176042e-08
2.045809312e-08
4.856686169e-08
2.355218419e-08
2.961078891e-08
3.668800558e-08
3.81935246e-08
3.008312512e-08
4.088407627e-08
7.786158286e-08
3.814126487e-08
3.088046367e-08
5.185597535e-08
2.77026473e-08
5.463142871e-08
2.065819986e-08
3.226588525e-08
2.596188121e-08
3.641303153e-08
3.216521453e-08
5.491601133e-08
3.601403952e-08
5.215687602e-08
4.25239794e-08
3.893760273e-08
7.490532047e-08
4.62464848e-08
4.937990651e-08
7.041926063e-08
2.521005056e-08
3.170944773e-08
3.760845867e-08
3.624532133e-08
1.228369593e-08
4.710227771e-08
1.889114587e-08
4.591217552e-08
3.538698075e-08
3.553479475e-08
3.393730223e-08
2.862592339e-08
3.072851979e-08
4.602226842e-08
2.012085172e-08
2.042716233e-08
7.83993769e-09
1.514087065e-08
3.239448667e-08
2.630646505e-08
2.232189068e-08
2.98991231e-08
6.293766118e-08
3.189843324e-08
2.232059765e-08
7.200539848e-08
1.322263182e-08
2.553198339e-08
2.820314237e-08
4.383340185e-08
2.790905238e-08
2.858873935e-08
4.056727137e-08
3.552043944e-08
9.739424304e-08
2.689653175e-08
2.739600617e-08
4.680133859e-08
6.620060012e-08
2.998170294e-08
3.43741594e-08
3.938821414e-08
4.455598483e-08
2.952768837e-08
4.129573036e-08
3.468670801e-08
1.503120025e-08
3.093911422e-08
3.012663212e-08
3.346177909e-08
3.33174465e-08
1.211936666e-08
5.385533258e-08
3.822435477e-08
2.126073824e-08
3.051425149e-08
5.129210371e-08
3.248825319e-08
3.155262814e-08
3.478013386e-08
4.765339265e-08
1.654787614e-08
3.118093518e-08
3.69776483e-08
3.340444029e-08
4.800951763e-08
1.986016946e-08
2.010236621e-08
3.030988125e-08
3.077584062e-08
3.989168085e-08
7.2295169e-08
3.320197799e-08
2.393284003e-08
1.560960566e-08
2.69507083e-08
2.363005442e-08
2.812243068e-08
2.55556504e-08
6.19231078e-08
3.589066046e-08
1.926711358e-08
2.202320909e-08
2.283917355e-08
4.611720687e-08
3.858824693e-08
3.825980448e-08
3.235643467e-08
3.029027526e-08
2.323809598e-08
1.719485435e-08
2.149328611e-08
1.607370971e-08
2.30363674e-08
1.664573046e-08
1.673422584e-08
1.951449459e-08
1.147534212e-08
2.218757955e-08
1.221270159e-08
2.371845074e-08
2.226725519e-08
2.491331608e-08
3.660375044e-08
2.857765909e-08
1.808109836e-08
1.874088272e-08
1.566827239e-08
2.653529991e-08
2.518996951e-08
2.024293678e-08
1.147684729e-08
1.286591032e-08
1.907002848e-08
2.149957978e-08
2.288174066e-08
3.552152811e-08
1.546681404e-08
3.641783796e-08
2.945915152e-08
3.981362366e-08
3.463602539e-08
2.667678314e-08
2.512508e-08
3.183292892e-08
5.256319556e-08
2.546644328e-08
4.024103829e-08
6.942476906e-08
1.987820943e-08
4.739485434e-08
1.522025824e-08
2.097838899e-08
2.728420252e-08
2.059526164e-08
8.29119439e-08
2.604586536e-08
1.523291616e-08
2.218486543e-08
2.938272516e-08
3.491807834e-08
1.152862552e-08
1.535892301e-08
1.667870095e-08
4.401962892e-08
4.377475851e-08
1.762056898e-08
1.612190789e-08
1.081506407e-08
2.386176787e-08
2.198041346e-08
2.203299997e-08
2.374793038e-08
1.987574099e-08
1.118788976e-08
1.524225855e-08
2.726044222e-08
2.503161902e-08
2.723257029e-08
1.45068717e-08
1.186120239e-08
3.24713945e-08
2.715151893e-08
9.759538084e-09
1.797917354e-08
2.146537946e-08
3.574185026e-08
1.063265652e-08
1.39588421e-08
1.699061654e-08
2.691636845e-08
3.30629607e-08
6.202567871e-08
1.527537448e-08
9.364278795e-09
2.012717599e-08
2.776294795e-08
1.602634249e-08
2.785780217e-08
2.603591338e-08
1.61011921e-08
2.147478508e-08
2.076325292e-08
2.707300408e-08
7.015044029e-09
1.975844136e-08
1.329480889e-08
7.250024704e-09
2.539183201e-08
1.823915161e-08
8.923735698e-09
1.319981034e-08
2.203379626e-08
3.653996221e-08
1.02673885e-08
1.410687023e-08
2.681943676e-08
1.88515031e-08
1.855963614e-08
2.580431448e-08
5.865228471e-08
2.715419216e-08
4.649656523e-08
4.992853358e-08
1.336450873e-08
2.110254179e-08
2.37131472e-08
9.589146514e-09
3.011193964e-08
9.915400932e-09
2.434494579e-08
7.644404508e-08
2.345466968e-08
2.627500999e-08
3.249060104e-08
1.843606189e-08
1.9374262e-08
3.415631801e-08
2.954593334e-08
2.56700152e-09
2.418369888e-08
2.032869167e-08
2.262219246e-08
1.988113454e-08
1.665511377e-08
2.738439502e-08
4.125939637e-08
1.681859645e-08
7.05997533e-09
2.196540575e-08
1.911736402e-08
2.612039817e-08
1.374010176e-08
7.812687922e-09
3.497995182e-08
7.212711694e-09
2.859476501e-08
2.06785012e-08
2.497584965e-08
1.730717734e-08
1.695527611e-08
1.055419304e-08
8.680801146e-09
2.042252837e-08
8.557647119e-09
2.4169684e-08
1.823776851e-08
1.421107572e-08
9.100377521e-09
1.286261752e-08
1.985269831e-08
1.628297184e-08
4.120524889e-08
1.893553273e-08
1.299911477e-08
2.106002842e-08
