#################################### 
# Matrix Size= (25,25,400)
# Resol      = (1,1,4000)
# VoxelSize  = (25,25,0.1)
# nbVal      = 4000
#################################### 
1.694949694e-05
1.732500496e-05
1.757563158e-05
1.782411496e-05
1.805811146e-05
1.806775936e-05
1.811058324e-05
1.809883746e-05
1.819267803e-05
1.820667336e-05
1.828605881e-05
1.822851723e-05
1.830171708e-05
1.824864361e-05
1.817186686e-05
1.806529819e-05
1.848679662e-05
1.811485671e-05
1.834255075e-05
1.839247625e-05
1.809257822e-05
1.83114652e-05
1.854059086e-05
1.837232802e-05
1.820150795e-05
1.814716108e-05
1.902381764e-05
1.846377407e-05
1.870519786e-05
1.850814876e-05
1.864034842e-05
1.850660389e-05
1.804707676e-05
1.831043567e-05
1.844823892e-05
1.85773696e-05
1.871772093e-05
1.875639277e-05
1.870411383e-05
1.837420656e-05
1.8490242e-05
1.835639951e-05
1.833150471e-05
1.8238131e-05
1.848777411e-05
1.866764013e-05
1.853476115e-05
1.855917921e-05
1.852776022e-05
1.81139158e-05
1.851786283e-05
1.877969387e-05
1.847305836e-05
1.860618094e-05
1.875609035e-05
1.86656406e-05
1.881841049e-05
1.900118664e-05
1.886991926e-05
1.860458072e-05
1.863609131e-05
1.901040991e-05
1.860298801e-05
1.871101888e-05
1.871483706e-05
1.88198159e-05
1.87885675e-05
1.860328539e-05
1.831735657e-05
1.852905608e-05
1.865895147e-05
1.875088256e-05
1.873832499e-05
1.853300159e-05
1.90907006e-05
1.887840506e-05
1.884327948e-05
1.908648961e-05
1.892464349e-05
1.871159149e-05
1.887879048e-05
1.90166908e-05
1.899130714e-05
1.891442022e-05
1.903773946e-05
1.913105713e-05
1.88050275e-05
1.883731908e-05
1.881999649e-05
1.882741407e-05
1.867635299e-05
1.928206861e-05
1.917089914e-05
1.876832034e-05
1.902551828e-05
1.915192246e-05
1.905817678e-05
1.897705151e-05
1.895371172e-05
1.908609219e-05
1.865855875e-05
1.918402995e-05
1.929512989e-05
1.901371608e-05
1.887795238e-05
1.875902925e-05
1.905488051e-05
1.914144537e-05
1.893394439e-05
1.889680793e-05
1.8818547e-05
1.894177843e-05
1.896587419e-05
1.930277998e-05
1.880113709e-05
1.92307626e-05
1.906397688e-05
1.875626748e-05
1.915808254e-05
1.90690015e-05
1.915701468e-05
1.929209479e-05
1.875356172e-05
1.889537869e-05
1.902939516e-05
1.90376296e-05
1.90340312e-05
1.920233539e-05
1.887847334e-05
1.902223468e-05
1.918895081e-05
1.906083579e-05
1.913200214e-05
1.925399148e-05
1.909557129e-05
1.909058056e-05
1.899987725e-05
1.878578028e-05
1.905302679e-05
1.902370641e-05
1.916222974e-05
1.902185301e-05
1.922839465e-05
1.931159484e-05
1.911838123e-05
1.934921907e-05
1.894538707e-05
1.941045545e-05
1.914952326e-05
1.927735857e-05
1.912445928e-05
1.9420371e-05
1.920743867e-05
1.912110416e-05
1.892849566e-05
1.901725252e-05
1.955949557e-05
1.960936598e-05
1.934757054e-05
1.938798229e-05
1.920660891e-05
1.908016805e-05
1.936077465e-05
1.911704057e-05
1.970341027e-05
1.955832092e-05
1.896428638e-05
1.934803502e-05
1.935879677e-05
1.954181226e-05
1.953323534e-05
1.952121651e-05
1.935217595e-05
1.918623139e-05
1.921111569e-05
1.905106911e-05
1.894491449e-05
1.915361334e-05
1.92502358e-05
1.906433222e-05
1.944160673e-05
1.911579233e-05
1.934978651e-05
1.928633919e-05
1.939278519e-05
1.926541932e-05
1.94592476e-05
1.909808149e-05
1.941660992e-05
1.920655544e-05
1.959025911e-05
1.950627177e-05
1.949629953e-05
1.923737116e-05
1.943141006e-05
1.930880709e-05
1.934423664e-05
1.955855314e-05
1.951326573e-05
1.950376125e-05
1.932334287e-05
1.934758026e-05
1.967620089e-05
1.970896634e-05
1.952075479e-05
1.933170865e-05
1.952319041e-05
1.957231282e-05
1.933210707e-05
1.947530856e-05
1.949525156e-05
1.981216878e-05
1.94953312e-05
1.971917109e-05
1.98088448e-05
1.956813787e-05
1.954696408e-05
1.968860518e-05
1.956076749e-05
1.980392547e-05
1.969412845e-05
1.951739673e-05
1.954932912e-05
1.954664922e-05
1.940303901e-05
1.967123649e-05
1.93559868e-05
1.944999992e-05
1.959509359e-05
1.986862483e-05
1.921866889e-05
1.948818734e-05
1.933516524e-05
1.951378293e-05
1.983116283e-05
1.936906071e-05
1.963340014e-05
1.91725192e-05
1.980652595e-05
1.96561459e-05
1.950129847e-05
1.94445016e-05
1.971961979e-05
1.95427605e-05
1.962025651e-05
1.970909057e-05
1.949253644e-05
1.937745368e-05
1.974969993e-05
1.964106516e-05
1.968449901e-05
1.967172932e-05
1.978339652e-05
1.962608562e-05
1.969478453e-05
1.977059074e-05
1.940964298e-05
1.943905469e-05
1.937938459e-05
1.972577464e-05
1.947236893e-05
1.987237161e-05
1.976698439e-05
1.98862172e-05
1.968217109e-05
1.962104196e-05
1.973269018e-05
1.97416296e-05
2.003662219e-05
1.957872458e-05
1.975668265e-05
1.952226671e-05
1.952135348e-05
1.984083723e-05
1.961466407e-05
1.979554032e-05
1.967180777e-05
1.958678711e-05
1.969230368e-05
2.007592497e-05
1.983761349e-05
1.96729652e-05
1.98638884e-05
1.989916864e-05
1.981382103e-05
1.977748628e-05
2.027592279e-05
1.99542505e-05
1.972981645e-05
1.978386214e-05
2.020030286e-05
1.981718497e-05
1.959525774e-05
1.9642299e-05
1.970059986e-05
2.027927716e-05
2.000755089e-05
1.949117147e-05
1.956820765e-05
2.008147825e-05
1.962125363e-05
1.990653134e-05
1.989818424e-05
2.0058324e-05
1.981443994e-05
1.983418775e-05
1.970130568e-05
1.983360634e-05
1.97049105e-05
1.989445743e-05
1.965459506e-05
1.968944935e-05
1.969074821e-05
1.981705815e-05
1.978919512e-05
1.972997876e-05
1.994582947e-05
1.979976651e-05
2.018912112e-05
1.977201762e-05
2.008255095e-05
2.012368053e-05
2.011849202e-05
1.998618318e-05
1.983422177e-05
2.013020692e-05
1.983372641e-05
2.009004028e-05
2.017196261e-05
2.011140283e-05
1.97826042e-05
2.000909906e-05
1.965311876e-05
1.982091122e-05
1.989431756e-05
2.00711616e-05
2.000808472e-05
2.004625897e-05
1.989661935e-05
2.002487915e-05
1.990446678e-05
1.99801976e-05
1.9859554e-05
1.993269588e-05
1.99781133e-05
1.997284299e-05
1.975556329e-05
2.000264737e-05
2.007335553e-05
2.02856994e-05
2.026473421e-05
2.038749225e-05
1.994120008e-05
2.015707674e-05
1.995637695e-05
1.995515673e-05
2.00865422e-05
1.95508023e-05
1.975531195e-05
1.994010289e-05
1.983104981e-05
1.98504271e-05
2.011324933e-05
2.019888322e-05
1.986068948e-05
2.02111195e-05
2.01105086e-05
1.980107707e-05
1.968119012e-05
2.007453009e-05
2.011474837e-05
2.001333406e-05
2.024884102e-05
1.988228094e-05
1.999844641e-05
2.034793517e-05
2.017332152e-05
1.990456423e-05
2.028231794e-05
2.038763796e-05
1.969799143e-05
1.979352308e-05
1.978752822e-05
1.992427661e-05
1.994778985e-05
2.012586949e-05
2.010798753e-05
1.978882212e-05
2.039182737e-05
1.992029823e-05
1.994113957e-05
2.017639425e-05
1.992238713e-05
2.004458156e-05
2.006678624e-05
2.018502275e-05
2.025429258e-05
1.996148986e-05
2.008549795e-05
1.989879952e-05
2.00193495e-05
2.008114124e-05
2.012320564e-05
2.005473515e-05
2.020172533e-05
2.017312751e-05
1.986622591e-05
2.039652303e-05
2.016619251e-05
1.999926684e-05
2.00611035e-05
2.031326847e-05
2.049038039e-05
2.021458212e-05
2.033125258e-05
2.007749681e-05
2.011024129e-05
2.005448092e-05
2.012287795e-05
2.006180558e-05
2.003354025e-05
2.002796086e-05
2.00976062e-05
2.035438471e-05
1.990912616e-05
2.001498242e-05
1.993575762e-05
2.036887897e-05
2.004163359e-05
2.029185479e-05
1.982663615e-05
2.018294698e-05
2.004958756e-05
2.029466009e-05
2.00647862e-05
2.013181681e-05
2.032841702e-05
2.000900929e-05
1.993394527e-05
2.052872835e-05
1.999935229e-05
2.00183022e-05
1.998357383e-05
2.043180851e-05
2.000475554e-05
2.003547514e-05
2.014164105e-05
2.017076508e-05
2.024223919e-05
2.031611891e-05
2.033674219e-05
2.026309507e-05
2.013832567e-05
2.053108053e-05
2.03671206e-05
2.054889525e-05
2.032196242e-05
2.043461311e-05
2.029765725e-05
2.036304194e-05
2.021349962e-05
2.03794678e-05
2.019425227e-05
2.035334925e-05
2.044933738e-05
2.061502723e-05
2.048594719e-05
2.017325556e-05
2.025297478e-05
2.028249752e-05
2.042103727e-05
2.007083582e-05
2.036936286e-05
2.038257273e-05
2.049215853e-05
2.057734876e-05
2.05631483e-05
2.013618603e-05
2.059576542e-05
2.034961808e-05
2.054367155e-05
2.008391501e-05
1.999889688e-05
2.046777083e-05
2.052853025e-05
2.023291285e-05
2.039075963e-05
2.022627879e-05
2.02760017e-05
2.031443058e-05
2.027748924e-05
1.983398992e-05
2.004857795e-05
2.036093582e-05
2.031785741e-05
2.046220929e-05
2.030237171e-05
2.045051578e-05
2.023000534e-05
2.028055697e-05
2.056215824e-05
2.036884726e-05
2.034483634e-05
2.073581562e-05
2.040341329e-05
2.044878099e-05
2.028520762e-05
2.070869966e-05
2.050597277e-05
2.057350932e-05
2.04636559e-05
2.046494939e-05
2.030272548e-05
2.071605506e-05
2.039606101e-05
2.025229812e-05
2.017477434e-05
2.005846379e-05
2.018379087e-05
2.094076897e-05
2.031568441e-05
2.048299371e-05
2.04445649e-05
2.050219167e-05
2.031960155e-05
2.055814917e-05
2.059634199e-05
2.057589581e-05
2.036343106e-05
2.024486315e-05
2.043936162e-05
2.071898455e-05
2.087864847e-05
2.010494343e-05
2.034523287e-05
2.035489298e-05
2.042593528e-05
2.048511113e-05
2.067509397e-05
2.045855375e-05
2.096378032e-05
2.077901916e-05
2.046108708e-05
2.062273159e-05
2.022396886e-05
2.060271988e-05
2.087805281e-05
2.049436924e-05
2.07755045e-05
2.030752556e-05
2.028282137e-05
2.0687312e-05
2.073623088e-05
2.032688448e-05
2.079022912e-05
2.077139318e-05
2.040688277e-05
2.035474685e-05
2.046013068e-05
2.071750154e-05
2.06477499e-05
2.08617215e-05
2.049016768e-05
2.046868279e-05
2.048541627e-05
2.048200674e-05
2.058059652e-05
2.052005537e-05
2.084713668e-05
2.012578307e-05
2.04740634e-05
2.02332543e-05
2.051097101e-05
2.016802351e-05
2.045849728e-05
2.055612798e-05
2.044407983e-05
2.035778762e-05
2.047638923e-05
2.023571358e-05
2.052061093e-05
2.021476192e-05
2.052219892e-05
2.031762452e-05
2.061458545e-05
2.03522479e-05
2.052450853e-05
2.078846057e-05
2.068409178e-05
2.064127947e-05
2.063310852e-05
2.068410027e-05
2.070236121e-05
2.069764502e-05
2.04284911e-05
2.057945589e-05
2.044257922e-05
2.030024242e-05
2.077916357e-05
2.070618525e-05
2.073383574e-05
2.057237103e-05
2.075967432e-05
2.068186782e-05
2.055921208e-05
2.06577636e-05
2.07604174e-05
2.077024763e-05
2.042143063e-05
2.063635436e-05
2.061737862e-05
2.05305213e-05
2.059271389e-05
2.05066112e-05
2.059045099e-05
2.047698619e-05
2.051152752e-05
2.042974251e-05
2.044965914e-05
2.036442672e-05
2.071211467e-05
2.044399774e-05
2.090095903e-05
2.053140109e-05
2.042217872e-05
2.050745307e-05
2.096199295e-05
2.048339417e-05
2.047811812e-05
2.029605751e-05
2.042235314e-05
2.059733808e-05
2.039350355e-05
2.077113321e-05
2.085995914e-05
2.060205988e-05
2.093001535e-05
2.086978427e-05
2.041330973e-05
2.074872414e-05
2.018280743e-05
2.05817612e-05
2.059590997e-05
2.065176815e-05
2.060960194e-05
2.051133858e-05
2.042798918e-05
2.0741124e-05
2.0471836e-05
2.089330411e-05
2.051443392e-05
2.091878247e-05
2.077505692e-05
2.034131112e-05
2.042952946e-05
2.063854695e-05
2.063784756e-05
2.080340062e-05
2.024991484e-05
2.05345653e-05
2.055780117e-05
2.095900348e-05
2.032351551e-05
2.038733118e-05
2.093559732e-05
2.093784835e-05
2.042986755e-05
2.074588744e-05
2.055791328e-05
2.073494379e-05
2.068418105e-05
2.056187939e-05
2.096706313e-05
2.078060175e-05
2.093661595e-05
2.066877735e-05
2.052508632e-05
2.060915465e-05
2.056626337e-05
2.057047323e-05
2.038954482e-05
2.106325552e-05
2.044652301e-05
2.017947299e-05
2.072259662e-05
2.07813825e-05
2.05479153e-05
2.092338056e-05
2.050811387e-05
2.080621093e-05
2.03316625e-05
2.092201221e-05
2.077397718e-05
2.077391533e-05
2.070081991e-05
2.077961524e-05
2.10094546e-05
2.078179682e-05
2.088727789e-05
2.088136195e-05
2.019733003e-05
2.077436822e-05
2.066174173e-05
2.074578165e-05
2.09977867e-05
2.071791049e-05
2.1173955e-05
2.087275398e-05
2.076095995e-05
2.057821714e-05
2.08351009e-05
2.06717074e-05
2.080192815e-05
2.098238357e-05
2.10519675e-05
2.061992116e-05
2.102208049e-05
2.078937109e-05
2.082580987e-05
2.068038352e-05
2.083770085e-05
2.094800391e-05
2.081444927e-05
2.104213965e-05
2.093779843e-05
2.099033886e-05
2.101314376e-05
2.063678048e-05
2.045320448e-05
2.079243268e-05
2.080361945e-05
2.102540301e-05
2.060027616e-05
2.091320736e-05
2.115781288e-05
2.080756891e-05
2.043238699e-05
2.05334941e-05
2.064168172e-05
2.079217406e-05
2.067039189e-05
2.064797111e-05
2.09688304e-05
2.074767737e-05
2.068587453e-05
2.101030242e-05
2.062734118e-05
2.078061479e-05
2.093582331e-05
2.090529288e-05
2.082328755e-05
2.063882035e-05
2.095969012e-05
2.063578845e-05
2.094527181e-05
2.067238712e-05
2.058508232e-05
2.093065346e-05
2.093954912e-05
2.070553551e-05
2.059362454e-05
2.080896915e-05
2.058378952e-05
2.073710666e-05
2.076473836e-05
2.055778455e-05
2.095134303e-05
2.1208598e-05
2.067396687e-05
2.091529074e-05
2.083468348e-05
2.087802259e-05
2.051490622e-05
2.0916796e-05
2.076327294e-05
2.050578913e-05
2.049236194e-05
2.06694409e-05
2.07519691e-05
2.05608017e-05
2.042642338e-05
2.073420598e-05
2.081764691e-05
2.042500197e-05
2.055127543e-05
2.065199408e-05
2.090132185e-05
2.079988283e-05
2.062131385e-05
2.071445915e-05
2.069490813e-05
2.07496334e-05
2.072634766e-05
2.076328977e-05
2.068824285e-05
2.081664272e-05
2.056564425e-05
2.091806075e-05
2.075055835e-05
2.077374221e-05
2.077659017e-05
2.067851157e-05
2.118547693e-05
2.048418163e-05
2.089048571e-05
2.114957999e-05
2.058426587e-05
2.083049814e-05
2.070317209e-05
2.112187843e-05
2.047233471e-05
2.037699999e-05
2.078608606e-05
2.104198855e-05
2.080787266e-05
2.094879726e-05
2.109438472e-05
2.099192099e-05
2.090555784e-05
2.075304827e-05
2.090311884e-05
2.0651351e-05
2.057534515e-05
2.07802305e-05
2.074957224e-05
2.100095477e-05
2.070339139e-05
2.077536022e-05
2.080102215e-05
2.043403914e-05
2.115225327e-05
2.084209822e-05
2.079549074e-05
2.100226288e-05
2.079180948e-05
2.066500895e-05
2.082640016e-05
2.099280193e-05
2.092923383e-05
2.083985067e-05
2.100742157e-05
2.07976808e-05
2.10370179e-05
2.111448964e-05
2.102184412e-05
2.081000822e-05
2.086454399e-05
2.094943272e-05
2.092764797e-05
2.084951714e-05
2.109359909e-05
2.104367746e-05
2.083699036e-05
2.091324202e-05
2.072561945e-05
2.059109111e-05
2.089337531e-05
2.07700055e-05
2.13593613e-05
2.09159552e-05
2.067528179e-05
2.111264797e-05
2.122987581e-05
2.073667498e-05
2.102226365e-05
2.092539872e-05
2.075427148e-05
2.068213041e-05
2.044226216e-05
2.090439283e-05
2.083814168e-05
2.125663874e-05
2.084209232e-05
2.105185295e-05
2.139563616e-05
2.096939082e-05
2.102849062e-05
2.108818031e-05
2.099783638e-05
2.087051855e-05
2.099557629e-05
2.109408422e-05
2.09033846e-05
2.091573693e-05
2.122400555e-05
2.083320293e-05
2.082279205e-05
2.090635448e-05
2.12674213e-05
2.118951198e-05
2.094134765e-05
2.122550065e-05
2.12151665e-05
2.089791373e-05
2.085557156e-05
2.11545136e-05
2.077028604e-05
2.094698613e-05
2.059384435e-05
2.096760653e-05
2.111046346e-05
2.094707537e-05
2.123535598e-05
2.137861977e-05
2.140204768e-05
2.107162211e-05
2.104266253e-05
2.12379949e-05
2.087409734e-05
2.095991696e-05
2.084996145e-05
2.101234923e-05
2.080969074e-05
2.09941102e-05
2.11383473e-05
2.088389783e-05
2.110829791e-05
2.099815783e-05
2.074904785e-05
2.104231311e-05
2.125120188e-05
2.108785928e-05
2.116356351e-05
2.087414632e-05
2.118790322e-05
2.078740253e-05
2.073947574e-05
2.09458747e-05
2.115087969e-05
2.13342695e-05
2.099188127e-05
2.096268819e-05
2.119033685e-05
2.101280452e-05
2.129875719e-05
2.109517438e-05
2.129129314e-05
2.104437118e-05
2.09167039e-05
2.102790811e-05
2.129941881e-05
2.113077655e-05
2.137079549e-05
2.127529409e-05
2.11224903e-05
2.104792108e-05
2.097079135e-05
2.10557953e-05
2.112081211e-05
2.137295218e-05
2.093575723e-05
2.111983311e-05
2.117518792e-05
2.142121722e-05
2.113361235e-05
2.110393475e-05
2.070752118e-05
2.098887873e-05
2.12388058e-05
2.070283293e-05
2.118324128e-05
2.134036332e-05
2.150440778e-05
2.088632153e-05
2.120947276e-05
2.127102282e-05
2.155261002e-05
2.111925629e-05
2.119511412e-05
2.112519945e-05
2.124400911e-05
2.114415755e-05
2.122904418e-05
2.081960084e-05
2.138897497e-05
2.139142054e-05
2.115749476e-05
2.108404298e-05
2.097752881e-05
2.110009105e-05
2.141146175e-05
2.110474875e-05
2.116626679e-05
2.113864635e-05
2.129514172e-05
2.138433267e-05
2.135099506e-05
2.10633778e-05
2.091331172e-05
2.09025039e-05
2.125443248e-05
2.121946841e-05
2.125722128e-05
2.114558345e-05
2.130324502e-05
2.074941355e-05
2.15532065e-05
2.135116058e-05
2.143622814e-05
2.135673896e-05
2.121885986e-05
2.111919435e-05
2.129838404e-05
2.139017609e-05
2.09118716e-05
2.142843717e-05
2.145085898e-05
2.14560157e-05
2.131137972e-05
2.149634183e-05
2.119289773e-05
2.135394782e-05
2.145299729e-05
2.128825794e-05
2.1167394e-05
2.139584443e-05
2.111285871e-05
2.148538514e-05
2.10848089e-05
2.102994522e-05
2.106990128e-05
2.131719114e-05
2.141973074e-05
2.150148467e-05
2.138090144e-05
2.13050437e-05
2.124193921e-05
2.106850935e-05
2.089286004e-05
2.124892766e-05
2.128174224e-05
2.147024388e-05
2.1340306e-05
2.113124183e-05
2.120231868e-05
2.176305456e-05
2.15247776e-05
2.136672151e-05
2.146020245e-05
2.13657293e-05
2.100870508e-05
2.136577394e-05
2.158429503e-05
2.178367559e-05
2.142802712e-05
2.177480147e-05
2.192750887e-05
2.137368327e-05
2.144075473e-05
2.164323854e-05
2.156115697e-05
2.146868538e-05
2.147505608e-05
2.150062839e-05
2.158480817e-05
2.148676054e-05
2.133214301e-05
2.133665082e-05
2.163868486e-05
2.151113101e-05
2.124878614e-05
2.171388389e-05
2.140574346e-05
2.119450289e-05
2.162890145e-05
2.115422976e-05
2.171418468e-05
2.141773691e-05
2.110040559e-05
2.155204216e-05
2.106018998e-05
2.165786283e-05
2.129235261e-05
2.129112396e-05
2.13411179e-05
2.138894967e-05
2.168580403e-05
2.153433294e-05
2.157046334e-05
2.155760201e-05
2.125441021e-05
2.136774287e-05
2.137897834e-05
2.113841951e-05
2.087777996e-05
2.142330809e-05
2.12278079e-05
2.132395317e-05
2.167554456e-05
2.176797192e-05
2.125814686e-05
2.110245555e-05
2.11578224e-05
2.151014511e-05
2.139534749e-05
2.157662167e-05
2.100416942e-05
2.146959303e-05
2.20096713e-05
2.123008498e-05
2.163431992e-05
2.140768228e-05
2.141835305e-05
2.150367699e-05
2.135410869e-05
2.134426646e-05
2.09736644e-05
2.133923442e-05
2.125255759e-05
2.158801389e-05
2.163327568e-05
2.124117084e-05
2.113240173e-05
2.144266347e-05
2.159436096e-05
2.118740255e-05
2.126545679e-05
2.142174519e-05
2.149233492e-05
2.145470241e-05
2.144424337e-05
2.158683713e-05
2.118777245e-05
2.148141155e-05
2.170661858e-05
2.133866279e-05
2.18124052e-05
2.123999815e-05
2.155545823e-05
2.149651051e-05
2.165711247e-05
2.129550858e-05
2.132274578e-05
2.15422013e-05
2.145907293e-05
2.163834572e-05
2.133621409e-05
2.161534779e-05
2.145300023e-05
2.158642099e-05
2.16179057e-05
2.154560236e-05
2.15218091e-05
2.15986356e-05
2.134459025e-05
2.160674098e-05
2.144546248e-05
2.146969925e-05
2.140631152e-05
2.18915354e-05
2.131953961e-05
2.120693643e-05
2.185280993e-05
2.163726203e-05
2.14469699e-05
2.157199108e-05
2.141846302e-05
2.14554448e-05
2.157642907e-05
2.145909672e-05
2.143145562e-05
2.189925973e-05
2.156390462e-05
2.178187711e-05
2.152537806e-05
2.185775795e-05
2.13099073e-05
2.157451999e-05
2.1641809e-05
2.135266013e-05
2.115655124e-05
2.156066107e-05
2.131932834e-05
2.174611563e-05
2.138527532e-05
2.14361482e-05
2.148376087e-05
2.176063834e-05
2.158162543e-05
2.158875744e-05
2.140116929e-05
2.156993774e-05
2.178892871e-05
2.206502562e-05
2.165523232e-05
2.162614889e-05
2.174391226e-05
2.107672394e-05
2.162010402e-05
2.179463083e-05
2.176872426e-05
2.145005317e-05
2.173539343e-05
2.142970591e-05
2.18246494e-05
2.13783895e-05
2.159826991e-05
2.194405314e-05
2.148047491e-05
2.177059682e-05
2.156722916e-05
2.174744753e-05
2.165305121e-05
2.165566766e-05
2.176145422e-05
2.188498572e-05
2.201444031e-05
2.182843006e-05
2.191228231e-05
2.17750227e-05
2.138627173e-05
2.162115702e-05
2.174005439e-05
2.185931795e-05
2.161382026e-05
2.189466428e-05
2.167469025e-05
2.170986415e-05
2.142824013e-05
2.152337914e-05
2.155223592e-05
2.17365838e-05
2.172961655e-05
2.176605816e-05
2.165542013e-05
2.187963636e-05
2.192264149e-05
2.165494336e-05
2.193608499e-05
2.18494477e-05
2.178719217e-05
2.176366122e-05
2.202309443e-05
2.174058614e-05
2.174260718e-05
2.150209138e-05
2.175180888e-05
2.153950572e-05
2.173669729e-05
2.158004482e-05
2.188157874e-05
2.179510735e-05
2.18643428e-05
2.167493162e-05
2.167726061e-05
2.141774142e-05
2.169413158e-05
2.134826181e-05
2.17350472e-05
2.156701397e-05
2.157862881e-05
2.152413397e-05
2.202358018e-05
2.198182602e-05
2.200123204e-05
2.185210125e-05
2.168060339e-05
2.169058133e-05
2.200320378e-05
2.188835445e-05
2.217614962e-05
2.163505915e-05
2.177401537e-05
2.192435606e-05
2.168188062e-05
2.152672225e-05
2.184679665e-05
2.174764586e-05
2.180862592e-05
2.176716778e-05
2.212992948e-05
2.173499317e-05
2.188965656e-05
2.227809899e-05
2.20189042e-05
2.197478065e-05
2.213074739e-05
2.166630253e-05
2.18418008e-05
2.192551585e-05
2.219567558e-05
2.179109468e-05
2.175334754e-05
2.190004991e-05
2.175392357e-05
2.16493476e-05
2.170919783e-05
2.201907519e-05
2.193729027e-05
2.213811431e-05
2.166847063e-05
2.162356254e-05
2.169675602e-05
2.157085322e-05
2.185954792e-05
2.170252576e-05
2.194810587e-05
2.177000087e-05
2.197019974e-05
2.168917292e-05
2.162839958e-05
2.220283504e-05
2.174916559e-05
2.235057318e-05
2.193270342e-05
2.204285996e-05
2.195168172e-05
2.175232109e-05
2.183844713e-05
2.174129024e-05
2.171683266e-05
2.208372953e-05
2.158736549e-05
2.165339966e-05
2.175378412e-05
2.150141219e-05
2.179086859e-05
2.223789139e-05
2.18911313e-05
2.196531761e-05
2.192563919e-05
2.194912687e-05
2.204817171e-05
2.168001347e-05
2.16973898e-05
2.201967415e-05
2.22912129e-05
2.193926378e-05
2.184221325e-05
2.198344721e-05
2.197102535e-05
2.177292739e-05
2.169775972e-05
2.159984492e-05
2.182247845e-05
2.216645333e-05
2.178074672e-05
2.194454606e-05
2.195092473e-05
2.218644291e-05
2.1980164e-05
2.198287385e-05
2.159946577e-05
2.227855975e-05
2.178838192e-05
2.209595141e-05
2.204505957e-05
2.166465487e-05
2.192559392e-05
2.172107171e-05
2.173803013e-05
2.194110026e-05
2.196405868e-05
2.172507979e-05
2.200485468e-05
2.177939043e-05
2.169127892e-05
2.209880381e-05
2.188190442e-05
2.175155797e-05
2.184739908e-05
2.224952824e-05
2.214406825e-05
2.197214033e-05
2.18808392e-05
2.206025097e-05
2.216440201e-05
2.202063539e-05
2.194114748e-05
2.188130164e-05
2.196010026e-05
2.205264274e-05
2.168311724e-05
2.268071783e-05
2.21728426e-05
2.208660687e-05
2.213145751e-05
2.19743167e-05
2.206093015e-05
2.184292544e-05
2.181830839e-05
2.228893761e-05
2.192412208e-05
2.209054472e-05
2.217852216e-05
2.189249753e-05
2.221251224e-05
2.210924752e-05
2.215558913e-05
2.190722217e-05
2.202561308e-05
2.183856376e-05
2.250092453e-05
2.241584624e-05
2.20627008e-05
2.20752114e-05
2.20186662e-05
2.227750113e-05
2.241810264e-05
2.20050026e-05
2.20492902e-05
2.216406694e-05
2.191268673e-05
2.23680174e-05
2.195553034e-05
2.212569953e-05
2.186177672e-05
2.238206089e-05
2.214190993e-05
2.200434648e-05
2.225211417e-05
2.20876525e-05
2.203653646e-05
2.182332522e-05
2.259915024e-05
2.203929357e-05
2.221639329e-05
2.218229416e-05
2.185680647e-05
2.206410091e-05
2.23724987e-05
2.248018204e-05
2.201557153e-05
2.211833516e-05
2.18358743e-05
2.200108783e-05
2.194652423e-05
2.211898198e-05
2.241097964e-05
2.22962476e-05
2.252361755e-05
2.220239783e-05
2.240877502e-05
2.203811301e-05
2.197903961e-05
2.202040498e-05
2.234124902e-05
2.210360969e-05
2.240246537e-05
2.209776173e-05
2.226152786e-05
2.201944632e-05
2.250866404e-05
2.229457796e-05
2.213344683e-05
2.188905806e-05
2.250551873e-05
2.239623417e-05
2.247581626e-05
2.231683613e-05
2.238250859e-05
2.214643652e-05
2.21828182e-05
2.218870264e-05
2.248414693e-05
2.229462547e-05
2.239012133e-05
2.252581371e-05
2.229835077e-05
2.21534108e-05
2.223255858e-05
2.222919508e-05
2.23896324e-05
2.286110034e-05
2.26457801e-05
2.252927832e-05
2.251060602e-05
2.2319485e-05
2.19934905e-05
2.228957445e-05
2.223832072e-05
2.245087715e-05
2.257847255e-05
2.237456033e-05
2.223372938e-05
2.245805468e-05
2.208296423e-05
2.229560838e-05
2.226135697e-05
2.244134917e-05
2.236950197e-05
2.219999979e-05
2.196433926e-05
2.239950356e-05
2.228574518e-05
2.238363419e-05
2.235375439e-05
2.22932426e-05
2.201650123e-05
2.238129016e-05
2.225912867e-05
2.253706179e-05
2.235332696e-05
2.260810058e-05
2.239957692e-05
2.216085435e-05
2.253767992e-05
2.259391476e-05
2.19146336e-05
2.25639131e-05
2.24279869e-05
2.247051595e-05
2.250513306e-05
2.243790201e-05
2.248079223e-05
2.227282528e-05
2.255699633e-05
2.252433281e-05
2.243152388e-05
2.290543694e-05
2.233159337e-05
2.250049587e-05
2.231769019e-05
2.301939876e-05
2.23711792e-05
2.23801833e-05
2.241321448e-05
2.200916481e-05
2.229177928e-05
2.263611344e-05
2.226843991e-05
2.266263263e-05
2.258718211e-05
2.246348386e-05
2.228832153e-05
2.257084704e-05
2.290514096e-05
2.249123571e-05
2.221621936e-05
2.251715526e-05
2.24127864e-05
2.256455609e-05
2.264729041e-05
2.190811361e-05
2.258182303e-05
2.258996704e-05
2.270739963e-05
2.262683269e-05
2.258891823e-05
2.205157792e-05
2.278771734e-05
2.266378524e-05
2.28286833e-05
2.283970586e-05
2.235071762e-05
2.277371518e-05
2.252250207e-05
2.252093759e-05
2.271419233e-05
2.291319733e-05
2.208947466e-05
2.27693957e-05
2.284693825e-05
2.301793687e-05
2.264520926e-05
2.281541239e-05
2.283100221e-05
2.249451302e-05
2.255244183e-05
2.264223355e-05
2.247304895e-05
2.254999595e-05
2.283771266e-05
2.242417215e-05
2.256314995e-05
2.271129095e-05
2.288417881e-05
2.2746456e-05
2.23736231e-05
2.272542583e-05
2.258815516e-05
2.253166823e-05
2.288480243e-05
2.279347803e-05
2.274507911e-05
2.266656383e-05
2.266005495e-05
2.230489613e-05
2.283833286e-05
2.268041631e-05
2.271088072e-05
2.257630417e-05
2.274508117e-05
2.275520221e-05
2.24738228e-05
2.255427629e-05
2.247927006e-05
2.240526075e-05
2.233238904e-05
2.288475067e-05
2.259787758e-05
2.245787943e-05
2.233596466e-05
2.305333078e-05
2.270136296e-05
2.270129044e-05
2.266612322e-05
2.287332138e-05
2.241655051e-05
2.265454693e-05
2.286366282e-05
2.276116951e-05
2.289953425e-05
2.275320398e-05
2.233639072e-05
2.284851258e-05
2.230690873e-05
2.28291169e-05
2.332247562e-05
2.271034858e-05
2.254969922e-05
2.281668336e-05
2.239636346e-05
2.295742433e-05
2.251522558e-05
2.254243516e-05
2.288379902e-05
2.277137099e-05
2.280840288e-05
2.279435506e-05
2.290753026e-05
2.291407189e-05
2.284308067e-05
2.283596686e-05
2.316565333e-05
2.289402937e-05
2.286140668e-05
2.286389927e-05
2.28841703e-05
2.282907261e-05
2.293598569e-05
2.307632464e-05
2.263989493e-05
2.268458305e-05
2.2996497e-05
2.248368043e-05
2.304747723e-05
2.260476524e-05
2.303850975e-05
2.259942614e-05
2.288597171e-05
2.3076612e-05
2.352692443e-05
2.284204727e-05
2.280584672e-05
2.296049542e-05
2.239205653e-05
2.278081889e-05
2.290932993e-05
2.288322191e-05
2.306633526e-05
2.280526031e-05
2.301862038e-05
2.300841125e-05
2.257747672e-05
2.268722783e-05
2.280328608e-05
2.274907193e-05
2.292501862e-05
2.281941476e-05
2.285326976e-05
2.307007993e-05
2.293210963e-05
2.306686727e-05
2.317744825e-05
2.326062526e-05
2.295850955e-05
2.270457037e-05
2.24321416e-05
2.278080015e-05
2.332436179e-05
2.312174399e-05
2.30691672e-05
2.317752745e-05
2.295893158e-05
2.273328413e-05
2.313731385e-05
2.326877767e-05
2.302104501e-05
2.315018448e-05
2.339067273e-05
2.294436949e-05
2.303397359e-05
2.290589648e-05
2.304547521e-05
2.295815029e-05
2.301297534e-05
2.315406386e-05
2.288676421e-05
2.352269569e-05
2.324789328e-05
2.31472759e-05
2.322128465e-05
2.312402036e-05
2.268277545e-05
2.318481681e-05
2.305908945e-05
2.310194915e-05
2.323730859e-05
2.304327132e-05
2.324893666e-05
2.309284204e-05
2.290420374e-05
2.3193872e-05
2.314760013e-05
2.314603243e-05
2.373760154e-05
2.298985186e-05
2.318307954e-05
2.277797984e-05
2.319516493e-05
2.329755877e-05
2.327014652e-05
2.318619552e-05
2.337751755e-05
2.324907092e-05
2.303923966e-05
2.332337079e-05
2.340695896e-05
2.299238802e-05
2.331485026e-05
2.379429538e-05
2.305559258e-05
2.359643153e-05
2.316902167e-05
2.288897377e-05
2.349735196e-05
2.304090905e-05
2.316972325e-05
2.309566573e-05
2.314974359e-05
2.33112343e-05
2.312254117e-05
2.330048036e-05
2.349465704e-05
2.307493736e-05
2.340724725e-05
2.316654751e-05
2.366231261e-05
2.331310503e-05
2.340608826e-05
2.324833495e-05
2.32877753e-05
2.368790793e-05
2.335705035e-05
2.361764287e-05
2.330584122e-05
2.306278348e-05
2.360011217e-05
2.362120779e-05
2.345836008e-05
2.358586241e-05
2.343103239e-05
2.341972447e-05
2.337602718e-05
2.346785735e-05
2.323310457e-05
2.32053427e-05
2.319093529e-05
2.359838276e-05
2.360963774e-05
2.339139571e-05
2.330711142e-05
2.372054583e-05
2.341045604e-05
2.317499434e-05
2.344138303e-05
2.336083164e-05
2.349757068e-05
2.345547534e-05
2.375627741e-05
2.352027278e-05
2.365031253e-05
2.34482962e-05
2.353977368e-05
2.338052338e-05
2.344460523e-05
2.347430292e-05
2.372186779e-05
2.3015576e-05
2.360406969e-05
2.357873911e-05
2.367214086e-05
2.291355795e-05
2.353702626e-05
2.373316483e-05
2.354413883e-05
2.369581058e-05
2.355039583e-05
2.364223401e-05
2.35177814e-05
2.355423288e-05
2.331524988e-05
2.356014969e-05
2.312137917e-05
2.355659162e-05
2.328978172e-05
2.376747355e-05
2.326485513e-05
2.340464889e-05
2.374158808e-05
2.390086976e-05
2.381136065e-05
2.350067051e-05
2.3572111e-05
2.345734843e-05
2.340627202e-05
2.37689942e-05
2.347852211e-05
2.348596894e-05
2.336556596e-05
2.340957893e-05
2.366986311e-05
2.3415539e-05
2.383778306e-05
2.356006349e-05
2.360186177e-05
2.363025012e-05
2.357452653e-05
2.362867243e-05
2.388345989e-05
2.40808156e-05
2.396924772e-05
2.358589894e-05
2.376993247e-05
2.351570384e-05
2.390630695e-05
2.356100639e-05
2.395534416e-05
2.388652767e-05
2.36270829e-05
2.395409991e-05
2.381670606e-05
2.392888261e-05
2.373039661e-05
2.381913052e-05
2.338804041e-05
2.38094561e-05
2.369424782e-05
2.377750755e-05
2.33995537e-05
2.402919735e-05
2.390813385e-05
2.384463193e-05
2.356162155e-05
2.397951814e-05
2.412980475e-05
2.397903466e-05
2.381188433e-05
2.419632889e-05
2.361979273e-05
2.398014315e-05
2.364438224e-05
2.416191699e-05
2.396599864e-05
2.349962863e-05
2.405949803e-05
2.385833942e-05
2.364407415e-05
2.404710774e-05
2.443166691e-05
2.39195097e-05
2.427493581e-05
2.402271162e-05
2.393808687e-05
2.392574172e-05
2.419829666e-05
2.395337047e-05
2.361656012e-05
2.422209659e-05
2.429057979e-05
2.393696876e-05
2.392184966e-05
2.425927246e-05
2.435190099e-05
2.408204844e-05
2.407164362e-05
2.447218751e-05
2.400279364e-05
2.401732087e-05
2.410365672e-05
2.438752631e-05
2.388664805e-05
2.439186202e-05
2.429873246e-05
2.43276975e-05
2.425322664e-05
2.434977642e-05
2.431950956e-05
2.425671376e-05
2.432227468e-05
2.404895808e-05
2.396784936e-05
2.462285703e-05
2.387151133e-05
2.429772846e-05
2.462963886e-05
2.43911557e-05
2.415738501e-05
2.380752714e-05
2.417444492e-05
2.440498128e-05
2.427636155e-05
2.432251586e-05
2.413227465e-05
2.440896815e-05
2.405947022e-05
2.460370338e-05
2.395342933e-05
2.435194337e-05
2.44803205e-05
2.469373667e-05
2.437145041e-05
2.439958006e-05
2.447757573e-05
2.418195452e-05
2.430901016e-05
2.454635582e-05
2.468889911e-05
2.436937483e-05
2.403125503e-05
2.437764477e-05
2.437132722e-05
2.439801718e-05
2.418489626e-05
2.471749832e-05
2.4433568e-05
2.465758363e-05
2.454281635e-05
2.449499761e-05
2.484965316e-05
2.429120336e-05
2.411473526e-05
2.485946261e-05
2.408784979e-05
2.473643329e-05
2.451092556e-05
2.476404978e-05
2.458468213e-05
2.441281934e-05
2.461061378e-05
2.450063379e-05
2.447707143e-05
2.4932063e-05
2.445944815e-05
2.489438004e-05
2.493918553e-05
2.473883561e-05
2.45900739e-05
2.470832869e-05
2.450676772e-05
2.473363304e-05
2.428929611e-05
2.466647398e-05
2.502942188e-05
2.442600151e-05
2.43362184e-05
2.457018745e-05
2.513517429e-05
2.46263282e-05
2.471683023e-05
2.50676499e-05
2.480390387e-05
2.488633211e-05
2.493277815e-05
2.476589411e-05
2.494862819e-05
2.465993343e-05
2.46598725e-05
2.452250734e-05
2.49424351e-05
2.485925626e-05
2.550007908e-05
2.511141131e-05
2.481533684e-05
2.46368875e-05
2.480443384e-05
2.48185104e-05
2.502017302e-05
2.486912935e-05
2.502620467e-05
2.535597166e-05
2.482008845e-05
2.51871148e-05
2.482665818e-05
2.51536581e-05
2.509418238e-05
2.484058088e-05
2.528552735e-05
2.505346239e-05
2.50437724e-05
2.474916967e-05
2.450763263e-05
2.49289389e-05
2.490520932e-05
2.526006899e-05
2.505855875e-05
2.534646508e-05
2.462557989e-05
2.513607701e-05
2.474795012e-05
2.523142299e-05
2.468890006e-05
2.521446064e-05
2.531107891e-05
2.519159924e-05
2.502948064e-05
2.505513859e-05
2.517350663e-05
2.491931383e-05
2.497077028e-05
2.491473084e-05
2.473202848e-05
2.516081974e-05
2.517659491e-05
2.51659162e-05
2.512063294e-05
2.514488634e-05
2.532800062e-05
2.526630235e-05
2.508849905e-05
2.505440874e-05
2.526554363e-05
2.489432486e-05
2.503010665e-05
2.553374676e-05
2.517828943e-05
2.567773768e-05
2.533094738e-05
2.487350797e-05
2.49129956e-05
2.51570396e-05
2.476062059e-05
2.515991861e-05
2.553462095e-05
2.514137579e-05
2.522111349e-05
2.527633435e-05
2.555044551e-05
2.54744223e-05
2.547338176e-05
2.520412614e-05
2.511992037e-05
2.549605161e-05
2.571988463e-05
2.563459798e-05
2.520402289e-05
2.549840609e-05
2.548093128e-05
2.54156069e-05
2.52970115e-05
2.48371596e-05
2.54981262e-05
2.615166697e-05
2.570841407e-05
2.522327171e-05
2.554613755e-05
2.57445514e-05
2.536613189e-05
2.514950345e-05
2.527479675e-05
2.53297216e-05
2.583288109e-05
2.542079284e-05
2.545854988e-05
2.570363196e-05
2.529444603e-05
2.567963832e-05
2.574058124e-05
2.560518737e-05
2.532156374e-05
2.55877363e-05
2.602182056e-05
2.546774197e-05
2.572360832e-05
2.546637351e-05
2.559658495e-05
2.593746335e-05
2.574901416e-05
2.572927792e-05
2.600805726e-05
2.569727161e-05
2.646895855e-05
2.616421162e-05
2.577818022e-05
2.540961573e-05
2.57697977e-05
2.55646276e-05
2.595756236e-05
2.567749535e-05
2.554999603e-05
2.562168391e-05
2.582432695e-05
2.597681441e-05
2.586547351e-05
2.549502471e-05
2.541324186e-05
2.61121494e-05
2.568026855e-05
2.60792414e-05
2.607000887e-05
2.614308891e-05
2.597523198e-05
2.618843281e-05
2.62610415e-05
2.572310917e-05
2.588824234e-05
2.566657237e-05
2.601460132e-05
2.594226078e-05
2.571963535e-05
2.579154396e-05
2.579709847e-05
2.646941708e-05
2.582873274e-05
2.610198469e-05
2.627576502e-05
2.635923397e-05
2.654385995e-05
2.591694861e-05
2.646380275e-05
2.618224271e-05
2.623030742e-05
2.636921243e-05
2.635745205e-05
2.613953175e-05
2.607378809e-05
2.625781766e-05
2.593404723e-05
2.638918305e-05
2.613682187e-05
2.611644009e-05
2.605725241e-05
2.621152954e-05
2.613424981e-05
2.642646138e-05
2.623495621e-05
2.623144781e-05
2.633492761e-05
2.630534455e-05
2.622169554e-05
2.621370261e-05
2.646214253e-05
2.675511262e-05
2.638289562e-05
2.614622657e-05
2.660246713e-05
2.647714585e-05
2.630409809e-05
2.636008983e-05
2.667981069e-05
2.655338539e-05
2.646106545e-05
2.678666983e-05
2.633678643e-05
2.648413513e-05
2.640525074e-05
2.648435773e-05
2.66804484e-05
2.640680179e-05
2.664828836e-05
2.701691813e-05
2.689323901e-05
2.665333355e-05
2.677622375e-05
2.663633176e-05
2.669080099e-05
2.687605452e-05
2.626397486e-05
2.696604137e-05
2.678858016e-05
2.680319034e-05
2.678700915e-05
2.690221711e-05
2.695909512e-05
2.706347637e-05
2.70435429e-05
2.703713668e-05
2.690162033e-05
2.670377735e-05
2.629922005e-05
2.689184963e-05
2.694843949e-05
2.722456969e-05
2.653079116e-05
2.684973802e-05
2.737628879e-05
2.693654825e-05
2.735634413e-05
2.671883147e-05
2.716306794e-05
2.712654324e-05
2.685779852e-05
2.712257055e-05
2.683001411e-05
2.702766382e-05
2.741521899e-05
2.800020079e-05
2.739490835e-05
2.69688633e-05
2.709255655e-05
2.75667806e-05
2.70271741e-05
2.729957493e-05
2.759074366e-05
2.785250506e-05
2.763203462e-05
2.731147472e-05
2.729433632e-05
2.715747066e-05
2.689980988e-05
2.754355824e-05
2.701404969e-05
2.722427839e-05
2.70004763e-05
2.699723941e-05
2.75750642e-05
2.76294469e-05
2.734441163e-05
2.75924346e-05
2.779509094e-05
2.748887205e-05
2.734702949e-05
2.768845751e-05
2.772515156e-05
2.780425689e-05
2.76237983e-05
2.761988785e-05
2.783259852e-05
2.731792839e-05
2.732856285e-05
2.772384898e-05
2.7907644e-05
2.810045757e-05
2.772953004e-05
2.75416825e-05
2.758516789e-05
2.802098464e-05
2.772742465e-05
2.76787028e-05
2.761216028e-05
2.760774738e-05
2.762051824e-05
2.803074047e-05
2.799489303e-05
2.805036146e-05
2.816544312e-05
2.799182175e-05
2.761697925e-05
2.794987064e-05
2.800448092e-05
2.815910799e-05
2.795412383e-05
2.778483251e-05
2.835862666e-05
2.850768656e-05
2.802345484e-05
2.814059301e-05
2.793604587e-05
2.801272026e-05
2.836858761e-05
2.788974579e-05
2.806931219e-05
2.822916411e-05
2.830869461e-05
2.800358799e-05
2.799068801e-05
2.846263022e-05
2.859865356e-05
2.824347561e-05
2.818978092e-05
2.840116841e-05
2.871659402e-05
2.840606418e-05
2.86780784e-05
2.860166838e-05
2.852849397e-05
2.878416072e-05
2.821012618e-05
2.897913598e-05
2.810056924e-05
2.855235546e-05
2.799529648e-05
2.833066962e-05
2.838708476e-05
2.86642048e-05
2.845862598e-05
2.899124508e-05
2.833364339e-05
2.937639177e-05
2.859738851e-05
2.853569682e-05
2.913276439e-05
2.911496381e-05
2.848178569e-05
2.904862149e-05
2.907260314e-05
2.885015195e-05
2.895110453e-05
2.894452526e-05
2.915916897e-05
2.906228755e-05
2.926813538e-05
2.867094828e-05
2.896895404e-05
2.93100928e-05
2.93042476e-05
2.902573622e-05
2.909706722e-05
2.913908337e-05
2.932717217e-05
2.945870032e-05
2.945745012e-05
2.900127514e-05
2.917672288e-05
2.967999104e-05
2.943599119e-05
2.965283018e-05
2.929896107e-05
2.920529741e-05
2.974711597e-05
2.92013102e-05
2.993309e-05
2.999207078e-05
3.0007978e-05
2.905591704e-05
2.968765059e-05
2.967416945e-05
2.961527339e-05
2.953066684e-05
3.017752877e-05
2.943212257e-05
2.992557156e-05
2.994483128e-05
2.971355836e-05
3.028128271e-05
2.996933264e-05
2.989316968e-05
3.021944579e-05
2.970787518e-05
3.034819602e-05
2.995769116e-05
2.991898612e-05
3.034261774e-05
2.978504467e-05
3.088272646e-05
3.01436461e-05
2.994579367e-05
3.026389747e-05
3.019206611e-05
3.015093239e-05
3.030171105e-05
3.067180586e-05
3.027229031e-05
3.037665939e-05
3.018842333e-05
3.088331313e-05
3.004509535e-05
3.085228647e-05
3.068902894e-05
3.068192278e-05
3.057905454e-05
3.064822841e-05
3.080633268e-05
3.035458043e-05
3.055238131e-05
3.06018199e-05
3.089744329e-05
3.069007293e-05
3.09383627e-05
3.095728117e-05
3.114693703e-05
3.052014763e-05
3.122673107e-05
3.06990238e-05
3.146522997e-05
3.09466724e-05
3.09792968e-05
3.061872118e-05
3.077975697e-05
3.075949564e-05
3.130959891e-05
3.085148152e-05
3.126801796e-05
3.142278239e-05
3.124007614e-05
3.144677192e-05
3.1859736e-05
3.115325624e-05
3.139739515e-05
3.162380492e-05
3.114144949e-05
3.161884128e-05
3.169217561e-05
3.136533054e-05
3.134591213e-05
3.179831615e-05
3.236362281e-05
3.159857836e-05
3.189578711e-05
3.2032468e-05
3.199425289e-05
3.193412502e-05
3.148899544e-05
3.221604972e-05
3.231065344e-05
3.192356599e-05
3.202913189e-05
3.182347537e-05
3.192896937e-05
3.189220972e-05
3.232660019e-05
3.205761635e-05
3.23104065e-05
3.174734974e-05
3.254318709e-05
3.225882502e-05
3.228769688e-05
3.198586024e-05
3.245707464e-05
3.250099259e-05
3.298884441e-05
3.252970951e-05
3.266170216e-05
3.228628229e-05
3.245631199e-05
3.295406035e-05
3.299224713e-05
3.299627473e-05
3.238436368e-05
3.304750761e-05
3.324049987e-05
3.309988112e-05
3.283110564e-05
3.305642147e-05
3.31184256e-05
3.294516885e-05
3.301053901e-05
3.282780465e-05
3.356738052e-05
3.328369785e-05
3.335295009e-05
3.342589632e-05
3.335836428e-05
3.356559121e-05
3.358402413e-05
3.384080931e-05
3.349624217e-05
3.347347447e-05
3.359217132e-05
3.383767456e-05
3.366697953e-05
3.325394542e-05
3.339974814e-05
3.421460389e-05
3.467374418e-05
3.357538016e-05
3.377821352e-05
3.421201762e-05
3.441760006e-05
3.37283999e-05
3.428825516e-05
3.424912124e-05
3.432878435e-05
3.439413328e-05
3.456527838e-05
3.456234511e-05
3.481113666e-05
3.448662137e-05
3.446937842e-05
3.468743308e-05
3.45632831e-05
3.499481501e-05
3.518520992e-05
3.503880945e-05
3.482415852e-05
3.520283742e-05
3.532831794e-05
3.512372351e-05
3.517800923e-05
3.54190354e-05
3.526200478e-05
3.525496128e-05
3.536002795e-05
3.52507399e-05
3.519288642e-05
3.502189435e-05
3.559265251e-05
3.557772429e-05
3.615681706e-05
3.57077652e-05
3.586988202e-05
3.549862295e-05
3.60580755e-05
3.59217344e-05
3.553087796e-05
3.573494724e-05
3.673025866e-05
3.620557734e-05
3.648179228e-05
3.59857746e-05
3.694571095e-05
3.665862721e-05
3.650676382e-05
3.611433877e-05
3.670980597e-05
3.696033145e-05
3.70887344e-05
3.679174195e-05
3.709241615e-05
3.717625525e-05
3.677926377e-05
3.753175473e-05
3.656080847e-05
3.776951427e-05
3.767706125e-05
3.768939319e-05
3.765738743e-05
3.719869856e-05
3.722845491e-05
3.823067301e-05
3.709913163e-05
3.871232313e-05
3.810363795e-05
3.808989889e-05
3.798476726e-05
3.795788762e-05
3.898127277e-05
3.880470865e-05
3.801549116e-05
3.932856574e-05
3.849634862e-05
3.935120818e-05
3.932224842e-05
3.902396166e-05
3.879689407e-05
3.944933467e-05
3.948540327e-05
3.914223276e-05
3.922921555e-05
3.941247004e-05
3.957340097e-05
4.026628647e-05
4.033309735e-05
3.981943149e-05
3.978334924e-05
3.982838279e-05
3.999349422e-05
4.031292962e-05
3.985910184e-05
4.034412357e-05
4.099741074e-05
4.113797538e-05
4.124780274e-05
4.109647599e-05
4.057240648e-05
4.081858243e-05
4.124360625e-05
4.105740926e-05
4.123175951e-05
4.154347106e-05
4.204624188e-05
4.207984036e-05
4.149968992e-05
4.151588687e-05
4.215195039e-05
4.286054799e-05
4.23945496e-05
4.308728114e-05
4.288235279e-05
4.269951768e-05
4.245208329e-05
4.274883981e-05
4.230761582e-05
4.328958744e-05
4.376076201e-05
4.307742284e-05
4.468504213e-05
4.419765889e-05
4.413002418e-05
4.471542296e-05
4.46815749e-05
4.356741692e-05
4.476807536e-05
4.412689378e-05
4.478077268e-05
4.457108806e-05
4.576214064e-05
4.523849575e-05
4.566458491e-05
4.533294058e-05
4.585249578e-05
4.5691624e-05
4.716107532e-05
4.731399651e-05
4.719797386e-05
4.658725678e-05
4.66886227e-05
4.762566274e-05
4.78710483e-05
4.696843188e-05
4.74019283e-05
4.794464918e-05
4.911007918e-05
4.843128722e-05
4.872462124e-05
4.87420918e-05
4.899308631e-05
4.984789391e-05
4.942350197e-05
4.993092064e-05
4.974089795e-05
4.985441508e-05
5.03544011e-05
5.135669118e-05
5.123440998e-05
5.135270347e-05
5.110447919e-05
5.204933196e-05
5.223700544e-05
5.205362183e-05
5.265521604e-05
5.211294972e-05
5.302009188e-05
5.261861637e-05
5.449127584e-05
5.310686357e-05
5.458226687e-05
5.321796334e-05
5.478836798e-05
5.532255073e-05
5.575190884e-05
5.542956773e-05
5.629956124e-05
5.621873855e-05
5.75730392e-05
5.692655024e-05
5.728708382e-05
5.772833796e-05
5.718764879e-05
5.827617485e-05
5.80277989e-05
5.897288125e-05
5.91696189e-05
5.868398552e-05
6.061737053e-05
6.010233977e-05
6.083531901e-05
6.061215318e-05
6.213848884e-05
6.171146505e-05
6.31369479e-05
6.255849431e-05
6.237744046e-05
6.302524342e-05
6.428391994e-05
6.282294125e-05
6.366924636e-05
6.317909778e-05
6.527036088e-05
6.575031442e-05
6.643063143e-05
6.62150365e-05
6.514743021e-05
6.542359085e-05
6.542726557e-05
6.690006462e-05
6.762799364e-05
6.661584546e-05
6.680660622e-05
6.695510606e-05
6.691031157e-05
6.76951738e-05
6.771560088e-05
6.841036952e-05
6.757939051e-05
6.822862428e-05
6.706281093e-05
6.788906879e-05
6.925196535e-05
6.859058561e-05
6.877915937e-05
6.858959949e-05
6.834073106e-05
6.707409719e-05
6.922741384e-05
6.801344338e-05
6.724383168e-05
6.826995376e-05
6.772322201e-05
6.658196081e-05
6.739742257e-05
6.652976978e-05
6.667665344e-05
6.558857248e-05
6.582074136e-05
6.53577442e-05
6.484562965e-05
6.381740397e-05
6.316988085e-05
6.401195445e-05
6.232115916e-05
6.220107793e-05
6.200188911e-05
6.054207651e-05
5.948864833e-05
5.944222096e-05
5.848224632e-05
5.777523263e-05
5.754948834e-05
5.693588979e-05
5.424158876e-05
5.503046953e-05
5.288947596e-05
5.304401508e-05
5.253103898e-05
5.099609513e-05
4.960467822e-05
4.913199556e-05
4.79324735e-05
4.688988555e-05
4.661600893e-05
4.532728579e-05
4.481855179e-05
4.408661219e-05
4.285003957e-05
4.264127362e-05
4.127615818e-05
4.000851365e-05
3.866987984e-05
3.712318121e-05
3.672351857e-05
3.629669655e-05
3.452538573e-05
3.348584273e-05
3.342707046e-05
3.154282185e-05
3.049276738e-05
2.9789514e-05
2.856146966e-05
2.728907248e-05
2.633661195e-05
2.556557504e-05
2.558807901e-05
2.37934669e-05
2.315768761e-05
2.23895143e-05
2.141846743e-05
2.107064242e-05
2.021458162e-05
1.863273859e-05
1.830774172e-05
1.771563551e-05
1.660812713e-05
1.578503039e-05
1.516957402e-05
1.447243604e-05
1.387484142e-05
1.327188285e-05
1.253282549e-05
1.218980063e-05
1.150502396e-05
1.152735073e-05
1.040045649e-05
9.777030767e-06
9.09687207e-06
8.763677882e-06
8.532703774e-06
7.612059512e-06
7.185567645e-06
7.167888169e-06
6.662412204e-06
6.258550334e-06
6.331905683e-06
5.426857231e-06
5.408555177e-06
4.893302632e-06
4.599485651e-06
4.231080112e-06
4.008523074e-06
3.731175769e-06
3.504665322e-06
3.257615596e-06
3.035849836e-06
2.961060147e-06
2.656099216e-06
2.58110136e-06
2.426150436e-06
2.17496143e-06
2.061959028e-06
1.894212356e-06
1.811126343e-06
1.720952622e-06
1.505982779e-06
1.279562589e-06
1.143365279e-06
1.228323492e-06
9.67720111e-07
9.420367416e-07
9.329021239e-07
8.306530319e-07
8.313231938e-07
6.776841757e-07
6.59809585e-07
5.956309628e-07
5.443355635e-07
5.016707025e-07
4.2361257e-07
4.518428792e-07
4.554298229e-07
3.860536087e-07
4.354400907e-07
3.770425331e-07
3.546140377e-07
3.192135327e-07
3.011089343e-07
3.208103832e-07
2.293117301e-07
2.597493094e-07
2.972878248e-07
2.207838502e-07
2.345462548e-07
1.839400475e-07
2.123513253e-07
1.786474978e-07
2.349760197e-07
1.215692695e-07
1.532318346e-07
1.536398003e-07
1.481503514e-07
1.203877431e-07
1.365520746e-07
1.397803665e-07
1.266123086e-07
1.086008104e-07
1.106944621e-07
1.2215992e-07
1.214999328e-07
1.264827381e-07
9.87623192e-08
1.342058364e-07
1.011788639e-07
1.13437072e-07
5.564315135e-08
1.040947843e-07
8.834652038e-08
1.300549364e-07
8.030669916e-08
8.484861288e-08
1.398862087e-07
6.224361983e-08
1.030596133e-07
9.275529451e-08
4.761612449e-08
8.412513642e-08
9.665570309e-08
7.819742432e-08
5.091138536e-08
7.01627655e-08
7.466105944e-08
8.303405507e-08
7.169854909e-08
7.491225052e-08
4.710237851e-08
6.868959359e-08
6.163387911e-08
6.328404482e-08
4.554775289e-08
9.081045178e-08
7.79209303e-08
7.974994676e-08
8.342762321e-08
8.281233037e-08
6.281553517e-08
7.220327383e-08
8.602446146e-08
1.016319083e-07
9.058598083e-08
1.027377869e-07
1.165191307e-07
6.927356128e-08
7.447341806e-08
7.944373804e-08
7.047699182e-08
7.028589811e-08
5.831513244e-08
9.477169566e-08
8.341250717e-08
6.592755821e-08
7.211986358e-08
6.979431082e-08
3.992597663e-08
5.563064366e-08
7.266385153e-08
1.155352268e-07
7.080481159e-08
5.201222049e-08
9.942469344e-08
8.173430466e-08
7.141026552e-08
4.455298669e-08
7.732086543e-08
6.004102222e-08
7.785462436e-08
5.045559187e-08
7.33813739e-08
7.415404677e-08
4.666513155e-08
8.241921735e-08
8.53082591e-08
1.086479277e-07
8.260689416e-08
6.546111009e-08
9.153698797e-08
4.822129574e-08
7.856392621e-08
7.045675443e-08
9.68547759e-08
7.784691756e-08
6.39565259e-08
7.13800953e-08
1.027903685e-07
9.36744967e-08
8.138249608e-08
5.253797591e-08
7.514382151e-08
1.093959701e-07
7.448299321e-08
1.280633594e-07
1.292286532e-07
7.63043182e-08
9.425125443e-08
7.264806121e-08
7.768120598e-08
9.743663226e-08
5.453382329e-08
8.541947655e-08
8.384191972e-08
8.197153713e-08
7.249857298e-08
9.637777415e-08
5.879920006e-08
7.366235859e-08
5.985647667e-08
5.313806225e-08
6.728378068e-08
7.38402816e-08
5.866445113e-08
4.393075956e-08
5.733127423e-08
5.56971395e-08
5.343242569e-08
5.051756495e-08
5.31126918e-08
4.209769862e-08
6.806377186e-08
8.166526772e-08
7.537972008e-08
6.704122954e-08
6.905769767e-08
8.159681296e-08
5.224842133e-08
4.957227434e-08
7.229421165e-08
7.311473339e-08
4.866064665e-08
6.244645707e-08
5.883052192e-08
6.352811547e-08
5.564337018e-08
4.885504594e-08
7.615129479e-08
7.40175613e-08
1.106114843e-07
7.285176602e-08
7.901371041e-08
4.707747166e-08
3.830198678e-08
3.252189941e-08
6.932451185e-08
4.071872338e-08
6.649262689e-08
9.982259245e-08
3.56611781e-08
8.29394707e-08
7.225424138e-08
6.165942407e-08
7.475789093e-08
6.876629176e-08
3.796928807e-08
7.10383578e-08
1.188736266e-07
8.536942257e-08
8.581056616e-08
5.863394711e-08
4.936040856e-08
5.157682683e-08
6.894566475e-08
9.23588264e-08
8.360513274e-08
4.212435622e-08
5.478383173e-08
1.164442032e-07
8.12098929e-08
5.322112025e-08
6.600125147e-08
5.357670251e-08
7.426419127e-08
3.84467059e-08
3.624796894e-08
6.581635362e-08
6.491179408e-08
1.274319113e-07
4.413405036e-08
6.88674669e-08
7.159288261e-08
7.904641669e-08
5.355856022e-08
5.168149992e-08
6.513470932e-08
8.766048314e-08
6.215386639e-08
6.72412837e-08
9.676874992e-08
4.905682238e-08
7.079399806e-08
5.80796655e-08
4.686829465e-08
6.276854861e-08
4.2015941e-08
5.110611847e-08
3.013601638e-08
6.131418688e-08
3.656082126e-08
2.751516051e-08
3.237399046e-08
4.503627178e-08
3.542014033e-08
3.352490613e-08
6.802600064e-08
2.696574577e-08
4.987641926e-08
7.419594887e-08
4.201337433e-08
4.614125618e-08
3.566127921e-08
1.252208854e-07
3.806042468e-08
3.864052637e-08
4.407022948e-08
3.764183873e-08
5.913432234e-08
5.978875722e-08
3.85017984e-08
3.74894294e-08
4.410704653e-08
4.623241003e-08
5.398939219e-08
6.881130199e-08
4.657078078e-08
7.440978809e-08
5.476731287e-08
4.125397416e-08
3.571679123e-08
3.881667048e-08
5.026881813e-08
6.883589935e-08
5.204786518e-08
6.799835863e-08
4.556386032e-08
2.899574622e-08
4.977328843e-08
3.239118164e-08
5.208483151e-08
4.253970835e-08
5.346689453e-08
4.528244246e-08
6.012392973e-08
3.964153765e-08
5.474461995e-08
3.730820772e-08
5.086219191e-08
3.925610629e-08
4.92675386e-08
4.837992468e-08
5.608920384e-08
1.779823696e-08
5.185957019e-08
7.649201654e-08
4.280727772e-08
4.719869427e-08
7.441675326e-08
6.802936406e-08
6.445740604e-08
7.471022382e-08
9.297898551e-08
9.380127433e-08
9.198740884e-08
1.030531358e-07
5.470778697e-08
4.951710155e-08
5.245460779e-08
6.668566573e-08
7.893532359e-08
6.117281243e-08
4.95584402e-08
4.34615873e-08
5.244423979e-08
4.542222212e-08
2.949042105e-08
5.956536548e-08
4.419083244e-08
4.461697476e-08
3.25981268e-08
5.098461501e-08
6.342698373e-08
8.708287292e-08
6.489743482e-08
5.658752582e-08
4.490471232e-08
4.381160305e-08
4.835401392e-08
6.69704755e-08
7.123768918e-08
6.537918937e-08
1.006096117e-07
8.000940602e-08
1.139038446e-07
7.109519341e-08
5.141623117e-08
5.031281965e-08
4.400153659e-08
7.538175942e-08
8.602288561e-08
7.026028585e-08
6.71596376e-08
7.687762155e-08
6.885509474e-08
6.660149992e-08
7.803796759e-08
4.048901376e-08
6.786824863e-08
7.843278289e-08
6.682379504e-08
6.180406477e-08
9.506773622e-08
7.269003295e-08
6.976098498e-08
9.305158001e-08
5.433947897e-08
6.072749004e-08
8.391366232e-08
5.778673674e-08
6.397743211e-08
6.494190374e-08
1.897166162e-08
6.333764057e-08
7.759233434e-08
4.74945683e-08
5.622205886e-08
6.799505954e-08
6.91607419e-08
5.230123531e-08
4.841738563e-08
3.389838098e-08
5.119967228e-08
4.374359733e-08
7.927094909e-08
5.439286329e-08
5.774105949e-08
6.320784345e-08
6.789505751e-08
4.241941984e-08
9.512608273e-08
7.987555932e-08
4.85761051e-08
5.593188303e-08
5.020415004e-08
4.298441156e-08
4.570852533e-08
7.293681324e-08
4.301113008e-08
6.348235645e-08
4.402553895e-08
5.349239813e-08
9.321528521e-08
4.179627202e-08
3.693999397e-08
4.01345674e-08
5.282947299e-08
6.346826651e-08
3.924704788e-08
4.331407466e-08
2.343785622e-08
4.136087857e-08
6.228201027e-08
3.126422503e-08
6.841370595e-08
3.041085376e-08
4.122202032e-08
3.406832954e-08
2.32464172e-08
2.632019495e-08
5.35168552e-08
7.206408368e-08
4.449486952e-08
5.902668583e-08
4.272260067e-08
2.685387494e-08
6.76667221e-08
2.844207474e-08
6.461836838e-08
2.595676902e-08
5.303071782e-08
3.079264932e-08
1.249747718e-08
1.343857732e-08
3.513694675e-08
4.52900676e-08
2.492834471e-08
3.723751149e-08
3.805691487e-08
3.910874927e-08
2.374292974e-08
4.34984995e-08
4.170898773e-08
5.602303121e-08
2.291027861e-08
4.492681563e-08
3.07467019e-08
5.297793889e-08
5.546964084e-08
4.128196806e-08
4.970168536e-08
3.455496597e-08
4.44180568e-08
4.92862395e-08
6.60342281e-08
3.768246147e-08
4.164969233e-08
3.75683709e-08
7.014066967e-08
3.131033212e-08
3.188277015e-08
3.459557378e-08
4.583192248e-08
3.407893305e-08
4.631898613e-08
5.751284974e-08
3.909582126e-08
2.815214639e-08
4.002109068e-08
5.515079732e-08
4.229646319e-08
3.77101684e-08
3.818413045e-08
4.715267976e-08
4.509823238e-08
3.848113589e-08
3.970255526e-08
3.572579349e-08
2.954319099e-08
4.613767305e-08
2.806927252e-08
4.844449617e-08
5.815390009e-08
4.911481177e-08
4.011036002e-08
4.012115888e-08
5.766688086e-08
3.796785792e-08
3.246307485e-08
3.673327747e-08
6.40929489e-08
3.823044676e-08
2.682847428e-08
3.371452716e-08
3.355293881e-08
3.53608678e-08
2.420126596e-08
2.975625499e-08
3.303398519e-08
5.742260416e-08
1.536353106e-08
2.861610154e-08
2.888166149e-08
1.936188737e-08
8.760753044e-08
5.670744692e-08
2.799142734e-08
4.665158268e-08
3.012245451e-08
3.660446372e-08
3.565522509e-08
1.911122754e-08
3.821833474e-08
5.711844948e-08
5.58366393e-08
6.37805113e-08
4.55393603e-08
3.858898401e-08
3.430263305e-08
4.52638642e-08
3.454954109e-08
2.296552902e-08
3.415789908e-08
6.757304874e-08
7.426710784e-08
3.677738585e-08
4.903183119e-08
3.147471019e-08
1.604816019e-08
3.533664284e-08
2.428339153e-08
2.45318116e-08
4.038876558e-08
3.063744864e-08
2.921575105e-08
2.724653811e-08
3.253508647e-08
2.78298328e-08
1.747761366e-08
3.773875962e-08
2.772574449e-08
3.092956585e-08
2.496148694e-08
2.762564658e-08
3.450902701e-08
5.618873151e-08
1.246634723e-08
4.805884608e-08
5.924817448e-08
4.301261602e-08
5.09436027e-08
6.03778121e-08
2.908373426e-08
4.905895266e-08
2.924563868e-08
5.300364182e-08
4.441382015e-08
6.060486117e-08
3.632214845e-08
2.475036437e-08
2.270207559e-08
3.231115131e-08
3.429508227e-08
4.526287719e-08
2.513116457e-08
4.282836613e-08
3.965645752e-08
3.027136265e-08
2.589487084e-08
2.927961919e-08
2.03178891e-08
1.501634283e-08
4.033094893e-08
2.790228759e-08
4.491158093e-08
1.152293808e-08
3.367171957e-08
2.256388889e-08
3.926760095e-08
3.73234095e-08
2.954113183e-08
2.404628748e-08
2.770324029e-08
4.920441168e-08
2.486085495e-08
5.725745094e-08
2.803394281e-08
3.861654998e-08
4.846583192e-08
5.840022275e-08
4.050671232e-08
4.193617545e-08
4.129462496e-08
5.445017621e-08
3.267908715e-08
4.898717388e-08
2.474572609e-08
4.611416161e-08
4.179497143e-08
1.863536424e-08
3.001658426e-08
3.467580785e-08
3.395920319e-08
3.021438004e-08
2.732828403e-08
4.309792385e-08
1.805407509e-08
2.610034978e-08
4.56119116e-08
5.321688047e-08
8.122272931e-08
5.922300975e-08
4.128255151e-08
2.868736213e-08
1.660635092e-08
2.758743767e-08
2.438738259e-08
3.399435929e-08
2.622742066e-08
1.968120676e-08
5.657348968e-08
1.966514064e-08
5.019615134e-08
4.839177704e-08
4.216087109e-08
4.569729727e-08
3.249438081e-08
3.289880074e-08
3.287733689e-08
3.013061715e-08
1.830806661e-08
3.328154617e-08
5.763977197e-08
4.546797494e-08
2.362032726e-08
2.926954424e-08
3.246642516e-08
3.552353634e-08
4.300956482e-08
5.039397999e-08
3.86040067e-08
2.048847748e-08
3.66015581e-08
3.912388343e-08
4.571331186e-08
1.67209131e-08
3.102581925e-08
2.633716652e-08
2.69556624e-08
1.714857712e-08
1.612571843e-08
3.773340299e-08
1.986637178e-08
2.038015114e-08
3.266124901e-08
3.428201227e-08
2.810089212e-08
3.784225762e-08
2.975350432e-08
2.222365416e-08
2.849008632e-08
3.220808397e-08
3.546567306e-08
4.580326983e-08
3.279919124e-08
3.322272791e-08
3.429525717e-08
3.18678335e-08
3.17136046e-08
3.468707674e-08
3.609435938e-08
1.996824221e-08
1.989022939e-08
4.042543124e-08
1.322167203e-08
3.675295585e-08
6.404636921e-08
2.831623641e-08
3.484744197e-08
4.319123301e-08
2.738817298e-08
3.820262719e-08
2.615779294e-08
4.192905208e-08
3.533928433e-08
2.067066192e-08
3.86430758e-08
2.767647409e-08
3.569308297e-08
4.191046706e-08
4.97176012e-08
5.047641988e-08
7.414951436e-08
3.300221999e-08
2.742296975e-08
3.456237609e-08
2.605898278e-08
2.885041965e-08
2.530557569e-08
1.847551684e-08
3.061168346e-08
5.629413544e-08
3.001587856e-08
3.049020265e-08
2.839486955e-08
3.892740353e-08
4.955474295e-08
3.954563088e-08
4.093805287e-08
4.378149024e-08
2.468343479e-08
3.245883893e-08
1.645972388e-08
4.681105449e-08
2.565973492e-08
3.053224123e-08
2.067513079e-08
1.618553879e-08
3.077718989e-08
3.11506747e-08
1.565508359e-08
3.49972409e-08
2.950744562e-08
4.857022378e-08
4.631459534e-08
1.958593576e-08
1.478356189e-08
1.767823681e-08
1.994121147e-08
3.431157507e-08
2.592923872e-08
2.058117736e-08
1.759706724e-08
3.927104929e-08
2.831476006e-08
2.944442607e-08
2.957074567e-08
4.376833296e-08
7.437721277e-08
3.719154133e-08
3.927333577e-08
1.027324043e-08
3.326321503e-08
3.31271094e-08
2.745460675e-08
1.171038436e-08
1.62284902e-08
2.416600151e-08
2.319618067e-08
1.513153246e-08
3.948301904e-08
1.463677952e-08
2.792058754e-08
3.480663398e-08
1.742417614e-08
8.881464178e-09
3.025302091e-08
3.752413256e-08
2.158437908e-08
2.000427488e-08
4.092071663e-08
3.678306465e-08
1.919887466e-08
2.958421419e-08
2.717070478e-08
3.341556815e-08
2.89974928e-08
1.94494225e-08
3.753019608e-08
3.363547311e-08
1.012443537e-07
3.893382455e-08
4.378721086e-08
2.50594723e-08
1.3819734e-08
2.647925753e-08
4.692417549e-08
2.958056893e-08
3.276236919e-08
4.325148062e-08
2.716651821e-08
4.072036e-08
4.341323644e-08
3.755780447e-08
3.020164991e-08
4.17798721e-08
2.707705304e-08
4.255515452e-08
3.359021898e-08
1.337234969e-08
4.609619665e-08
1.79477709e-08
2.927128164e-08
2.533251834e-08
2.365072963e-08
2.668799267e-08
2.376981499e-08
2.978982258e-08
2.191224167e-08
3.653412598e-08
1.871375397e-08
5.121079117e-08
3.327382206e-08
3.344781477e-08
3.750284356e-08
4.217578207e-08
1.46116961e-08
1.918267624e-08
1.349813584e-08
2.914343142e-08
3.327502464e-08
4.481225607e-08
4.079584118e-08
3.873035619e-08
1.674194071e-08
4.426151218e-08
2.775207323e-08
1.629842238e-08
4.438526481e-08
4.884983399e-08
2.429342407e-08
3.642861964e-08
4.710611702e-08
3.656310392e-08
2.735053542e-08
4.193439743e-08
4.000513283e-08
2.646931308e-08
4.891725954e-08
2.494273272e-08
2.529519409e-08
2.234764211e-08
3.95611193e-08
4.090737381e-08
1.566859353e-08
4.635022304e-08
3.654444841e-08
4.594169263e-08
7.75379342e-09
3.695087071e-08
2.790562448e-08
3.112507055e-08
2.184732369e-08
3.198200988e-08
4.38879257e-08
7.843354678e-08
3.50994814e-08
5.278936365e-08
2.920817802e-08
4.541394749e-08
6.150143675e-08
1.49503939e-08
3.462798525e-08
4.250378285e-08
2.171960555e-08
5.422576533e-08
3.696835092e-08
4.377085368e-08
4.858213596e-08
5.450588077e-08
3.077000437e-08
1.959077377e-08
3.449583536e-08
4.707614211e-08
2.659633457e-08
2.819776423e-08
2.959744132e-08
2.136542824e-08
2.206200259e-08
2.527432982e-08
3.865276539e-08
2.122697723e-08
3.155880803e-08
5.789466925e-08
6.328615075e-08
4.714670276e-08
6.205119287e-08
5.230218777e-08
1.512075189e-08
1.615206307e-08
2.681386356e-08
3.638646977e-08
2.223777435e-08
2.994823897e-08
2.783731749e-08
2.774940833e-08
1.83371348e-08
2.441948664e-08
1.652889914e-08
3.964227006e-08
3.056068504e-08
2.472744663e-08
1.033539139e-08
2.769011336e-08
2.53443895e-08
2.882499204e-08
3.313291611e-08
2.412461775e-08
1.689849145e-08
2.843492906e-08
3.932596541e-08
5.821382657e-08
3.515266693e-08
4.662378857e-08
5.004708143e-08
5.882034191e-08
3.209622745e-08
3.95182387e-08
3.187737552e-08
2.797648297e-08
1.715784998e-08
3.485388038e-08
1.908351553e-08
5.360173253e-08
5.832997678e-08
2.135463177e-08
3.902887714e-08
3.380560804e-08
3.513353789e-08
2.774598943e-08
3.080083837e-08
3.145592276e-08
3.295614942e-08
3.692237502e-08
2.598069312e-08
5.631905723e-08
4.051529346e-08
3.696435032e-08
3.051369707e-08
1.536376555e-08
2.466537558e-08
2.225708844e-08
2.654420217e-08
2.720099721e-08
3.521584811e-08
7.105128393e-09
2.949195324e-08
4.979302085e-08
2.915382431e-08
3.767031174e-08
1.505999322e-08
6.410227434e-08
3.168111931e-08
4.540165613e-08
3.457309261e-08
3.458819833e-08
2.561954904e-08
2.228523821e-08
2.341494086e-08
2.460780935e-08
2.537370828e-08
1.728552023e-08
2.834991735e-08
6.204042573e-08
3.212817781e-08
3.520765505e-08
3.622804427e-08
4.664339656e-08
4.652962075e-08
5.980492629e-08
3.092187118e-08
2.988010874e-08
1.604071104e-08
3.073320528e-08
4.021958205e-08
2.437225738e-08
3.212770713e-08
2.208488187e-08
1.845111784e-08
3.280288366e-08
3.054966102e-08
3.735513837e-08
3.050549696e-08
2.195340718e-08
1.819222208e-08
2.872790434e-08
1.214678596e-08
7.110823736e-09
1.681701588e-08
2.470463775e-08
4.359406457e-08
2.29500082e-08
1.625836276e-08
4.206339952e-08
2.481867249e-08
7.628651969e-09
6.566891197e-08
1.603871463e-08
1.706061024e-08
2.021274043e-08
1.932511155e-08
2.749290304e-08
2.558619875e-08
6.058887211e-08
2.712041662e-08
8.137128865e-08
3.838822188e-08
2.276545767e-08
3.060561975e-08
4.112767563e-08
2.084985682e-08
3.135276607e-08
2.923406683e-08
2.851365318e-08
1.899681715e-08
1.608168835e-08
3.097418695e-08
1.839520312e-08
2.273481538e-08
2.273415686e-08
2.6102104e-08
3.086974615e-08
2.316305742e-08
1.414385977e-08
3.202452343e-08
3.184380213e-08
2.53483758e-08
3.452845119e-08
2.660001701e-08
3.365781991e-08
2.090977875e-08
1.149723821e-08
2.158583209e-08
2.313152336e-08
3.919065772e-08
2.287058067e-08
3.234953512e-08
1.917045705e-08
4.198514367e-09
1.071689708e-08
1.750122008e-08
3.263980278e-08
6.082279661e-08
2.822937503e-08
2.023342871e-08
2.376217286e-08
3.016257268e-08
1.625545938e-08
1.743361443e-08
2.192030701e-08
5.361677938e-08
1.69266485e-08
2.423741729e-08
2.880743088e-08
2.14936786e-08
3.31798439e-08
3.065828269e-08
2.425608054e-08
3.216660449e-08
9.626720671e-09
1.778052374e-08
1.539730817e-08
1.500408483e-08
6.465206724e-09
1.61698461e-08
2.95161703e-08
1.115252043e-08
1.293433037e-08
1.619344673e-08
1.987389173e-08
2.475369096e-08
1.740793964e-08
1.854069152e-08
1.8186397e-08
3.557522845e-08
1.386506941e-08
3.016269106e-08
1.886138103e-08
1.574210478e-08
2.779707932e-08
6.994526682e-09
9.330428732e-09
1.347790299e-08
2.678441247e-08
1.45593917e-08
1.562888604e-08
1.616126212e-08
2.829728881e-08
9.422011304e-09
2.425858282e-08
1.905534408e-08
3.883118751e-08
2.608949472e-08
3.609344087e-08
1.421664271e-08
2.864904802e-08
2.185388823e-08
2.167642408e-08
3.490636565e-08
5.761552619e-08
1.863567779e-08
2.164732581e-08
2.043388635e-08
2.410274614e-08
3.028258739e-08
1.258644378e-08
9.197474446e-09
1.333087498e-08
2.056664702e-08
1.203750656e-08
1.886678972e-08
2.458252406e-08
1.40691441e-08
1.91261629e-08
1.957317728e-08
2.822790995e-08
3.571004734e-08
9.123880878e-09
2.171683123e-08
5.176104349e-09
1.296122689e-08
9.303127816e-09
6.517821655e-09
2.807786084e-08
1.021250928e-08
1.658322819e-08
2.953958694e-08
1.50128911e-08
8.493141006e-09
3.412801448e-08
1.160435426e-08
1.379070526e-08
2.108020294e-08
1.508815115e-08
8.63220525e-09
5.282544171e-09
6.25937029e-09
1.352069999e-08
1.699157544e-08
1.782067777e-08
1.006979604e-08
5.877660353e-09
3.396324489e-08
1.929803658e-08
1.087314907e-08
8.413280808e-09
1.246706327e-08
2.57513657e-08
3.549573633e-08
1.044006726e-08
1.11054973e-08
1.322130447e-08
1.53898928e-08
1.365077161e-08
5.419661534e-09
1.517038248e-08
1.856577156e-08
1.721983332e-08
1.01832477e-08
1.574593525e-08
1.847770839e-08
1.218395464e-08
1.55749521e-08
1.012140182e-08
1.753482357e-08
7.911816217e-09
1.443996e-08
1.484579473e-08
3.50705295e-09
2.905122999e-08
3.076938514e-08
6.081891532e-08
2.327305437e-08
4.655035932e-08
2.719156177e-08
2.259617296e-08
1.031754383e-08
2.374503296e-08
7.240813542e-09
4.101266168e-08
7.536102164e-09
2.367227658e-08
3.054324208e-08
1.510751502e-08
2.220081302e-08
3.765185885e-08
2.280743421e-08
2.188689839e-08
1.524779857e-08
2.423192628e-08
1.027465894e-08
1.726402621e-08
1.701925256e-08
1.2105214e-08
1.052806357e-08
2.182500987e-08
2.109620519e-08
3.300412679e-08
1.16889346e-08
1.551183637e-08
1.923987444e-08
1.332851689e-08
1.316551247e-08
1.143570308e-08
1.39725723e-08
1.719717131e-08
4.081568214e-09
1.586277244e-08
2.00554387e-08
3.66440774e-08
2.330203982e-08
2.030733789e-08
1.336422882e-08
7.917697633e-09
1.152764011e-08
1.207136696e-08
1.670983089e-08
1.22473883e-08
4.091274424e-09
6.256366584e-09
1.519458439e-08
1.350567631e-08
1.81352313e-08
3.041979378e-08
8.562084714e-09
2.198520438e-08
1.726779286e-08
